LNR;ORT-ID;BEZEICHNUNG;DATUM;WOCHENTAG;RI;1;2;3;4;5;6;7;8;9;10;11;12;13;14;15;16;17;18;19;20;21;22;23;24
0;10936;St.Gallen Stadt Burgstr. 59;01.01.2018;Montag;1;60;72;40;42;28;26;18;20;16;24;34;41;74;76;92;110;121;99;94;55;70;43;42;26
1;10936;St.Gallen Stadt Burgstr. 59;01.01.2018;Montag;2;50;66;47;28;36;19;26;23;22;35;44;63;73;89;99;113;86;110;78;66;63;60;39;28
2;10936;St.Gallen Stadt Burgstr. 59;02.01.2018;Dienstag;1;14;6;7;3;3;16;32;58;56;78;109;143;130;158;182;175;188;154;136;116;74;59;36;20
3;10936;St.Gallen Stadt Burgstr. 59;02.01.2018;Dienstag;2;16;7;10;5;11;13;38;58;77;110;142;163;147;172;199;174;173;173;138;95;88;53;39;34
4;10936;St.Gallen Stadt Burgstr. 59;03.01.2018;Mittwoch;1;15;6;11;8;5;45;64;96;118;130;147;191;129;181;179;218;229;220;166;105;67;57;42;27
5;10936;St.Gallen Stadt Burgstr. 59;03.01.2018;Mittwoch;2;18;6;7;5;16;24;70;125;118;130;171;171;128;163;189;185;196;190;148;121;83;64;47;29
6;10936;St.Gallen Stadt Burgstr. 59;04.01.2018;Donnerstag;1;16;7;6;9;5;44;56;88;95;143;128;170;162;177;186;195;233;227;171;116;92;61;51;32
7;10936;St.Gallen Stadt Burgstr. 59;04.01.2018;Donnerstag;2;19;11;10;5;13;21;68;124;129;113;154;167;155;173;189;196;188;202;182;119;94;71;53;32
8;10936;St.Gallen Stadt Burgstr. 59;05.01.2018;Freitag;1;17;11;7;7;4;43;59;79;111;133;169;182;158;224;204;212;298;224;179;117;97;80;80;61
9;10936;St.Gallen Stadt Burgstr. 59;05.01.2018;Freitag;2;11;17;11;8;10;28;76;112;126;125;178;186;146;195;199;219;228;216;175;109;94;69;64;53
10;10936;St.Gallen Stadt Burgstr. 59;06.01.2018;Samstag;1;39;28;18;19;21;15;25;34;73;97;144;184;185;214;200;202;188;140;103;103;78;63;49;63
11;10936;St.Gallen Stadt Burgstr. 59;06.01.2018;Samstag;2;35;39;21;23;11;14;25;62;81;119;162;189;213;225;217;223;195;148;116;86;81;66;59;47
12;10936;St.Gallen Stadt Burgstr. 59;07.01.2018;Sonntag;1;45;43;36;23;6;17;12;19;28;46;66;97;98;87;105;119;150;132;116;100;72;48;48;27
13;10936;St.Gallen Stadt Burgstr. 59;07.01.2018;Sonntag;2;47;46;28;22;12;12;19;21;43;64;70;94;82;124;126;130;129;132;110;86;62;53;42;18
14;10936;St.Gallen Stadt Burgstr. 59;08.01.2018;Montag;1;8;4;4;8;8;56;93;134;150;142;139;193;171;191;170;194;250;331;185;124;97;91;41;23
15;10936;St.Gallen Stadt Burgstr. 59;08.01.2018;Montag;2;15;5;9;2;7;38;91;201;169;130;148;171;149;178;184;193;218;222;163;135;88;91;38;21
16;10936;St.Gallen Stadt Burgstr. 59;09.01.2018;Dienstag;1;8;3;3;7;8;46;89;129;150;147;163;230;174;226;173;213;271;259;172;157;102;93;65;39
17;10936;St.Gallen Stadt Burgstr. 59;09.01.2018;Dienstag;2;21;5;7;7;11;23;95;197;165;153;179;190;161;191;191;212;219;241;166;117;74;80;57;21
18;10936;St.Gallen Stadt Burgstr. 59;10.01.2018;Mittwoch;1;25;5;6;9;9;49;87;150;131;124;157;211;145;194;207;202;265;346;262;152;175;108;76;34
19;10936;St.Gallen Stadt Burgstr. 59;10.01.2018;Mittwoch;2;22;6;10;7;9;24;90;186;151;137;155;180;140;249;212;206;231;354;274;154;113;91;70;23
20;10936;St.Gallen Stadt Burgstr. 59;11.01.2018;Donnerstag;1;18;5;4;7;9;58;93;149;138;149;162;167;155;190;214;201;280;313;181;185;95;82;65;40
21;10936;St.Gallen Stadt Burgstr. 59;11.01.2018;Donnerstag;2;17;7;6;7;8;22;87;189;164;165;171;205;150;193;191;213;222;274;213;168;114;80;81;26
22;10936;St.Gallen Stadt Burgstr. 59;12.01.2018;Freitag;1;18;7;11;7;9;44;80;140;142;145;151;194;166;237;218;276;290;318;212;157;112;73;74;77
23;10936;St.Gallen Stadt Burgstr. 59;12.01.2018;Freitag;2;17;16;10;10;7;31;91;206;158;128;185;180;158;204;213;227;239;275;199;135;104;89;97;51
24;10936;St.Gallen Stadt Burgstr. 59;13.01.2018;Samstag;1;43;32;21;17;24;20;25;52;69;115;169;239;242;187;202;198;207;176;129;118;94;71;78;70
25;10936;St.Gallen Stadt Burgstr. 59;13.01.2018;Samstag;2;38;27;21;21;19;21;35;69;116;152;197;223;223;235;228;227;203;179;135;103;91;72;71;63
26;10936;St.Gallen Stadt Burgstr. 59;14.01.2018;Sonntag;1;48;43;31;29;18;18;12;21;20;58;62;90;87;124;112;107;148;136;152;114;67;70;41;21
27;10936;St.Gallen Stadt Burgstr. 59;14.01.2018;Sonntag;2;38;43;15;17;23;22;22;34;42;54;90;113;111;148;118;112;154;135;103;101;78;48;41;17
28;10936;St.Gallen Stadt Burgstr. 59;15.01.2018;Montag;1;10;7;5;7;8;50;104;160;144;125;144;176;165;178;190;191;271;289;195;145;83;61;52;21
29;10936;St.Gallen Stadt Burgstr. 59;15.01.2018;Montag;2;15;7;11;4;13;28;91;208;166;144;164;158;177;173;193;202;215;257;197;104;96;88;52;22
30;10936;St.Gallen Stadt Burgstr. 59;16.01.2018;Dienstag;1;13;5;4;6;6;44;108;134;153;136;147;204;167;188;189;200;262;286;189;137;102;67;57;34
31;10936;St.Gallen Stadt Burgstr. 59;16.01.2018;Dienstag;2;16;7;8;3;14;28;88;207;162;139;154;168;148;179;184;177;202;258;180;148;113;76;48;30
32;10936;St.Gallen Stadt Burgstr. 59;17.01.2018;Mittwoch;1;9;7;8;7;8;47;88;151;168;164;145;205;167;206;195;197;267;298;214;139;114;90;50;29
33;10936;St.Gallen Stadt Burgstr. 59;17.01.2018;Mittwoch;2;13;7;8;8;12;32;107;188;184;156;164;201;147;220;169;179;218;270;199;136;102;87;52;27
34;10936;St.Gallen Stadt Burgstr. 59;18.01.2018;Donnerstag;1;19;3;4;8;9;52;90;150;157;124;150;179;177;208;196;185;277;290;202;158;121;92;52;33
35;10936;St.Gallen Stadt Burgstr. 59;18.01.2018;Donnerstag;2;15;8;8;9;11;37;81;183;179;147;183;156;148;195;176;177;204;248;187;157;115;99;56;33
36;10936;St.Gallen Stadt Burgstr. 59;19.01.2018;Freitag;1;16;4;12;9;9;44;84;154;155;144;163;199;194;245;218;228;295;295;186;143;109;80;71;52
37;10936;St.Gallen Stadt Burgstr. 59;19.01.2018;Freitag;2;12;10;11;9;7;28;102;172;188;180;169;217;179;214;222;207;243;252;194;137;101;82;76;62
38;10936;St.Gallen Stadt Burgstr. 59;20.01.2018;Samstag;1;52;39;30;21;17;12;29;49;74;116;166;205;194;223;190;213;200;165;126;106;91;68;74;73
39;10936;St.Gallen Stadt Burgstr. 59;20.01.2018;Samstag;2;55;25;28;32;17;16;31;50;98;118;190;209;199;231;229;208;183;165;107;87;87;77;66;63
40;10936;St.Gallen Stadt Burgstr. 59;21.01.2018;Sonntag;1;48;40;27;29;15;15;14;17;23;43;73;105;87;100;118;120;123;119;99;94;85;66;27;18
41;10936;St.Gallen Stadt Burgstr. 59;21.01.2018;Sonntag;2;33;37;24;24;17;19;21;25;32;59;73;97;94;105;125;99;114;127;106;87;58;54;41;20
42;10936;St.Gallen Stadt Burgstr. 59;22.01.2018;Montag;1;13;2;4;4;5;49;86;148;145;146;161;203;156;196;200;199;225;271;185;129;102;61;62;28
43;10936;St.Gallen Stadt Burgstr. 59;22.01.2018;Montag;2;16;5;7;4;13;26;105;221;170;150;202;188;144;206;185;177;229;255;202;128;91;71;41;22
44;10936;St.Gallen Stadt Burgstr. 59;23.01.2018;Dienstag;1;14;7;5;8;5;52;100;143;142;154;166;234;152;192;215;215;308;320;220;185;99;92;61;29
45;10936;St.Gallen Stadt Burgstr. 59;23.01.2018;Dienstag;2;22;3;13;6;7;29;115;189;186;139;173;175;174;177;191;217;252;245;218;154;118;89;61;29
46;10936;St.Gallen Stadt Burgstr. 59;24.01.2018;Mittwoch;1;11;7;4;6;12;50;86;141;150;158;151;222;181;205;211;237;241;284;187;153;126;105;69;39
47;10936;St.Gallen Stadt Burgstr. 59;24.01.2018;Mittwoch;2;14;11;10;4;11;28;107;198;169;163;158;174;164;183;202;203;209;287;206;157;110;95;49;36
48;10936;St.Gallen Stadt Burgstr. 59;25.01.2018;Donnerstag;1;22;4;10;6;10;46;92;136;165;169;156;197;193;203;193;207;272;294;230;171;139;94;69;31
49;10936;St.Gallen Stadt Burgstr. 59;25.01.2018;Donnerstag;2;18;10;10;3;12;27;101;181;174;148;155;181;194;162;207;205;228;252;203;179;133;107;64;35
50;10936;St.Gallen Stadt Burgstr. 59;26.01.2018;Freitag;1;25;15;8;8;11;51;82;154;145;168;209;207;175;228;220;226;296;277;205;157;107;91;66;50
51;10936;St.Gallen Stadt Burgstr. 59;26.01.2018;Freitag;2;27;9;9;8;12;27;102;194;182;154;175;184;184;237;199;216;218;260;201;139;97;88;79;55
52;10936;St.Gallen Stadt Burgstr. 59;27.01.2018;Samstag;1;37;30;27;17;20;11;23;51;73;104;160;205;177;219;224;219;198;183;114;114;66;67;80;71
53;10936;St.Gallen Stadt Burgstr. 59;27.01.2018;Samstag;2;36;32;21;23;21;20;33;59;94;131;187;196;223;231;237;192;184;167;112;104;80;63;65;44
54;10936;St.Gallen Stadt Burgstr. 59;28.01.2018;Sonntag;1;50;37;28;24;28;17;18;21;20;49;77;77;79;115;110;113;119;137;121;103;77;47;57;22
55;10936;St.Gallen Stadt Burgstr. 59;28.01.2018;Sonntag;2;47;45;27;22;20;18;16;23;42;58;89;81;78;120;110;129;100;137;110;108;86;65;48;22
56;10936;St.Gallen Stadt Burgstr. 59;29.01.2018;Montag;1;11;8;4;6;7;39;101;142;123;122;146;193;143;165;197;203;248;263;215;129;89;69;43;32
57;10936;St.Gallen Stadt Burgstr. 59;29.01.2018;Montag;2;12;12;8;3;8;25;100;190;160;132;149;158;153;182;196;190;215;229;184;140;92;68;39;19
58;10936;St.Gallen Stadt Burgstr. 59;30.01.2018;Dienstag;1;16;4;3;3;5;47;92;144;133;158;182;249;171;196;205;224;255;275;205;148;95;74;57;32
59;10936;St.Gallen Stadt Burgstr. 59;30.01.2018;Dienstag;2;14;6;7;6;8;34;96;177;141;141;154;159;133;193;209;169;247;227;153;142;106;89;49;29
60;10936;St.Gallen Stadt Burgstr. 59;31.01.2018;Mittwoch;1;12;7;5;7;8;46;81;155;124;137;174;170;138;219;212;207;246;266;210;146;97;62;59;26
61;10936;St.Gallen Stadt Burgstr. 59;31.01.2018;Mittwoch;2;19;8;10;9;10;33;106;177;164;135;161;159;171;202;187;211;213;226;182;132;96;79;46;32
62;10936;St.Gallen Stadt Burgstr. 59;02.02.2018;Freitag;1;28;8;6;12;6;37;86;139;123;141;165;210;188;229;216;188;262;212;192;129;100;94;63;54
63;10936;St.Gallen Stadt Burgstr. 59;02.02.2018;Freitag;2;21;12;8;9;10;32;105;174;151;141;146;225;163;188;202;198;210;240;174;129;113;105;75;54
64;10936;St.Gallen Stadt Burgstr. 59;03.02.2018;Samstag;1;30;25;21;24;14;15;22;42;54;93;158;163;182;186;202;233;171;163;120;97;85;64;67;50
65;10936;St.Gallen Stadt Burgstr. 59;03.02.2018;Samstag;2;35;32;24;19;25;17;27;51;99;118;161;223;206;243;227;217;194;163;107;88;95;81;72;47
66;10936;St.Gallen Stadt Burgstr. 59;04.02.2018;Sonntag;1;45;33;32;28;24;17;14;22;25;52;59;80;88;93;124;121;120;124;153;120;77;46;44;23
67;10936;St.Gallen Stadt Burgstr. 59;04.02.2018;Sonntag;2;38;39;27;26;22;17;20;28;40;58;88;80;90;127;121;155;161;130;107;107;90;68;44;21
68;10936;St.Gallen Stadt Burgstr. 59;05.02.2018;Montag;1;12;8;4;8;6;47;94;143;142;124;177;213;168;193;194;240;287;337;262;143;90;73;53;33
69;10936;St.Gallen Stadt Burgstr. 59;05.02.2018;Montag;2;15;7;9;4;16;28;92;197;189;160;168;170;164;184;211;222;224;268;205;135;108;109;41;24
70;10936;St.Gallen Stadt Burgstr. 59;06.02.2018;Dienstag;1;16;8;2;7;6;39;68;144;156;131;191;196;186;205;177;196;275;319;210;140;110;93;55;30
71;10936;St.Gallen Stadt Burgstr. 59;06.02.2018;Dienstag;2;19;3;9;6;10;27;110;205;176;154;171;148;149;218;176;193;213;265;213;156;108;104;42;22
72;10936;St.Gallen Stadt Burgstr. 59;07.02.2018;Mittwoch;1;11;7;4;7;6;49;93;146;149;146;172;215;186;191;206;209;256;317;217;146;105;93;66;33
73;10936;St.Gallen Stadt Burgstr. 59;07.02.2018;Mittwoch;2;13;8;9;8;10;21;123;188;182;162;174;195;175;224;205;217;202;278;216;133;105;109;69;28
74;10936;St.Gallen Stadt Burgstr. 59;08.02.2018;Donnerstag;1;12;11;3;9;9;42;94;156;141;158;158;200;159;216;182;220;248;339;193;142;117;105;53;36
75;10936;St.Gallen Stadt Burgstr. 59;08.02.2018;Donnerstag;2;19;7;10;7;13;21;85;215;191;158;168;171;148;212;177;197;203;283;215;153;102;94;74;26
76;10936;St.Gallen Stadt Burgstr. 59;09.02.2018;Freitag;1;26;7;8;6;8;50;82;156;173;157;164;209;200;228;228;238;284;287;227;133;87;77;57;57
77;10936;St.Gallen Stadt Burgstr. 59;09.02.2018;Freitag;2;17;11;15;7;9;25;105;191;173;163;180;192;186;223;210;260;256;258;207;135;102;95;70;56
78;10936;St.Gallen Stadt Burgstr. 59;10.02.2018;Samstag;1;40;34;23;18;21;15;26;49;80;124;157;207;230;204;210;227;225;149;129;87;77;70;81;60
79;10936;St.Gallen Stadt Burgstr. 59;10.02.2018;Samstag;2;27;25;27;23;20;10;30;64;107;145;172;236;216;236;237;226;185;152;136;80;81;75;92;45
80;10936;St.Gallen Stadt Burgstr. 59;12.02.2018;Montag;1;10;1;3;8;6;55;100;151;169;127;183;187;147;197;225;208;262;342;225;267;120;93;48;26
81;10936;St.Gallen Stadt Burgstr. 59;12.02.2018;Montag;2;12;4;5;3;11;26;112;215;210;162;177;174;163;212;166;184;238;253;246;206;126;92;52;30
82;10936;St.Gallen Stadt Burgstr. 59;13.02.2018;Dienstag;1;12;3;3;10;14;57;98;150;163;171;168;185;163;188;190;215;268;312;197;120;109;83;68;28
83;10936;St.Gallen Stadt Burgstr. 59;13.02.2018;Dienstag;2;14;7;10;6;22;29;113;206;233;186;161;170;166;220;171;188;209;263;201;124;103;73;49;22
84;10936;St.Gallen Stadt Burgstr. 59;14.02.2018;Mittwoch;1;18;10;4;12;6;54;102;169;153;134;148;216;179;201;194;212;236;311;183;156;93;88;75;27
85;10936;St.Gallen Stadt Burgstr. 59;14.02.2018;Mittwoch;2;17;12;10;5;15;31;100;207;178;148;169;191;166;202;196;204;234;270;250;130;90;92;36;32
86;10936;St.Gallen Stadt Burgstr. 59;15.02.2018;Donnerstag;1;14;5;7;8;5;50;84;164;132;140;156;217;173;212;186;177;273;280;195;153;102;91;65;41
87;10936;St.Gallen Stadt Burgstr. 59;15.02.2018;Donnerstag;2;19;10;5;5;14;26;102;203;149;155;159;169;165;178;180;183;197;248;228;178;121;111;62;33
88;10936;St.Gallen Stadt Burgstr. 59;16.02.2018;Freitag;1;16;10;8;13;10;45;101;121;147;158;175;197;169;207;252;204;286;250;187;136;117;86;80;53
89;10936;St.Gallen Stadt Burgstr. 59;16.02.2018;Freitag;2;22;10;13;9;10;29;98;196;184;156;184;182;173;231;223;220;235;209;176;150;105;92;79;57
90;10936;St.Gallen Stadt Burgstr. 59;17.02.2018;Samstag;1;32;33;20;23;16;23;32;52;94;112;146;197;202;211;204;209;184;139;109;95;78;71;67;65
91;10936;St.Gallen Stadt Burgstr. 59;17.02.2018;Samstag;2;45;38;24;20;16;26;31;71;99;140;175;218;218;247;238;219;180;160;144;99;64;88;67;58
92;10936;St.Gallen Stadt Burgstr. 59;18.02.2018;Sonntag;1;50;39;29;30;17;17;14;25;42;50;72;96;112;111;88;121;118;144;188;112;91;49;42;25
93;10936;St.Gallen Stadt Burgstr. 59;18.02.2018;Sonntag;2;53;43;28;32;30;16;20;27;39;69;88;102;110;144;143;109;172;158;96;86;74;54;38;19
94;10936;St.Gallen Stadt Burgstr. 59;19.02.2018;Montag;1;9;2;7;8;8;46;120;149;139;144;150;198;256;193;182;189;270;292;208;142;101;69;64;22
95;10936;St.Gallen Stadt Burgstr. 59;19.02.2018;Montag;2;15;7;12;6;17;27;106;221;175;145;165;171;158;208;194;184;216;236;191;143;95;70;44;22
96;10936;St.Gallen Stadt Burgstr. 59;20.02.2018;Dienstag;1;13;7;4;3;5;53;84;157;167;148;189;228;157;183;201;218;253;298;204;190;83;81;58;34
97;10936;St.Gallen Stadt Burgstr. 59;20.02.2018;Dienstag;2;15;9;10;7;10;32;117;194;184;136;149;181;157;196;193;229;209;227;167;138;106;82;53;19
98;10936;St.Gallen Stadt Burgstr. 59;21.02.2018;Mittwoch;1;12;5;6;11;11;46;109;161;147;153;194;199;161;206;183;204;261;286;202;149;93;90;74;34
99;10936;St.Gallen Stadt Burgstr. 59;21.02.2018;Mittwoch;2;8;6;9;9;10;53;97;183;175;144;154;177;173;204;196;182;202;234;192;134;124;102;55;36
100;10936;St.Gallen Stadt Burgstr. 59;22.02.2018;Donnerstag;1;17;4;4;5;8;58;98;130;154;140;168;216;174;226;149;203;254;311;197;189;119;99;65;29
101;10936;St.Gallen Stadt Burgstr. 59;22.02.2018;Donnerstag;2;11;6;8;6;10;32;104;204;159;138;169;197;186;191;210;183;202;271;217;175;126;96;67;30
102;10936;St.Gallen Stadt Burgstr. 59;23.02.2018;Freitag;1;18;6;5;9;7;48;77;149;147;137;178;227;155;241;195;247;335;265;196;151;114;82;71;60
103;10936;St.Gallen Stadt Burgstr. 59;23.02.2018;Freitag;2;14;9;9;6;9;30;102;171;170;172;192;205;183;240;230;215;256;261;212;134;94;109;76;74
104;10936;St.Gallen Stadt Burgstr. 59;24.02.2018;Samstag;1;33;36;18;23;22;19;21;39;119;129;178;232;219;221;194;193;221;179;149;107;91;74;66;53
105;10936;St.Gallen Stadt Burgstr. 59;24.02.2018;Samstag;2;32;49;18;19;14;22;32;75;93;161;203;244;182;263;229;245;190;185;130;109;99;75;81;62
106;10936;St.Gallen Stadt Burgstr. 59;25.02.2018;Sonntag;1;51;49;22;24;15;15;10;31;31;56;82;102;99;124;125;132;117;151;168;113;77;56;39;23
107;10936;St.Gallen Stadt Burgstr. 59;25.02.2018;Sonntag;2;44;31;28;22;14;12;21;28;41;58;99;110;119;110;131;106;145;140;122;109;85;68;37;20
108;10936;St.Gallen Stadt Burgstr. 59;26.02.2018;Montag;1;12;7;3;5;7;45;110;153;132;139;210;239;157;206;186;201;302;305;207;159;105;80;66;38
109;10936;St.Gallen Stadt Burgstr. 59;26.02.2018;Montag;2;15;5;8;3;14;25;101;213;198;178;192;178;151;210;206;190;219;248;201;134;107;103;52;23
110;10936;St.Gallen Stadt Burgstr. 59;27.02.2018;Dienstag;1;5;6;5;10;6;50;92;157;150;143;172;184;165;191;200;192;293;267;204;128;112;86;62;26
111;10936;St.Gallen Stadt Burgstr. 59;27.02.2018;Dienstag;2;9;9;8;6;8;32;98;218;180;144;166;181;157;199;190;216;212;270;225;133;109;95;57;26
112;10936;St.Gallen Stadt Burgstr. 59;28.02.2018;Mittwoch;1;10;3;3;6;6;47;109;157;159;158;171;215;161;206;227;212;265;293;229;166;114;80;66;46
113;10936;St.Gallen Stadt Burgstr. 59;28.02.2018;Mittwoch;2;12;8;6;7;10;41;93;205;190;153;178;192;195;238;188;209;234;299;235;151;130;99;64;29
114;10936;St.Gallen Stadt Burgstr. 59;01.03.2018;Donnerstag;1;17;11;8;9;6;46;99;150;145;145;171;302;191;190;180;190;271;309;191;143;117;109;61;42
115;10936;St.Gallen Stadt Burgstr. 59;01.03.2018;Donnerstag;2;14;11;12;12;12;30;96;216;186;152;182;187;158;191;188;212;195;287;202;160;114;107;50;31
116;10936;St.Gallen Stadt Burgstr. 59;02.03.2018;Freitag;1;20;9;5;10;10;47;100;143;135;157;205;243;218;217;232;212;297;283;211;136;110;75;76;60
117;10936;St.Gallen Stadt Burgstr. 59;02.03.2018;Freitag;2;17;15;6;7;15;29;106;196;177;171;184;204;206;231;208;204;218;291;234;138;96;97;71;48
118;10936;St.Gallen Stadt Burgstr. 59;03.03.2018;Samstag;1;35;36;24;23;28;21;37;42;84;130;161;243;223;189;216;225;191;196;123;127;83;69;71;61
119;10936;St.Gallen Stadt Burgstr. 59;03.03.2018;Samstag;2;33;29;26;19;27;22;35;63;120;152;219;242;217;236;209;224;206;171;136;80;86;72;80;62
120;10936;St.Gallen Stadt Burgstr. 59;04.03.2018;Sonntag;1;55;34;30;20;18;22;17;18;35;53;83;108;100;116;104;118;139;131;232;140;94;47;38;33
121;10936;St.Gallen Stadt Burgstr. 59;04.03.2018;Sonntag;2;35;33;28;26;17;23;25;33;40;73;106;127;119;116;115;152;154;146;137;101;77;59;28;21
122;10936;St.Gallen Stadt Burgstr. 59;05.03.2018;Montag;1;8;11;7;7;2;49;105;144;168;169;148;226;173;182;204;220;294;349;197;161;90;84;50;26
123;10936;St.Gallen Stadt Burgstr. 59;05.03.2018;Montag;2;15;5;8;4;9;31;103;224;171;143;161;181;133;234;216;226;245;334;252;166;106;120;40;31
124;10936;St.Gallen Stadt Burgstr. 59;06.03.2018;Dienstag;1;8;8;5;6;8;53;103;144;136;169;187;225;159;193;196;202;288;305;206;150;113;99;73;30
125;10936;St.Gallen Stadt Burgstr. 59;06.03.2018;Dienstag;2;11;10;7;5;12;37;132;263;186;186;200;226;171;221;205;208;247;257;211;158;125;116;47;23
126;10936;St.Gallen Stadt Burgstr. 59;07.03.2018;Mittwoch;1;18;9;6;8;7;60;90;156;144;153;164;189;171;199;191;217;242;299;198;151;122;82;61;35
127;10936;St.Gallen Stadt Burgstr. 59;07.03.2018;Mittwoch;2;13;7;7;4;9;32;111;217;170;137;167;178;176;211;187;188;248;250;204;153;136;102;53;31
128;10936;St.Gallen Stadt Burgstr. 59;08.03.2018;Donnerstag;1;9;9;3;14;8;55;95;148;126;146;172;198;162;229;211;220;272;314;216;176;140;112;75;44
129;10936;St.Gallen Stadt Burgstr. 59;08.03.2018;Donnerstag;2;18;8;10;8;14;27;101;202;145;154;201;203;187;205;219;233;229;263;197;171;120;88;79;38
130;10936;St.Gallen Stadt Burgstr. 59;09.03.2018;Freitag;1;15;8;8;9;8;53;107;161;135;155;171;222;173;256;210;210;282;263;226;149;130;78;75;59
131;10936;St.Gallen Stadt Burgstr. 59;09.03.2018;Freitag;2;20;14;8;7;12;37;92;191;199;148;192;190;195;210;237;217;209;253;210;165;105;87;89;66
132;10936;St.Gallen Stadt Burgstr. 59;10.03.2018;Samstag;1;41;31;21;18;15;20;27;44;117;144;171;236;218;197;205;207;189;194;132;123;72;89;73;70
133;10936;St.Gallen Stadt Burgstr. 59;10.03.2018;Samstag;2;40;27;24;12;19;16;36;68;140;150;182;217;210;224;245;226;187;179;132;120;96;74;77;66
134;10936;St.Gallen Stadt Burgstr. 59;11.03.2018;Sonntag;1;54;47;20;32;21;17;6;15;26;68;67;112;138;114;120;116;134;145;195;123;103;60;44;23
135;10936;St.Gallen Stadt Burgstr. 59;11.03.2018;Sonntag;2;51;32;19;20;25;19;23;18;40;73;90;123;123;151;143;123;174;144;115;94;78;71;32;26
136;10936;St.Gallen Stadt Burgstr. 59;12.03.2018;Montag;1;19;3;8;7;5;49;112;169;147;170;161;190;161;177;186;199;262;324;230;135;80;74;60;26
137;10936;St.Gallen Stadt Burgstr. 59;12.03.2018;Montag;2;17;7;8;6;12;33;97;278;215;194;175;198;176;238;210;191;234;297;214;147;95;97;53;21
138;10936;St.Gallen Stadt Burgstr. 59;13.03.2018;Dienstag;1;18;5;3;6;7;52;95;144;140;145;159;196;178;164;179;200;272;275;214;161;105;84;70;29
139;10936;St.Gallen Stadt Burgstr. 59;13.03.2018;Dienstag;2;15;7;6;5;15;42;96;223;195;171;174;195;169;221;195;214;215;273;208;152;107;89;50;10
140;10936;St.Gallen Stadt Burgstr. 59;14.03.2018;Mittwoch;1;11;9;4;8;6;47;90;134;171;132;141;175;159;189;192;159;231;279;215;146;111;93;56;31
141;10936;St.Gallen Stadt Burgstr. 59;14.03.2018;Mittwoch;2;14;8;10;6;9;43;111;226;185;155;162;199;161;196;172;218;232;270;234;179;115;112;53;30
142;10936;St.Gallen Stadt Burgstr. 59;15.03.2018;Donnerstag;1;15;4;6;9;9;50;87;146;132;121;132;184;165;187;163;211;235;324;193;143;127;108;69;36
143;10936;St.Gallen Stadt Burgstr. 59;15.03.2018;Donnerstag;2;18;8;10;4;14;38;110;228;158;150;173;214;174;190;226;223;238;274;269;173;110;75;70;34
144;10936;St.Gallen Stadt Burgstr. 59;16.03.2018;Freitag;1;21;6;9;9;12;46;77;127;121;153;161;193;156;217;166;186;283;258;212;116;109;87;74;53
145;10936;St.Gallen Stadt Burgstr. 59;16.03.2018;Freitag;2;20;9;8;8;15;32;118;187;181;177;178;201;199;205;186;208;254;240;222;132;116;82;73;51
146;10936;St.Gallen Stadt Burgstr. 59;17.03.2018;Samstag;1;39;23;22;18;18;27;23;43;70;118;182;227;184;223;235;204;188;191;117;76;69;73;63;68
147;10936;St.Gallen Stadt Burgstr. 59;17.03.2018;Samstag;2;35;21;29;15;17;19;44;60;97;172;209;266;233;258;248;217;183;189;139;91;75;83;86;68
148;10936;St.Gallen Stadt Burgstr. 59;18.03.2018;Sonntag;1;49;22;29;18;21;16;15;25;31;55;80;83;120;88;119;104;123;118;110;90;70;58;32;20
149;10936;St.Gallen Stadt Burgstr. 59;18.03.2018;Sonntag;2;48;29;24;26;20;15;12;32;41;70;106;110;96;120;132;115;139;131;126;102;83;59;38;14
150;10936;St.Gallen Stadt Burgstr. 59;19.03.2018;Montag;1;15;4;5;7;5;51;83;143;137;148;135;205;140;179;158;177;257;281;184;130;91;78;54;27
151;10936;St.Gallen Stadt Burgstr. 59;19.03.2018;Montag;2;16;7;6;7;8;38;114;224;169;178;164;173;149;214;209;187;206;246;211;124;108;90;58;23
152;10936;St.Gallen Stadt Burgstr. 59;20.03.2018;Dienstag;1;7;2;7;6;8;55;85;119;130;120;164;205;152;157;170;179;240;280;170;128;93;96;64;37
153;10936;St.Gallen Stadt Burgstr. 59;20.03.2018;Dienstag;2;9;5;7;6;13;38;115;201;176;148;173;201;172;196;181;189;209;250;185;146;103;106;58;29
154;10936;St.Gallen Stadt Burgstr. 59;21.03.2018;Mittwoch;1;18;3;2;14;22;53;76;148;193;139;144;169;170;196;223;189;260;276;194;126;111;86;55;25
155;10936;St.Gallen Stadt Burgstr. 59;21.03.2018;Mittwoch;2;17;5;7;13;25;35;131;200;191;170;142;185;199;219;206;201;227;250;223;146;111;97;47;28
156;10936;St.Gallen Stadt Burgstr. 59;22.03.2018;Donnerstag;1;19;11;11;10;7;48;88;140;135;133;161;211;179;178;189;200;240;276;192;134;115;81;79;40
157;10936;St.Gallen Stadt Burgstr. 59;22.03.2018;Donnerstag;2;16;10;8;12;16;35;107;200;198;178;193;190;157;210;205;235;275;285;237;163;104;97;74;30
158;10936;St.Gallen Stadt Burgstr. 59;23.03.2018;Freitag;1;17;4;6;9;7;46;80;120;136;154;167;218;179;172;226;186;325;250;163;142;106;88;74;62
159;10936;St.Gallen Stadt Burgstr. 59;23.03.2018;Freitag;2;19;9;18;8;11;44;96;222;195;166;161;209;168;213;209;218;269;279;262;202;117;112;86;55
160;10936;St.Gallen Stadt Burgstr. 59;24.03.2018;Samstag;1;38;23;21;20;18;17;26;50;92;166;171;193;190;202;228;216;204;180;141;118;88;82;71;69
161;10936;St.Gallen Stadt Burgstr. 59;24.03.2018;Samstag;2;39;33;23;22;17;18;35;105;127;162;198;242;240;210;275;218;193;220;138;121;102;88;77;65
162;10936;St.Gallen Stadt Burgstr. 59;25.03.2018;Sonntag;1;46;0;27;26;20;22;13;11;25;47;82;98;124;114;135;184;134;137;107;118;103;80;41;26
163;10936;St.Gallen Stadt Burgstr. 59;25.03.2018;Sonntag;2;54;0;37;20;22;15;32;28;38;65;126;137;132;142;189;153;169;138;132;106;95;80;49;24
164;10936;St.Gallen Stadt Burgstr. 59;26.03.2018;Montag;1;13;6;7;9;2;44;84;133;137;127;159;205;164;166;192;204;283;302;170;154;82;81;53;22
165;10936;St.Gallen Stadt Burgstr. 59;26.03.2018;Montag;2;16;8;8;7;9;34;99;211;202;163;174;203;159;212;197;183;224;284;224;144;114;109;41;28
166;10936;St.Gallen Stadt Burgstr. 59;27.03.2018;Dienstag;1;12;4;2;6;7;51;79;118;128;134;157;206;166;179;203;217;256;312;235;141;138;91;65;30
167;10936;St.Gallen Stadt Burgstr. 59;27.03.2018;Dienstag;2;14;10;6;9;11;29;94;205;170;174;171;193;186;201;230;234;249;254;239;167;130;99;54;34
168;10936;St.Gallen Stadt Burgstr. 59;28.03.2018;Mittwoch;1;16;6;6;9;8;51;79;141;147;156;166;224;174;202;208;187;263;294;190;159;134;131;78;47
169;10936;St.Gallen Stadt Burgstr. 59;28.03.2018;Mittwoch;2;29;12;7;5;10;38;84;220;192;178;191;193;177;231;193;221;240;305;244;197;137;105;63;27
170;10936;St.Gallen Stadt Burgstr. 59;29.03.2018;Donnerstag;1;22;5;12;13;6;43;72;141;137;143;173;225;182;182;247;341;354;286;136;122;113;74;62;52
171;10936;St.Gallen Stadt Burgstr. 59;29.03.2018;Donnerstag;2;16;12;11;8;9;36;88;226;211;176;198;232;210;214;249;254;280;328;235;160;119;98;62;63
172;10936;St.Gallen Stadt Burgstr. 59;30.03.2018;Freitag;1;32;30;26;16;14;13;15;12;29;60;69;89;90;91;111;119;140;129;132;87;87;68;46;46
173;10936;St.Gallen Stadt Burgstr. 59;30.03.2018;Freitag;2;43;32;20;19;9;12;19;21;45;65;96;116;112;126;133;118;120;128;135;73;74;85;58;40
174;10936;St.Gallen Stadt Burgstr. 59;31.03.2018;Samstag;1;25;28;15;23;15;16;18;27;71;101;162;188;192;183;209;165;162;113;95;88;80;50;61;51
175;10936;St.Gallen Stadt Burgstr. 59;31.03.2018;Samstag;2;20;27;19;12;11;19;21;38;90;130;207;231;237;224;223;212;179;144;112;94;106;81;57;40
176;10936;St.Gallen Stadt Burgstr. 59;02.04.2018;Montag;1;33;21;10;10;12;9;12;10;23;56;62;85;109;93;119;102;124;137;112;103;85;58;36;22
177;10936;St.Gallen Stadt Burgstr. 59;02.04.2018;Montag;2;46;26;16;6;11;17;17;19;30;51;83;118;127;125;138;123;111;115;108;81;83;51;41;19
178;10936;St.Gallen Stadt Burgstr. 59;03.04.2018;Dienstag;1;11;1;3;6;6;39;102;128;145;133;157;196;144;187;191;195;229;296;199;124;110;90;62;26
179;10936;St.Gallen Stadt Burgstr. 59;03.04.2018;Dienstag;2;11;9;6;6;15;39;98;212;170;164;160;184;147;198;207;189;202;264;232;123;118;87;49;22
180;10936;St.Gallen Stadt Burgstr. 59;04.04.2018;Mittwoch;1;8;6;7;6;6;51;88;116;139;131;144;182;183;173;188;193;228;296;191;116;102;90;56;30
181;10936;St.Gallen Stadt Burgstr. 59;04.04.2018;Mittwoch;2;8;9;9;3;16;32;97;231;195;160;152;195;176;202;213;230;244;251;214;145;122;91;51;32
182;10936;St.Gallen Stadt Burgstr. 59;05.04.2018;Donnerstag;1;11;9;3;5;3;53;78;124;108;151;140;178;171;178;176;176;236;300;201;142;118;100;63;33
183;10936;St.Gallen Stadt Burgstr. 59;05.04.2018;Donnerstag;2;21;8;4;6;12;39;102;215;197;160;175;156;161;207;178;174;213;274;252;161;125;110;57;36
184;10936;St.Gallen Stadt Burgstr. 59;06.04.2018;Freitag;1;17;6;5;11;4;43;85;129;126;134;164;199;176;157;209;189;278;242;207;149;104;85;64;71
185;10936;St.Gallen Stadt Burgstr. 59;06.04.2018;Freitag;2;18;7;7;7;11;32;91;190;203;164;178;198;175;212;210;201;217;237;280;172;113;105;80;59
186;10936;St.Gallen Stadt Burgstr. 59;07.04.2018;Samstag;1;38;28;14;19;18;20;33;46;74;91;173;176;188;180;168;157;170;143;102;117;95;88;58;54
187;10936;St.Gallen Stadt Burgstr. 59;07.04.2018;Samstag;2;39;31;15;21;14;22;34;57;123;149;192;237;212;222;219;195;183;155;117;94;82;87;81;81
188;10936;St.Gallen Stadt Burgstr. 59;08.04.2018;Sonntag;1;37;38;31;23;22;16;17;18;39;59;70;90;79;111;119;126;126;128;130;103;87;55;37;29
189;10936;St.Gallen Stadt Burgstr. 59;08.04.2018;Sonntag;2;44;32;23;33;10;19;14;32;37;60;112;115;142;120;136;117;115;131;135;103;103;80;33;23
190;10936;St.Gallen Stadt Burgstr. 59;09.04.2018;Montag;1;11;4;3;7;7;44;96;144;118;144;151;153;139;187;165;164;243;251;179;119;79;70;46;20
191;10936;St.Gallen Stadt Burgstr. 59;09.04.2018;Montag;2;13;6;4;4;12;32;110;225;147;155;171;164;137;178;165;191;209;236;199;166;83;82;49;19
192;10936;St.Gallen Stadt Burgstr. 59;10.04.2018;Dienstag;1;14;5;3;7;7;47;87;137;122;120;160;196;152;154;161;172;238;266;180;130;104;72;47;37
193;10936;St.Gallen Stadt Burgstr. 59;10.04.2018;Dienstag;2;18;9;9;4;14;31;100;204;145;157;173;192;154;193;200;183;213;217;182;151;103;93;49;24
194;10936;St.Gallen Stadt Burgstr. 59;11.04.2018;Mittwoch;1;9;8;7;5;10;38;80;120;128;120;145;165;148;173;168;187;187;246;195;119;88;61;47;33
195;10936;St.Gallen Stadt Burgstr. 59;11.04.2018;Mittwoch;2;19;11;10;5;15;29;120;256;192;198;199;211;168;224;193;224;236;285;215;157;89;86;56;26
196;10936;St.Gallen Stadt Burgstr. 59;12.04.2018;Donnerstag;1;15;9;2;8;8;36;82;120;131;112;141;169;144;165;173;156;196;223;180;146;111;77;67;35
197;10936;St.Gallen Stadt Burgstr. 59;12.04.2018;Donnerstag;2;15;6;11;8;13;35;113;201;176;145;161;162;156;154;185;161;209;220;185;144;123;82;48;29
198;10936;St.Gallen Stadt Burgstr. 59;13.04.2018;Freitag;1;21;7;5;9;10;45;73;133;89;135;149;157;152;161;171;179;230;203;141;111;84;77;81;52
199;10936;St.Gallen Stadt Burgstr. 59;13.04.2018;Freitag;2;18;14;13;6;11;36;88;174;162;149;157;191;143;170;190;206;185;214;179;127;107;85;56;54
200;10936;St.Gallen Stadt Burgstr. 59;14.04.2018;Samstag;1;40;28;24;20;9;20;28;34;75;109;149;166;158;155;151;149;145;128;115;73;89;60;67;52
201;10936;St.Gallen Stadt Burgstr. 59;14.04.2018;Samstag;2;36;34;27;24;16;19;36;58;110;134;187;194;150;172;188;203;162;154;108;92;61;77;54;50
202;10936;St.Gallen Stadt Burgstr. 59;15.04.2018;Sonntag;1;43;28;27;22;24;8;12;16;31;50;83;81;95;79;112;104;116;146;100;101;78;60;40;15
203;10936;St.Gallen Stadt Burgstr. 59;15.04.2018;Sonntag;2;36;30;34;12;22;15;18;22;39;82;90;124;101;100;123;121;102;93;119;91;70;71;45;20
204;10936;St.Gallen Stadt Burgstr. 59;16.04.2018;Montag;1;9;6;2;9;8;39;89;103;110;107;131;153;140;174;146;142;204;243;162;122;64;67;63;24
205;10936;St.Gallen Stadt Burgstr. 59;16.04.2018;Montag;2;15;10;9;3;9;32;99;190;169;140;176;171;152;173;174;188;181;234;167;130;100;81;51;22
206;10936;St.Gallen Stadt Burgstr. 59;17.04.2018;Dienstag;1;14;7;3;6;7;44;84;115;129;113;154;171;129;145;159;161;234;263;187;151;102;77;47;22
207;10936;St.Gallen Stadt Burgstr. 59;17.04.2018;Dienstag;2;10;5;7;6;13;34;94;215;156;144;152;175;136;191;166;172;215;220;202;133;90;94;56;20
208;10936;St.Gallen Stadt Burgstr. 59;18.04.2018;Mittwoch;1;13;7;1;6;7;46;82;115;126;131;150;183;133;154;144;175;252;270;199;112;102;86;49;42
209;10936;St.Gallen Stadt Burgstr. 59;18.04.2018;Mittwoch;2;13;10;5;3;12;28;110;168;153;125;178;179;158;191;167;160;217;220;177;129;105;99;46;27
210;10936;St.Gallen Stadt Burgstr. 59;19.04.2018;Donnerstag;1;15;5;3;8;5;51;75;124;115;129;107;238;142;159;133;160;183;290;180;166;102;100;64;34
211;10936;St.Gallen Stadt Burgstr. 59;19.04.2018;Donnerstag;2;15;13;4;3;11;30;104;249;234;259;189;104;160;210;166;155;182;233;210;166;108;99;49;28
212;10936;St.Gallen Stadt Burgstr. 59;20.04.2018;Freitag;1;17;6;4;9;5;44;73;108;120;128;167;176;153;156;188;175;205;204;162;114;87;70;65;64
213;10936;St.Gallen Stadt Burgstr. 59;20.04.2018;Freitag;2;14;11;9;11;7;32;92;180;152;153;179;175;177;211;168;183;210;246;206;133;99;80;74;45
214;10936;St.Gallen Stadt Burgstr. 59;21.04.2018;Samstag;1;44;21;14;15;18;16;18;51;83;145;118;196;178;147;180;179;173;144;117;101;79;71;67;48
215;10936;St.Gallen Stadt Burgstr. 59;21.04.2018;Samstag;2;38;26;17;16;12;23;31;52;112;148;178;211;194;209;233;176;173;143;131;90;75;106;85;54
216;10936;St.Gallen Stadt Burgstr. 59;22.04.2018;Sonntag;1;30;41;25;28;14;13;11;13;25;55;90;138;65;78;101;89;108;112;102;111;96;75;47;25
217;10936;St.Gallen Stadt Burgstr. 59;22.04.2018;Sonntag;2;41;34;40;19;19;10;19;14;28;78;98;102;127;147;130;97;99;118;109;92;103;75;39;22
218;10936;St.Gallen Stadt Burgstr. 59;23.04.2018;Montag;1;12;1;5;4;6;45;83;131;126;153;137;187;129;142;171;173;265;254;201;143;87;84;45;25
219;10936;St.Gallen Stadt Burgstr. 59;23.04.2018;Montag;2;14;4;4;7;10;23;117;233;187;150;184;182;151;188;175;161;201;241;229;159;113;106;51;17
220;10936;St.Gallen Stadt Burgstr. 59;24.04.2018;Dienstag;1;12;3;3;3;9;52;81;127;137;135;124;170;126;156;164;166;240;295;261;121;116;91;54;29
221;10936;St.Gallen Stadt Burgstr. 59;24.04.2018;Dienstag;2;14;4;3;6;11;31;102;212;198;150;145;198;176;175;183;188;236;287;248;136;110;90;54;16
222;10936;St.Gallen Stadt Burgstr. 59;25.04.2018;Mittwoch;1;18;9;6;6;11;57;82;129;129;141;139;174;149;162;175;187;241;280;205;119;103;81;70;29
223;10936;St.Gallen Stadt Burgstr. 59;25.04.2018;Mittwoch;2;17;7;6;6;10;38;110;200;214;158;187;188;148;169;197;190;233;300;256;164;139;82;57;29
224;10936;St.Gallen Stadt Burgstr. 59;26.04.2018;Donnerstag;1;13;2;2;12;11;51;61;128;109;132;169;167;149;158;171;197;282;308;200;162;120;98;65;36
225;10936;St.Gallen Stadt Burgstr. 59;26.04.2018;Donnerstag;2;17;6;9;15;14;33;101;193;219;173;166;188;174;182;186;217;202;269;230;182;142;119;55;34
226;10936;St.Gallen Stadt Burgstr. 59;27.04.2018;Freitag;1;18;7;9;8;14;49;70;99;137;152;142;188;145;171;198;194;270;258;210;145;105;101;76;55
227;10936;St.Gallen Stadt Burgstr. 59;27.04.2018;Freitag;2;19;11;8;8;13;28;103;195;193;174;189;179;169;211;220;209;240;244;279;174;107;104;93;57
228;10936;St.Gallen Stadt Burgstr. 59;28.04.2018;Samstag;1;54;23;23;20;16;19;34;52;100;134;163;217;251;173;195;183;196;146;116;94;98;60;59;39
229;10936;St.Gallen Stadt Burgstr. 59;28.04.2018;Samstag;2;40;24;19;17;20;18;35;77;146;159;199;248;240;232;206;204;212;157;117;124;91;82;72;50
230;10936;St.Gallen Stadt Burgstr. 59;29.04.2018;Sonntag;1;33;29;33;28;17;12;12;26;41;68;80;116;101;99;95;102;103;137;124;111;123;81;43;28
231;10936;St.Gallen Stadt Burgstr. 59;29.04.2018;Sonntag;2;40;33;29;17;24;11;18;18;57;86;103;120;97;118;105;124;130;111;134;108;107;85;50;25
232;10936;St.Gallen Stadt Burgstr. 59;30.04.2018;Montag;1;20;5;7;5;11;42;88;130;138;145;173;203;160;169;182;187;248;305;187;126;94;89;45;27
233;10936;St.Gallen Stadt Burgstr. 59;30.04.2018;Montag;2;16;3;8;3;17;30;107;239;217;152;166;197;184;206;185;234;225;281;251;147;114;87;45;29
234;10936;St.Gallen Stadt Burgstr. 59;01.05.2018;Dienstag;1;15;5;4;5;11;38;78;129;139;142;185;216;191;203;189;232;237;237;216;125;99;68;48;31
235;10936;St.Gallen Stadt Burgstr. 59;01.05.2018;Dienstag;2;13;6;2;4;12;23;103;220;181;181;209;213;194;225;241;219;213;284;228;155;98;73;50;25
236;10936;St.Gallen Stadt Burgstr. 59;02.05.2018;Mittwoch;1;17;5;4;8;7;46;86;140;125;153;152;180;160;183;187;176;217;292;216;136;96;108;68;33
237;10936;St.Gallen Stadt Burgstr. 59;02.05.2018;Mittwoch;2;19;6;8;3;13;34;121;197;199;187;181;194;189;215;222;185;215;292;251;184;126;97;40;30
238;10936;St.Gallen Stadt Burgstr. 59;03.05.2018;Donnerstag;1;22;6;4;7;9;56;81;135;109;130;152;181;140;146;157;193;233;302;179;140;126;89;85;36
239;10936;St.Gallen Stadt Burgstr. 59;03.05.2018;Donnerstag;2;18;8;10;1;12;23;95;218;186;174;178;203;161;204;159;181;239;274;240;151;135;111;79;36
240;10936;St.Gallen Stadt Burgstr. 59;04.05.2018;Freitag;1;22;6;9;10;10;54;88;104;123;137;166;188;153;173;181;201;279;269;195;119;127;98;89;69
241;10936;St.Gallen Stadt Burgstr. 59;04.05.2018;Freitag;2;20;15;9;9;13;27;103;209;182;181;185;218;182;214;180;228;199;253;225;135;105;110;93;83
242;10936;St.Gallen Stadt Burgstr. 59;05.05.2018;Samstag;1;50;32;27;14;26;20;31;61;90;139;150;198;211;180;183;161;151;147;97;87;101;72;64;58
243;10936;St.Gallen Stadt Burgstr. 59;05.05.2018;Samstag;2;41;40;28;15;22;22;37;71;120;164;192;202;192;222;231;228;211;163;128;96;65;83;62;64
244;10936;St.Gallen Stadt Burgstr. 59;06.05.2018;Sonntag;1;38;32;17;19;15;17;10;12;30;48;78;74;97;95;93;99;110;111;123;110;90;75;47;24
245;10936;St.Gallen Stadt Burgstr. 59;06.05.2018;Sonntag;2;30;37;21;23;18;16;21;14;32;55;69;101;111;131;124;132;129;113;121;118;79;83;44;23
246;10936;St.Gallen Stadt Burgstr. 59;07.05.2018;Montag;1;12;4;5;10;14;41;90;126;108;117;143;180;226;155;158;154;228;267;218;122;105;77;49;31
247;10936;St.Gallen Stadt Burgstr. 59;07.05.2018;Montag;2;16;10;7;4;17;24;115;205;171;166;157;197;165;174;171;200;195;273;239;155;112;94;50;26
248;10936;St.Gallen Stadt Burgstr. 59;08.05.2018;Dienstag;1;10;4;3;3;13;51;85;131;125;131;147;187;128;155;147;181;247;272;206;125;111;90;103;28
249;10936;St.Gallen Stadt Burgstr. 59;08.05.2018;Dienstag;2;13;6;1;3;12;34;108;223;195;160;163;178;165;182;197;200;204;266;202;141;114;94;58;22
250;10936;St.Gallen Stadt Burgstr. 59;09.05.2018;Mittwoch;1;23;10;8;5;13;55;78;158;158;153;144;200;184;174;166;239;301;273;209;143;118;93;67;53
251;10936;St.Gallen Stadt Burgstr. 59;09.05.2018;Mittwoch;2;19;9;10;3;17;35;105;165;201;203;204;210;209;195;219;238;262;326;242;146;129;96;108;60
252;10936;St.Gallen Stadt Burgstr. 59;10.05.2018;Donnerstag;1;39;18;10;11;13;5;18;15;24;42;78;85;79;95;73;97;93;106;136;117;106;62;47;38
253;10936;St.Gallen Stadt Burgstr. 59;10.05.2018;Donnerstag;2;32;32;14;19;13;20;22;33;52;71;107;117;112;119;96;118;99;123;190;141;68;83;73;35
254;10936;St.Gallen Stadt Burgstr. 59;11.05.2018;Freitag;1;22;14;7;8;12;41;36;80;110;124;175;171;126;153;187;198;178;192;148;111;66;63;62;50
255;10936;St.Gallen Stadt Burgstr. 59;11.05.2018;Freitag;2;26;16;9;9;13;22;50;99;130;157;191;188;180;173;191;224;198;195;183;103;97;83;57;50
256;10936;St.Gallen Stadt Burgstr. 59;12.05.2018;Samstag;1;34;32;16;13;13;18;17;35;49;109;135;130;144;147;158;162;158;123;99;84;81;62;63;49
257;10936;St.Gallen Stadt Burgstr. 59;12.05.2018;Samstag;2;49;22;11;19;11;14;26;48;80;124;167;184;181;197;210;179;181;129;91;106;77;75;57;38
258;10936;St.Gallen Stadt Burgstr. 59;13.05.2018;Sonntag;1;34;25;21;15;22;10;10;19;26;50;68;82;97;74;92;100;92;109;103;115;86;62;44;24
259;10936;St.Gallen Stadt Burgstr. 59;13.05.2018;Sonntag;2;46;30;18;11;22;11;11;19;36;73;102;103;93;110;135;105;89;126;107;112;68;50;50;23
260;10936;St.Gallen Stadt Burgstr. 59;14.05.2018;Montag;1;16;8;5;8;12;39;100;146;122;155;136;166;128;149;143;185;230;279;179;136;103;69;44;30
261;10936;St.Gallen Stadt Burgstr. 59;14.05.2018;Montag;2;17;10;8;2;11;31;124;224;174;149;187;200;158;179;178;188;222;240;271;155;116;113;47;24
262;10936;St.Gallen Stadt Burgstr. 59;15.05.2018;Dienstag;1;9;5;5;2;11;48;75;112;125;124;120;171;129;153;159;177;242;310;204;144;108;89;56;24
263;10936;St.Gallen Stadt Burgstr. 59;15.05.2018;Dienstag;2;14;6;6;4;15;29;120;229;160;162;162;181;158;185;178;194;223;293;230;138;110;79;52;27
264;10936;St.Gallen Stadt Burgstr. 59;16.05.2018;Mittwoch;1;14;4;3;6;10;46;89;139;97;120;155;176;131;164;168;201;238;266;195;129;95;100;63;34
265;10936;St.Gallen Stadt Burgstr. 59;16.05.2018;Mittwoch;2;18;8;11;7;10;28;119;190;188;151;184;207;171;225;172;186;250;279;253;137;105;87;54;25
266;10936;St.Gallen Stadt Burgstr. 59;17.05.2018;Donnerstag;1;13;2;5;4;12;48;80;124;118;97;148;177;124;178;165;173;233;307;202;138;105;80;59;36
267;10936;St.Gallen Stadt Burgstr. 59;17.05.2018;Donnerstag;2;12;7;7;3;13;29;105;199;159;118;169;195;155;186;193;212;209;254;243;149;142;109;66;32
268;10936;St.Gallen Stadt Burgstr. 59;18.05.2018;Freitag;1;17;7;5;5;17;45;75;126;122;137;148;198;163;166;185;237;248;240;201;148;95;93;62;52
269;10936;St.Gallen Stadt Burgstr. 59;18.05.2018;Freitag;2;17;9;12;10;24;28;114;196;182;171;167;163;183;212;188;192;227;266;219;130;103;101;70;50
270;10936;St.Gallen Stadt Burgstr. 59;19.05.2018;Samstag;1;34;27;18;12;11;26;17;36;62;100;158;190;173;142;204;178;172;164;94;97;72;48;50;47
271;10936;St.Gallen Stadt Burgstr. 59;19.05.2018;Samstag;2;50;30;19;15;16;19;39;52;106;125;172;218;191;189;254;220;213;147;103;78;79;70;71;47
272;10936;St.Gallen Stadt Burgstr. 59;20.05.2018;Sonntag;1;40;32;20;17;15;10;9;10;20;37;56;69;80;71;71;73;99;108;100;77;77;70;61;53
273;10936;St.Gallen Stadt Burgstr. 59;20.05.2018;Sonntag;2;51;41;13;28;17;11;10;21;39;61;94;104;95;105;102;108;116;125;95;83;94;55;61;65
274;10936;St.Gallen Stadt Burgstr. 59;21.05.2018;Montag;1;20;20;16;16;7;6;10;8;19;42;65;73;79;102;105;102;114;136;117;126;73;52;37;25
275;10936;St.Gallen Stadt Burgstr. 59;21.05.2018;Montag;2;33;12;13;8;12;4;18;21;34;56;104;93;106;143;128;137;126;113;105;92;80;66;55;19
276;10936;St.Gallen Stadt Burgstr. 59;22.05.2018;Dienstag;1;7;9;4;4;9;47;94;93;118;145;174;174;150;153;193;196;249;266;234;123;92;103;53;31
277;10936;St.Gallen Stadt Burgstr. 59;22.05.2018;Dienstag;2;19;8;4;3;14;35;91;199;165;129;193;188;160;189;170;211;233;252;245;139;105;89;53;25
278;10936;St.Gallen Stadt Burgstr. 59;23.05.2018;Mittwoch;1;14;4;5;6;10;56;79;146;106;136;144;180;152;165;154;158;229;286;182;133;98;91;77;21
279;10936;St.Gallen Stadt Burgstr. 59;23.05.2018;Mittwoch;2;21;6;5;6;14;34;104;209;187;134;173;183;194;187;181;205;226;285;248;145;105;97;56;29
280;10936;St.Gallen Stadt Burgstr. 59;24.05.2018;Donnerstag;1;19;7;4;5;16;50;79;123;121;116;140;176;159;151;144;172;222;289;247;161;141;105;64;45
281;10936;St.Gallen Stadt Burgstr. 59;24.05.2018;Donnerstag;2;19;5;10;6;15;32;94;199;171;133;169;188;168;206;192;189;241;298;245;187;152;106;60;38
282;10936;St.Gallen Stadt Burgstr. 59;25.05.2018;Freitag;1;20;6;11;4;10;45;73;138;121;134;156;191;166;214;186;240;306;245;219;145;114;108;79;59
283;10936;St.Gallen Stadt Burgstr. 59;25.05.2018;Freitag;2;19;17;8;4;16;32;95;193;164;166;172;206;196;217;202;213;264;257;217;170;121;96;90;60
284;10936;St.Gallen Stadt Burgstr. 59;26.05.2018;Samstag;1;50;28;16;11;17;26;21;55;87;121;168;258;282;177;192;191;184;175;131;115;114;70;70;56
285;10936;St.Gallen Stadt Burgstr. 59;26.05.2018;Samstag;2;54;30;17;15;21;21;33;71;113;149;211;235;252;227;221;220;226;172;139;109;109;68;71;84
286;10936;St.Gallen Stadt Burgstr. 59;27.05.2018;Sonntag;1;47;34;22;27;15;11;9;14;27;49;72;92;76;106;89;82;108;114;100;125;110;74;53;34
287;10936;St.Gallen Stadt Burgstr. 59;27.05.2018;Sonntag;2;49;31;33;19;20;17;16;17;49;77;93;94;133;122;129;107;121;121;116;132;110;70;62;29
288;10936;St.Gallen Stadt Burgstr. 59;28.05.2018;Montag;1;12;11;4;7;11;48;74;116;119;123;139;191;174;171;162;190;241;283;204;140;106;84;49;37
289;10936;St.Gallen Stadt Burgstr. 59;28.05.2018;Montag;2;25;5;10;5;16;29;106;230;204;162;155;169;161;180;188;200;209;246;228;148;90;104;59;49
290;10936;St.Gallen Stadt Burgstr. 59;29.05.2018;Dienstag;1;13;7;1;8;12;47;98;125;140;131;161;182;136;144;160;172;276;295;219;116;107;62;58;42
291;10936;St.Gallen Stadt Burgstr. 59;29.05.2018;Dienstag;2;27;7;6;5;11;31;112;223;189;147;177;185;151;183;176;181;249;292;214;148;127;104;54;26
292;10936;St.Gallen Stadt Burgstr. 59;30.05.2018;Mittwoch;1;16;8;3;6;11;50;102;127;123;140;171;201;131;178;172;179;240;288;175;178;137;102;74;33
293;10936;St.Gallen Stadt Burgstr. 59;30.05.2018;Mittwoch;2;15;4;3;5;10;35;127;217;178;173;205;187;179;188;228;195;207;268;219;143;110;110;60;37
294;10936;St.Gallen Stadt Burgstr. 59;31.05.2018;Donnerstag;1;20;14;4;7;11;45;85;115;124;143;148;195;172;173;176;205;244;305;199;143;109;94;54;38
295;10936;St.Gallen Stadt Burgstr. 59;31.05.2018;Donnerstag;2;16;9;7;5;14;25;102;214;179;186;189;193;189;192;183;233;237;280;227;151;125;110;60;34
296;10936;St.Gallen Stadt Burgstr. 59;01.06.2018;Freitag;1;14;9;3;8;15;44;85;105;125;131;187;165;137;155;172;202;276;218;169;122;107;87;75;58
297;10936;St.Gallen Stadt Burgstr. 59;01.06.2018;Freitag;2;14;12;7;7;10;34;104;190;186;164;186;195;186;204;193;213;218;224;216;134;113;82;94;73
298;10936;St.Gallen Stadt Burgstr. 59;02.06.2018;Samstag;1;32;24;16;12;19;23;20;52;105;112;173;214;224;178;188;189;153;146;98;96;89;69;73;65
299;10936;St.Gallen Stadt Burgstr. 59;02.06.2018;Samstag;2;33;31;21;22;16;19;35;72;135;177;196;198;228;206;250;205;207;155;103;109;86;85;78;53
300;10936;St.Gallen Stadt Burgstr. 59;03.06.2018;Sonntag;1;39;42;22;12;14;12;12;20;36;40;66;72;75;97;99;92;107;110;131;119;96;73;56;24
301;10936;St.Gallen Stadt Burgstr. 59;03.06.2018;Sonntag;2;51;33;38;21;17;12;20;20;45;66;102;103;99;104;103;137;104;127;125;113;102;87;69;31
302;10936;St.Gallen Stadt Burgstr. 59;04.06.2018;Montag;1;31;7;4;5;12;42;97;120;134;148;156;168;188;141;123;195;259;276;189;109;84;68;56;34
303;10936;St.Gallen Stadt Burgstr. 59;04.06.2018;Montag;2;18;5;8;6;12;37;116;252;205;151;149;184;159;190;179;217;231;266;214;141;94;102;52;33
304;10936;St.Gallen Stadt Burgstr. 59;05.06.2018;Dienstag;1;18;4;4;8;12;51;76;124;113;140;146;164;141;144;139;165;223;251;232;120;111;89;51;31
305;10936;St.Gallen Stadt Burgstr. 59;05.06.2018;Dienstag;2;13;4;9;8;16;36;115;230;209;153;185;197;155;196;214;205;219;256;246;147;95;82;65;34
306;10936;St.Gallen Stadt Burgstr. 59;06.06.2018;Mittwoch;1;8;5;4;4;16;50;83;106;122;133;128;152;152;184;176;181;218;257;174;126;100;79;43;25
307;10936;St.Gallen Stadt Burgstr. 59;06.06.2018;Mittwoch;2;13;8;8;1;9;38;114;206;203;172;180;200;167;246;217;203;239;278;236;149;118;101;75;42
308;10936;St.Gallen Stadt Burgstr. 59;07.06.2018;Donnerstag;1;15;8;3;4;12;50;77;109;112;124;121;177;158;140;152;186;202;283;179;129;102;86;58;40
309;10936;St.Gallen Stadt Burgstr. 59;07.06.2018;Donnerstag;2;22;13;9;11;15;43;87;228;172;166;187;193;209;207;198;209;229;262;256;181;180;134;68;41
310;10936;St.Gallen Stadt Burgstr. 59;08.06.2018;Freitag;1;15;6;7;5;13;42;72;135;114;143;130;178;135;169;186;172;256;248;192;117;108;78;72;40
311;10936;St.Gallen Stadt Burgstr. 59;08.06.2018;Freitag;2;23;12;10;5;17;45;94;207;172;164;180;175;200;202;207;222;241;257;220;127;104;94;89;51
312;10936;St.Gallen Stadt Burgstr. 59;09.06.2018;Samstag;1;49;24;16;10;9;23;23;46;67;121;184;209;216;171;156;194;181;158;114;91;81;50;62;65
313;10936;St.Gallen Stadt Burgstr. 59;09.06.2018;Samstag;2;48;28;11;18;14;17;25;74;125;145;179;224;235;220;220;220;188;148;118;84;82;87;70;77
314;10936;St.Gallen Stadt Burgstr. 59;10.06.2018;Sonntag;1;54;29;18;14;16;19;21;14;29;38;63;60;89;102;96;83;101;126;103;102;82;66;54;34
315;10936;St.Gallen Stadt Burgstr. 59;10.06.2018;Sonntag;2;77;48;31;18;17;19;14;21;46;77;94;90;137;127;119;101;112;98;102;111;77;84;52;33
316;10936;St.Gallen Stadt Burgstr. 59;11.06.2018;Montag;1;14;6;3;9;13;54;90;125;119;139;150;191;153;147;160;165;226;260;202;114;70;74;61;39
317;10936;St.Gallen Stadt Burgstr. 59;11.06.2018;Montag;2;19;9;11;5;12;26;111;212;165;153;131;189;152;172;187;210;194;249;212;125;84;86;54;26
318;10936;St.Gallen Stadt Burgstr. 59;12.06.2018;Dienstag;1;23;7;9;10;12;48;88;121;113;140;150;170;130;158;150;165;225;251;195;145;101;71;59;28
319;10936;St.Gallen Stadt Burgstr. 59;12.06.2018;Dienstag;2;17;5;5;7;13;25;100;200;179;148;182;167;156;191;175;203;215;239;198;165;103;94;55;23
320;10936;St.Gallen Stadt Burgstr. 59;13.06.2018;Mittwoch;1;20;6;4;4;14;45;80;128;127;124;136;173;146;149;174;165;239;269;201;159;91;112;59;29
321;10936;St.Gallen Stadt Burgstr. 59;13.06.2018;Mittwoch;2;16;6;8;7;17;37;106;210;183;144;148;185;158;160;211;191;230;283;215;148;98;106;56;32
322;10936;St.Gallen Stadt Burgstr. 59;14.06.2018;Donnerstag;1;23;12;7;7;11;48;92;117;119;124;149;176;159;154;165;197;212;265;196;145;143;113;65;43
323;10936;St.Gallen Stadt Burgstr. 59;14.06.2018;Donnerstag;2;14;12;7;6;11;31;106;170;151;175;156;193;151;175;163;202;215;272;229;184;120;114;65;40
324;10936;St.Gallen Stadt Burgstr. 59;15.06.2018;Freitag;1;15;9;12;7;11;52;111;130;179;77;187;208;148;197;202;204;269;266;176;155;88;68;83;63
325;10936;St.Gallen Stadt Burgstr. 59;15.06.2018;Freitag;2;24;13;13;2;22;34;102;191;172;265;228;191;167;226;203;185;231;292;233;154;105;89;88;58
326;10936;St.Gallen Stadt Burgstr. 59;16.06.2018;Samstag;1;43;25;15;24;18;26;29;48;66;116;139;190;205;181;161;172;148;141;118;101;88;83;72;68
327;10936;St.Gallen Stadt Burgstr. 59;16.06.2018;Samstag;2;37;25;22;16;15;18;28;70;116;165;188;220;214;209;183;183;177;159;99;118;77;83;68;73
328;10936;St.Gallen Stadt Burgstr. 59;17.06.2018;Sonntag;1;46;30;25;16;10;13;20;18;21;52;63;86;95;73;82;106;124;107;93;110;64;46;98;24
329;10936;St.Gallen Stadt Burgstr. 59;17.06.2018;Sonntag;2;49;35;27;17;14;13;19;16;37;59;71;107;101;113;103;94;157;105;115;110;72;40;89;20
330;10936;St.Gallen Stadt Burgstr. 59;18.06.2018;Montag;1;16;5;5;9;11;44;87;125;139;132;128;170;139;170;144;176;234;274;174;120;99;94;45;33
331;10936;St.Gallen Stadt Burgstr. 59;18.06.2018;Montag;2;21;5;9;6;11;33;103;219;180;160;168;179;141;193;205;195;222;276;223;142;103;104;49;35
332;10936;St.Gallen Stadt Burgstr. 59;19.06.2018;Dienstag;1;13;3;8;8;11;54;83;133;129;141;160;202;178;181;186;178;202;270;177;138;105;93;71;42
333;10936;St.Gallen Stadt Burgstr. 59;19.06.2018;Dienstag;2;16;5;9;8;10;33;100;211;284;325;294;223;204;228;198;200;245;292;217;170;125;83;63;35
334;10936;St.Gallen Stadt Burgstr. 59;20.06.2018;Mittwoch;1;20;12;7;7;15;52;89;126;112;107;142;135;124;141;144;135;213;210;147;122;108;94;69;41
335;10936;St.Gallen Stadt Burgstr. 59;20.06.2018;Mittwoch;2;23;10;11;6;20;35;114;193;180;149;154;137;149;148;149;139;189;272;214;116;110;90;81;27
336;10936;St.Gallen Stadt Burgstr. 59;21.06.2018;Donnerstag;1;15;6;3;12;14;51;85;49;120;146;105;286;180;315;242;270;212;319;191;148;117;107;66;42
337;10936;St.Gallen Stadt Burgstr. 59;21.06.2018;Donnerstag;2;24;8;8;9;7;32;109;446;219;154;192;79;163;67;114;101;190;276;184;154;111;102;71;35
338;10936;St.Gallen Stadt Burgstr. 59;22.06.2018;Freitag;1;19;1;8;8;16;39;84;10;0;0;4;54;163;180;200;239;268;247;190;139;89;66;169;140
339;10936;St.Gallen Stadt Burgstr. 59;22.06.2018;Freitag;2;23;8;6;10;10;37;113;302;305;328;355;321;172;217;190;229;245;283;203;142;78;60;161;83
340;10936;St.Gallen Stadt Burgstr. 59;23.06.2018;Samstag;1;44;39;23;14;15;22;30;54;67;119;162;177;202;183;170;185;188;137;99;115;73;82;80;62
341;10936;St.Gallen Stadt Burgstr. 59;23.06.2018;Samstag;2;47;20;26;14;11;26;27;68;113;161;188;211;192;211;193;218;182;155;116;122;77;71;95;53
342;10936;St.Gallen Stadt Burgstr. 59;24.06.2018;Sonntag;1;45;41;22;12;17;11;11;21;33;52;76;68;100;106;85;101;116;111;116;118;84;52;46;34
343;10936;St.Gallen Stadt Burgstr. 59;24.06.2018;Sonntag;2;43;29;16;22;24;12;16;19;52;76;82;102;96;115;113;117;118;112;120;104;111;65;54;27
344;10936;St.Gallen Stadt Burgstr. 59;25.06.2018;Montag;1;12;6;8;9;14;41;89;151;144;170;159;180;153;177;174;202;234;300;258;179;100;95;51;30
345;10936;St.Gallen Stadt Burgstr. 59;25.06.2018;Montag;2;15;7;9;9;13;29;96;234;198;166;210;184;174;179;187;230;209;229;283;155;116;88;71;28
346;10936;St.Gallen Stadt Burgstr. 59;26.06.2018;Dienstag;1;18;9;2;8;11;44;29;5;0;0;3;3;20;41;23;0;0;0;0;0;3;2;0;0
347;10936;St.Gallen Stadt Burgstr. 59;26.06.2018;Dienstag;2;20;5;8;4;15;27;23;13;2;5;5;4;10;36;15;0;0;0;0;1;4;4;0;0
348;10936;St.Gallen Stadt Burgstr. 59;27.06.2018;Mittwoch;1;0;0;0;0;10;39;68;95;103;89;139;186;162;161;177;212;238;268;216;142;83;69;101;51
349;10936;St.Gallen Stadt Burgstr. 59;27.06.2018;Mittwoch;2;0;1;0;0;6;27;76;125;92;82;160;199;160;202;181;207;206;258;206;150;92;60;116;49
350;10936;St.Gallen Stadt Burgstr. 59;28.06.2018;Donnerstag;1;31;6;5;6;16;55;101;134;142;146;155;199;209;193;212;195;262;277;218;169;126;109;49;26
351;10936;St.Gallen Stadt Burgstr. 59;28.06.2018;Donnerstag;2;21;6;7;5;15;32;108;247;174;162;182;194;194;218;182;206;259;269;245;154;109;98;79;38
352;10936;St.Gallen Stadt Burgstr. 59;29.06.2018;Freitag;1;15;5;8;8;15;49;78;120;138;158;200;216;191;168;206;244;274;233;186;128;104;86;70;62
353;10936;St.Gallen Stadt Burgstr. 59;29.06.2018;Freitag;2;22;17;12;6;15;37;107;182;181;166;181;225;183;202;201;228;233;245;196;123;117;94;67;40
354;10936;St.Gallen Stadt Burgstr. 59;30.06.2018;Samstag;1;37;25;16;10;18;21;21;47;88;121;167;175;171;192;182;162;164;125;108;96;83;71;75;66
355;10936;St.Gallen Stadt Burgstr. 59;30.06.2018;Samstag;2;41;36;21;15;15;22;29;57;111;170;175;221;208;201;226;199;167;124;100;112;91;74;89;59
356;10936;St.Gallen Stadt Burgstr. 59;01.07.2018;Sonntag;1;55;27;18;13;14;17;15;13;33;57;79;85;108;100;112;91;94;96;123;122;96;80;56;41
357;10936;St.Gallen Stadt Burgstr. 59;01.07.2018;Sonntag;2;54;37;15;18;20;20;15;26;54;57;88;112;113;114;111;124;111;129;110;141;126;88;57;43
358;10936;St.Gallen Stadt Burgstr. 59;02.07.2018;Montag;1;19;7;9;6;12;47;91;126;139;130;160;198;161;196;156;211;229;285;216;154;121;84;72;30
359;10936;St.Gallen Stadt Burgstr. 59;02.07.2018;Montag;2;23;10;10;6;14;30;115;210;185;162;212;204;175;201;207;189;196;259;210;152;106;84;64;23
360;10936;St.Gallen Stadt Burgstr. 59;03.07.2018;Dienstag;1;11;9;4;9;13;57;90;146;146;145;147;210;163;188;186;242;237;204;216;124;115;81;49;60
361;10936;St.Gallen Stadt Burgstr. 59;03.07.2018;Dienstag;2;12;5;5;2;14;44;99;239;185;153;179;172;181;212;176;262;196;152;236;133;101;89;53;33
362;10936;St.Gallen Stadt Burgstr. 59;04.07.2018;Mittwoch;1;16;11;4;6;12;56;92;138;130;137;183;212;155;188;205;220;248;319;208;167;113;96;85;50
363;10936;St.Gallen Stadt Burgstr. 59;04.07.2018;Mittwoch;2;20;4;6;4;11;39;120;225;196;167;155;191;153;223;206;204;254;254;287;160;114;99;70;33
364;10936;St.Gallen Stadt Burgstr. 59;05.07.2018;Donnerstag;1;18;9;3;9;14;53;104;132;128;119;168;201;177;189;179;220;296;301;217;162;126;106;76;39
365;10936;St.Gallen Stadt Burgstr. 59;05.07.2018;Donnerstag;2;17;7;8;6;11;33;91;213;162;177;199;209;181;202;212;208;239;288;220;158;140;111;65;36
366;10936;St.Gallen Stadt Burgstr. 59;06.07.2018;Freitag;1;23;9;9;11;15;44;85;135;155;169;182;241;182;182;233;223;252;275;227;187;154;82;83;66
367;10936;St.Gallen Stadt Burgstr. 59;06.07.2018;Freitag;2;30;6;12;4;20;41;120;302;207;173;200;213;186;194;221;218;222;225;251;153;108;100;79;63
368;10936;St.Gallen Stadt Burgstr. 59;07.07.2018;Samstag;1;48;15;13;19;15;15;23;51;70;134;169;174;178;164;219;169;165;147;89;93;55;46;44;74
369;10936;St.Gallen Stadt Burgstr. 59;07.07.2018;Samstag;2;47;27;17;15;18;16;37;53;116;177;185;206;197;220;208;205;197;139;97;90;67;50;41;79
370;10936;St.Gallen Stadt Burgstr. 59;08.07.2018;Sonntag;1;52;41;20;18;16;15;17;16;21;50;60;80;90;88;62;81;81;104;124;120;102;64;44;40
371;10936;St.Gallen Stadt Burgstr. 59;08.07.2018;Sonntag;2;48;28;16;12;14;8;19;20;37;62;96;99;124;87;111;88;112;119;107;92;86;78;47;39
372;10936;St.Gallen Stadt Burgstr. 59;09.07.2018;Montag;1;18;4;4;9;20;38;91;126;134;161;147;203;174;206;158;164;208;273;221;128;84;88;70;32
373;10936;St.Gallen Stadt Burgstr. 59;09.07.2018;Montag;2;22;6;8;7;13;29;104;195;170;150;165;183;174;179;203;233;190;203;198;113;116;100;71;29
374;10936;St.Gallen Stadt Burgstr. 59;10.07.2018;Dienstag;1;19;6;3;4;14;40;80;115;137;158;146;189;156;174;181;193;233;282;213;138;72;75;61;28
375;10936;St.Gallen Stadt Burgstr. 59;10.07.2018;Dienstag;2;9;6;7;6;15;41;103;209;127;147;147;174;170;196;180;185;199;221;192;143;84;64;77;23
376;10936;St.Gallen Stadt Burgstr. 59;11.07.2018;Mittwoch;1;14;6;6;8;18;46;93;119;127;162;151;195;149;157;163;180;251;300;183;120;95;64;63;72
377;10936;St.Gallen Stadt Burgstr. 59;11.07.2018;Mittwoch;2;18;3;10;7;10;42;99;185;160;126;167;185;166;221;180;205;205;240;214;138;79;62;57;45
378;10936;St.Gallen Stadt Burgstr. 59;12.07.2018;Donnerstag;1;12;8;5;9;21;44;90;120;131;137;142;200;157;163;168;174;218;268;170;160;117;103;76;36
379;10936;St.Gallen Stadt Burgstr. 59;12.07.2018;Donnerstag;2;14;8;7;8;18;37;108;186;135;164;165;160;141;191;167;181;194;259;240;136;126;83;67;34
380;10936;St.Gallen Stadt Burgstr. 59;13.07.2018;Freitag;1;20;11;8;7;17;34;99;126;124;136;152;207;195;165;172;190;215;218;174;127;90;71;58;73
381;10936;St.Gallen Stadt Burgstr. 59;13.07.2018;Freitag;2;24;10;16;8;23;36;92;190;152;150;182;181;169;197;177;189;211;202;185;112;94;76;74;67
382;10936;St.Gallen Stadt Burgstr. 59;14.07.2018;Samstag;1;42;24;12;12;15;22;19;32;73;106;146;131;171;146;155;131;150;119;95;73;67;73;68;59
383;10936;St.Gallen Stadt Burgstr. 59;14.07.2018;Samstag;2;41;38;26;13;20;17;35;46;98;140;176;182;190;185;169;145;139;117;100;68;89;74;76;50
384;10936;St.Gallen Stadt Burgstr. 59;15.07.2018;Sonntag;1;49;39;18;15;18;13;18;19;26;49;64;73;81;64;90;81;125;89;73;87;103;74;39;30
385;10936;St.Gallen Stadt Burgstr. 59;15.07.2018;Sonntag;2;39;23;18;11;16;12;20;21;31;62;82;89;87;121;100;94;112;84;64;102;100;76;31;16
386;10936;St.Gallen Stadt Burgstr. 59;16.07.2018;Montag;1;6;5;3;9;11;45;65;127;121;142;163;158;159;176;167;174;221;245;187;136;75;92;47;30
387;10936;St.Gallen Stadt Burgstr. 59;16.07.2018;Montag;2;13;5;7;12;14;28;96;169;153;146;130;185;149;188;169;169;201;212;199;113;107;80;49;24
388;10936;St.Gallen Stadt Burgstr. 59;17.07.2018;Dienstag;1;13;9;5;7;15;48;89;116;135;134;158;177;156;147;161;158;212;281;186;134;86;81;41;29
389;10936;St.Gallen Stadt Burgstr. 59;17.07.2018;Dienstag;2;16;8;10;4;14;37;88;177;134;139;174;196;145;176;180;166;227;229;181;113;104;74;46;28
390;10936;St.Gallen Stadt Burgstr. 59;18.07.2018;Mittwoch;1;22;7;6;7;14;50;76;128;143;138;145;174;161;167;169;182;203;264;156;125;104;74;58;29
391;10936;St.Gallen Stadt Burgstr. 59;18.07.2018;Mittwoch;2;15;7;11;4;10;33;98;169;140;132;163;187;155;202;170;153;197;216;201;125;92;82;51;30
392;10936;St.Gallen Stadt Burgstr. 59;19.07.2018;Donnerstag;1;16;6;7;6;15;44;91;129;133;128;168;183;143;158;162;168;207;233;171;131;116;92;67;32
393;10936;St.Gallen Stadt Burgstr. 59;19.07.2018;Donnerstag;2;13;9;12;2;12;36;96;184;163;156;178;177;146;177;161;169;213;208;203;134;111;97;63;36
394;10936;St.Gallen Stadt Burgstr. 59;20.07.2018;Freitag;1;24;10;6;10;20;39;80;114;125;129;153;200;165;155;192;178;201;219;147;120;88;82;55;43
395;10936;St.Gallen Stadt Burgstr. 59;20.07.2018;Freitag;2;17;10;12;11;10;27;86;177;155;148;160;165;171;177;192;179;192;200;159;117;83;76;66;42
396;10936;St.Gallen Stadt Burgstr. 59;21.07.2018;Samstag;1;37;30;18;9;21;21;25;37;60;91;130;133;139;172;144;142;135;136;77;68;54;64;53;46
397;10936;St.Gallen Stadt Burgstr. 59;21.07.2018;Samstag;2;37;22;19;14;11;20;29;48;72;114;164;178;161;191;188;187;171;137;72;77;71;68;50;43
398;10936;St.Gallen Stadt Burgstr. 59;22.07.2018;Sonntag;1;31;32;10;20;15;14;14;23;27;32;68;82;98;66;82;73;86;101;92;104;93;68;48;21
399;10936;St.Gallen Stadt Burgstr. 59;22.07.2018;Sonntag;2;41;34;12;16;12;9;13;22;37;53;83;74;85;101;87;86;97;82;100;106;91;66;41;22
400;10936;St.Gallen Stadt Burgstr. 59;23.07.2018;Montag;1;7;4;7;8;12;35;71;111;98;109;138;165;152;152;163;137;198;249;176;97;66;57;51;18
401;10936;St.Gallen Stadt Burgstr. 59;23.07.2018;Montag;2;18;5;8;5;11;35;85;144;105;95;139;155;140;168;154;155;172;196;165;105;81;65;36;19
402;10936;St.Gallen Stadt Burgstr. 59;24.07.2018;Dienstag;1;10;7;4;8;10;37;80;100;144;115;127;180;146;118;161;163;199;223;142;106;91;69;49;37
403;10936;St.Gallen Stadt Burgstr. 59;24.07.2018;Dienstag;2;14;5;6;6;10;31;76;153;142;156;127;162;165;143;148;142;179;199;136;93;69;78;52;19
404;10936;St.Gallen Stadt Burgstr. 59;25.07.2018;Mittwoch;1;17;6;4;9;14;46;73;97;100;136;145;158;135;163;146;157;202;222;153;116;91;76;55;20
405;10936;St.Gallen Stadt Burgstr. 59;25.07.2018;Mittwoch;2;13;5;9;7;11;27;90;151;138;132;152;153;155;232;161;146;163;202;155;126;81;79;40;27
406;10936;St.Gallen Stadt Burgstr. 59;26.07.2018;Donnerstag;1;23;11;6;11;12;43;74;95;117;130;139;168;148;138;135;145;183;236;168;119;100;85;62;41
407;10936;St.Gallen Stadt Burgstr. 59;26.07.2018;Donnerstag;2;16;10;13;4;12;30;72;154;120;130;129;189;130;148;148;147;165;191;164;112;91;73;67;32
408;10936;St.Gallen Stadt Burgstr. 59;27.07.2018;Freitag;1;21;11;10;7;14;43;62;95;118;122;149;177;155;165;168;170;178;166;128;108;81;62;72;49
409;10936;St.Gallen Stadt Burgstr. 59;27.07.2018;Freitag;2;14;14;8;6;16;29;65;139;130;130;131;170;146;174;171;173;177;202;144;115;80;99;59;43
410;10936;St.Gallen Stadt Burgstr. 59;28.07.2018;Samstag;1;43;20;17;18;19;22;15;37;74;89;142;140;142;134;134;150;119;98;94;68;57;68;50;48
411;10936;St.Gallen Stadt Burgstr. 59;28.07.2018;Samstag;2;28;24;26;13;9;18;29;56;96;144;141;173;138;182;165;145;136;117;90;75;52;67;45;42
412;10936;St.Gallen Stadt Burgstr. 59;29.07.2018;Sonntag;1;42;20;17;8;14;13;11;20;19;44;53;67;72;71;69;88;77;88;98;83;71;67;56;28
413;10936;St.Gallen Stadt Burgstr. 59;29.07.2018;Sonntag;2;34;18;7;10;10;8;18;16;30;46;79;84;76;101;88;79;80;82;91;76;87;58;37;22
414;10936;St.Gallen Stadt Burgstr. 59;30.07.2018;Montag;1;14;3;5;5;11;41;65;106;118;119;146;161;125;167;151;139;193;235;145;117;81;88;55;26
415;10936;St.Gallen Stadt Burgstr. 59;30.07.2018;Montag;2;17;4;9;4;6;18;74;156;131;143;127;165;137;154;134;140;186;204;157;117;74;68;45;29
416;10936;St.Gallen Stadt Burgstr. 59;31.07.2018;Dienstag;1;22;8;7;5;9;42;58;105;115;127;139;178;128;150;144;163;200;189;164;108;74;70;53;50
417;10936;St.Gallen Stadt Burgstr. 59;31.07.2018;Dienstag;2;14;6;13;6;10;33;72;150;125;142;160;194;136;159;173;149;188;151;167;121;85;89;47;35
418;10936;St.Gallen Stadt Burgstr. 59;01.08.2018;Mittwoch;1;32;19;11;13;9;14;11;17;29;52;64;61;78;88;73;86;83;104;93;112;101;76;53;39
419;10936;St.Gallen Stadt Burgstr. 59;01.08.2018;Mittwoch;2;35;18;14;10;9;16;18;26;40;72;81;88;83;86;84;77;82;87;103;86;74;58;55;33
420;10936;St.Gallen Stadt Burgstr. 59;02.08.2018;Donnerstag;1;31;13;2;8;8;40;53;98;133;146;143;154;133;154;165;147;168;240;151;120;90;100;51;37
421;10936;St.Gallen Stadt Burgstr. 59;02.08.2018;Donnerstag;2;16;15;13;4;10;18;69;125;129;136;162;189;140;138;168;175;168;202;146;131;106;75;50;25
422;10936;St.Gallen Stadt Burgstr. 59;03.08.2018;Freitag;1;20;7;7;13;10;39;64;108;115;119;147;172;145;143;173;148;221;197;115;112;80;71;60;43
423;10936;St.Gallen Stadt Burgstr. 59;03.08.2018;Freitag;2;23;11;7;8;5;22;75;128;122;150;143;185;138;177;183;166;194;181;128;90;63;63;51;49
424;10936;St.Gallen Stadt Burgstr. 59;04.08.2018;Samstag;1;34;31;15;6;17;16;29;48;66;112;149;153;131;147;137;140;128;111;124;82;82;77;63;64
425;10936;St.Gallen Stadt Burgstr. 59;04.08.2018;Samstag;2;32;19;14;14;8;14;30;47;85;121;176;208;154;170;174;154;138;105;92;89;95;74;60;52
426;10936;St.Gallen Stadt Burgstr. 59;05.08.2018;Sonntag;1;38;42;25;17;10;6;18;14;30;40;57;73;74;82;90;84;72;95;117;103;100;77;59;25
427;10936;St.Gallen Stadt Burgstr. 59;05.08.2018;Sonntag;2;33;26;16;14;8;9;17;26;30;49;65;89;95;90;84;84;78;104;101;112;87;75;66;26
428;10936;St.Gallen Stadt Burgstr. 59;06.08.2018;Montag;1;19;11;3;10;11;41;78;136;149;124;191;208;153;172;180;158;249;278;170;101;90;85;62;32
429;10936;St.Gallen Stadt Burgstr. 59;06.08.2018;Montag;2;18;4;8;6;26;28;74;218;184;154;171;182;167;172;160;200;202;262;204;121;86;69;39;28
430;10936;St.Gallen Stadt Burgstr. 59;07.08.2018;Dienstag;1;20;7;1;8;13;47;72;128;134;137;174;210;155;184;179;208;223;251;204;146;88;87;67;32
431;10936;St.Gallen Stadt Burgstr. 59;07.08.2018;Dienstag;2;10;10;7;4;21;29;106;185;158;143;198;197;148;189;202;191;208;252;224;136;121;89;64;33
432;10936;St.Gallen Stadt Burgstr. 59;08.08.2018;Mittwoch;1;16;7;6;13;11;50;87;143;136;140;161;219;183;171;193;179;228;287;204;102;99;93;68;37
433;10936;St.Gallen Stadt Burgstr. 59;08.08.2018;Mittwoch;2;22;8;7;12;21;32;98;197;180;162;192;190;175;254;231;200;218;317;221;143;105;82;54;44
434;10936;St.Gallen Stadt Burgstr. 59;09.08.2018;Donnerstag;1;30;8;8;12;16;56;85;126;141;146;152;217;168;176;206;161;218;293;225;168;112;84;75;30
435;10936;St.Gallen Stadt Burgstr. 59;09.08.2018;Donnerstag;2;21;12;13;8;21;35;98;206;172;171;169;193;161;207;194;188;223;289;194;180;119;97;69;28
436;10936;St.Gallen Stadt Burgstr. 59;10.08.2018;Freitag;1;14;8;7;15;17;54;104;130;138;163;186;221;200;197;248;294;246;268;171;144;118;80;86;76
437;10936;St.Gallen Stadt Burgstr. 59;10.08.2018;Freitag;2;20;8;14;6;19;39;102;193;167;155;210;201;190;226;257;222;258;258;206;151;125;83;68;57
438;10936;St.Gallen Stadt Burgstr. 59;11.08.2018;Samstag;1;51;25;26;82;36;126;98;132;186;127;151;198;288;222;202;165;163;181;119;98;90;66;81;54
439;10936;St.Gallen Stadt Burgstr. 59;11.08.2018;Samstag;2;38;14;30;19;19;16;36;60;110;169;161;249;228;208;207;205;232;151;115;121;93;83;63;45
440;10936;St.Gallen Stadt Burgstr. 59;12.08.2018;Sonntag;1;55;49;26;22;20;19;25;147;22;46;60;109;132;108;110;108;118;142;145;135;137;75;61;41
441;10936;St.Gallen Stadt Burgstr. 59;12.08.2018;Sonntag;2;37;45;29;18;16;11;22;32;33;74;101;106;133;109;115;140;124;144;117;135;106;91;55;23
442;10936;St.Gallen Stadt Burgstr. 59;13.08.2018;Montag;1;18;7;9;8;17;53;123;176;175;132;208;214;196;170;200;227;256;391;253;152;104;102;69;29
443;10936;St.Gallen Stadt Burgstr. 59;13.08.2018;Montag;2;23;10;10;5;16;35;112;252;188;171;165;204;166;223;196;217;229;310;247;154;109;98;50;23
444;10936;St.Gallen Stadt Burgstr. 59;15.08.2018;Mittwoch;1;10;12;5;9;19;67;107;145;177;145;183;238;187;221;205;207;281;391;238;158;140;124;76;38
445;10936;St.Gallen Stadt Burgstr. 59;15.08.2018;Mittwoch;2;13;10;9;5;15;39;131;230;224;183;176;211;191;231;246;231;247;328;259;188;129;111;73;36
446;10936;St.Gallen Stadt Burgstr. 59;16.08.2018;Donnerstag;1;21;10;5;8;20;53;114;141;187;126;195;233;179;207;162;201;272;331;228;184;149;125;83;45
447;10936;St.Gallen Stadt Burgstr. 59;16.08.2018;Donnerstag;2;10;10;14;9;15;39;114;234;191;158;156;229;194;224;182;211;246;285;271;169;133;119;68;32
448;10936;St.Gallen Stadt Burgstr. 59;17.08.2018;Freitag;1;16;10;6;9;17;60;119;153;153;161;193;244;201;224;215;253;316;291;190;149;110;107;86;57
449;10936;St.Gallen Stadt Burgstr. 59;17.08.2018;Freitag;2;20;9;11;5;15;37;110;241;204;194;199;188;201;223;237;221;246;269;238;155;116;113;69;61
450;10936;St.Gallen Stadt Burgstr. 59;18.08.2018;Samstag;1;47;77;39;19;39;33;28;46;89;122;186;263;217;205;190;197;211;206;130;106;101;89;78;68
451;10936;St.Gallen Stadt Burgstr. 59;18.08.2018;Samstag;2;36;38;33;20;21;19;47;64;127;153;183;254;225;200;216;214;221;162;151;111;112;116;85;63
452;10936;St.Gallen Stadt Burgstr. 59;19.08.2018;Sonntag;1;49;55;37;38;32;30;20;23;32;61;70;112;91;94;107;116;130;131;136;127;111;102;63;23
453;10936;St.Gallen Stadt Burgstr. 59;19.08.2018;Sonntag;2;43;49;30;25;26;20;21;28;38;81;102;100;127;155;153;135;118;120;138;121;101;85;60;28
454;10936;St.Gallen Stadt Burgstr. 59;20.08.2018;Montag;1;13;8;5;9;18;55;105;190;153;137;176;226;196;184;211;235;280;359;284;144;164;101;70;33
455;10936;St.Gallen Stadt Burgstr. 59;20.08.2018;Montag;2;14;4;10;3;18;36;135;275;205;167;181;225;189;232;214;235;246;315;279;150;147;114;66;24
456;10936;St.Gallen Stadt Burgstr. 59;21.08.2018;Dienstag;1;8;4;7;10;17;55;117;183;204;171;173;230;183;183;183;185;299;324;243;163;145;127;74;32
457;10936;St.Gallen Stadt Burgstr. 59;21.08.2018;Dienstag;2;13;6;10;5;17;49;147;254;212;234;230;214;179;217;181;191;268;282;260;159;134;114;45;39
458;10936;St.Gallen Stadt Burgstr. 59;22.08.2018;Mittwoch;1;13;14;11;12;20;55;110;159;147;174;172;208;197;209;198;216;274;320;244;150;158;140;83;48
459;10936;St.Gallen Stadt Burgstr. 59;22.08.2018;Mittwoch;2;17;7;9;5;21;41;128;230;193;189;195;225;187;215;233;208;276;291;253;172;132;106;53;34
460;10936;St.Gallen Stadt Burgstr. 59;23.08.2018;Donnerstag;1;16;9;7;12;17;63;108;167;174;154;189;250;184;214;178;215;278;354;274;157;126;130;86;40
461;10936;St.Gallen Stadt Burgstr. 59;23.08.2018;Donnerstag;2;16;3;12;6;20;44;121;249;217;152;175;208;186;222;231;228;211;313;259;198;144;111;68;26
462;10936;St.Gallen Stadt Burgstr. 59;24.08.2018;Freitag;1;25;7;4;10;15;54;117;153;175;187;203;259;212;241;225;290;351;304;261;144;116;87;96;67
463;10936;St.Gallen Stadt Burgstr. 59;24.08.2018;Freitag;2;24;10;9;5;24;43;105;222;206;203;223;219;196;230;228;235;271;290;282;141;144;107;75;49
464;10936;St.Gallen Stadt Burgstr. 59;25.08.2018;Samstag;1;46;32;27;32;21;26;37;65;109;148;194;272;223;217;214;217;210;191;144;96;98;79;72;80
465;10936;St.Gallen Stadt Burgstr. 59;25.08.2018;Samstag;2;51;25;25;15;15;20;48;88;129;166;230;249;209;248;276;244;227;148;134;129;75;88;63;62
466;10936;St.Gallen Stadt Burgstr. 59;26.08.2018;Sonntag;1;45;38;27;27;20;12;14;23;26;66;99;96;106;110;127;118;111;147;156;138;121;92;48;34
467;10936;St.Gallen Stadt Burgstr. 59;26.08.2018;Sonntag;2;46;32;30;26;11;14;23;25;40;86;115;123;127;131;127;140;122;121;145;133;116;82;55;24
468;10936;St.Gallen Stadt Burgstr. 59;27.08.2018;Montag;1;18;7;7;11;18;55;111;171;167;162;178;252;187;199;192;231;295;337;260;175;117;109;72;29
469;10936;St.Gallen Stadt Burgstr. 59;27.08.2018;Montag;2;19;7;8;4;17;50;129;243;234;150;166;199;194;239;213;234;258;292;252;157;114;110;59;25
470;10936;St.Gallen Stadt Burgstr. 59;28.08.2018;Dienstag;1;10;2;4;8;20;57;111;148;164;154;180;217;171;193;201;207;338;355;242;176;150;116;84;40
471;10936;St.Gallen Stadt Burgstr. 59;28.08.2018;Dienstag;2;20;7;10;2;19;43;133;214;213;168;202;189;179;202;208;220;267;265;228;162;133;111;61;28
472;10936;St.Gallen Stadt Burgstr. 59;29.08.2018;Mittwoch;1;28;7;11;9;14;67;116;171;167;173;186;284;217;231;205;229;253;332;290;177;139;112;75;49
473;10936;St.Gallen Stadt Burgstr. 59;29.08.2018;Mittwoch;2;15;8;7;7;16;41;121;222;210;173;170;211;203;237;212;218;236;336;261;179;126;101;80;31
474;10936;St.Gallen Stadt Burgstr. 59;30.08.2018;Donnerstag;1;17;11;6;15;19;65;117;185;177;160;177;211;207;199;208;212;291;349;247;185;139;108;79;47
475;10936;St.Gallen Stadt Burgstr. 59;30.08.2018;Donnerstag;2;10;6;8;7;13;47;136;234;207;198;177;198;177;236;233;245;241;329;247;184;157;106;60;24
476;10936;St.Gallen Stadt Burgstr. 59;31.08.2018;Freitag;1;14;15;8;8;18;61;113;160;162;147;241;232;210;248;249;282;339;314;241;153;138;87;86;63
477;10936;St.Gallen Stadt Burgstr. 59;31.08.2018;Freitag;2;27;7;6;5;22;26;129;221;214;203;203;217;211;230;212;250;231;259;249;196;146;99;90;67
478;10936;St.Gallen Stadt Burgstr. 59;01.09.2018;Samstag;1;41;37;25;16;27;31;25;62;100;149;187;310;277;193;247;263;209;178;137;121;100;89;80;59
479;10936;St.Gallen Stadt Burgstr. 59;01.09.2018;Samstag;2;40;22;30;20;23;25;41;86;144;188;227;260;235;220;246;244;251;151;135;104;104;102;74;57
480;10936;St.Gallen Stadt Burgstr. 59;02.09.2018;Sonntag;1;59;35;20;20;16;18;15;25;30;56;72;83;110;99;130;118;160;147;161;148;108;49;40;27
481;10936;St.Gallen Stadt Burgstr. 59;02.09.2018;Sonntag;2;53;52;26;20;25;18;28;30;37;76;104;105;116;141;140;132;194;161;124;98;90;60;50;24
482;10936;St.Gallen Stadt Burgstr. 59;03.09.2018;Montag;1;15;6;5;9;19;51;109;171;174;149;148;215;184;188;231;217;280;344;264;180;107;100;54;32
483;10936;St.Gallen Stadt Burgstr. 59;03.09.2018;Montag;2;14;3;8;8;18;40;132;259;207;161;152;206;158;195;196;216;226;314;340;181;111;107;54;28
484;10936;St.Gallen Stadt Burgstr. 59;04.09.2018;Dienstag;1;9;6;4;7;19;59;124;135;178;170;173;212;196;214;192;212;246;330;235;198;141;123;83;33
485;10936;St.Gallen Stadt Burgstr. 59;04.09.2018;Dienstag;2;13;6;7;8;23;47;134;226;213;171;199;216;184;223;208;195;229;275;247;159;146;105;67;27
486;10936;St.Gallen Stadt Burgstr. 59;05.09.2018;Mittwoch;1;27;11;8;8;17;74;122;143;170;160;175;206;201;219;215;210;264;345;234;171;175;134;68;35
487;10936;St.Gallen Stadt Burgstr. 59;05.09.2018;Mittwoch;2;22;4;8;6;16;40;124;220;195;164;185;201;169;224;224;226;218;310;239;144;136;123;52;33
488;10936;St.Gallen Stadt Burgstr. 59;06.09.2018;Donnerstag;1;18;12;10;9;19;65;117;161;161;154;162;247;189;198;192;200;273;346;230;177;158;116;70;44
489;10936;St.Gallen Stadt Burgstr. 59;06.09.2018;Donnerstag;2;15;12;9;5;29;45;114;206;216;168;206;213;177;226;208;225;225;279;259;206;153;114;63;30
490;10936;St.Gallen Stadt Burgstr. 59;07.09.2018;Freitag;1;25;10;8;10;18;64;102;154;155;163;232;266;198;227;224;231;293;317;218;169;129;110;78;74
491;10936;St.Gallen Stadt Burgstr. 59;07.09.2018;Freitag;2;12;8;7;9;22;40;107;252;233;215;244;198;199;232;229;226;255;317;267;157;130;115;70;67
492;10936;St.Gallen Stadt Burgstr. 59;08.09.2018;Samstag;1;51;17;19;25;18;28;38;41;97;148;184;248;233;226;218;209;209;180;129;109;121;93;85;66
493;10936;St.Gallen Stadt Burgstr. 59;08.09.2018;Samstag;2;41;25;15;23;14;24;50;91;141;171;228;207;243;234;246;263;204;170;125;113;130;107;83;61
494;10936;St.Gallen Stadt Burgstr. 59;09.09.2018;Sonntag;1;59;47;28;24;25;22;11;18;37;59;83;96;110;105;97;99;114;160;145;129;125;89;58;30
495;10936;St.Gallen Stadt Burgstr. 59;09.09.2018;Sonntag;2;48;35;25;21;19;10;19;23;45;76;80;123;143;128;136;123;136;142;130;120;122;62;52;27
496;10936;St.Gallen Stadt Burgstr. 59;10.09.2018;Montag;1;13;10;7;10;20;57;125;161;144;156;186;226;189;186;191;218;283;334;222;167;120;121;77;22
497;10936;St.Gallen Stadt Burgstr. 59;10.09.2018;Montag;2;16;7;12;3;12;41;134;243;207;165;179;199;178;227;199;223;237;279;229;188;161;124;58;28
498;10936;St.Gallen Stadt Burgstr. 59;11.09.2018;Dienstag;1;13;4;10;9;19;73;119;136;166;157;167;213;162;202;186;212;312;363;252;183;146;106;68;46
499;10936;St.Gallen Stadt Burgstr. 59;11.09.2018;Dienstag;2;18;8;10;9;17;40;119;229;202;188;184;202;173;245;179;205;251;279;234;157;127;104;49;39
500;10936;St.Gallen Stadt Burgstr. 59;12.09.2018;Mittwoch;1;17;10;3;9;25;80;125;150;162;139;186;231;193;199;171;221;325;351;231;180;154;119;67;43
501;10936;St.Gallen Stadt Burgstr. 59;12.09.2018;Mittwoch;2;12;12;7;4;19;48;128;229;194;176;205;207;194;227;208;218;263;308;240;161;129;96;77;36
502;10936;St.Gallen Stadt Burgstr. 59;13.09.2018;Donnerstag;1;12;8;12;12;21;76;130;160;167;137;194;207;201;215;205;207;290;369;273;170;155;116;79;39
503;10936;St.Gallen Stadt Burgstr. 59;13.09.2018;Donnerstag;2;15;5;10;7;23;38;135;225;230;162;178;206;164;217;190;244;238;292;242;198;147;109;73;29
504;10936;St.Gallen Stadt Burgstr. 59;14.09.2018;Freitag;1;19;12;10;12;23;62;107;145;183;174;200;240;207;218;232;218;323;316;214;168;146;104;91;67
505;10936;St.Gallen Stadt Burgstr. 59;14.09.2018;Freitag;2;17;5;10;5;19;35;117;223;208;189;213;215;214;275;228;215;275;283;207;163;150;114;73;73
506;10936;St.Gallen Stadt Burgstr. 59;15.09.2018;Samstag;1;46;29;20;9;18;24;34;74;112;134;173;236;264;223;216;211;182;186;124;105;96;112;79;66
507;10936;St.Gallen Stadt Burgstr. 59;15.09.2018;Samstag;2;37;26;23;12;23;15;34;94;148;165;198;222;239;246;235;238;222;153;159;132;91;78;73;69
508;10936;St.Gallen Stadt Burgstr. 59;16.09.2018;Sonntag;1;55;45;25;32;24;14;15;20;35;80;83;98;169;128;127;169;124;132;156;152;127;88;53;27
509;10936;St.Gallen Stadt Burgstr. 59;16.09.2018;Sonntag;2;68;47;28;24;23;16;19;25;51;89;101;118;122;98;131;122;155;120;121;138;93;87;44;18
510;10936;St.Gallen Stadt Burgstr. 59;17.09.2018;Montag;1;18;6;7;5;23;68;119;174;169;195;172;229;190;199;204;232;298;414;350;210;154;99;65;34
511;10936;St.Gallen Stadt Burgstr. 59;17.09.2018;Montag;2;24;5;7;7;19;38;126;248;186;171;198;212;187;222;203;215;244;296;248;158;111;116;46;24
512;10936;St.Gallen Stadt Burgstr. 59;18.09.2018;Dienstag;1;11;8;5;11;20;70;120;150;159;171;229;250;196;182;201;227;317;364;241;202;144;113;72;39
513;10936;St.Gallen Stadt Burgstr. 59;18.09.2018;Dienstag;2;18;6;7;6;24;34;144;246;189;185;208;246;198;229;195;223;229;270;251;162;128;105;60;23
514;10936;St.Gallen Stadt Burgstr. 59;19.09.2018;Mittwoch;1;21;7;5;14;21;64;131;158;158;159;196;235;204;192;238;226;310;409;275;185;159;123;64;44
515;10936;St.Gallen Stadt Burgstr. 59;19.09.2018;Mittwoch;2;17;8;6;5;18;41;134;257;196;203;195;172;201;240;206;213;248;285;238;168;116;113;70;35
516;10936;St.Gallen Stadt Burgstr. 59;20.09.2018;Donnerstag;1;19;10;8;15;20;68;113;161;154;140;181;213;200;218;212;228;272;358;237;199;155;122;88;39
517;10936;St.Gallen Stadt Burgstr. 59;20.09.2018;Donnerstag;2;13;4;13;8;23;46;117;230;202;164;190;202;168;204;209;219;214;287;270;191;147;105;93;30
518;10936;St.Gallen Stadt Burgstr. 59;21.09.2018;Freitag;1;28;20;11;16;18;64;125;150;179;172;206;248;234;233;248;259;328;365;239;168;132;108;112;61
519;10936;St.Gallen Stadt Burgstr. 59;21.09.2018;Freitag;2;24;15;9;8;26;35;113;218;196;220;210;220;197;257;232;233;299;279;240;167;161;98;90;63
520;10936;St.Gallen Stadt Burgstr. 59;22.09.2018;Samstag;1;51;38;31;29;29;35;37;87;91;133;189;241;217;222;196;218;217;195;150;122;96;85;62;60
521;10936;St.Gallen Stadt Burgstr. 59;22.09.2018;Samstag;2;50;34;30;21;23;26;50;86;150;171;223;232;261;248;236;205;222;192;158;98;94;98;65;53
522;10936;St.Gallen Stadt Burgstr. 59;26.10.2018;Freitag;1;28;20;11;15;18;64;122;150;163;174;196;232;203;189;231;236;315;308;225;171;145;121;73;60
523;10936;St.Gallen Stadt Burgstr. 59;26.10.2018;Freitag;2;24;15;10;8;25;33;112;209;186;182;191;205;178;227;232;245;264;282;266;164;115;91;82;51
524;10936;St.Gallen Stadt Burgstr. 59;27.10.2018;Samstag;1;43;36;28;22;18;25;20;54;90;137;187;278;303;203;253;228;192;162;120;99;77;75;65;64
525;10936;St.Gallen Stadt Burgstr. 59;27.10.2018;Samstag;2;36;35;20;22;9;20;24;65;130;175;194;268;229;225;254;252;209;162;123;132;114;78;75;51
526;10936;St.Gallen Stadt Burgstr. 59;28.10.2018;Sonntag;1;56;62;22;23;11;10;13;19;33;72;95;107;115;121;120;114;138;122;117;116;70;67;29;24
527;10936;St.Gallen Stadt Burgstr. 59;28.10.2018;Sonntag;2;33;53;20;21;13;14;19;27;51;79;115;133;153;119;137;116;125;120;126;96;67;59;32;12
528;10936;St.Gallen Stadt Burgstr. 59;29.10.2018;Montag;1;8;6;3;10;19;46;119;167;181;150;150;215;169;215;220;236;316;360;208;149;102;80;53;35
529;10936;St.Gallen Stadt Burgstr. 59;29.10.2018;Montag;2;12;8;10;3;19;38;99;236;194;184;176;201;174;203;221;234;229;264;228;124;103;94;49;23
530;10936;St.Gallen Stadt Burgstr. 59;30.10.2018;Dienstag;1;16;5;2;13;19;57;106;144;188;178;183;235;175;205;194;221;294;341;243;151;119;108;49;26
531;10936;St.Gallen Stadt Burgstr. 59;30.10.2018;Dienstag;2;11;4;10;5;17;41;111;244;198;209;198;201;195;229;222;224;250;284;234;152;101;90;54;35
532;10936;St.Gallen Stadt Burgstr. 59;31.10.2018;Mittwoch;1;9;7;8;12;17;69;101;144;153;182;181;255;200;221;272;242;327;321;245;157;125;100;58;45
533;10936;St.Gallen Stadt Burgstr. 59;31.10.2018;Mittwoch;2;13;8;5;7;17;34;109;232;199;180;191;235;187;258;258;254;271;276;200;126;138;99;66;59
534;10936;St.Gallen Stadt Burgstr. 59;01.11.2018;Donnerstag;1;24;23;28;21;20;33;50;39;49;62;71;90;89;121;129;135;140;145;124;89;80;71;61;41
535;10936;St.Gallen Stadt Burgstr. 59;01.11.2018;Donnerstag;2;45;32;27;16;14;29;35;40;48;70;96;130;82;157;114;130;128;130;126;103;80;57;46;43
536;10936;St.Gallen Stadt Burgstr. 59;02.11.2018;Freitag;1;19;13;7;11;19;59;70;116;162;154;186;228;176;208;197;263;245;285;203;135;97;83;70;62
537;10936;St.Gallen Stadt Burgstr. 59;02.11.2018;Freitag;2;21;11;17;4;15;32;74;150;184;205;212;193;186;221;232;234;244;238;191;136;97;77;91;52
538;10936;St.Gallen Stadt Burgstr. 59;03.11.2018;Samstag;1;39;30;16;14;17;27;28;39;90;142;203;202;234;201;249;197;179;168;119;91;79;73;60;69
539;10936;St.Gallen Stadt Burgstr. 59;03.11.2018;Samstag;2;45;20;20;14;14;22;35;71;124;164;186;241;208;225;211;211;195;155;108;88;82;68;63;53
540;10936;St.Gallen Stadt Burgstr. 59;04.11.2018;Sonntag;1;46;36;29;27;17;13;12;13;28;55;100;112;105;98;118;118;139;134;133;89;90;48;39;24
541;10936;St.Gallen Stadt Burgstr. 59;04.11.2018;Sonntag;2;42;35;22;31;12;13;19;21;39;69;105;131;119;143;129;109;141;117;114;100;78;42;35;20
542;10936;St.Gallen Stadt Burgstr. 59;05.11.2018;Montag;1;7;5;11;7;23;53;118;160;160;148;184;201;189;212;206;229;321;373;225;149;100;80;45;45
543;10936;St.Gallen Stadt Burgstr. 59;05.11.2018;Montag;2;12;6;8;6;16;35;107;235;208;184;181;207;174;204;185;220;222;287;207;141;118;103;53;33
544;10936;St.Gallen Stadt Burgstr. 59;06.11.2018;Dienstag;1;19;2;4;8;18;55;118;167;161;134;175;236;193;181;200;228;270;327;227;159;81;88;72;30
545;10936;St.Gallen Stadt Burgstr. 59;06.11.2018;Dienstag;2;11;10;10;4;9;39;108;224;180;164;184;216;170;214;215;212;212;280;222;133;104;68;36;35
546;10936;St.Gallen Stadt Burgstr. 59;07.11.2018;Mittwoch;1;12;4;5;10;19;55;113;140;147;163;171;228;197;186;198;231;254;353;217;161;118;102;70;39
547;10936;St.Gallen Stadt Burgstr. 59;07.11.2018;Mittwoch;2;22;1;7;2;14;36;101;223;194;170;195;210;155;212;211;214;232;277;237;130;109;101;58;29
548;10936;St.Gallen Stadt Burgstr. 59;08.11.2018;Donnerstag;1;22;5;4;6;20;50;124;167;156;146;163;220;200;273;184;218;308;346;207;162;133;119;155;38
549;10936;St.Gallen Stadt Burgstr. 59;08.11.2018;Donnerstag;2;16;9;9;7;11;47;107;226;206;186;173;226;166;210;211;242;252;283;244;209;136;97;73;26
550;10936;St.Gallen Stadt Burgstr. 59;09.11.2018;Freitag;1;23;6;8;16;17;53;109;155;159;173;211;229;210;219;220;249;318;267;249;148;124;123;83;68
551;10936;St.Gallen Stadt Burgstr. 59;09.11.2018;Freitag;2;20;11;11;6;8;38;123;222;205;207;191;215;200;233;210;219;236;274;234;154;120;85;90;56
552;10936;St.Gallen Stadt Burgstr. 59;10.11.2018;Samstag;1;39;25;23;23;18;27;27;38;96;154;166;225;241;282;231;228;195;162;149;93;69;70;59;64
553;10936;St.Gallen Stadt Burgstr. 59;10.11.2018;Samstag;2;25;31;22;17;23;13;40;57;122;174;209;219;235;210;237;250;178;140;127;99;83;67;56;65
554;10936;St.Gallen Stadt Burgstr. 59;11.11.2018;Sonntag;1;58;42;34;26;15;15;10;22;23;64;86;99;132;112;144;111;148;166;236;95;70;49;37;18
555;10936;St.Gallen Stadt Burgstr. 59;11.11.2018;Sonntag;2;59;41;24;21;23;13;19;22;41;79;85;120;111;138;137;145;172;156;145;99;72;59;35;19
556;10936;St.Gallen Stadt Burgstr. 59;12.11.2018;Montag;1;12;9;5;7;18;54;107;157;162;156;190;217;185;210;211;212;280;370;191;147;100;84;36;33
557;10936;St.Gallen Stadt Burgstr. 59;12.11.2018;Montag;2;11;4;8;2;14;31;110;271;212;153;180;217;146;213;194;212;246;251;221;163;82;109;48;17
558;10936;St.Gallen Stadt Burgstr. 59;13.11.2018;Dienstag;1;8;4;3;9;17;62;103;145;167;169;168;232;183;182;202;211;306;337;205;145;113;91;72;31
559;10936;St.Gallen Stadt Burgstr. 59;13.11.2018;Dienstag;2;18;2;8;2;14;42;101;241;192;180;194;234;152;185;199;197;235;269;209;137;100;86;49;34
560;10936;St.Gallen Stadt Burgstr. 59;14.11.2018;Mittwoch;1;15;6;5;7;19;58;101;159;167;152;189;239;223;191;192;230;273;314;225;149;116;115;50;41
561;10936;St.Gallen Stadt Burgstr. 59;14.11.2018;Mittwoch;2;19;7;7;3;23;38;115;236;209;195;210;217;157;220;204;229;251;305;206;152;119;101;56;40
562;10936;St.Gallen Stadt Burgstr. 59;15.11.2018;Donnerstag;1;15;3;4;10;22;58;100;157;157;171;161;229;185;221;189;212;288;317;226;190;103;97;69;40
563;10936;St.Gallen Stadt Burgstr. 59;15.11.2018;Donnerstag;2;8;5;8;7;16;39;106;221;206;182;188;198;151;199;207;230;251;283;216;154;117;96;62;46
564;10936;St.Gallen Stadt Burgstr. 59;16.11.2018;Freitag;1;19;9;5;8;18;56;110;157;155;179;184;231;206;213;207;226;323;273;194;146;109;82;87;73
565;10936;St.Gallen Stadt Burgstr. 59;16.11.2018;Freitag;2;17;8;7;8;19;31;117;215;205;172;213;216;194;236;222;207;230;268;257;137;114;67;82;61
566;10936;St.Gallen Stadt Burgstr. 59;17.11.2018;Samstag;1;51;40;30;25;21;21;29;52;85;134;166;249;247;212;187;198;199;202;120;104;81;61;66;60
567;10936;St.Gallen Stadt Burgstr. 59;17.11.2018;Samstag;2;54;33;26;22;16;17;28;67;110;135;200;217;216;227;250;227;214;184;129;98;74;72;76;53
568;10936;St.Gallen Stadt Burgstr. 59;18.11.2018;Sonntag;1;47;37;28;21;15;18;15;17;30;64;79;100;113;109;144;114;132;153;112;88;96;53;43;25
569;10936;St.Gallen Stadt Burgstr. 59;18.11.2018;Sonntag;2;44;40;21;19;20;12;17;19;31;69;95;131;134;122;138;125;138;135;111;100;85;63;43;20
570;10936;St.Gallen Stadt Burgstr. 59;19.11.2018;Montag;1;14;0;3;9;21;51;112;156;159;152;175;221;184;216;209;214;307;332;208;144;87;99;50;24
571;10936;St.Gallen Stadt Burgstr. 59;19.11.2018;Montag;2;15;7;7;4;15;32;112;238;204;161;180;163;168;209;188;215;253;262;214;128;102;93;40;20
572;10936;St.Gallen Stadt Burgstr. 59;20.11.2018;Dienstag;1;20;4;6;6;27;61;112;159;168;162;183;234;167;192;185;198;313;323;230;142;108;93;62;32
573;10936;St.Gallen Stadt Burgstr. 59;20.11.2018;Dienstag;2;19;7;10;4;19;38;109;218;209;169;185;226;167;206;197;197;217;234;214;137;102;82;45;29
574;10936;St.Gallen Stadt Burgstr. 59;21.11.2018;Mittwoch;1;12;5;4;8;24;61;113;140;151;141;200;244;214;209;221;230;319;317;207;155;149;107;77;44
575;10936;St.Gallen Stadt Burgstr. 59;21.11.2018;Mittwoch;2;14;5;4;5;12;33;121;231;197;175;214;209;162;198;234;219;239;301;196;164;120;89;67;22
576;10936;St.Gallen Stadt Burgstr. 59;22.11.2018;Donnerstag;1;14;10;5;8;20;57;114;173;156;165;164;229;188;199;210;224;285;335;231;163;143;107;75;45
577;10936;St.Gallen Stadt Burgstr. 59;22.11.2018;Donnerstag;2;17;11;8;8;10;37;126;216;204;172;195;217;167;208;211;230;234;260;226;155;116;98;77;39
578;10936;St.Gallen Stadt Burgstr. 59;23.11.2018;Freitag;1;20;11;13;11;19;59;100;165;159;160;222;245;193;222;250;272;341;325;222;133;109;90;93;66
579;10936;St.Gallen Stadt Burgstr. 59;23.11.2018;Freitag;2;26;13;13;13;16;36;101;232;186;202;203;223;173;256;224;247;265;294;239;217;197;116;108;82
580;10936;St.Gallen Stadt Burgstr. 59;24.11.2018;Samstag;1;56;39;19;22;16;26;30;49;104;133;178;217;258;199;231;239;190;202;141;111;93;79;72;68
581;10936;St.Gallen Stadt Burgstr. 59;24.11.2018;Samstag;2;48;33;22;7;12;22;34;64;115;185;174;221;222;231;262;252;216;194;126;131;66;77;57;64
582;10936;St.Gallen Stadt Burgstr. 59;25.11.2018;Sonntag;1;66;56;21;29;14;21;16;13;22;43;94;133;121;128;114;118;122;122;90;95;106;59;38;22
583;10936;St.Gallen Stadt Burgstr. 59;25.11.2018;Sonntag;2;45;39;25;20;16;14;23;23;40;50;96;120;113;145;124;131;164;141;92;95;82;54;56;19
584;10936;St.Gallen Stadt Burgstr. 59;26.11.2018;Montag;1;16;6;7;10;16;62;122;166;161;169;172;250;199;185;203;205;282;336;206;148;123;94;57;26
585;10936;St.Gallen Stadt Burgstr. 59;26.11.2018;Montag;2;22;7;5;4;16;37;112;229;194;170;172;202;180;204;196;224;222;276;206;158;101;76;56;20
586;10936;St.Gallen Stadt Burgstr. 59;27.11.2018;Dienstag;1;11;3;4;8;16;62;116;176;157;185;187;252;173;193;205;229;291;334;195;149;89;82;54;38
587;10936;St.Gallen Stadt Burgstr. 59;27.11.2018;Dienstag;2;15;7;7;8;11;39;111;223;188;181;182;209;163;192;198;228;241;277;193;145;123;93;55;33
588;10936;St.Gallen Stadt Burgstr. 59;28.11.2018;Mittwoch;1;10;6;6;8;18;71;104;139;173;138;185;227;194;225;257;236;316;288;224;166;128;96;61;39
589;10936;St.Gallen Stadt Burgstr. 59;28.11.2018;Mittwoch;2;18;7;8;2;20;40;101;239;208;163;201;207;158;213;239;254;243;287;242;134;121;102;66;29
590;10936;St.Gallen Stadt Burgstr. 59;29.11.2018;Donnerstag;1;21;8;9;9;19;61;126;155;157;170;175;241;203;226;202;223;279;313;216;168;155;132;93;59
591;10936;St.Gallen Stadt Burgstr. 59;29.11.2018;Donnerstag;2;19;5;9;5;19;40;102;230;201;165;214;219;185;187;226;233;242;281;244;165;135;102;83;39
592;10936;St.Gallen Stadt Burgstr. 59;30.11.2018;Freitag;1;25;18;7;9;17;56;118;149;166;176;210;264;217;220;221;237;325;254;176;162;139;69;78;89
593;10936;St.Gallen Stadt Burgstr. 59;30.11.2018;Freitag;2;24;22;11;9;14;34;112;213;211;195;222;230;208;229;208;236;257;286;275;133;94;99;93;67
594;10936;St.Gallen Stadt Burgstr. 59;01.12.2018;Samstag;1;58;25;23;23;20;29;24;37;80;132;193;274;222;238;248;239;233;197;132;136;90;91;84;69
595;10936;St.Gallen Stadt Burgstr. 59;01.12.2018;Samstag;2;59;52;20;13;21;22;37;60;112;154;204;228;237;267;248;244;225;183;153;126;100;87;89;76
596;10936;St.Gallen Stadt Burgstr. 59;02.12.2018;Sonntag;1;61;38;28;30;18;16;15;23;38;71;72;111;103;99;114;133;166;147;133;115;84;63;35;23
597;10936;St.Gallen Stadt Burgstr. 59;02.12.2018;Sonntag;2;47;35;18;24;17;16;20;14;34;73;104;107;111;129;141;142;152;138;113;106;78;62;39;18
598;10936;St.Gallen Stadt Burgstr. 59;03.12.2018;Montag;1;12;10;5;8;20;61;113;167;171;157;172;206;200;185;234;211;268;329;230;165;123;111;50;30
599;10936;St.Gallen Stadt Burgstr. 59;03.12.2018;Montag;2;15;5;7;7;15;31;106;220;213;184;186;197;200;215;225;183;249;261;223;140;120;130;46;23
600;10936;St.Gallen Stadt Burgstr. 59;04.12.2018;Dienstag;1;17;7;6;8;20;63;104;160;148;162;173;218;185;205;206;206;285;325;251;147;103;98;72;33
601;10936;St.Gallen Stadt Burgstr. 59;04.12.2018;Dienstag;2;13;13;7;5;14;39;112;226;211;194;198;214;154;233;196;227;258;280;211;162;99;89;61;28
602;10936;St.Gallen Stadt Burgstr. 59;05.12.2018;Mittwoch;1;16;9;7;13;18;63;126;164;139;165;180;254;214;239;218;246;301;309;250;160;108;107;87;30
603;10936;St.Gallen Stadt Burgstr. 59;05.12.2018;Mittwoch;2;24;6;10;6;15;37;100;218;202;183;187;232;204;243;240;247;245;294;258;169;105;96;67;32
604;10936;St.Gallen Stadt Burgstr. 59;06.12.2018;Donnerstag;1;25;7;10;11;22;63;114;178;154;147;204;229;169;197;196;239;279;322;236;184;134;101;78;48
605;10936;St.Gallen Stadt Burgstr. 59;06.12.2018;Donnerstag;2;22;10;10;5;12;44;98;220;208;166;198;200;162;207;210;218;263;305;244;187;111;90;65;37
606;10936;St.Gallen Stadt Burgstr. 59;07.12.2018;Freitag;1;24;12;10;15;21;58;114;157;155;158;213;220;203;223;223;238;293;285;206;148;111;94;91;79
607;10936;St.Gallen Stadt Burgstr. 59;07.12.2018;Freitag;2;18;10;10;9;18;36;115;230;203;170;214;208;197;224;246;236;238;273;231;150;100;100;87;83
608;10936;St.Gallen Stadt Burgstr. 59;08.12.2018;Samstag;1;58;43;27;24;16;25;35;51;83;128;166;241;249;215;256;214;192;179;152;89;91;92;68;72
609;10936;St.Gallen Stadt Burgstr. 59;08.12.2018;Samstag;2;49;42;27;27;13;24;37;59;121;165;217;250;252;243;261;224;214;155;140;96;87;111;79;69
610;10936;St.Gallen Stadt Burgstr. 59;09.12.2018;Sonntag;1;34;46;36;28;20;21;15;16;28;58;81;109;115;111;126;125;151;149;179;115;75;70;45;27
611;10936;St.Gallen Stadt Burgstr. 59;09.12.2018;Sonntag;2;44;36;32;15;23;12;20;21;42;71;86;127;119;116;131;134;198;144;114;89;76;57;28;16
612;10936;St.Gallen Stadt Burgstr. 59;10.12.2018;Montag;1;11;2;4;10;21;57;123;168;161;159;190;208;195;187;216;227;300;315;226;137;101;97;62;30
613;10936;St.Gallen Stadt Burgstr. 59;10.12.2018;Montag;2;11;5;6;6;18;38;126;227;200;180;221;194;172;226;218;236;260;279;214;164;121;95;55;28
614;10936;St.Gallen Stadt Burgstr. 59;11.12.2018;Dienstag;1;18;10;9;9;26;55;118;136;156;145;194;212;194;201;226;218;268;311;214;145;121;93;71;39
615;10936;St.Gallen Stadt Burgstr. 59;11.12.2018;Dienstag;2;16;8;9;6;18;39;102;211;182;185;172;218;176;238;202;221;241;285;217;139;99;76;52;24
616;10936;St.Gallen Stadt Burgstr. 59;12.12.2018;Mittwoch;1;14;6;3;5;27;59;116;132;141;164;166;247;195;211;256;237;297;311;216;165;127;93;66;44
617;10936;St.Gallen Stadt Burgstr. 59;12.12.2018;Mittwoch;2;20;6;8;4;21;41;93;219;195;180;229;221;197;247;246;217;259;279;200;143;121;96;59;29
618;10936;St.Gallen Stadt Burgstr. 59;13.12.2018;Donnerstag;1;14;8;5;7;28;61;136;150;155;138;194;205;203;208;179;259;278;285;229;164;123;121;75;57
619;10936;St.Gallen Stadt Burgstr. 59;13.12.2018;Donnerstag;2;12;9;9;8;17;43;94;230;214;161;208;236;181;233;218;239;253;340;271;148;96;106;58;40
620;10936;St.Gallen Stadt Burgstr. 59;14.12.2018;Freitag;1;23;10;11;11;33;65;108;131;175;153;181;251;206;210;262;274;315;252;205;127;122;99;109;70
621;10936;St.Gallen Stadt Burgstr. 59;14.12.2018;Freitag;2;19;16;11;4;24;39;97;204;203;184;229;216;196;217;265;246;261;301;229;144;121;104;89;68
622;10936;St.Gallen Stadt Burgstr. 59;15.12.2018;Samstag;1;62;43;30;26;20;52;38;36;89;136;184;242;204;229;229;229;247;242;145;124;75;86;84;67
623;10936;St.Gallen Stadt Burgstr. 59;15.12.2018;Samstag;2;57;55;25;25;27;28;40;61;121;169;210;239;250;239;273;237;240;179;132;108;82;87;87;75
624;10936;St.Gallen Stadt Burgstr. 59;16.12.2018;Sonntag;1;53;39;21;20;16;13;22;20;28;50;94;107;126;136;174;195;163;189;125;101;79;57;37;25
625;10936;St.Gallen Stadt Burgstr. 59;16.12.2018;Sonntag;2;52;47;26;16;22;29;22;21;28;60;100;140;135;160;191;164;174;151;117;113;87;53;45;18
626;10936;St.Gallen Stadt Burgstr. 59;17.12.2018;Montag;1;10;10;6;10;22;61;116;163;162;159;185;231;194;206;205;227;285;299;203;155;112;96;66;42
627;10936;St.Gallen Stadt Burgstr. 59;17.12.2018;Montag;2;18;7;6;4;20;46;86;218;234;167;215;208;169;214;218;228;200;256;224;148;116;94;40;29
628;10936;St.Gallen Stadt Burgstr. 59;18.12.2018;Dienstag;1;16;9;3;11;24;64;108;170;168;174;203;235;209;186;221;244;284;313;220;150;126;94;65;38
629;10936;St.Gallen Stadt Burgstr. 59;18.12.2018;Dienstag;2;14;8;12;3;16;44;75;239;212;159;225;226;176;211;246;206;224;278;231;147;112;92;51;24
630;10936;St.Gallen Stadt Burgstr. 59;19.12.2018;Mittwoch;1;17;6;8;8;24;63;119;149;149;164;202;214;244;228;222;243;296;273;203;172;127;91;79;49
631;10936;St.Gallen Stadt Burgstr. 59;19.12.2018;Mittwoch;2;18;10;8;6;19;39;84;213;207;181;211;223;193;252;246;268;248;280;226;146;118;105;61;31
632;10936;St.Gallen Stadt Burgstr. 59;20.12.2018;Donnerstag;1;16;15;13;10;24;76;135;144;161;155;198;240;217;231;225;261;295;286;212;155;138;109;71;45
633;10936;St.Gallen Stadt Burgstr. 59;20.12.2018;Donnerstag;2;18;13;11;5;16;48;96;205;176;164;215;238;175;244;221;233;241;294;262;161;106;107;73;47
634;10936;St.Gallen Stadt Burgstr. 59;21.12.2018;Freitag;1;23;18;11;11;31;77;108;140;167;180;237;271;203;268;262;301;306;261;203;149;117;85;81;71
635;10936;St.Gallen Stadt Burgstr. 59;21.12.2018;Freitag;2;24;18;11;4;17;50;82;180;191;193;217;267;209;240;264;225;263;242;209;148;106;79;71;62
636;10936;St.Gallen Stadt Burgstr. 59;22.12.2018;Samstag;1;50;39;29;28;28;42;25;39;73;140;187;208;200;202;219;204;186;152;135;90;80;67;58;55
637;10936;St.Gallen Stadt Burgstr. 59;22.12.2018;Samstag;2;49;37;22;20;24;24;28;51;83;162;213;236;223;238;212;236;176;145;104;110;87;78;61;53
638;10936;St.Gallen Stadt Burgstr. 59;23.12.2018;Sonntag;1;49;30;27;13;12;22;17;17;29;61;93;126;117;133;137;164;130;157;105;78;69;67;38;31
639;10936;St.Gallen Stadt Burgstr. 59;23.12.2018;Sonntag;2;37;27;29;23;12;15;15;14;37;64;97;132;146;159;176;182;174;130;102;115;62;56;50;30
640;10936;St.Gallen Stadt Burgstr. 59;24.12.2018;Montag;1;29;10;14;16;23;50;39;67;96;164;186;225;261;209;218;176;217;144;78;57;47;50;83;76
641;10936;St.Gallen Stadt Burgstr. 59;24.12.2018;Montag;2;23;12;12;15;12;24;37;88;123;156;229;228;231;208;219;182;215;132;84;50;56;79;76;69
642;10936;St.Gallen Stadt Burgstr. 59;25.12.2018;Dienstag;1;61;31;18;11;7;5;9;12;18;38;51;76;102;90;124;128;144;110;96;76;64;76;65;58
643;10936;St.Gallen Stadt Burgstr. 59;25.12.2018;Dienstag;2;50;38;19;9;4;3;17;19;30;32;62;88;86;102;110;115;126;124;87;67;70;63;81;58
644;10936;St.Gallen Stadt Burgstr. 59;26.12.2018;Mittwoch;1;41;21;13;6;8;14;13;12;20;46;56;89;92;107;143;146;141;145;99;104;87;77;61;41
645;10936;St.Gallen Stadt Burgstr. 59;26.12.2018;Mittwoch;2;30;24;8;8;10;13;21;22;30;53;62;113;106;120;154;141;142;114;107;75;83;71;53;33
646;10936;St.Gallen Stadt Burgstr. 59;27.12.2018;Donnerstag;1;26;11;9;8;24;27;65;66;90;99;163;183;169;164;215;248;259;220;170;120;95;60;58;24
647;10936;St.Gallen Stadt Burgstr. 59;27.12.2018;Donnerstag;2;19;16;15;6;9;27;30;103;88;131;140;201;179;172;228;240;212;202;146;139;90;58;54;36
648;10936;St.Gallen Stadt Burgstr. 59;28.12.2018;Freitag;1;24;10;14;9;22;47;46;82;79;116;163;183;187;191;221;244;260;221;166;121;101;71;56;54
649;10936;St.Gallen Stadt Burgstr. 59;28.12.2018;Freitag;2;20;9;17;10;6;26;45;85;89;125;162;213;163;225;243;205;229;179;181;128;87;70;43;41
650;10936;St.Gallen Stadt Burgstr. 59;29.12.2018;Samstag;1;32;33;13;12;19;26;27;24;60;83;146;172;173;172;206;205;195;179;111;109;90;80;66;51
651;10936;St.Gallen Stadt Burgstr. 59;29.12.2018;Samstag;2;30;32;30;12;11;17;37;47;62;101;164;179;171;193;236;215;196;133;101;85;73;57;50;50
652;10936;St.Gallen Stadt Burgstr. 59;30.12.2018;Sonntag;1;40;27;27;21;13;12;19;9;23;43;54;73;99;92;100;127;137;138;132;89;81;81;52;43
653;10936;St.Gallen Stadt Burgstr. 59;30.12.2018;Sonntag;2;34;30;14;17;19;11;13;19;28;43;69;77;94;111;108;134;125;109;104;98;83;66;52;35
654;10936;St.Gallen Stadt Burgstr. 59;31.12.2018;Montag;1;22;10;16;11;19;48;33;54;80;128;154;187;201;208;224;212;155;126;101;102;49;44;53;57
655;10936;St.Gallen Stadt Burgstr. 59;31.12.2018;Montag;2;21;12;13;8;11;29;29;66;102;124;187;209;226;219;237;214;169;130;117;94;71;63;52;65
