LNR;ORT-ID;BEZEICHNUNG;DATUM;WOCHENTAG;RI;1;2;3;4;5;6;7;8;9;10;11;12;13;14;15;16;17;18;19;20;21;22;23;24
0;10931;St.Gallen Stadt St.Jakob-Str.5;01.01.2018;Montag;1;137;180;157;101;81;89;67;37;42;60;121;115;155;194;188;206;210;199;174;150;131;109;73;57
1;10931;St.Gallen Stadt St.Jakob-Str.5;01.01.2018;Montag;2;4;9;5;3;3;0;0;0;0;0;6;1;4;12;6;11;13;1;8;5;3;6;3;0
2;10931;St.Gallen Stadt St.Jakob-Str.5;02.01.2018;Dienstag;1;30;20;14;30;16;27;56;121;158;222;251;281;252;325;361;316;306;284;209;178;114;89;70;54
3;10931;St.Gallen Stadt St.Jakob-Str.5;02.01.2018;Dienstag;2;1;1;0;2;0;0;1;7;8;8;10;12;11;15;17;14;22;9;8;7;7;4;2;0
4;10931;St.Gallen Stadt St.Jakob-Str.5;03.01.2018;Mittwoch;1;35;18;20;25;23;50;147;240;264;257;274;291;253;330;333;301;314;292;246;179;151;122;83;42
5;10931;St.Gallen Stadt St.Jakob-Str.5;03.01.2018;Mittwoch;2;1;2;1;0;0;1;1;10;4;14;12;12;4;22;16;21;13;17;12;11;2;2;2;7
6;10931;St.Gallen Stadt St.Jakob-Str.5;04.01.2018;Donnerstag;1;41;34;30;24;28;58;152;258;254;244;294;279;266;343;331;344;322;334;290;238;182;123;117;80
7;10931;St.Gallen Stadt St.Jakob-Str.5;04.01.2018;Donnerstag;2;1;1;3;2;0;0;5;6;14;9;21;13;12;12;27;14;17;17;17;7;3;2;1;2
8;10931;St.Gallen Stadt St.Jakob-Str.5;05.01.2018;Freitag;1;56;32;36;34;28;58;144;249;294;295;321;331;277;391;399;357;334;357;301;221;190;155;138;122
9;10931;St.Gallen Stadt St.Jakob-Str.5;05.01.2018;Freitag;2;0;1;2;0;0;1;5;6;15;8;20;21;16;16;14;17;34;20;19;15;7;4;8;8
10;10931;St.Gallen Stadt St.Jakob-Str.5;06.01.2018;Samstag;1;111;82;82;69;53;37;45;103;159;246;347;336;343;333;335;370;314;248;221;187;167;161;177;152
11;10931;St.Gallen Stadt St.Jakob-Str.5;06.01.2018;Samstag;2;4;0;1;3;1;0;1;2;6;11;24;13;17;18;9;21;10;10;8;13;5;9;5;3
12;10931;St.Gallen Stadt St.Jakob-Str.5;07.01.2018;Sonntag;1;138;106;80;70;54;30;36;39;52;133;176;219;187;233;214;252;256;210;177;175;150;83;78;54
13;10931;St.Gallen Stadt St.Jakob-Str.5;07.01.2018;Sonntag;2;2;4;3;3;1;0;0;1;0;4;5;7;3;12;7;5;6;9;5;7;4;3;0;2
14;10931;St.Gallen Stadt St.Jakob-Str.5;08.01.2018;Montag;1;21;17;22;21;25;70;207;370;306;277;304;239;247;420;366;342;339;357;254;216;128;114;86;52
15;10931;St.Gallen Stadt St.Jakob-Str.5;08.01.2018;Montag;2;1;0;2;1;0;1;1;17;13;8;14;14;11;20;11;19;15;18;10;6;6;2;4;3
16;10931;St.Gallen Stadt St.Jakob-Str.5;09.01.2018;Dienstag;1;35;11;19;20;14;65;208;377;329;318;313;312;248;375;322;342;336;371;307;205;199;168;109;63
17;10931;St.Gallen Stadt St.Jakob-Str.5;09.01.2018;Dienstag;2;1;1;0;0;1;0;5;7;6;9;20;12;12;15;19;19;19;28;16;11;5;5;7;6
18;10931;St.Gallen Stadt St.Jakob-Str.5;10.01.2018;Mittwoch;1;35;12;24;24;20;62;219;347;322;303;298;301;227;387;377;286;358;435;331;240;167;172;93;70
19;10931;St.Gallen Stadt St.Jakob-Str.5;10.01.2018;Mittwoch;2;3;2;2;0;1;0;1;9;12;15;20;16;11;17;17;17;20;25;12;6;4;7;6;0
20;10931;St.Gallen Stadt St.Jakob-Str.5;11.01.2018;Donnerstag;1;29;27;25;29;26;67;209;343;331;306;312;299;255;379;318;324;330;417;331;266;173;147;118;69
21;10931;St.Gallen Stadt St.Jakob-Str.5;11.01.2018;Donnerstag;2;1;0;0;1;0;1;4;6;16;11;13;10;8;14;17;14;19;18;16;12;4;4;4;1
22;10931;St.Gallen Stadt St.Jakob-Str.5;12.01.2018;Freitag;1;49;28;34;28;26;64;187;345;328;280;324;329;372;387;321;371;405;367;349;265;199;192;176;154
23;10931;St.Gallen Stadt St.Jakob-Str.5;12.01.2018;Freitag;2;2;0;0;0;0;0;3;11;10;17;13;23;13;20;22;19;23;26;19;8;3;10;8;4
24;10931;St.Gallen Stadt St.Jakob-Str.5;13.01.2018;Samstag;1;112;84;81;69;60;45;76;129;215;275;313;360;370;333;359;354;314;272;250;230;161;153;181;149
25;10931;St.Gallen Stadt St.Jakob-Str.5;13.01.2018;Samstag;2;5;5;1;0;1;1;1;8;11;7;15;19;8;13;16;11;11;13;11;8;6;1;12;6
26;10931;St.Gallen Stadt St.Jakob-Str.5;14.01.2018;Sonntag;1;153;112;83;87;77;42;46;36;66;151;179;214;230;274;232;248;238;223;187;213;142;129;83;31
27;10931;St.Gallen Stadt St.Jakob-Str.5;14.01.2018;Sonntag;2;5;4;1;1;0;0;0;2;1;2;3;14;10;17;7;11;3;7;5;10;0;5;2;2
28;10931;St.Gallen Stadt St.Jakob-Str.5;15.01.2018;Montag;1;18;19;27;27;31;68;213;382;311;275;317;262;290;399;341;322;347;399;296;228;168;120;87;33
29;10931;St.Gallen Stadt St.Jakob-Str.5;15.01.2018;Montag;2;2;0;1;0;0;0;1;13;3;12;14;13;10;20;10;12;18;25;16;9;3;5;3;1
30;10931;St.Gallen Stadt St.Jakob-Str.5;16.01.2018;Dienstag;1;26;19;11;18;22;68;225;373;329;305;280;291;252;346;354;313;352;371;340;254;167;129;96;53
31;10931;St.Gallen Stadt St.Jakob-Str.5;16.01.2018;Dienstag;2;0;1;0;0;0;0;3;13;4;9;18;18;11;13;13;13;22;22;17;11;4;4;5;3
32;10931;St.Gallen Stadt St.Jakob-Str.5;17.01.2018;Mittwoch;1;28;19;20;23;25;71;219;378;318;276;284;299;270;398;335;349;329;379;322;235;162;142;83;63
33;10931;St.Gallen Stadt St.Jakob-Str.5;17.01.2018;Mittwoch;2;1;0;1;3;0;0;3;9;19;18;14;32;9;15;12;25;19;21;11;9;2;7;3;2
34;10931;St.Gallen Stadt St.Jakob-Str.5;18.01.2018;Donnerstag;1;27;20;12;19;29;75;213;345;337;303;286;289;272;341;326;329;350;418;408;285;220;175;117;64
35;10931;St.Gallen Stadt St.Jakob-Str.5;18.01.2018;Donnerstag;2;2;0;0;1;0;0;4;9;20;12;14;16;10;21;11;11;15;30;16;11;6;5;2;5
36;10931;St.Gallen Stadt St.Jakob-Str.5;19.01.2018;Freitag;1;44;28;22;25;25;69;188;339;331;345;321;347;268;384;374;336;381;407;333;272;208;187;145;142
37;10931;St.Gallen Stadt St.Jakob-Str.5;19.01.2018;Freitag;2;3;2;3;0;0;0;8;14;19;8;16;20;18;21;28;12;30;32;13;7;5;4;3;5
38;10931;St.Gallen Stadt St.Jakob-Str.5;20.01.2018;Samstag;1;110;85;87;70;62;40;67;115;225;292;340;361;359;386;379;353;311;336;246;218;163;158;164;158
39;10931;St.Gallen Stadt St.Jakob-Str.5;20.01.2018;Samstag;2;6;2;3;0;0;0;2;2;6;14;21;26;21;34;18;19;16;21;14;18;6;8;15;6
40;10931;St.Gallen Stadt St.Jakob-Str.5;21.01.2018;Sonntag;1;131;107;71;84;66;42;44;38;59;144;185;211;225;257;353;284;284;297;232;193;159;122;72;37
41;10931;St.Gallen Stadt St.Jakob-Str.5;21.01.2018;Sonntag;2;8;3;4;0;0;0;1;2;3;9;21;20;22;127;17;20;25;12;9;8;2;3;5;2
42;10931;St.Gallen Stadt St.Jakob-Str.5;22.01.2018;Montag;1;38;11;9;22;24;66;250;395;324;250;265;262;244;390;337;289;327;383;282;202;155;121;80;64
43;10931;St.Gallen Stadt St.Jakob-Str.5;22.01.2018;Montag;2;1;0;1;2;1;0;8;10;12;9;13;11;8;14;17;19;19;24;12;7;5;4;3;2
44;10931;St.Gallen Stadt St.Jakob-Str.5;23.01.2018;Dienstag;1;27;12;13;24;17;74;212;344;350;323;306;293;254;407;320;324;337;433;329;223;156;142;84;63
45;10931;St.Gallen Stadt St.Jakob-Str.5;23.01.2018;Dienstag;2;0;0;1;1;0;0;3;13;17;12;13;19;14;13;16;13;21;22;18;9;5;2;7;0
46;10931;St.Gallen Stadt St.Jakob-Str.5;24.01.2018;Mittwoch;1;25;17;12;16;18;72;213;392;383;306;315;296;265;396;369;335;333;435;331;232;175;148;94;58
47;10931;St.Gallen Stadt St.Jakob-Str.5;24.01.2018;Mittwoch;2;2;2;0;0;0;1;3;14;14;11;9;22;13;20;20;21;16;21;16;12;5;7;6;2
48;10931;St.Gallen Stadt St.Jakob-Str.5;25.01.2018;Donnerstag;1;43;21;23;27;33;74;207;364;327;318;311;276;280;355;357;371;362;443;365;309;190;194;146;69
49;10931;St.Gallen Stadt St.Jakob-Str.5;25.01.2018;Donnerstag;2;2;0;1;2;0;1;5;9;13;14;14;18;16;7;19;22;19;22;16;16;6;9;5;1
50;10931;St.Gallen Stadt St.Jakob-Str.5;26.01.2018;Freitag;1;43;33;27;36;30;82;205;352;372;336;329;328;286;398;397;380;363;345;315;260;194;173;156;145
51;10931;St.Gallen Stadt St.Jakob-Str.5;26.01.2018;Freitag;2;1;1;0;1;0;0;5;12;13;18;8;21;16;18;22;17;16;25;11;11;12;7;9;5
52;10931;St.Gallen Stadt St.Jakob-Str.5;27.01.2018;Samstag;1;112;99;69;78;53;41;60;124;203;284;347;366;308;386;390;325;306;276;229;205;196;158;184;155
53;10931;St.Gallen Stadt St.Jakob-Str.5;27.01.2018;Samstag;2;2;6;3;1;1;0;1;3;9;9;15;13;17;13;23;17;16;11;12;25;3;10;6;9
54;10931;St.Gallen Stadt St.Jakob-Str.5;28.01.2018;Sonntag;1;127;101;75;92;83;43;46;48;56;140;150;181;173;212;224;248;253;236;206;221;139;99;80;47
55;10931;St.Gallen Stadt St.Jakob-Str.5;28.01.2018;Sonntag;2;4;4;1;0;2;2;0;0;4;4;3;8;4;5;4;7;9;4;6;9;2;3;3;3
56;10931;St.Gallen Stadt St.Jakob-Str.5;29.01.2018;Montag;1;30;18;26;16;20;65;202;327;289;270;277;270;287;366;317;325;326;320;254;203;146;123;70;44
57;10931;St.Gallen Stadt St.Jakob-Str.5;29.01.2018;Montag;2;0;0;1;1;0;1;3;11;10;12;8;15;12;17;13;15;15;21;18;12;7;7;3;5
58;10931;St.Gallen Stadt St.Jakob-Str.5;30.01.2018;Dienstag;1;26;16;16;20;19;75;194;339;267;324;436;467;261;386;327;337;348;389;290;224;132;138;86;60
59;10931;St.Gallen Stadt St.Jakob-Str.5;30.01.2018;Dienstag;2;1;0;0;2;0;1;4;11;7;14;14;14;18;11;17;6;16;16;12;7;6;9;3;2
60;10931;St.Gallen Stadt St.Jakob-Str.5;31.01.2018;Mittwoch;1;38;38;32;33;32;78;213;308;286;266;287;259;279;351;348;322;309;408;306;235;146;140;101;48
61;10931;St.Gallen Stadt St.Jakob-Str.5;31.01.2018;Mittwoch;2;1;0;0;1;0;2;1;11;8;15;8;15;21;14;25;10;23;17;17;12;1;7;1;2
62;10931;St.Gallen Stadt St.Jakob-Str.5;01.02.2018;Donnerstag;1;36;19;20;24;21;73;195;290;314;289;272;262;226;341;338;318;337;442;304;244;191;139;114;71
63;10931;St.Gallen Stadt St.Jakob-Str.5;01.02.2018;Donnerstag;2;1;0;0;1;0;0;5;7;10;10;8;15;10;10;10;11;15;19;16;1;6;4;1;0
64;10931;St.Gallen Stadt St.Jakob-Str.5;02.02.2018;Freitag;1;39;30;27;28;33;77;178;320;282;301;303;315;261;353;360;307;338;340;333;227;188;188;160;129
65;10931;St.Gallen Stadt St.Jakob-Str.5;02.02.2018;Freitag;2;0;1;0;0;0;3;3;7;9;7;18;20;7;9;16;10;17;12;15;12;5;8;7;6
66;10931;St.Gallen Stadt St.Jakob-Str.5;03.02.2018;Samstag;1;102;106;56;66;49;36;51;89;186;291;348;343;342;386;417;347;281;262;228;204;163;163;181;153
67;10931;St.Gallen Stadt St.Jakob-Str.5;03.02.2018;Samstag;2;4;1;2;0;1;0;0;1;3;7;11;17;16;2;15;23;8;9;7;4;3;3;7;11
68;10931;St.Gallen Stadt St.Jakob-Str.5;04.02.2018;Sonntag;1;115;100;95;83;78;45;44;35;58;133;172;215;222;224;239;246;283;249;234;198;165;105;64;55
69;10931;St.Gallen Stadt St.Jakob-Str.5;04.02.2018;Sonntag;2;4;6;2;1;0;1;1;0;1;3;6;7;4;7;7;6;6;6;6;5;3;3;3;2
70;10931;St.Gallen Stadt St.Jakob-Str.5;05.02.2018;Montag;1;15;22;18;26;35;66;216;384;349;269;295;272;223;411;352;334;341;392;314;220;139;114;92;37
71;10931;St.Gallen Stadt St.Jakob-Str.5;05.02.2018;Montag;2;0;1;1;1;1;0;5;9;17;24;11;20;16;12;15;17;17;27;13;5;2;8;0;2
72;10931;St.Gallen Stadt St.Jakob-Str.5;06.02.2018;Dienstag;1;30;14;18;17;22;69;219;411;318;312;310;313;270;404;385;345;345;376;316;232;161;161;86;60
73;10931;St.Gallen Stadt St.Jakob-Str.5;06.02.2018;Dienstag;2;2;0;0;1;0;1;1;10;12;12;16;17;13;11;22;18;21;21;16;17;6;4;4;4
74;10931;St.Gallen Stadt St.Jakob-Str.5;07.02.2018;Mittwoch;1;27;19;13;25;25;57;216;366;352;326;329;295;280;382;353;351;313;407;323;276;167;143;119;57
75;10931;St.Gallen Stadt St.Jakob-Str.5;07.02.2018;Mittwoch;2;2;2;1;0;0;0;3;9;15;9;14;20;20;24;12;14;17;19;13;11;10;8;6;2
76;10931;St.Gallen Stadt St.Jakob-Str.5;08.02.2018;Donnerstag;1;40;27;19;24;35;87;222;341;349;331;248;286;230;337;335;283;347;418;352;246;192;163;123;83
77;10931;St.Gallen Stadt St.Jakob-Str.5;08.02.2018;Donnerstag;2;2;1;0;2;0;2;7;8;9;11;15;9;14;7;15;23;11;22;19;12;6;9;4;0
78;10931;St.Gallen Stadt St.Jakob-Str.5;09.02.2018;Freitag;1;60;37;33;27;29;79;189;346;356;329;315;306;304;376;379;354;366;372;351;265;185;156;168;122
79;10931;St.Gallen Stadt St.Jakob-Str.5;09.02.2018;Freitag;2;4;0;1;0;0;0;3;9;12;21;17;24;14;20;19;17;21;15;15;7;5;8;5;5
80;10931;St.Gallen Stadt St.Jakob-Str.5;10.02.2018;Samstag;1;107;88;81;71;55;38;68;125;217;294;345;362;378;345;373;343;328;284;241;211;171;160;180;159
81;10931;St.Gallen Stadt St.Jakob-Str.5;10.02.2018;Samstag;2;3;6;2;2;0;0;0;3;10;11;15;14;11;13;15;11;15;7;9;13;7;5;8;8
82;10931;St.Gallen Stadt St.Jakob-Str.5;11.02.2018;Sonntag;1;157;93;99;86;71;44;38;47;68;129;192;230;225;314;317;227;257;215;192;184;141;93;82;41
83;10931;St.Gallen Stadt St.Jakob-Str.5;11.02.2018;Sonntag;2;11;2;3;0;3;1;0;4;4;1;9;8;9;14;10;12;9;7;7;3;2;1;2;0
84;10931;St.Gallen Stadt St.Jakob-Str.5;12.02.2018;Montag;1;20;14;12;15;21;72;201;387;365;275;267;294;246;377;286;298;325;403;215;221;164;109;99;42
85;10931;St.Gallen Stadt St.Jakob-Str.5;12.02.2018;Montag;2;0;0;0;0;3;0;5;10;9;12;11;25;9;13;11;13;18;20;13;9;5;6;4;1
86;10931;St.Gallen Stadt St.Jakob-Str.5;13.02.2018;Dienstag;1;25;15;14;22;33;80;220;368;394;302;309;316;256;353;343;339;315;394;323;236;180;151;111;50
87;10931;St.Gallen Stadt St.Jakob-Str.5;13.02.2018;Dienstag;2;0;0;1;1;6;2;2;9;15;9;6;14;6;9;11;16;12;20;15;11;5;6;1;1
88;10931;St.Gallen Stadt St.Jakob-Str.5;14.02.2018;Mittwoch;1;28;20;12;16;27;68;214;369;328;293;334;332;294;404;329;353;359;401;333;266;182;162;113;68
89;10931;St.Gallen Stadt St.Jakob-Str.5;14.02.2018;Mittwoch;2;0;0;1;0;1;1;2;7;8;17;9;21;10;9;18;13;19;18;12;5;4;3;4;0
90;10931;St.Gallen Stadt St.Jakob-Str.5;15.02.2018;Donnerstag;1;34;22;24;28;26;70;206;339;339;295;290;294;231;359;335;292;346;403;334;233;183;171;126;60
91;10931;St.Gallen Stadt St.Jakob-Str.5;15.02.2018;Donnerstag;2;1;3;1;0;0;1;1;11;11;12;11;23;11;13;15;17;18;18;19;13;7;8;3;4
92;10931;St.Gallen Stadt St.Jakob-Str.5;16.02.2018;Freitag;1;41;24;22;26;28;76;209;337;370;323;310;358;273;375;384;335;387;397;363;254;185;191;178;139
93;10931;St.Gallen Stadt St.Jakob-Str.5;16.02.2018;Freitag;2;2;0;3;0;0;0;4;10;9;13;16;24;11;20;19;19;33;13;13;11;9;4;4;7
94;10931;St.Gallen Stadt St.Jakob-Str.5;17.02.2018;Samstag;1;101;88;90;76;68;48;61;105;247;274;322;344;361;372;355;351;310;269;260;219;186;204;172;173
95;10931;St.Gallen Stadt St.Jakob-Str.5;17.02.2018;Samstag;2;2;8;3;3;0;1;2;3;14;17;13;10;12;10;21;17;14;9;26;15;6;9;8;10
96;10931;St.Gallen Stadt St.Jakob-Str.5;18.02.2018;Sonntag;1;139;101;94;82;76;56;42;70;92;134;169;180;188;225;207;236;259;262;209;205;164;109;73;39
97;10931;St.Gallen Stadt St.Jakob-Str.5;18.02.2018;Sonntag;2;5;4;2;1;1;0;4;2;5;1;8;9;10;4;1;7;7;4;10;10;4;1;2;0
98;10931;St.Gallen Stadt St.Jakob-Str.5;19.02.2018;Montag;1;22;11;14;15;24;77;214;373;315;278;298;260;249;352;358;322;331;404;358;249;147;113;96;46
99;10931;St.Gallen Stadt St.Jakob-Str.5;19.02.2018;Montag;2;1;1;0;1;1;1;1;17;9;12;6;20;18;18;16;23;21;31;15;10;5;9;3;1
100;10931;St.Gallen Stadt St.Jakob-Str.5;20.02.2018;Dienstag;1;24;15;13;27;18;78;211;348;341;311;294;312;264;348;382;332;362;408;502;290;170;125;124;46
101;10931;St.Gallen Stadt St.Jakob-Str.5;20.02.2018;Dienstag;2;0;2;0;0;0;0;5;14;15;9;14;21;13;16;19;19;13;21;19;12;3;5;1;3
102;10931;St.Gallen Stadt St.Jakob-Str.5;21.02.2018;Mittwoch;1;25;12;16;33;35;72;223;367;443;352;313;310;265;376;367;314;332;410;311;234;168;160;105;66
103;10931;St.Gallen Stadt St.Jakob-Str.5;21.02.2018;Mittwoch;2;0;1;1;0;0;2;1;13;12;24;12;16;12;16;15;12;26;13;13;13;7;8;4;3
104;10931;St.Gallen Stadt St.Jakob-Str.5;22.02.2018;Donnerstag;1;43;28;25;46;39;84;215;340;337;355;356;315;268;366;346;346;349;472;393;240;200;166;144;56
105;10931;St.Gallen Stadt St.Jakob-Str.5;22.02.2018;Donnerstag;2;3;1;3;2;0;0;3;9;21;41;35;36;18;17;22;25;17;34;24;9;6;4;6;1
106;10931;St.Gallen Stadt St.Jakob-Str.5;23.02.2018;Freitag;1;48;30;26;21;29;90;201;350;346;333;388;357;345;384;389;378;429;482;438;338;231;223;208;180
107;10931;St.Gallen Stadt St.Jakob-Str.5;23.02.2018;Freitag;2;2;2;0;1;1;1;7;9;25;33;42;53;32;33;31;29;28;15;23;27;26;28;16;14
108;10931;St.Gallen Stadt St.Jakob-Str.5;24.02.2018;Samstag;1;109;97;88;96;74;37;82;145;244;296;366;400;347;356;399;353;330;327;273;235;209;195;219;194
109;10931;St.Gallen Stadt St.Jakob-Str.5;24.02.2018;Samstag;2;5;3;0;1;2;2;1;6;24;34;27;34;22;29;26;20;11;21;14;22;8;10;11;9
110;10931;St.Gallen Stadt St.Jakob-Str.5;25.02.2018;Sonntag;1;141;115;110;96;89;52;51;61;83;159;242;272;206;259;273;289;323;291;233;216;163;99;78;50
111;10931;St.Gallen Stadt St.Jakob-Str.5;25.02.2018;Sonntag;2;3;3;2;3;0;0;0;1;14;27;48;50;24;21;11;18;25;15;7;10;7;3;2;2
112;10931;St.Gallen Stadt St.Jakob-Str.5;26.02.2018;Montag;1;25;15;18;21;38;65;208;388;335;257;304;318;272;414;403;323;395;401;286;227;160;120;81;49
113;10931;St.Gallen Stadt St.Jakob-Str.5;26.02.2018;Montag;2;1;0;0;0;1;2;5;13;11;19;15;13;17;16;20;23;21;25;13;8;5;5;4;1
114;10931;St.Gallen Stadt St.Jakob-Str.5;27.02.2018;Dienstag;1;23;19;11;17;27;72;214;375;341;300;295;294;243;378;361;339;382;402;330;246;168;153;94;74
115;10931;St.Gallen Stadt St.Jakob-Str.5;27.02.2018;Dienstag;2;1;0;0;1;0;1;5;8;13;13;10;11;19;17;12;17;22;20;15;13;5;2;2;4
116;10931;St.Gallen Stadt St.Jakob-Str.5;28.02.2018;Mittwoch;1;31;18;17;30;31;64;221;372;367;347;309;347;279;425;399;348;384;436;338;275;156;143;128;58
117;10931;St.Gallen Stadt St.Jakob-Str.5;28.02.2018;Mittwoch;2;2;0;0;2;0;1;3;11;16;14;20;20;9;20;27;13;29;23;12;10;5;10;9;0
118;10931;St.Gallen Stadt St.Jakob-Str.5;01.03.2018;Donnerstag;1;42;24;35;34;43;66;204;350;352;329;278;285;261;361;340;343;377;357;307;268;215;174;111;69
119;10931;St.Gallen Stadt St.Jakob-Str.5;01.03.2018;Donnerstag;2;2;2;0;1;0;2;0;7;8;19;9;18;14;22;24;26;16;20;15;16;11;5;8;3
120;10931;St.Gallen Stadt St.Jakob-Str.5;02.03.2018;Freitag;1;51;24;22;20;27;73;196;329;365;366;315;334;271;387;364;337;399;396;341;259;198;188;160;137
121;10931;St.Gallen Stadt St.Jakob-Str.5;02.03.2018;Freitag;2;1;1;0;1;1;1;3;13;12;12;19;14;17;18;24;9;14;19;9;4;4;11;8;4
122;10931;St.Gallen Stadt St.Jakob-Str.5;03.03.2018;Samstag;1;127;86;81;73;71;45;80;140;255;302;361;367;347;368;359;340;348;277;259;218;183;158;192;183
123;10931;St.Gallen Stadt St.Jakob-Str.5;03.03.2018;Samstag;2;0;2;1;3;1;0;1;3;10;11;11;17;17;7;17;21;11;18;15;14;9;12;11;6
124;10931;St.Gallen Stadt St.Jakob-Str.5;04.03.2018;Sonntag;1;143;138;90;101;89;40;50;51;102;168;236;269;237;262;277;294;298;271;254;238;184;92;79;44
125;10931;St.Gallen Stadt St.Jakob-Str.5;04.03.2018;Sonntag;2;6;0;4;4;0;0;0;3;1;2;9;13;8;15;13;9;13;9;8;8;2;4;4;3
126;10931;St.Gallen Stadt St.Jakob-Str.5;05.03.2018;Montag;1;32;18;16;20;26;64;211;400;350;311;317;268;278;384;387;317;326;371;292;243;144;116;96;44
127;10931;St.Gallen Stadt St.Jakob-Str.5;05.03.2018;Montag;2;3;0;1;0;0;1;2;6;8;18;19;18;12;14;12;11;9;24;11;10;9;3;0;1
128;10931;St.Gallen Stadt St.Jakob-Str.5;06.03.2018;Dienstag;1;32;17;20;18;28;76;242;369;360;311;370;304;255;351;355;303;368;413;306;267;201;158;108;51
129;10931;St.Gallen Stadt St.Jakob-Str.5;06.03.2018;Dienstag;2;1;0;1;0;0;0;2;16;11;19;15;23;10;13;13;13;21;39;17;10;7;4;8;4
130;10931;St.Gallen Stadt St.Jakob-Str.5;07.03.2018;Mittwoch;1;27;26;16;19;23;77;230;346;362;320;326;355;263;401;355;332;371;398;339;265;176;159;113;57
131;10931;St.Gallen Stadt St.Jakob-Str.5;07.03.2018;Mittwoch;2;2;0;0;1;0;0;2;7;14;19;21;17;19;19;21;10;19;24;22;6;4;8;7;4
132;10931;St.Gallen Stadt St.Jakob-Str.5;08.03.2018;Donnerstag;1;28;25;21;30;31;61;237;371;336;295;288;301;273;404;321;341;374;461;377;277;222;178;130;94
133;10931;St.Gallen Stadt St.Jakob-Str.5;08.03.2018;Donnerstag;2;2;1;1;0;0;1;3;19;17;18;11;15;11;20;12;24;35;23;16;8;3;9;4;0
134;10931;St.Gallen Stadt St.Jakob-Str.5;09.03.2018;Freitag;1;46;31;31;25;24;74;232;360;368;329;316;333;264;386;365;345;397;388;336;289;210;194;192;137
135;10931;St.Gallen Stadt St.Jakob-Str.5;09.03.2018;Freitag;2;1;4;0;2;0;1;6;11;17;14;16;21;15;17;15;18;12;28;17;14;8;6;14;2
136;10931;St.Gallen Stadt St.Jakob-Str.5;10.03.2018;Samstag;1;113;84;86;74;47;62;76;137;265;311;368;364;350;353;398;310;325;307;278;226;179;189;197;172
137;10931;St.Gallen Stadt St.Jakob-Str.5;10.03.2018;Samstag;2;4;1;2;2;0;1;0;6;19;22;17;20;9;17;21;15;8;28;17;13;11;10;13;11
138;10931;St.Gallen Stadt St.Jakob-Str.5;11.03.2018;Sonntag;1;120;127;97;88;77;42;39;66;85;158;190;236;234;231;234;275;280;273;199;189;143;118;80;55
139;10931;St.Gallen Stadt St.Jakob-Str.5;11.03.2018;Sonntag;2;6;2;2;3;0;0;2;2;2;4;6;8;3;5;7;13;19;5;7;4;5;4;3;0
140;10931;St.Gallen Stadt St.Jakob-Str.5;12.03.2018;Montag;1;35;16;21;22;22;79;209;415;365;280;301;307;256;415;336;364;381;405;305;205;154;134;88;47
141;10931;St.Gallen Stadt St.Jakob-Str.5;12.03.2018;Montag;2;1;0;0;3;0;0;4;24;16;18;13;16;11;20;16;14;21;25;8;12;10;6;3;1
142;10931;St.Gallen Stadt St.Jakob-Str.5;13.03.2018;Dienstag;1;37;10;21;18;25;75;224;412;361;318;307;311;264;372;326;353;365;380;352;234;185;157;102;68
143;10931;St.Gallen Stadt St.Jakob-Str.5;13.03.2018;Dienstag;2;0;0;0;1;0;1;4;14;14;18;10;21;12;12;16;23;21;15;18;20;1;4;2;2
144;10931;St.Gallen Stadt St.Jakob-Str.5;14.03.2018;Mittwoch;1;34;15;16;23;21;81;206;375;366;321;304;272;266;403;391;375;360;437;405;346;164;148;114;64
145;10931;St.Gallen Stadt St.Jakob-Str.5;14.03.2018;Mittwoch;2;1;0;2;1;1;0;2;12;13;10;6;15;13;18;30;17;20;16;23;18;6;5;5;1
146;10931;St.Gallen Stadt St.Jakob-Str.5;15.03.2018;Donnerstag;1;46;22;22;30;28;73;217;330;365;328;301;309;270;399;351;337;371;444;378;307;216;169;130;98
147;10931;St.Gallen Stadt St.Jakob-Str.5;15.03.2018;Donnerstag;2;3;0;0;1;0;0;5;9;22;20;19;17;16;16;22;12;17;22;25;17;7;4;6;2
148;10931;St.Gallen Stadt St.Jakob-Str.5;16.03.2018;Freitag;1;51;26;26;37;29;82;230;352;377;348;366;342;302;405;385;390;432;436;355;339;255;211;196;174
149;10931;St.Gallen Stadt St.Jakob-Str.5;16.03.2018;Freitag;2;1;1;2;0;2;0;8;13;22;33;26;28;15;20;24;18;23;28;20;15;8;6;8;8
150;10931;St.Gallen Stadt St.Jakob-Str.5;17.03.2018;Samstag;1;128;119;81;85;63;42;66;134;246;299;402;371;360;373;401;359;347;311;261;222;151;159;165;162
151;10931;St.Gallen Stadt St.Jakob-Str.5;17.03.2018;Samstag;2;2;4;0;3;2;2;0;6;8;20;28;18;25;19;19;23;18;14;12;10;4;8;8;4
152;10931;St.Gallen Stadt St.Jakob-Str.5;18.03.2018;Sonntag;1;123;96;90;101;86;45;36;53;97;164;166;211;228;284;249;253;266;257;232;194;162;119;67;48
153;10931;St.Gallen Stadt St.Jakob-Str.5;18.03.2018;Sonntag;2;5;3;2;1;0;0;1;2;3;2;8;6;4;10;10;9;10;9;7;4;5;7;1;1
154;10931;St.Gallen Stadt St.Jakob-Str.5;19.03.2018;Montag;1;27;14;14;21;31;77;232;380;323;286;307;302;239;379;378;318;318;373;284;229;161;111;80;64
155;10931;St.Gallen Stadt St.Jakob-Str.5;19.03.2018;Montag;2;2;1;0;0;0;1;5;15;10;15;4;11;12;20;11;13;20;19;16;6;1;2;3;1
156;10931;St.Gallen Stadt St.Jakob-Str.5;20.03.2018;Dienstag;1;23;12;10;23;35;74;247;396;366;322;309;322;241;357;338;328;371;392;313;249;153;163;116;50
157;10931;St.Gallen Stadt St.Jakob-Str.5;20.03.2018;Dienstag;2;2;0;0;4;2;3;2;11;8;14;21;30;9;18;17;17;14;27;14;7;5;7;4;2
158;10931;St.Gallen Stadt St.Jakob-Str.5;21.03.2018;Mittwoch;1;29;21;11;27;36;81;223;355;375;331;284;266;265;429;392;319;352;405;314;240;161;138;133;76
159;10931;St.Gallen Stadt St.Jakob-Str.5;21.03.2018;Mittwoch;2;0;2;0;0;0;2;2;11;8;9;14;16;18;20;23;10;24;23;14;8;6;7;6;1
160;10931;St.Gallen Stadt St.Jakob-Str.5;22.03.2018;Donnerstag;1;29;27;20;35;38;74;234;375;391;322;308;306;262;378;320;305;366;453;373;289;195;134;142;83
161;10931;St.Gallen Stadt St.Jakob-Str.5;22.03.2018;Donnerstag;2;0;1;0;0;0;1;4;12;13;14;12;22;19;17;13;13;14;32;16;16;9;6;5;2
162;10931;St.Gallen Stadt St.Jakob-Str.5;23.03.2018;Freitag;1;54;24;22;25;28;86;216;342;362;388;337;327;254;400;366;348;373;408;351;287;255;204;197;179
163;10931;St.Gallen Stadt St.Jakob-Str.5;23.03.2018;Freitag;2;2;0;1;0;0;0;5;12;12;18;21;19;13;23;23;23;27;14;27;24;16;16;13;5
164;10931;St.Gallen Stadt St.Jakob-Str.5;24.03.2018;Samstag;1;113;95;70;64;51;46;84;139;244;335;404;364;377;410;405;390;372;363;286;264;195;186;210;204
165;10931;St.Gallen Stadt St.Jakob-Str.5;24.03.2018;Samstag;2;8;0;5;2;2;0;1;7;19;11;16;11;15;17;16;25;17;18;19;21;18;11;8;3
166;10931;St.Gallen Stadt St.Jakob-Str.5;25.03.2018;Sonntag;1;142;95;109;114;88;75;57;49;80;143;195;242;235;281;317;319;313;310;277;266;211;140;86;50
167;10931;St.Gallen Stadt St.Jakob-Str.5;25.03.2018;Sonntag;2;8;2;1;2;3;3;0;3;3;2;7;12;10;23;14;13;12;10;7;8;6;6;3;2
168;10931;St.Gallen Stadt St.Jakob-Str.5;26.03.2018;Montag;1;38;11;18;20;38;66;204;396;352;316;307;295;274;425;369;319;388;410;299;231;173;146;97;59
169;10931;St.Gallen Stadt St.Jakob-Str.5;26.03.2018;Montag;2;1;1;0;1;1;0;5;12;12;11;18;20;8;20;23;13;20;15;13;8;4;4;2;1
170;10931;St.Gallen Stadt St.Jakob-Str.5;27.03.2018;Dienstag;1;18;11;12;24;19;73;222;353;341;341;300;324;276;389;363;354;350;444;348;268;183;134;115;62
171;10931;St.Gallen Stadt St.Jakob-Str.5;27.03.2018;Dienstag;2;2;4;0;0;0;1;4;7;17;14;12;16;14;17;14;14;11;32;22;18;3;5;4;3
172;10931;St.Gallen Stadt St.Jakob-Str.5;28.03.2018;Mittwoch;1;32;17;18;18;20;72;215;388;354;306;353;328;292;434;379;370;373;454;333;296;188;176;148;73
173;10931;St.Gallen Stadt St.Jakob-Str.5;28.03.2018;Mittwoch;2;2;1;0;0;0;0;5;12;16;16;13;23;13;22;30;26;19;32;25;10;7;7;9;1
174;10931;St.Gallen Stadt St.Jakob-Str.5;29.03.2018;Donnerstag;1;38;44;49;52;56;78;217;350;364;338;350;337;295;408;410;390;415;379;341;253;224;209;167;131
175;10931;St.Gallen Stadt St.Jakob-Str.5;29.03.2018;Donnerstag;2;5;0;1;0;0;1;7;14;13;20;23;23;10;16;19;23;19;22;23;13;9;5;10;8
176;10931;St.Gallen Stadt St.Jakob-Str.5;30.03.2018;Freitag;1;104;73;84;74;81;48;50;43;71;141;171;223;188;228;288;228;290;259;225;165;162;172;144;92
177;10931;St.Gallen Stadt St.Jakob-Str.5;30.03.2018;Freitag;2;5;4;1;1;0;0;1;4;4;3;6;10;6;5;2;11;12;8;10;10;8;7;15;14
178;10931;St.Gallen Stadt St.Jakob-Str.5;31.03.2018;Samstag;1;84;77;52;54;55;41;60;91;194;293;390;388;359;399;377;334;286;249;204;185;144;154;167;137
179;10931;St.Gallen Stadt St.Jakob-Str.5;31.03.2018;Samstag;2;2;7;2;0;3;0;0;2;7;12;18;20;21;8;20;11;6;7;7;4;7;9;4;9
180;10931;St.Gallen Stadt St.Jakob-Str.5;01.04.2018;Sonntag;1;106;90;88;82;77;42;32;40;82;134;162;183;148;182;195;218;232;235;187;192;195;140;130;107
181;10931;St.Gallen Stadt St.Jakob-Str.5;01.04.2018;Sonntag;2;4;3;6;2;1;0;1;1;1;0;4;5;6;5;6;9;5;5;5;8;4;6;5;4
182;10931;St.Gallen Stadt St.Jakob-Str.5;02.04.2018;Montag;1;91;60;41;45;36;36;37;31;73;123;197;200;198;248;289;259;316;271;271;199;141;135;74;56
183;10931;St.Gallen Stadt St.Jakob-Str.5;02.04.2018;Montag;2;9;0;0;1;0;0;1;2;1;3;4;3;6;7;6;6;3;6;2;7;10;6;3;0
184;10931;St.Gallen Stadt St.Jakob-Str.5;03.04.2018;Dienstag;1;28;16;12;16;25;90;199;387;352;334;326;321;264;369;331;330;334;365;307;251;165;142;95;50
185;10931;St.Gallen Stadt St.Jakob-Str.5;03.04.2018;Dienstag;2;4;1;0;1;0;0;1;14;9;17;16;15;14;22;9;13;23;23;10;10;6;2;5;3
186;10931;St.Gallen Stadt St.Jakob-Str.5;04.04.2018;Mittwoch;1;21;13;21;19;19;80;210;359;375;318;317;322;274;392;386;358;363;456;342;241;186;156;109;61
187;10931;St.Gallen Stadt St.Jakob-Str.5;04.04.2018;Mittwoch;2;0;0;0;0;0;1;1;6;16;9;14;14;19;24;34;19;27;23;14;8;4;7;5;1
188;10931;St.Gallen Stadt St.Jakob-Str.5;05.04.2018;Donnerstag;1;30;17;18;19;25;86;222;363;351;310;308;331;280;352;341;337;385;447;352;282;212;178;149;67
189;10931;St.Gallen Stadt St.Jakob-Str.5;05.04.2018;Donnerstag;2;3;2;0;0;0;2;5;15;20;17;17;23;12;24;19;18;25;26;12;7;6;4;6;1
190;10931;St.Gallen Stadt St.Jakob-Str.5;06.04.2018;Freitag;1;37;28;29;22;28;83;243;358;465;454;403;424;344;436;440;430;497;492;425;320;234;209;223;159
191;10931;St.Gallen Stadt St.Jakob-Str.5;06.04.2018;Freitag;2;4;2;2;0;0;1;2;29;35;38;43;44;38;32;43;40;42;31;32;28;23;19;20;19
192;10931;St.Gallen Stadt St.Jakob-Str.5;07.04.2018;Samstag;1;126;96;58;75;71;50;98;122;274;378;421;470;431;440;437;403;405;371;259;260;237;219;225;201
193;10931;St.Gallen Stadt St.Jakob-Str.5;07.04.2018;Samstag;2;7;5;6;1;6;0;6;5;20;29;25;34;29;21;26;28;17;19;25;22;5;19;14;9
194;10931;St.Gallen Stadt St.Jakob-Str.5;08.04.2018;Sonntag;1;115;124;101;81;72;49;49;58;96;206;243;280;251;252;311;261;333;293;284;274;194;149;94;58
195;10931;St.Gallen Stadt St.Jakob-Str.5;08.04.2018;Sonntag;2;8;6;6;1;3;0;3;4;5;7;11;9;15;6;9;16;18;11;18;17;8;5;4;3
196;10931;St.Gallen Stadt St.Jakob-Str.5;09.04.2018;Montag;1;34;18;16;27;48;93;247;447;373;313;344;361;297;465;389;342;405;475;341;271;169;139;106;68
197;10931;St.Gallen Stadt St.Jakob-Str.5;09.04.2018;Montag;2;3;2;1;1;0;3;14;31;25;27;21;25;18;22;26;22;24;30;13;13;7;5;3;3
198;10931;St.Gallen Stadt St.Jakob-Str.5;10.04.2018;Dienstag;1;44;20;19;31;24;98;250;430;357;334;380;337;292;409;403;374;386;411;384;279;212;208;146;103
199;10931;St.Gallen Stadt St.Jakob-Str.5;10.04.2018;Dienstag;2;2;0;1;0;0;0;3;21;30;25;26;25;19;23;24;22;27;28;16;13;8;10;12;10
200;10931;St.Gallen Stadt St.Jakob-Str.5;17.04.2018;Dienstag;1;32;15;9;18;27;78;224;390;347;326;334;273;258;366;324;312;304;380;315;210;180;154;94;56
201;10931;St.Gallen Stadt St.Jakob-Str.5;17.04.2018;Dienstag;2;1;0;0;0;0;0;3;5;19;6;14;21;15;21;12;14;19;24;13;4;1;10;0;3
202;10931;St.Gallen Stadt St.Jakob-Str.5;18.04.2018;Mittwoch;1;31;21;11;12;25;83;221;361;316;332;300;317;277;356;302;333;333;339;313;247;169;164;116;63
203;10931;St.Gallen Stadt St.Jakob-Str.5;18.04.2018;Mittwoch;2;1;2;0;0;1;0;4;10;15;18;16;13;10;16;17;12;20;21;8;15;6;3;5;2
204;10931;St.Gallen Stadt St.Jakob-Str.5;19.04.2018;Donnerstag;1;48;33;27;22;30;78;221;337;318;280;308;318;269;342;325;321;329;376;378;266;193;192;132;95
205;10931;St.Gallen Stadt St.Jakob-Str.5;19.04.2018;Donnerstag;2;2;0;1;0;0;0;2;7;14;11;16;20;11;15;27;17;19;24;10;10;5;6;2;1
206;10931;St.Gallen Stadt St.Jakob-Str.5;20.04.2018;Freitag;1;52;31;22;21;28;81;223;324;337;321;314;316;303;360;375;306;427;361;354;252;233;241;178;103
207;10931;St.Gallen Stadt St.Jakob-Str.5;20.04.2018;Freitag;2;2;0;1;1;0;0;3;9;14;12;52;18;22;21;14;18;22;21;18;10;5;6;7;5
208;10931;St.Gallen Stadt St.Jakob-Str.5;21.04.2018;Samstag;1;103;84;74;46;51;55;58;112;241;365;399;372;404;383;373;332;352;294;256;217;199;207;211;166
209;10931;St.Gallen Stadt St.Jakob-Str.5;21.04.2018;Samstag;2;2;3;1;2;0;0;2;4;7;7;17;24;7;16;11;12;5;13;16;12;4;7;9;6
210;10931;St.Gallen Stadt St.Jakob-Str.5;22.04.2018;Sonntag;1;129;97;81;87;54;38;35;61;101;165;227;248;231;242;262;279;304;300;254;242;171;174;85;48
211;10931;St.Gallen Stadt St.Jakob-Str.5;22.04.2018;Sonntag;2;2;4;5;0;0;0;2;2;1;5;2;8;5;5;9;7;10;4;2;7;4;2;3;0
212;10931;St.Gallen Stadt St.Jakob-Str.5;23.04.2018;Montag;1;27;19;13;18;36;74;286;492;402;321;327;309;298;430;370;360;436;457;399;279;162;147;122;44
213;10931;St.Gallen Stadt St.Jakob-Str.5;23.04.2018;Montag;2;1;2;0;2;0;3;10;13;19;11;11;25;11;29;19;18;16;13;13;6;2;4;3;2
214;10931;St.Gallen Stadt St.Jakob-Str.5;04.05.2018;Freitag;1;75;38;38;46;55;92;242;365;394;388;347;363;292;384;369;364;384;436;381;263;244;249;249;189
215;10931;St.Gallen Stadt St.Jakob-Str.5;04.05.2018;Freitag;2;2;2;2;1;0;2;3;18;11;18;15;29;9;23;14;22;26;31;14;11;14;10;9;8
216;10931;St.Gallen Stadt St.Jakob-Str.5;05.05.2018;Samstag;1;155;107;75;75;81;70;72;157;282;356;377;388;379;351;409;358;345;301;279;234;208;199;200;185
217;10931;St.Gallen Stadt St.Jakob-Str.5;05.05.2018;Samstag;2;3;5;2;2;0;0;2;6;12;13;19;24;18;14;22;16;15;12;17;16;11;5;11;7
218;10931;St.Gallen Stadt St.Jakob-Str.5;06.05.2018;Sonntag;1;120;117;76;90;73;46;52;84;99;151;183;222;244;255;261;228;279;286;269;236;222;180;95;61
219;10931;St.Gallen Stadt St.Jakob-Str.5;06.05.2018;Sonntag;2;6;5;3;2;1;0;0;1;8;2;5;6;5;10;11;3;5;7;4;2;6;2;6;1
220;10931;St.Gallen Stadt St.Jakob-Str.5;07.05.2018;Montag;1;26;22;21;16;38;71;241;399;374;286;301;350;260;377;341;321;358;424;330;248;167;153;126;60
221;10931;St.Gallen Stadt St.Jakob-Str.5;07.05.2018;Montag;2;0;0;0;1;1;0;4;11;15;14;17;19;21;17;19;18;26;20;22;8;6;13;4;3
222;10931;St.Gallen Stadt St.Jakob-Str.5;08.05.2018;Dienstag;1;31;20;14;16;36;66;248;386;366;358;318;313;305;399;324;343;381;402;356;285;206;212;128;70
223;10931;St.Gallen Stadt St.Jakob-Str.5;08.05.2018;Dienstag;2;1;2;0;0;1;0;5;9;13;13;15;24;16;20;14;18;20;20;13;8;8;4;75;9
224;10931;St.Gallen Stadt St.Jakob-Str.5;09.05.2018;Mittwoch;1;38;26;21;16;34;80;226;476;523;380;372;358;299;424;407;361;431;454;439;256;211;203;195;157
225;10931;St.Gallen Stadt St.Jakob-Str.5;09.05.2018;Mittwoch;2;3;2;0;0;0;0;4;8;17;23;19;33;14;13;13;23;15;14;17;12;8;8;16;1
226;10931;St.Gallen Stadt St.Jakob-Str.5;10.05.2018;Donnerstag;1;115;76;74;66;56;35;47;58;104;143;171;211;198;212;207;223;231;259;234;205;187;125;120;76
227;10931;St.Gallen Stadt St.Jakob-Str.5;10.05.2018;Donnerstag;2;5;1;4;0;0;0;0;0;1;2;3;6;4;5;10;10;5;9;6;8;7;7;7;1
228;10931;St.Gallen Stadt St.Jakob-Str.5;12.05.2018;Samstag;1;90;83;55;55;54;45;56;108;200;299;345;363;325;314;312;299;293;272;228;201;197;192;166;149
229;10931;St.Gallen Stadt St.Jakob-Str.5;12.05.2018;Samstag;2;2;4;1;0;0;0;0;1;6;10;12;16;13;16;13;10;9;13;13;11;5;5;4;3
230;10931;St.Gallen Stadt St.Jakob-Str.5;13.05.2018;Sonntag;1;115;98;71;80;45;35;50;59;85;143;193;237;201;206;241;242;254;273;240;233;205;121;83;39
231;10931;St.Gallen Stadt St.Jakob-Str.5;13.05.2018;Sonntag;2;4;4;1;1;0;0;0;1;2;3;8;4;3;10;6;13;5;6;11;5;5;3;2;0
232;10931;St.Gallen Stadt St.Jakob-Str.5;26.05.2018;Samstag;1;116;102;77;65;74;69;121;190;296;489;472;409;368;361;353;325;322;276;259;207;212;188;198;185
233;10931;St.Gallen Stadt St.Jakob-Str.5;26.05.2018;Samstag;2;1;1;1;2;2;1;1;7;5;17;20;14;16;13;15;15;11;8;10;8;7;4;4;9
234;10931;St.Gallen Stadt St.Jakob-Str.5;27.05.2018;Sonntag;1;134;93;86;87;71;35;48;63;92;134;222;234;246;234;213;236;262;289;270;209;184;179;113;58
235;10931;St.Gallen Stadt St.Jakob-Str.5;27.05.2018;Sonntag;2;4;8;0;3;4;0;1;0;0;3;2;7;7;13;8;4;6;8;8;12;4;2;4;1
236;10931;St.Gallen Stadt St.Jakob-Str.5;28.05.2018;Montag;1;33;17;19;21;38;77;250;368;393;288;288;308;274;384;358;295;373;383;345;276;175;145;125;74
237;10931;St.Gallen Stadt St.Jakob-Str.5;28.05.2018;Montag;2;1;1;0;3;0;0;2;15;10;17;15;15;17;14;32;17;12;22;13;5;5;5;1;4
238;10931;St.Gallen Stadt St.Jakob-Str.5;29.05.2018;Dienstag;1;51;23;18;20;35;76;240;409;369;320;343;311;300;361;348;318;342;434;363;250;218;147;151;73
239;10931;St.Gallen Stadt St.Jakob-Str.5;29.05.2018;Dienstag;2;0;0;3;1;0;0;2;9;13;13;17;22;17;14;11;15;16;15;21;13;3;3;3;3
240;10931;St.Gallen Stadt St.Jakob-Str.5;30.05.2018;Mittwoch;1;36;20;8;23;36;86;258;405;419;372;329;298;300;358;357;336;358;430;467;469;229;153;143;70
241;10931;St.Gallen Stadt St.Jakob-Str.5;30.05.2018;Mittwoch;2;2;1;0;2;0;0;5;17;23;14;18;17;17;13;22;12;17;25;19;18;12;2;4;1
242;10931;St.Gallen Stadt St.Jakob-Str.5;31.05.2018;Donnerstag;1;45;21;18;18;37;67;238;379;381;343;329;358;288;378;353;387;366;469;404;302;214;183;151;91
243;10931;St.Gallen Stadt St.Jakob-Str.5;31.05.2018;Donnerstag;2;2;0;1;1;0;0;5;6;13;8;11;20;13;15;14;17;19;21;24;14;5;3;5;3
244;10931;St.Gallen Stadt St.Jakob-Str.5;01.06.2018;Freitag;1;46;35;22;33;41;89;254;380;403;385;382;365;279;381;349;339;392;427;358;276;261;188;183;139
245;10931;St.Gallen Stadt St.Jakob-Str.5;01.06.2018;Freitag;2;2;0;0;2;0;0;5;10;11;13;29;14;15;18;17;17;17;21;14;11;6;6;7;4
246;10931;St.Gallen Stadt St.Jakob-Str.5;02.06.2018;Samstag;1;116;99;64;68;48;50;94;186;265;347;387;351;346;340;369;314;344;303;239;233;203;210;212;160
247;10931;St.Gallen Stadt St.Jakob-Str.5;02.06.2018;Samstag;2;5;5;1;1;0;0;1;2;11;14;16;14;18;11;13;10;9;7;14;10;6;10;9;9
248;10931;St.Gallen Stadt St.Jakob-Str.5;03.06.2018;Sonntag;1;159;114;94;79;67;51;52;68;125;179;228;231;230;222;218;236;276;273;278;248;203;143;113;54
249;10931;St.Gallen Stadt St.Jakob-Str.5;03.06.2018;Sonntag;2;4;5;0;1;1;0;1;2;3;5;8;9;6;6;7;7;6;5;4;4;2;4;1;3
250;10931;St.Gallen Stadt St.Jakob-Str.5;04.06.2018;Montag;1;38;9;19;15;47;83;254;451;531;430;332;310;251;387;358;334;365;441;320;236;199;152;122;63
251;10931;St.Gallen Stadt St.Jakob-Str.5;04.06.2018;Montag;2;2;0;0;0;2;1;1;14;23;19;19;15;15;25;12;12;20;18;10;12;5;6;1;3
252;10931;St.Gallen Stadt St.Jakob-Str.5;05.06.2018;Dienstag;1;37;35;16;21;33;77;258;385;374;355;340;315;303;392;319;308;387;447;325;248;175;183;140;87
253;10931;St.Gallen Stadt St.Jakob-Str.5;05.06.2018;Dienstag;2;0;0;0;1;0;0;3;11;17;17;21;18;17;15;11;14;25;25;16;12;6;8;8;4
254;10931;St.Gallen Stadt St.Jakob-Str.5;06.06.2018;Mittwoch;1;34;19;17;21;36;86;258;376;368;340;300;337;284;408;352;315;345;403;339;241;205;182;153;66
255;10931;St.Gallen Stadt St.Jakob-Str.5;06.06.2018;Mittwoch;2;2;0;0;0;1;1;3;11;26;20;30;24;10;16;26;16;19;20;11;2;1;3;5;3
256;10931;St.Gallen Stadt St.Jakob-Str.5;07.06.2018;Donnerstag;1;36;22;20;17;36;86;261;366;372;364;325;364;264;329;350;372;368;434;389;139;47;41;171;133
257;10931;St.Gallen Stadt St.Jakob-Str.5;07.06.2018;Donnerstag;2;1;1;1;1;1;1;8;2;15;24;25;18;18;20;18;18;9;24;25;19;192;281;16;10
258;10931;St.Gallen Stadt St.Jakob-Str.5;12.06.2018;Dienstag;1;25;23;15;18;44;74;236;369;305;343;353;331;269;377;344;333;334;441;347;242;175;134;134;61
259;10931;St.Gallen Stadt St.Jakob-Str.5;12.06.2018;Dienstag;2;3;0;0;0;1;3;6;8;8;17;16;14;10;15;15;10;6;24;9;9;4;8;3;1
260;10931;St.Gallen Stadt St.Jakob-Str.5;13.06.2018;Mittwoch;1;24;27;11;18;33;74;205;346;307;272;265;297;242;341;386;355;379;412;341;227;155;164;134;65
261;10931;St.Gallen Stadt St.Jakob-Str.5;13.06.2018;Mittwoch;2;2;0;0;2;0;0;5;9;6;14;15;18;16;14;23;17;15;18;11;10;4;1;10;2
262;10931;St.Gallen Stadt St.Jakob-Str.5;14.06.2018;Donnerstag;1;36;22;21;25;33;70;242;321;248;357;318;242;269;363;325;324;321;431;323;285;215;189;163;88
263;10931;St.Gallen Stadt St.Jakob-Str.5;14.06.2018;Donnerstag;2;0;0;2;0;1;0;10;9;9;9;19;17;14;18;16;19;10;22;21;14;5;4;5;3
264;10931;St.Gallen Stadt St.Jakob-Str.5;15.06.2018;Freitag;1;46;29;19;19;38;88;191;295;324;353;336;345;277;392;329;361;359;365;299;257;215;161;208;140
265;10931;St.Gallen Stadt St.Jakob-Str.5;15.06.2018;Freitag;2;1;1;1;0;0;1;5;11;12;16;24;18;15;14;9;15;19;21;8;14;3;5;0;5
266;10931;St.Gallen Stadt St.Jakob-Str.5;16.06.2018;Samstag;1;127;81;69;56;58;60;71;182;258;321;361;388;319;311;371;289;319;284;231;191;216;187;180;179
267;10931;St.Gallen Stadt St.Jakob-Str.5;16.06.2018;Samstag;2;2;2;0;0;1;0;0;3;7;15;16;15;7;15;18;12;6;9;13;12;10;4;13;8
268;10931;St.Gallen Stadt St.Jakob-Str.5;17.06.2018;Sonntag;1;127;94;74;73;60;32;42;43;109;153;178;206;217;221;204;231;416;272;221;266;119;77;158;54
269;10931;St.Gallen Stadt St.Jakob-Str.5;17.06.2018;Sonntag;2;3;3;3;1;1;0;0;1;1;7;5;6;5;8;4;3;13;8;14;7;3;1;4;2
270;10931;St.Gallen Stadt St.Jakob-Str.5;18.06.2018;Montag;1;39;16;10;17;42;81;147;403;343;305;316;318;261;372;366;323;348;394;301;161;199;200;110;62
271;10931;St.Gallen Stadt St.Jakob-Str.5;18.06.2018;Montag;2;0;0;1;0;0;0;5;13;10;11;17;13;14;9;8;17;15;58;34;13;18;7;4;3
272;10931;St.Gallen Stadt St.Jakob-Str.5;19.06.2018;Dienstag;1;31;18;9;19;40;85;212;381;355;346;321;305;290;374;336;345;388;437;519;290;219;177;144;83
273;10931;St.Gallen Stadt St.Jakob-Str.5;19.06.2018;Dienstag;2;3;1;0;1;0;3;2;12;14;20;13;17;13;14;13;12;9;21;12;14;6;2;5;6
274;10931;St.Gallen Stadt St.Jakob-Str.5;20.06.2018;Mittwoch;1;57;29;24;21;27;87;210;310;311;135;133;216;253;260;250;242;287;365;312;240;198;157;120;75
275;10931;St.Gallen Stadt St.Jakob-Str.5;20.06.2018;Mittwoch;2;2;1;0;0;0;1;4;12;26;24;16;12;11;10;12;10;6;16;15;5;6;3;2;3
276;10931;St.Gallen Stadt St.Jakob-Str.5;21.06.2018;Donnerstag;1;42;28;14;22;38;75;233;393;443;342;319;318;283;353;339;282;356;423;476;287;218;183;197;92
277;10931;St.Gallen Stadt St.Jakob-Str.5;21.06.2018;Donnerstag;2;3;4;0;0;0;0;3;11;16;17;26;10;13;19;20;14;14;31;19;16;2;5;5;1
278;10931;St.Gallen Stadt St.Jakob-Str.5;22.06.2018;Freitag;1;33;32;21;24;35;86;233;342;387;395;342;352;326;370;390;343;392;396;343;311;148;140;399;228
279;10931;St.Gallen Stadt St.Jakob-Str.5;22.06.2018;Freitag;2;0;0;1;1;0;1;4;11;15;19;21;18;13;15;16;19;22;16;9;11;7;3;42;18
280;10931;St.Gallen Stadt St.Jakob-Str.5;23.06.2018;Samstag;1;117;83;70;59;57;57;78;125;275;291;360;357;396;372;326;371;287;247;243;224;174;178;210;199
281;10931;St.Gallen Stadt St.Jakob-Str.5;23.06.2018;Samstag;2;4;0;0;3;1;1;1;3;10;18;13;15;11;16;12;7;15;5;10;11;6;5;6;12
282;10931;St.Gallen Stadt St.Jakob-Str.5;24.06.2018;Sonntag;1;123;96;73;73;42;34;41;65;122;181;231;196;170;202;222;210;275;240;211;214;188;111;105;58
283;10931;St.Gallen Stadt St.Jakob-Str.5;24.06.2018;Sonntag;2;2;2;2;1;1;1;0;1;1;0;2;5;6;5;5;5;4;8;7;4;2;2;2;1
284;10931;St.Gallen Stadt St.Jakob-Str.5;25.06.2018;Montag;1;25;11;17;19;32;74;237;397;336;327;335;283;296;381;371;330;372;427;334;281;151;145;141;68
285;10931;St.Gallen Stadt St.Jakob-Str.5;25.06.2018;Montag;2;4;0;0;1;1;2;3;16;11;18;17;20;13;15;26;11;16;24;12;12;8;2;1;4
286;10931;St.Gallen Stadt St.Jakob-Str.5;30.06.2018;Samstag;1;128;120;112;100;106;84;120;134;245;325;357;372;326;353;347;317;281;256;254;191;188;148;198;157
287;10931;St.Gallen Stadt St.Jakob-Str.5;30.06.2018;Samstag;2;6;3;5;0;2;0;1;4;10;8;18;19;17;13;9;6;5;3;8;9;8;10;7;2
288;10931;St.Gallen Stadt St.Jakob-Str.5;01.07.2018;Sonntag;1;146;136;111;102;108;75;58;67;107;167;216;216;213;222;212;201;238;213;190;253;182;168;122;84
289;10931;St.Gallen Stadt St.Jakob-Str.5;01.07.2018;Sonntag;2;7;8;1;0;2;1;1;7;4;1;3;7;5;7;10;6;7;2;5;6;6;5;1;3
290;10931;St.Gallen Stadt St.Jakob-Str.5;02.07.2018;Montag;1;27;18;16;16;48;80;241;379;362;328;302;285;267;393;349;324;353;383;302;274;172;148;136;62
291;10931;St.Gallen Stadt St.Jakob-Str.5;02.07.2018;Montag;2;0;1;1;1;2;2;1;21;13;18;14;17;14;17;23;16;9;13;17;13;5;4;5;1
292;10931;St.Gallen Stadt St.Jakob-Str.5;03.07.2018;Dienstag;1;33;22;16;18;37;80;255;398;350;345;314;325;284;409;379;399;326;288;333;239;175;129;119;86
293;10931;St.Gallen Stadt St.Jakob-Str.5;03.07.2018;Dienstag;2;2;1;2;2;0;3;4;10;15;10;11;23;10;25;8;23;13;16;13;13;3;4;5;4
294;10931;St.Gallen Stadt St.Jakob-Str.5;04.07.2018;Mittwoch;1;35;27;21;22;33;97;235;346;349;346;353;318;269;412;368;350;330;455;333;217;186;195;160;81
295;10931;St.Gallen Stadt St.Jakob-Str.5;04.07.2018;Mittwoch;2;1;1;0;0;0;0;6;12;14;18;20;18;17;19;19;18;11;14;17;7;8;13;8;6
296;10931;St.Gallen Stadt St.Jakob-Str.5;05.07.2018;Donnerstag;1;53;27;18;27;40;95;252;359;319;329;309;360;265;351;349;303;399;453;383;319;196;186;143;88
297;10931;St.Gallen Stadt St.Jakob-Str.5;05.07.2018;Donnerstag;2;2;1;1;0;1;1;5;16;14;10;13;13;10;20;20;19;23;16;22;12;13;4;7;3
298;10931;St.Gallen Stadt St.Jakob-Str.5;06.07.2018;Freitag;1;48;31;33;40;57;89;226;338;381;372;380;345;272;381;399;346;346;378;338;248;201;129;195;118
299;10931;St.Gallen Stadt St.Jakob-Str.5;06.07.2018;Freitag;2;4;1;1;1;0;1;3;7;9;18;20;19;10;14;24;18;19;13;17;10;8;8;13;2
300;10931;St.Gallen Stadt St.Jakob-Str.5;07.07.2018;Samstag;1;109;73;49;59;55;48;78;133;221;308;372;392;347;340;372;308;308;266;261;216;159;162;123;249
301;10931;St.Gallen Stadt St.Jakob-Str.5;07.07.2018;Samstag;2;3;0;0;1;1;1;3;1;7;8;11;15;17;15;15;14;10;7;11;13;1;4;1;10
302;10931;St.Gallen Stadt St.Jakob-Str.5;08.07.2018;Sonntag;1;155;99;67;65;58;43;46;60;102;160;180;196;191;203;204;189;209;247;207;204;208;148;103;58
303;10931;St.Gallen Stadt St.Jakob-Str.5;08.07.2018;Sonntag;2;6;3;2;2;1;1;0;3;1;4;5;12;3;6;6;4;6;9;4;7;6;2;5;0
304;10931;St.Gallen Stadt St.Jakob-Str.5;09.07.2018;Montag;1;32;19;17;12;52;72;207;341;335;271;298;285;267;377;321;308;339;366;290;227;197;145;110;63
305;10931;St.Gallen Stadt St.Jakob-Str.5;09.07.2018;Montag;2;0;1;0;0;0;2;6;17;13;15;11;28;12;17;16;12;11;16;13;11;0;3;5;2
306;10931;St.Gallen Stadt St.Jakob-Str.5;10.07.2018;Dienstag;1;32;18;14;16;41;72;217;344;287;290;309;311;239;348;276;299;339;400;336;231;141;128;118;58
307;10931;St.Gallen Stadt St.Jakob-Str.5;10.07.2018;Dienstag;2;2;3;0;0;0;4;2;4;13;13;17;17;13;17;23;15;19;18;8;9;3;7;6;3
308;10931;St.Gallen Stadt St.Jakob-Str.5;11.07.2018;Mittwoch;1;28;24;17;22;39;75;205;319;312;294;295;312;251;357;340;320;341;353;326;255;162;129;144;159
309;10931;St.Gallen Stadt St.Jakob-Str.5;11.07.2018;Mittwoch;2;2;2;1;0;1;0;4;13;13;21;17;15;12;15;18;18;23;15;14;11;10;5;4;3
310;10931;St.Gallen Stadt St.Jakob-Str.5;12.07.2018;Donnerstag;1;47;30;19;16;38;71;236;314;328;306;287;321;260;321;313;304;317;375;303;290;227;169;137;90
311;10931;St.Gallen Stadt St.Jakob-Str.5;12.07.2018;Donnerstag;2;0;2;1;2;2;3;5;11;15;14;18;14;15;12;21;10;15;14;18;6;3;5;2;2
312;10931;St.Gallen Stadt St.Jakob-Str.5;13.07.2018;Freitag;1;43;27;23;21;37;87;203;302;334;297;344;325;262;283;322;319;365;322;299;225;208;211;182;165
313;10931;St.Gallen Stadt St.Jakob-Str.5;13.07.2018;Freitag;2;2;0;3;0;1;1;6;7;16;19;15;17;7;11;14;21;18;13;14;8;4;5;3;15
314;10931;St.Gallen Stadt St.Jakob-Str.5;14.07.2018;Samstag;1;123;83;57;51;47;50;68;108;203;289;353;323;319;284;288;256;266;200;169;183;174;172;146;152
315;10931;St.Gallen Stadt St.Jakob-Str.5;14.07.2018;Samstag;2;2;3;1;6;1;0;3;2;6;13;8;10;15;14;17;14;14;11;11;5;8;3;7;2
316;10931;St.Gallen Stadt St.Jakob-Str.5;15.07.2018;Sonntag;1;111;94;69;66;48;27;37;50;71;135;183;181;207;197;182;182;235;172;121;182;192;147;85;44
317;10931;St.Gallen Stadt St.Jakob-Str.5;15.07.2018;Sonntag;2;6;7;2;1;0;2;2;1;2;6;2;4;5;10;9;8;8;4;3;5;0;3;5;1
318;10931;St.Gallen Stadt St.Jakob-Str.5;16.07.2018;Montag;1;32;13;18;17;33;73;200;307;263;278;279;267;249;327;319;276;334;321;254;176;148;128;110;51
319;10931;St.Gallen Stadt St.Jakob-Str.5;16.07.2018;Montag;2;3;1;2;0;0;0;9;9;16;9;22;17;8;12;16;12;10;14;7;5;6;3;4;0
320;10931;St.Gallen Stadt St.Jakob-Str.5;17.07.2018;Dienstag;1;19;17;19;21;23;76;207;337;305;305;296;316;228;304;339;293;306;357;279;188;163;143;90;58
321;10931;St.Gallen Stadt St.Jakob-Str.5;17.07.2018;Dienstag;2;2;1;0;2;3;2;2;5;8;18;11;24;13;17;14;13;13;17;5;11;3;3;5;2
322;10931;St.Gallen Stadt St.Jakob-Str.5;18.07.2018;Mittwoch;1;35;16;14;18;31;74;206;316;316;288;280;271;254;300;293;275;312;333;243;187;184;153;101;55
323;10931;St.Gallen Stadt St.Jakob-Str.5;18.07.2018;Mittwoch;2;1;0;1;0;0;0;7;9;7;12;23;28;8;12;20;15;22;13;7;11;9;6;6;6
324;10931;St.Gallen Stadt St.Jakob-Str.5;19.07.2018;Donnerstag;1;36;16;20;13;26;70;180;321;259;247;292;298;243;307;300;260;279;330;337;235;197;178;116;81
325;10931;St.Gallen Stadt St.Jakob-Str.5;19.07.2018;Donnerstag;2;2;1;0;0;0;0;9;9;10;7;17;13;12;15;22;7;12;15;17;11;5;6;3;3
326;10931;St.Gallen Stadt St.Jakob-Str.5;20.07.2018;Freitag;1;42;34;24;23;32;70;183;291;280;308;312;340;258;285;307;303;314;305;280;203;184;131;134;103
327;10931;St.Gallen Stadt St.Jakob-Str.5;20.07.2018;Freitag;2;3;0;0;0;2;3;8;7;18;21;10;21;7;14;14;16;16;6;14;12;6;7;3;5
328;10931;St.Gallen Stadt St.Jakob-Str.5;21.07.2018;Samstag;1;85;65;48;54;51;34;58;89;182;222;298;352;319;293;294;269;269;232;186;164;155;157;136;117
329;10931;St.Gallen Stadt St.Jakob-Str.5;21.07.2018;Samstag;2;2;1;0;1;0;1;0;2;6;12;9;12;17;17;23;15;9;7;5;8;8;7;11;4
330;10931;St.Gallen Stadt St.Jakob-Str.5;22.07.2018;Sonntag;1;86;90;79;71;47;49;33;35;60;116;178;182;181;189;182;174;231;225;194;174;156;109;87;43
331;10931;St.Gallen Stadt St.Jakob-Str.5;22.07.2018;Sonntag;2;5;1;2;2;1;0;1;1;4;5;6;9;7;4;8;10;6;8;7;11;8;3;4;2
332;10931;St.Gallen Stadt St.Jakob-Str.5;23.07.2018;Montag;1;39;14;9;16;27;48;154;252;235;233;268;258;238;304;288;266;292;276;223;166;126;129;92;52
333;10931;St.Gallen Stadt St.Jakob-Str.5;23.07.2018;Montag;2;2;0;0;1;0;1;3;12;10;14;18;8;11;15;16;13;16;11;12;4;3;4;2;3
334;10931;St.Gallen Stadt St.Jakob-Str.5;24.07.2018;Dienstag;1;25;16;15;12;23;57;173;298;266;280;290;268;200;276;265;263;248;318;207;166;133;125;97;54
335;10931;St.Gallen Stadt St.Jakob-Str.5;24.07.2018;Dienstag;2;0;0;1;0;1;2;5;9;11;12;11;12;14;22;5;8;12;14;4;4;5;4;1;1
336;10931;St.Gallen Stadt St.Jakob-Str.5;07.08.2018;Dienstag;1;28;16;18;13;22;75;192;346;282;313;344;307;290;312;325;317;349;375;287;205;162;145;108;49
337;10931;St.Gallen Stadt St.Jakob-Str.5;07.08.2018;Dienstag;2;1;1;1;0;1;0;4;10;14;20;18;19;17;24;8;15;18;14;11;10;2;1;6;4
338;10931;St.Gallen Stadt St.Jakob-Str.5;08.08.2018;Mittwoch;1;41;23;14;18;32;72;203;309;308;314;336;310;257;358;313;293;320;383;298;204;151;151;93;58
339;10931;St.Gallen Stadt St.Jakob-Str.5;08.08.2018;Mittwoch;2;1;1;1;1;0;0;2;9;14;12;17;13;9;14;15;12;25;15;6;5;4;5;4;3
340;10931;St.Gallen Stadt St.Jakob-Str.5;09.08.2018;Donnerstag;1;41;33;14;14;27;70;201;330;279;258;280;308;257;326;282;291;305;371;352;273;161;123;115;56
341;10931;St.Gallen Stadt St.Jakob-Str.5;09.08.2018;Donnerstag;2;2;1;1;0;0;0;13;6;10;18;16;13;15;20;15;22;18;15;19;10;4;1;8;2
342;10931;St.Gallen Stadt St.Jakob-Str.5;10.08.2018;Freitag;1;43;23;17;16;39;76;182;285;331;289;313;351;283;314;364;385;374;326;328;237;201;181;160;113
343;10931;St.Gallen Stadt St.Jakob-Str.5;10.08.2018;Freitag;2;1;0;2;0;0;2;5;15;11;17;19;30;15;20;38;15;24;14;14;12;8;9;8;9
344;10931;St.Gallen Stadt St.Jakob-Str.5;11.08.2018;Samstag;1;107;77;71;37;48;45;76;114;184;281;306;293;303;330;332;301;314;254;192;177;183;176;162;123
345;10931;St.Gallen Stadt St.Jakob-Str.5;11.08.2018;Samstag;2;1;2;0;1;0;1;2;1;8;6;10;16;9;15;11;5;6;6;8;6;5;8;5;3
346;10931;St.Gallen Stadt St.Jakob-Str.5;15.08.2018;Mittwoch;1;24;19;14;12;29;79;229;407;383;315;323;314;261;365;345;359;370;364;338;253;199;142;130;69
347;10931;St.Gallen Stadt St.Jakob-Str.5;15.08.2018;Mittwoch;2;2;0;2;2;0;0;4;13;11;18;27;13;11;16;17;21;11;13;16;8;4;2;3;1
348;10931;St.Gallen Stadt St.Jakob-Str.5;16.08.2018;Donnerstag;1;29;21;18;15;41;68;260;420;374;305;301;308;266;369;292;312;335;421;409;284;245;181;120;88
349;10931;St.Gallen Stadt St.Jakob-Str.5;16.08.2018;Donnerstag;2;3;1;0;1;0;0;8;8;11;12;11;9;13;15;12;16;20;18;20;11;10;2;4;3
350;10931;St.Gallen Stadt St.Jakob-Str.5;17.08.2018;Freitag;1;46;17;23;22;35;82;218;393;389;362;347;376;287;366;375;357;369;375;317;270;206;209;182;125
351;10931;St.Gallen Stadt St.Jakob-Str.5;17.08.2018;Freitag;2;1;0;1;0;1;0;5;6;9;14;17;23;11;17;22;20;12;15;22;9;10;9;19;7
352;10931;St.Gallen Stadt St.Jakob-Str.5;18.08.2018;Samstag;1;116;139;112;89;79;49;87;128;207;289;363;358;314;331;338;316;310;276;243;251;240;269;245;185
353;10931;St.Gallen Stadt St.Jakob-Str.5;18.08.2018;Samstag;2;6;3;1;1;1;1;1;2;6;10;17;19;11;16;24;17;13;15;17;11;25;19;21;8
354;10931;St.Gallen Stadt St.Jakob-Str.5;19.08.2018;Sonntag;1;162;136;118;126;95;81;64;74;129;179;185;228;244;191;223;211;224;247;234;204;265;220;76;45
355;10931;St.Gallen Stadt St.Jakob-Str.5;19.08.2018;Sonntag;2;11;5;10;2;0;1;1;2;4;2;4;3;4;3;8;5;5;6;5;0;6;9;3;3
356;10931;St.Gallen Stadt St.Jakob-Str.5;20.08.2018;Montag;1;32;15;10;20;33;83;223;398;328;292;277;297;275;367;337;294;337;442;306;246;186;147;97;29
357;10931;St.Gallen Stadt St.Jakob-Str.5;20.08.2018;Montag;2;1;1;0;2;2;1;2;6;9;11;11;12;13;16;19;15;22;19;12;11;4;6;4;0
358;10931;St.Gallen Stadt St.Jakob-Str.5;21.08.2018;Dienstag;1;28;17;13;17;35;76;264;424;391;356;347;304;286;365;326;313;351;380;321;218;173;168;145;62
359;10931;St.Gallen Stadt St.Jakob-Str.5;21.08.2018;Dienstag;2;1;1;0;1;0;2;4;10;17;21;11;17;16;14;23;14;12;15;11;6;2;3;1;3
360;10931;St.Gallen Stadt St.Jakob-Str.5;31.08.2018;Freitag;1;42;21;23;28;39;86;219;412;383;383;374;360;338;393;388;378;408;469;421;284;215;213;161;150
361;10931;St.Gallen Stadt St.Jakob-Str.5;31.08.2018;Freitag;2;3;2;0;1;1;1;6;13;13;11;20;20;16;14;27;16;16;21;16;24;10;9;4;5
362;10931;St.Gallen Stadt St.Jakob-Str.5;01.09.2018;Samstag;1;118;101;96;77;68;50;81;143;259;345;328;391;411;367;394;355;325;303;253;220;199;218;186;169
363;10931;St.Gallen Stadt St.Jakob-Str.5;01.09.2018;Samstag;2;2;3;1;1;0;1;1;2;10;14;34;21;19;16;24;22;14;15;6;11;8;12;9;4
364;10931;St.Gallen Stadt St.Jakob-Str.5;02.09.2018;Sonntag;1;137;121;87;82;70;48;47;58;85;141;198;187;247;265;266;247;322;287;229;242;183;116;78;53
365;10931;St.Gallen Stadt St.Jakob-Str.5;02.09.2018;Sonntag;2;2;4;1;0;3;1;0;3;1;3;9;12;6;9;8;12;9;6;10;6;4;5;1;4
366;10931;St.Gallen Stadt St.Jakob-Str.5;03.09.2018;Montag;1;26;11;25;16;32;75;233;418;405;295;346;295;270;387;322;337;360;424;377;260;159;144;94;46
367;10931;St.Gallen Stadt St.Jakob-Str.5;03.09.2018;Montag;2;2;1;0;0;1;1;6;12;14;10;11;20;16;18;18;11;22;21;23;14;4;10;2;1
368;10931;St.Gallen Stadt St.Jakob-Str.5;04.09.2018;Dienstag;1;22;16;13;19;35;76;252;370;374;317;320;347;292;367;318;364;366;382;358;268;168;154;122;64
369;10931;St.Gallen Stadt St.Jakob-Str.5;04.09.2018;Dienstag;2;1;0;0;2;1;2;5;13;11;14;16;26;11;9;14;23;12;13;12;6;1;5;1;4
370;10931;St.Gallen Stadt St.Jakob-Str.5;05.09.2018;Mittwoch;1;34;15;16;11;35;66;245;408;367;310;304;322;292;377;349;340;368;425;339;237;206;185;120;53
371;10931;St.Gallen Stadt St.Jakob-Str.5;05.09.2018;Mittwoch;2;2;2;1;1;0;0;3;13;10;11;10;16;11;21;19;18;19;21;17;10;7;5;6;0
372;10931;St.Gallen Stadt St.Jakob-Str.5;06.09.2018;Donnerstag;1;32;9;16;17;29;64;232;422;347;345;299;354;291;385;325;351;402;451;394;325;197;167;138;72
373;10931;St.Gallen Stadt St.Jakob-Str.5;06.09.2018;Donnerstag;2;2;0;1;1;2;0;9;11;13;14;11;17;13;21;14;11;27;21;16;14;9;5;7;1
374;10931;St.Gallen Stadt St.Jakob-Str.5;07.09.2018;Freitag;1;33;34;28;19;35;75;206;374;362;364;341;318;315;361;350;324;379;404;326;310;230;194;185;152
375;10931;St.Gallen Stadt St.Jakob-Str.5;07.09.2018;Freitag;2;2;4;0;1;0;0;6;10;16;19;37;31;12;22;24;24;21;16;12;15;5;9;10;2
376;10931;St.Gallen Stadt St.Jakob-Str.5;08.09.2018;Samstag;1;83;78;65;57;53;55;71;138;265;345;373;373;379;339;364;331;353;298;261;205;223;226;195;159
377;10931;St.Gallen Stadt St.Jakob-Str.5;08.09.2018;Samstag;2;4;5;2;1;0;0;2;1;6;11;23;20;13;24;8;13;11;12;14;7;13;13;10;10
378;10931;St.Gallen Stadt St.Jakob-Str.5;09.09.2018;Sonntag;1;117;124;91;73;53;41;47;68;107;163;234;240;223;235;229;259;245;295;271;243;215;171;81;36
379;10931;St.Gallen Stadt St.Jakob-Str.5;09.09.2018;Sonntag;2;8;4;6;0;2;0;2;0;1;4;2;1;5;3;14;11;10;5;9;3;11;2;4;2
380;10931;St.Gallen Stadt St.Jakob-Str.5;10.09.2018;Montag;1;31;13;20;18;36;78;196;407;413;322;275;315;264;374;308;334;343;396;297;259;182;134;87;39
381;10931;St.Gallen Stadt St.Jakob-Str.5;10.09.2018;Montag;2;0;2;1;0;0;0;6;11;11;15;15;17;15;14;17;12;20;18;13;9;8;3;5;2
382;10931;St.Gallen Stadt St.Jakob-Str.5;11.09.2018;Dienstag;1;35;29;23;23;44;80;211;428;377;331;320;323;279;331;368;308;344;382;360;253;187;142;125;56
383;10931;St.Gallen Stadt St.Jakob-Str.5;11.09.2018;Dienstag;2;1;1;1;1;0;1;7;4;16;3;17;14;4;9;9;16;21;22;18;16;7;6;7;4
384;10931;St.Gallen Stadt St.Jakob-Str.5;12.09.2018;Mittwoch;1;31;28;18;28;30;86;222;424;364;335;317;332;275;370;305;346;340;435;373;285;192;159;141;75
385;10931;St.Gallen Stadt St.Jakob-Str.5;12.09.2018;Mittwoch;2;1;0;0;0;0;1;5;7;10;23;17;18;13;21;15;15;15;22;17;19;9;7;7;2
386;10931;St.Gallen Stadt St.Jakob-Str.5;13.09.2018;Donnerstag;1;36;31;45;40;42;78;228;388;389;326;303;321;249;361;324;285;373;453;359;282;234;176;148;79
387;10931;St.Gallen Stadt St.Jakob-Str.5;13.09.2018;Donnerstag;2;4;2;1;1;0;3;5;14;12;5;17;19;12;16;8;24;18;22;14;13;10;5;2;4
388;10931;St.Gallen Stadt St.Jakob-Str.5;14.09.2018;Freitag;1;37;26;29;29;41;83;213;378;383;291;351;387;273;399;367;338;430;384;342;252;217;178;229;158
389;10931;St.Gallen Stadt St.Jakob-Str.5;14.09.2018;Freitag;2;0;1;1;1;1;1;6;12;13;23;28;12;21;17;22;14;19;25;20;30;11;11;15;7
390;10931;St.Gallen Stadt St.Jakob-Str.5;15.09.2018;Samstag;1;122;95;67;65;72;36;83;145;273;303;382;373;336;368;397;356;312;273;266;192;205;221;209;172
391;10931;St.Gallen Stadt St.Jakob-Str.5;15.09.2018;Samstag;2;1;3;2;2;2;1;1;3;16;14;17;15;10;21;17;6;16;10;20;13;8;8;8;6
392;10931;St.Gallen Stadt St.Jakob-Str.5;16.09.2018;Sonntag;1;141;121;72;79;77;42;56;66;126;184;215;231;231;221;242;334;283;268;237;229;240;166;89;44
393;10931;St.Gallen Stadt St.Jakob-Str.5;16.09.2018;Sonntag;2;3;7;2;1;0;1;0;1;3;6;8;5;6;6;7;6;6;10;5;2;8;8;4;1
394;10931;St.Gallen Stadt St.Jakob-Str.5;17.09.2018;Montag;1;21;11;19;18;36;77;206;436;355;303;265;302;261;379;345;309;330;468;287;244;181;147;98;49
395;10931;St.Gallen Stadt St.Jakob-Str.5;17.09.2018;Montag;2;2;0;0;1;0;1;7;16;11;16;21;18;10;13;18;15;25;21;20;17;10;3;8;2
396;10931;St.Gallen Stadt St.Jakob-Str.5;18.09.2018;Dienstag;1;22;25;15;22;35;67;203;409;384;338;322;294;277;394;334;305;331;384;337;249;155;161;110;63
397;10931;St.Gallen Stadt St.Jakob-Str.5;18.09.2018;Dienstag;2;1;1;0;1;1;0;5;12;10;13;21;14;9;16;14;17;14;18;16;10;10;7;8;1
398;10931;St.Gallen Stadt St.Jakob-Str.5;19.09.2018;Mittwoch;1;39;14;17;15;34;83;217;394;348;315;315;324;275;345;377;337;368;461;349;287;190;149;128;59
399;10931;St.Gallen Stadt St.Jakob-Str.5;19.09.2018;Mittwoch;2;1;0;1;0;0;0;8;14;9;21;18;26;13;25;26;15;22;29;12;12;12;7;7;2
400;10931;St.Gallen Stadt St.Jakob-Str.5;20.09.2018;Donnerstag;1;29;22;31;25;39;77;219;378;341;327;316;319;239;361;305;301;374;451;394;258;210;172;130;77
401;10931;St.Gallen Stadt St.Jakob-Str.5;20.09.2018;Donnerstag;2;0;2;0;2;0;1;4;12;11;10;14;15;7;22;23;21;14;24;9;4;4;6;7;5
402;10931;St.Gallen Stadt St.Jakob-Str.5;21.09.2018;Freitag;1;44;36;28;35;41;87;204;355;382;362;329;335;271;354;352;344;432;432;337;275;215;217;199;176
403;10931;St.Gallen Stadt St.Jakob-Str.5;21.09.2018;Freitag;2;2;1;2;1;0;0;9;15;16;19;15;27;14;14;29;16;23;12;14;15;7;8;15;6
404;10931;St.Gallen Stadt St.Jakob-Str.5;22.09.2018;Samstag;1;93;100;74;60;59;45;73;140;218;302;373;386;350;402;392;377;321;321;263;225;213;160;156;172
405;10931;St.Gallen Stadt St.Jakob-Str.5;22.09.2018;Samstag;2;8;7;4;1;2;0;4;5;9;10;17;23;14;20;12;13;7;6;8;12;4;9;7;6
406;10931;St.Gallen Stadt St.Jakob-Str.5;23.09.2018;Sonntag;1;120;107;73;65;71;33;48;62;96;157;227;210;223;244;263;276;258;247;247;229;366;282;165;97
407;10931;St.Gallen Stadt St.Jakob-Str.5;23.09.2018;Sonntag;2;6;0;2;5;0;0;0;0;1;2;7;5;5;5;6;7;5;14;8;8;2;3;4;4
408;10931;St.Gallen Stadt St.Jakob-Str.5;24.09.2018;Montag;1;56;31;34;36;96;65;217;371;372;292;297;318;232;369;325;324;343;404;315;237;181;134;104;64
409;10931;St.Gallen Stadt St.Jakob-Str.5;24.09.2018;Montag;2;1;0;1;2;0;1;6;13;11;12;10;21;17;12;23;12;18;14;12;10;6;5;4;3
410;10931;St.Gallen Stadt St.Jakob-Str.5;25.09.2018;Dienstag;1;24;13;10;21;42;66;207;385;326;323;362;309;253;376;342;367;341;427;356;265;189;165;113;59
411;10931;St.Gallen Stadt St.Jakob-Str.5;25.09.2018;Dienstag;2;2;1;0;1;0;3;6;13;19;6;15;14;8;17;14;19;19;19;15;15;6;3;7;4
412;10931;St.Gallen Stadt St.Jakob-Str.5;26.09.2018;Mittwoch;1;42;19;22;21;37;79;212;372;377;322;349;355;307;407;371;364;357;399;352;339;480;366;281;134
413;10931;St.Gallen Stadt St.Jakob-Str.5;26.09.2018;Mittwoch;2;3;0;2;1;1;0;7;11;12;10;35;36;26;30;40;59;51;21;15;13;12;6;6;3
414;10931;St.Gallen Stadt St.Jakob-Str.5;27.09.2018;Donnerstag;1;83;43;39;57;106;77;222;424;386;325;387;351;307;394;348;307;407;440;516;333;243;265;188;119
415;10931;St.Gallen Stadt St.Jakob-Str.5;27.09.2018;Donnerstag;2;0;3;2;0;1;2;4;6;10;27;32;26;19;21;29;26;20;23;31;15;9;11;9;3
416;10931;St.Gallen Stadt St.Jakob-Str.5;28.09.2018;Freitag;1;56;38;25;39;51;80;188;354;394;385;400;369;295;354;375;385;419;382;354;265;215;224;223;198
417;10931;St.Gallen Stadt St.Jakob-Str.5;28.09.2018;Freitag;2;0;2;2;0;2;0;4;9;18;12;25;24;13;20;20;17;23;15;13;12;11;4;8;6
418;10931;St.Gallen Stadt St.Jakob-Str.5;29.09.2018;Samstag;1;115;97;76;72;87;72;92;156;285;338;380;430;397;384;454;382;328;298;255;213;200;172;208;162
419;10931;St.Gallen Stadt St.Jakob-Str.5;29.09.2018;Samstag;2;3;4;1;2;1;0;2;4;8;8;16;7;15;17;19;9;7;8;8;8;11;5;9;5
420;10931;St.Gallen Stadt St.Jakob-Str.5;30.09.2018;Sonntag;1;122;108;89;88;87;47;58;60;94;193;239;264;234;240;226;257;277;287;246;204;208;146;84;58
421;10931;St.Gallen Stadt St.Jakob-Str.5;30.09.2018;Sonntag;2;10;2;1;3;2;1;0;0;3;4;3;13;9;10;13;10;12;5;6;8;4;6;2;1
422;10931;St.Gallen Stadt St.Jakob-Str.5;01.10.2018;Montag;1;34;19;21;20;35;71;194;373;299;300;305;302;253;352;368;308;373;379;315;219;168;107;105;44
423;10931;St.Gallen Stadt St.Jakob-Str.5;01.10.2018;Montag;2;0;0;0;0;1;0;9;7;11;22;17;17;9;20;27;11;23;17;15;4;8;8;3;1
424;10931;St.Gallen Stadt St.Jakob-Str.5;02.10.2018;Dienstag;1;24;11;18;22;34;72;200;365;341;319;296;296;260;360;355;317;367;408;326;227;167;121;100;68
425;10931;St.Gallen Stadt St.Jakob-Str.5;02.10.2018;Dienstag;2;1;0;0;0;0;1;6;10;6;12;9;21;19;15;16;17;14;24;11;6;12;6;0;5
426;10931;St.Gallen Stadt St.Jakob-Str.5;03.10.2018;Mittwoch;1;32;18;25;21;40;83;299;563;547;421;384;356;311;379;332;342;364;422;319;305;395;320;245;149
427;10931;St.Gallen Stadt St.Jakob-Str.5;03.10.2018;Mittwoch;2;0;0;0;2;0;0;9;15;22;22;10;14;11;14;25;25;22;14;17;9;2;3;6;5
428;10931;St.Gallen Stadt St.Jakob-Str.5;04.10.2018;Donnerstag;1;85;58;45;49;95;132;199;367;337;311;325;332;266;419;353;361;368;467;481;373;266;324;302;143
429;10931;St.Gallen Stadt St.Jakob-Str.5;04.10.2018;Donnerstag;2;2;0;2;0;1;2;1;10;14;8;8;20;13;8;14;12;12;18;17;11;4;2;4;3
430;10931;St.Gallen Stadt St.Jakob-Str.5;05.10.2018;Freitag;1;99;41;38;56;101;121;191;338;372;371;391;391;325;367;410;402;426;426;375;360;502;344;329;261
431;10931;St.Gallen Stadt St.Jakob-Str.5;05.10.2018;Freitag;2;5;0;2;0;0;1;10;11;10;15;11;7;10;19;13;16;14;12;26;18;9;8;9;9
432;10931;St.Gallen Stadt St.Jakob-Str.5;06.10.2018;Samstag;1;215;142;118;85;85;60;76;143;228;336;387;374;388;392;415;354;307;320;246;203;197;186;186;160
433;10931;St.Gallen Stadt St.Jakob-Str.5;06.10.2018;Samstag;2;3;2;3;1;1;0;2;4;2;9;15;12;3;8;12;15;7;10;10;14;9;8;9;9
434;10931;St.Gallen Stadt St.Jakob-Str.5;07.10.2018;Sonntag;1;142;106;88;90;73;49;47;53;70;151;184;219;220;224;248;248;281;265;234;216;173;130;76;54
435;10931;St.Gallen Stadt St.Jakob-Str.5;07.10.2018;Sonntag;2;2;5;5;5;0;1;2;0;1;1;4;2;5;3;6;7;3;5;4;5;2;2;4;1
436;10931;St.Gallen Stadt St.Jakob-Str.5;08.10.2018;Montag;1;19;25;22;16;34;77;207;399;357;358;357;356;306;433;405;343;379;462;345;241;172;147;110;62
437;10931;St.Gallen Stadt St.Jakob-Str.5;08.10.2018;Montag;2;1;1;2;1;0;0;1;41;35;27;36;19;20;21;30;13;14;22;14;15;7;2;6;5
438;10931;St.Gallen Stadt St.Jakob-Str.5;09.10.2018;Dienstag;1;37;20;21;17;42;77;243;539;421;370;374;390;311;401;410;360;426;464;375;266;192;148;123;72
439;10931;St.Gallen Stadt St.Jakob-Str.5;09.10.2018;Dienstag;2;2;0;1;0;0;2;8;29;36;29;28;38;12;20;19;16;14;19;22;13;5;3;2;0
440;10931;St.Gallen Stadt St.Jakob-Str.5;10.10.2018;Mittwoch;1;36;17;18;16;36;80;234;388;364;375;436;412;337;432;411;434;454;490;431;334;209;197;139;96
441;10931;St.Gallen Stadt St.Jakob-Str.5;10.10.2018;Mittwoch;2;0;0;0;0;1;1;6;17;29;24;28;18;14;13;6;8;2;9;4;7;2;4;2;1
442;10931;St.Gallen Stadt St.Jakob-Str.5;11.10.2018;Donnerstag;1;49;31;37;28;38;79;242;365;392;377;391;396;371;396;423;388;444;470;433;378;320;276;249;215
443;10931;St.Gallen Stadt St.Jakob-Str.5;11.10.2018;Donnerstag;2;0;0;0;0;1;0;6;8;10;10;13;4;6;6;1;6;5;6;7;5;7;1;3;7
444;10931;St.Gallen Stadt St.Jakob-Str.5;12.10.2018;Freitag;1;121;90;57;48;49;84;204;346;388;370;452;397;384;426;456;396;417;449;445;344;388;297;330;261
445;10931;St.Gallen Stadt St.Jakob-Str.5;12.10.2018;Freitag;2;4;0;0;0;0;0;5;4;4;9;5;8;10;1;11;1;6;6;8;0;7;1;7;4
446;10931;St.Gallen Stadt St.Jakob-Str.5;13.10.2018;Samstag;1;170;154;100;84;69;53;78;151;278;374;376;399;376;413;454;426;387;350;388;356;352;354;307;250
447;10931;St.Gallen Stadt St.Jakob-Str.5;13.10.2018;Samstag;2;4;1;1;0;0;0;1;4;6;5;3;6;6;12;2;6;6;7;2;6;4;4;4;4
448;10931;St.Gallen Stadt St.Jakob-Str.5;14.10.2018;Sonntag;1;228;174;131;97;85;44;57;61;175;251;322;342;376;364;434;440;419;370;367;330;297;189;98;77
449;10931;St.Gallen Stadt St.Jakob-Str.5;14.10.2018;Sonntag;2;2;4;2;1;1;0;1;1;2;4;3;8;5;4;6;11;5;1;6;4;4;1;1;0
450;10931;St.Gallen Stadt St.Jakob-Str.5;15.10.2018;Montag;1;41;25;17;24;40;81;238;391;368;354;389;390;434;440;447;398;394;464;402;325;278;265;217;163
451;10931;St.Gallen Stadt St.Jakob-Str.5;15.10.2018;Montag;2;1;0;1;1;0;0;1;6;3;5;10;5;2;5;4;5;2;6;5;2;5;4;8;4
452;10931;St.Gallen Stadt St.Jakob-Str.5;16.10.2018;Dienstag;1;110;62;36;28;49;77;243;371;409;367;404;397;379;403;390;381;423;489;436;364;332;206;172;133
453;10931;St.Gallen Stadt St.Jakob-Str.5;16.10.2018;Dienstag;2;0;0;0;1;0;1;2;6;2;7;2;9;8;4;6;3;1;7;8;3;10;4;6;1
454;10931;St.Gallen Stadt St.Jakob-Str.5;17.10.2018;Mittwoch;1;74;28;29;25;39;72;247;349;369;380;400;436;340;399;434;410;393;471;473;345;277;255;203;176
455;10931;St.Gallen Stadt St.Jakob-Str.5;17.10.2018;Mittwoch;2;1;0;0;0;0;1;2;2;3;4;8;7;3;6;7;5;4;2;3;3;3;4;2;5
456;10931;St.Gallen Stadt St.Jakob-Str.5;18.10.2018;Donnerstag;1;92;65;47;26;34;83;236;358;379;359;419;419;347;411;420;389;467;456;478;374;292;244;286;225
457;10931;St.Gallen Stadt St.Jakob-Str.5;18.10.2018;Donnerstag;2;2;0;0;0;0;0;2;4;5;4;10;4;8;3;12;7;8;3;6;7;3;1;4;10
458;10931;St.Gallen Stadt St.Jakob-Str.5;19.10.2018;Freitag;1;111;73;51;32;42;81;219;334;411;379;401;389;397;466;493;443;474;441;433;416;347;365;258;268
459;10931;St.Gallen Stadt St.Jakob-Str.5;19.10.2018;Freitag;2;2;0;0;1;0;1;0;3;4;5;5;7;10;5;5;7;7;9;2;2;2;8;5;3
460;10931;St.Gallen Stadt St.Jakob-Str.5;20.10.2018;Samstag;1;188;161;113;87;77;62;72;135;260;402;407;439;401;462;510;476;479;413;372;342;371;332;347;240
461;10931;St.Gallen Stadt St.Jakob-Str.5;20.10.2018;Samstag;2;4;1;2;0;1;0;2;2;5;3;2;5;7;10;8;12;5;9;5;6;5;3;7;6
462;10931;St.Gallen Stadt St.Jakob-Str.5;21.10.2018;Sonntag;1;216;171;129;104;77;59;57;99;180;258;312;365;410;447;511;429;394;366;370;306;253;148;108;52
463;10931;St.Gallen Stadt St.Jakob-Str.5;21.10.2018;Sonntag;2;0;1;0;0;2;0;2;4;4;6;9;4;10;9;7;9;5;6;6;7;9;4;4;1
464;10931;St.Gallen Stadt St.Jakob-Str.5;22.10.2018;Montag;1;28;18;20;26;40;90;257;572;512;405;379;367;359;439;387;351;442;487;366;323;201;156;116;49
465;10931;St.Gallen Stadt St.Jakob-Str.5;22.10.2018;Montag;2;0;0;1;0;1;1;10;18;23;11;10;13;6;17;18;15;14;29;24;14;6;4;4;2
466;10931;St.Gallen Stadt St.Jakob-Str.5;23.10.2018;Dienstag;1;22;10;19;15;25;81;237;435;444;418;404;383;337;410;428;357;431;540;381;308;203;177;111;60
467;10931;St.Gallen Stadt St.Jakob-Str.5;23.10.2018;Dienstag;2;0;2;2;0;0;0;13;22;31;21;16;29;14;24;19;28;12;21;19;12;4;7;2;2
468;10931;St.Gallen Stadt St.Jakob-Str.5;24.10.2018;Mittwoch;1;30;27;13;15;26;76;245;434;412;389;360;345;263;401;354;359;379;455;344;283;179;180;106;84
469;10931;St.Gallen Stadt St.Jakob-Str.5;24.10.2018;Mittwoch;2;2;2;2;0;1;1;4;9;27;28;34;24;18;21;26;19;15;29;16;13;4;1;3;3
470;10931;St.Gallen Stadt St.Jakob-Str.5;25.10.2018;Donnerstag;1;35;32;23;26;36;73;233;365;365;305;292;318;289;380;360;323;386;449;414;309;212;159;145;98
471;10931;St.Gallen Stadt St.Jakob-Str.5;25.10.2018;Donnerstag;2;3;1;0;0;0;0;1;11;15;14;14;27;7;19;24;23;22;23;26;10;4;8;5;2
472;10931;St.Gallen Stadt St.Jakob-Str.5;26.10.2018;Freitag;1;46;28;21;13;39;84;222;322;378;350;352;344;341;396;357;361;370;457;368;294;206;189;202;152
473;10931;St.Gallen Stadt St.Jakob-Str.5;26.10.2018;Freitag;2;0;1;1;2;0;2;7;9;32;15;12;17;17;23;23;18;17;23;16;13;7;5;10;6
474;10931;St.Gallen Stadt St.Jakob-Str.5;27.10.2018;Samstag;1;114;87;67;68;57;44;74;140;254;327;398;406;400;366;444;363;343;329;287;211;206;158;234;179
475;10931;St.Gallen Stadt St.Jakob-Str.5;27.10.2018;Samstag;2;8;5;1;2;2;0;0;5;8;8;17;16;13;11;10;16;13;11;17;14;8;5;19;10
476;10931;St.Gallen Stadt St.Jakob-Str.5;28.10.2018;Sonntag;1;157;255;69;84;45;42;35;60;95;167;219;229;275;267;285;289;250;254;207;181;150;103;43;39
477;10931;St.Gallen Stadt St.Jakob-Str.5;28.10.2018;Sonntag;2;8;7;3;2;0;1;0;7;53;134;102;120;70;86;35;22;12;7;7;5;6;5;3;2
478;10931;St.Gallen Stadt St.Jakob-Str.5;29.10.2018;Montag;1;18;14;21;21;29;77;234;395;372;291;313;316;253;403;350;337;381;428;326;218;162;127;91;67
479;10931;St.Gallen Stadt St.Jakob-Str.5;29.10.2018;Montag;2;1;1;0;0;0;0;5;14;12;13;11;12;13;17;10;15;16;21;13;25;4;5;2;2
480;10931;St.Gallen Stadt St.Jakob-Str.5;30.10.2018;Dienstag;1;26;13;18;19;36;76;204;366;409;357;307;327;307;358;384;370;393;438;370;244;164;162;102;67
481;10931;St.Gallen Stadt St.Jakob-Str.5;30.10.2018;Dienstag;2;2;1;0;0;0;1;1;14;7;9;15;26;15;13;12;19;17;16;15;6;6;9;4;5
482;10931;St.Gallen Stadt St.Jakob-Str.5;31.10.2018;Mittwoch;1;16;20;23;18;31;79;222;384;383;321;349;356;299;387;380;380;434;467;340;267;195;180;167;117
483;10931;St.Gallen Stadt St.Jakob-Str.5;31.10.2018;Mittwoch;2;0;1;0;0;0;1;4;15;12;19;13;19;16;19;17;18;20;14;16;5;3;8;5;2
484;10931;St.Gallen Stadt St.Jakob-Str.5;01.11.2018;Donnerstag;1;93;65;69;60;61;63;83;86;110;138;206;215;228;240;255;254;277;279;196;189;132;134;86;81
485;10931;St.Gallen Stadt St.Jakob-Str.5;01.11.2018;Donnerstag;2;3;2;1;1;1;0;1;3;2;1;7;6;11;5;7;3;7;10;17;5;6;8;1;3
486;10931;St.Gallen Stadt St.Jakob-Str.5;02.11.2018;Freitag;1;41;31;30;30;37;59;132;274;306;382;390;385;325;406;418;377;383;368;328;264;208;195;163;126
487;10931;St.Gallen Stadt St.Jakob-Str.5;02.11.2018;Freitag;2;1;4;1;2;0;0;4;14;16;16;15;20;13;18;23;21;11;11;20;18;5;5;5;9
488;10931;St.Gallen Stadt St.Jakob-Str.5;03.11.2018;Samstag;1;88;86;73;59;68;43;74;117;249;318;371;397;355;362;381;338;347;312;237;162;189;165;197;194
489;10931;St.Gallen Stadt St.Jakob-Str.5;03.11.2018;Samstag;2;4;4;0;2;2;0;0;5;5;14;16;18;21;16;26;20;11;16;19;10;13;8;10;6
490;10931;St.Gallen Stadt St.Jakob-Str.5;04.11.2018;Sonntag;1;137;143;70;88;60;43;45;44;78;144;202;223;215;222;290;268;281;270;208;183;148;123;72;51
491;10931;St.Gallen Stadt St.Jakob-Str.5;04.11.2018;Sonntag;2;7;5;1;0;1;3;2;1;2;5;8;13;3;12;7;10;12;5;6;4;1;2;3;0
492;10931;St.Gallen Stadt St.Jakob-Str.5;05.11.2018;Montag;1;27;19;22;15;35;84;227;364;364;302;310;307;264;393;351;360;384;409;323;257;131;138;87;48
493;10931;St.Gallen Stadt St.Jakob-Str.5;05.11.2018;Montag;2;2;0;1;1;0;0;7;14;13;17;12;12;13;12;13;9;17;22;14;6;2;8;7;2
494;10931;St.Gallen Stadt St.Jakob-Str.5;06.11.2018;Dienstag;1;36;24;21;14;32;79;220;391;411;346;315;315;262;389;344;341;382;439;340;263;150;150;100;48
495;10931;St.Gallen Stadt St.Jakob-Str.5;06.11.2018;Dienstag;2;1;3;0;1;1;2;4;14;11;14;15;32;8;15;9;18;20;22;12;15;3;5;7;2
496;10931;St.Gallen Stadt St.Jakob-Str.5;07.11.2018;Mittwoch;1;32;13;13;22;26;87;225;379;360;355;317;334;242;429;384;350;370;436;351;260;181;154;97;60
497;10931;St.Gallen Stadt St.Jakob-Str.5;07.11.2018;Mittwoch;2;1;0;0;1;0;0;6;11;17;14;13;16;13;20;24;25;20;28;16;6;9;10;2;4
498;10931;St.Gallen Stadt St.Jakob-Str.5;08.11.2018;Donnerstag;1;33;18;13;16;43;64;246;362;378;325;313;332;265;396;345;365;387;489;388;271;202;156;147;70
499;10931;St.Gallen Stadt St.Jakob-Str.5;08.11.2018;Donnerstag;2;0;3;1;0;0;1;2;7;10;14;12;19;8;22;19;21;12;25;19;13;5;7;4;3
500;10931;St.Gallen Stadt St.Jakob-Str.5;09.11.2018;Freitag;1;47;19;30;21;31;77;209;347;353;374;362;331;319;373;372;384;427;467;401;285;204;190;216;119
501;10931;St.Gallen Stadt St.Jakob-Str.5;09.11.2018;Freitag;2;4;4;1;0;1;0;5;9;14;29;25;21;15;18;18;19;18;25;22;6;3;9;12;4
502;10931;St.Gallen Stadt St.Jakob-Str.5;10.11.2018;Samstag;1;97;100;71;65;52;47;63;140;268;329;345;397;344;343;412;345;311;255;253;223;165;192;160;166
503;10931;St.Gallen Stadt St.Jakob-Str.5;10.11.2018;Samstag;2;5;2;0;1;1;1;1;4;6;8;15;11;13;14;19;17;17;10;11;14;6;12;8;11
504;10931;St.Gallen Stadt St.Jakob-Str.5;11.11.2018;Sonntag;1;163;114;99;83;51;44;31;52;83;158;225;250;265;281;273;254;283;256;212;164;138;91;69;33
505;10931;St.Gallen Stadt St.Jakob-Str.5;11.11.2018;Sonntag;2;7;2;1;4;1;1;0;0;4;5;9;9;5;10;7;10;8;7;6;6;4;1;2;0
506;10931;St.Gallen Stadt St.Jakob-Str.5;10.12.2018;Montag;1;23;21;13;17;36;66;219;378;385;302;292;293;287;388;346;308;326;446;348;242;161;107;114;75
507;10931;St.Gallen Stadt St.Jakob-Str.5;10.12.2018;Montag;2;2;1;0;2;0;0;7;17;21;8;20;22;20;20;21;12;18;20;10;13;4;7;5;0
508;10931;St.Gallen Stadt St.Jakob-Str.5;11.12.2018;Dienstag;1;26;12;16;14;40;78;211;362;404;316;300;319;278;382;383;338;395;415;341;264;163;158;129;68
509;10931;St.Gallen Stadt St.Jakob-Str.5;11.12.2018;Dienstag;2;0;1;1;1;0;1;10;11;10;20;20;20;14;18;20;13;21;26;10;8;5;4;2;2
510;10931;St.Gallen Stadt St.Jakob-Str.5;12.12.2018;Mittwoch;1;34;11;20;17;34;75;206;406;363;347;320;323;269;403;420;373;402;421;303;253;170;132;130;82
511;10931;St.Gallen Stadt St.Jakob-Str.5;12.12.2018;Mittwoch;2;2;0;0;2;0;0;6;11;14;12;18;21;20;19;21;18;16;19;14;10;5;4;3;1
512;10931;St.Gallen Stadt St.Jakob-Str.5;13.12.2018;Donnerstag;1;39;27;21;19;39;76;210;335;387;371;330;338;279;394;344;365;408;470;414;310;205;152;135;87
513;10931;St.Gallen Stadt St.Jakob-Str.5;13.12.2018;Donnerstag;2;1;2;1;2;0;1;7;11;10;13;12;26;17;18;25;21;20;27;15;9;9;7;3;2
514;10931;St.Gallen Stadt St.Jakob-Str.5;14.12.2018;Freitag;1;55;33;25;26;36;84;180;336;363;336;361;347;332;388;411;399;444;411;394;265;193;178;193;176
515;10931;St.Gallen Stadt St.Jakob-Str.5;14.12.2018;Freitag;2;1;0;0;1;1;2;9;8;15;23;22;25;10;23;24;18;28;26;24;12;13;8;8;12
516;10931;St.Gallen Stadt St.Jakob-Str.5;15.12.2018;Samstag;1;167;129;99;91;79;77;82;125;248;323;387;413;350;394;421;358;345;266;257;209;200;197;190;154
517;10931;St.Gallen Stadt St.Jakob-Str.5;15.12.2018;Samstag;2;7;2;6;1;1;1;2;10;10;12;19;17;12;15;22;17;10;7;13;9;6;10;9;13
518;10931;St.Gallen Stadt St.Jakob-Str.5;16.12.2018;Sonntag;1;160;139;98;85;78;41;36;60;75;137;205;259;287;267;316;275;264;191;196;177;157;93;69;49
519;10931;St.Gallen Stadt St.Jakob-Str.5;16.12.2018;Sonntag;2;5;6;2;8;1;4;0;2;13;3;9;17;11;13;11;8;11;12;9;4;1;1;1;1
520;10931;St.Gallen Stadt St.Jakob-Str.5;17.12.2018;Montag;1;28;16;15;21;47;79;199;387;358;340;297;317;271;399;371;353;385;409;286;210;157;134;115;55
521;10931;St.Gallen Stadt St.Jakob-Str.5;17.12.2018;Montag;2;1;2;0;3;0;1;3;14;8;17;11;15;20;25;25;13;23;23;18;10;10;4;2;1
522;10931;St.Gallen Stadt St.Jakob-Str.5;18.12.2018;Dienstag;1;28;18;20;19;45;63;206;380;363;369;368;359;270;419;357;367;403;416;343;257;164;149;116;81
523;10931;St.Gallen Stadt St.Jakob-Str.5;18.12.2018;Dienstag;2;1;1;0;1;0;1;5;11;11;15;22;20;17;21;27;27;30;21;15;9;4;4;4;1
524;10931;St.Gallen Stadt St.Jakob-Str.5;19.12.2018;Mittwoch;1;39;18;18;16;32;67;186;378;370;352;381;364;294;465;437;331;406;441;330;262;162;149;123;64
525;10931;St.Gallen Stadt St.Jakob-Str.5;19.12.2018;Mittwoch;2;1;0;4;2;0;1;3;10;12;15;15;23;16;17;30;25;21;26;16;20;10;4;6;1
526;10931;St.Gallen Stadt St.Jakob-Str.5;20.12.2018;Donnerstag;1;39;33;43;34;51;80;181;352;371;355;325;367;293;390;383;384;361;484;427;331;205;161;137;90
527;10931;St.Gallen Stadt St.Jakob-Str.5;20.12.2018;Donnerstag;2;3;0;1;1;4;2;7;10;14;14;34;18;11;21;26;20;24;27;30;23;15;9;8;7
528;10931;St.Gallen Stadt St.Jakob-Str.5;21.12.2018;Freitag;1;57;37;38;39;44;69;174;314;372;398;404;398;333;421;463;436;433;419;342;261;186;134;150;149
529;10931;St.Gallen Stadt St.Jakob-Str.5;21.12.2018;Freitag;2;2;4;4;1;0;1;3;7;10;21;21;22;25;25;32;21;20;27;22;20;5;7;4;13
530;10931;St.Gallen Stadt St.Jakob-Str.5;22.12.2018;Samstag;1;126;101;85;80;86;53;65;105;251;337;405;426;383;361;357;351;317;262;234;168;165;164;134;149
531;10931;St.Gallen Stadt St.Jakob-Str.5;22.12.2018;Samstag;2;5;4;1;2;1;2;1;1;7;19;13;17;15;24;18;16;13;12;14;9;5;6;9;2
532;10931;St.Gallen Stadt St.Jakob-Str.5;23.12.2018;Sonntag;1;121;125;94;85;69;47;33;42;83;142;208;296;294;305;313;322;264;250;180;170;138;94;89;80
533;10931;St.Gallen Stadt St.Jakob-Str.5;23.12.2018;Sonntag;2;4;1;3;4;0;2;1;0;1;5;8;5;14;14;12;10;9;16;5;6;1;5;5;2
534;10931;St.Gallen Stadt St.Jakob-Str.5;24.12.2018;Montag;1;57;39;40;30;33;47;86;152;235;350;413;426;380;381;341;332;295;246;128;83;85;143;198;180
535;10931;St.Gallen Stadt St.Jakob-Str.5;24.12.2018;Montag;2;3;3;0;2;0;0;1;4;7;10;23;26;13;10;10;9;16;9;3;6;2;2;9;8
536;10931;St.Gallen Stadt St.Jakob-Str.5;25.12.2018;Dienstag;1;163;82;81;34;33;26;27;26;34;87;160;197;211;185;192;218;236;205;161;132;125;147;134;132
537;10931;St.Gallen Stadt St.Jakob-Str.5;25.12.2018;Dienstag;2;7;2;0;2;0;1;1;1;1;1;1;4;1;2;2;8;2;10;4;3;3;5;5;4
538;10931;St.Gallen Stadt St.Jakob-Str.5;26.12.2018;Mittwoch;1;104;51;37;41;31;21;34;32;35;94;171;216;222;247;260;222;225;211;155;153;144;131;113;85
539;10931;St.Gallen Stadt St.Jakob-Str.5;26.12.2018;Mittwoch;2;3;1;1;1;0;1;0;1;1;1;2;10;3;11;4;9;5;8;6;6;4;2;7;6
540;10931;St.Gallen Stadt St.Jakob-Str.5;27.12.2018;Donnerstag;1;48;43;33;32;30;30;85;187;226;302;340;364;313;360;373;342;318;281;241;188;168;126;103;64
541;10931;St.Gallen Stadt St.Jakob-Str.5;27.12.2018;Donnerstag;2;2;1;0;1;0;0;1;9;9;16;10;12;10;16;18;8;14;13;9;5;7;4;3;2
542;10931;St.Gallen Stadt St.Jakob-Str.5;28.12.2018;Freitag;1;56;49;39;30;50;39;107;171;195;291;311;350;320;363;380;368;347;312;243;190;158;164;134;106
543;10931;St.Gallen Stadt St.Jakob-Str.5;28.12.2018;Freitag;2;2;2;1;0;1;0;6;3;8;17;21;20;7;29;25;18;17;21;14;7;10;11;6;4
544;10931;St.Gallen Stadt St.Jakob-Str.5;29.12.2018;Samstag;1;103;93;61;63;63;42;53;83;145;217;266;350;310;341;336;302;255;218;191;184;150;137;126;115
545;10931;St.Gallen Stadt St.Jakob-Str.5;29.12.2018;Samstag;2;4;4;0;6;0;2;0;1;11;6;23;9;4;13;18;16;9;11;5;7;7;1;6;3
546;10931;St.Gallen Stadt St.Jakob-Str.5;30.12.2018;Sonntag;1;93;88;74;76;62;31;34;42;50;101;143;169;171;204;209;205;228;211;142;157;145;115;86;60
547;10931;St.Gallen Stadt St.Jakob-Str.5;30.12.2018;Sonntag;2;6;1;2;0;0;0;0;1;0;3;3;6;7;12;7;5;7;5;2;4;5;3;2;4
548;10931;St.Gallen Stadt St.Jakob-Str.5;31.12.2018;Montag;1;61;35;27;21;30;39;75;106;158;263;332;351;320;354;307;299;243;205;206;151;119;117;115;100
549;10931;St.Gallen Stadt St.Jakob-Str.5;31.12.2018;Montag;2;4;2;1;2;0;1;4;0;7;6;15;12;7;6;14;16;6;9;14;5;3;8;9;2
