LNR;ORT-ID;BEZEICHNUNG;DATUM;WOCHENTAG;RI;1;2;3;4;5;6;7;8;9;10;11;12;13;14;15;16;17;18;19;20;21;22;23;24
0;10937;St.Gallen Stadt Kirche Neudorf;01.01.2020;Mittwoch;1;98;106;92;51;39;34;52;58;57;77;106;154;192;202;265;227;250;252;181;133;117;83;69;46
1;10937;St.Gallen Stadt Kirche Neudorf;01.01.2020;Mittwoch;2;109;129;77;58;52;33;54;39;34;77;98;127;135;179;231;249;286;237;212;128;146;97;51;52
2;10937;St.Gallen Stadt Kirche Neudorf;02.01.2020;Donnerstag;1;32;16;9;13;15;44;104;175;193;270;343;350;344;369;420;418;464;376;242;190;154;129;86;71
3;10937;St.Gallen Stadt Kirche Neudorf;02.01.2020;Donnerstag;2;26;17;12;10;15;33;101;144;210;261;331;314;326;369;431;423;441;354;303;231;166;105;101;59
4;10937;St.Gallen Stadt Kirche Neudorf;03.01.2020;Freitag;1;47;18;16;10;17;48;128;218;235;298;433;427;370;434;469;468;494;457;333;199;145;112;110;87
5;10937;St.Gallen Stadt Kirche Neudorf;03.01.2020;Freitag;2;39;24;19;15;31;51;159;271;268;339;399;423;377;419;487;503;492;421;325;242;153;132;102;78
6;10937;St.Gallen Stadt Kirche Neudorf;04.01.2020;Samstag;1;69;40;32;14;23;47;59;102;186;294;379;421;391;381;444;416;352;308;235;126;117;100;112;116
7;10937;St.Gallen Stadt Kirche Neudorf;04.01.2020;Samstag;2;60;42;25;34;21;37;74;99;192;287;395;380;380;373;467;415;403;303;228;168;144;113;146;96
8;10937;St.Gallen Stadt Kirche Neudorf;05.01.2020;Sonntag;1;57;55;32;13;26;32;44;64;92;146;209;294;299;308;316;293;309;272;200;152;129;95;61;46
9;10937;St.Gallen Stadt Kirche Neudorf;05.01.2020;Sonntag;2;67;44;34;28;31;27;57;43;101;197;183;209;208;287;310;364;400;366;241;181;161;109;74;51
10;10937;St.Gallen Stadt Kirche Neudorf;06.01.2020;Montag;1;34;11;7;10;35;105;288;398;336;359;390;451;376;466;472;444;671;630;419;291;180;142;104;54
11;10937;St.Gallen Stadt Kirche Neudorf;06.01.2020;Montag;2;20;16;10;14;31;82;395;673;443;402;403;405;415;484;466;468;568;615;392;250;151;119;93;45
12;10937;St.Gallen Stadt Kirche Neudorf;07.01.2020;Dienstag;1;29;12;10;6;39;101;318;414;298;347;436;485;389;437;523;495;581;625;449;272;186;166;90;66
13;10937;St.Gallen Stadt Kirche Neudorf;07.01.2020;Dienstag;2;26;9;12;14;22;91;398;666;470;411;436;395;415;441;449;440;531;593;376;252;173;92;79;48
14;10937;St.Gallen Stadt Kirche Neudorf;08.01.2020;Mittwoch;1;36;13;10;11;38;93;290;425;370;370;405;475;413;495;521;521;633;670;452;286;206;186;101;79
15;10937;St.Gallen Stadt Kirche Neudorf;08.01.2020;Mittwoch;2;28;13;11;16;26;88;393;673;494;410;416;443;392;493;513;475;614;598;422;289;166;127;113;49
16;10937;St.Gallen Stadt Kirche Neudorf;09.01.2020;Donnerstag;1;36;18;11;14;44;100;295;430;328;343;423;494;404;494;477;525;633;673;430;307;225;205;122;69
17;10937;St.Gallen Stadt Kirche Neudorf;09.01.2020;Donnerstag;2;24;12;4;11;30;97;413;664;472;398;404;443;420;484;520;513;594;676;427;268;168;152;126;54
18;10937;St.Gallen Stadt Kirche Neudorf;10.01.2020;Freitag;1;39;14;16;15;43;99;275;404;342;426;477;539;480;491;500;553;678;632;461;286;181;185;174;136
19;10937;St.Gallen Stadt Kirche Neudorf;10.01.2020;Freitag;2;23;13;10;19;22;96;378;622;482;414;467;457;438;508;495;524;625;599;449;278;203;142;118;86
20;10937;St.Gallen Stadt Kirche Neudorf;11.01.2020;Samstag;1;63;45;33;24;21;45;70;144;239;371;411;513;439;503;477;457;448;420;245;172;157;126;127;115
21;10937;St.Gallen Stadt Kirche Neudorf;11.01.2020;Samstag;2;72;49;39;18;26;39;92;127;237;344;434;512;423;443;463;429;454;354;294;175;161;158;141;124
22;10937;St.Gallen Stadt Kirche Neudorf;12.01.2020;Sonntag;1;80;45;42;22;25;28;54;68;108;156;228;324;312;330;385;354;332;284;218;199;141;113;70;48
23;10937;St.Gallen Stadt Kirche Neudorf;12.01.2020;Sonntag;2;90;59;39;34;17;28;57;47;81;171;205;228;238;310;352;394;793;838;288;216;143;126;74;40
24;10937;St.Gallen Stadt Kirche Neudorf;13.01.2020;Montag;1;25;15;14;9;32;115;327;471;359;332;370;435;404;446;406;537;674;685;440;284;197;148;91;56
25;10937;St.Gallen Stadt Kirche Neudorf;13.01.2020;Montag;2;23;11;12;11;20;89;414;705;496;409;400;431;399;476;459;476;589;654;441;264;146;109;105;38
26;10937;St.Gallen Stadt Kirche Neudorf;14.01.2020;Dienstag;1;24;15;9;9;27;116;335;439;340;379;428;475;382;479;487;531;646;658;454;272;231;184;111;58
27;10937;St.Gallen Stadt Kirche Neudorf;14.01.2020;Dienstag;2;24;7;8;9;18;106;423;703;523;395;411;440;377;505;498;474;558;639;436;281;181;112;104;49
28;10937;St.Gallen Stadt Kirche Neudorf;15.01.2020;Mittwoch;1;23;11;13;8;34;111;329;433;347;389;393;500;397;514;458;476;612;653;453;266;225;176;117;71
29;10937;St.Gallen Stadt Kirche Neudorf;15.01.2020;Mittwoch;2;28;11;7;16;19;90;424;670;497;414;365;466;381;464;461;473;595;605;486;302;157;137;121;51
30;10937;St.Gallen Stadt Kirche Neudorf;16.01.2020;Donnerstag;1;33;15;13;13;35;117;305;451;364;366;441;511;428;515;497;517;682;659;511;306;248;190;154;91
31;10937;St.Gallen Stadt Kirche Neudorf;16.01.2020;Donnerstag;2;25;11;9;13;16;98;425;696;538;414;444;451;390;490;508;521;563;656;492;270;201;152;114;70
32;10937;St.Gallen Stadt Kirche Neudorf;17.01.2020;Freitag;1;35;19;13;17;36;114;315;456;344;412;479;540;482;502;517;573;691;878;646;329;179;173;164;143
33;10937;St.Gallen Stadt Kirche Neudorf;17.01.2020;Freitag;2;34;17;9;12;22;92;372;646;505;431;507;505;443;461;502;567;631;569;424;284;200;128;151;104
34;10937;St.Gallen Stadt Kirche Neudorf;18.01.2020;Samstag;1;68;29;32;22;27;54;77;132;241;401;443;487;391;424;486;465;430;335;245;205;151;140;148;125
35;10937;St.Gallen Stadt Kirche Neudorf;18.01.2020;Samstag;2;75;33;34;17;30;37;87;139;255;377;467;514;427;450;460;458;455;372;291;175;164;124;131;107
36;10937;St.Gallen Stadt Kirche Neudorf;19.01.2020;Sonntag;1;81;58;33;23;25;30;40;66;100;162;216;299;285;266;335;316;332;318;243;201;144;103;76;55
37;10937;St.Gallen Stadt Kirche Neudorf;19.01.2020;Sonntag;2;89;51;35;22;29;23;46;47;133;211;203;247;235;250;353;337;342;341;263;182;178;115;75;46
38;10937;St.Gallen Stadt Kirche Neudorf;20.01.2020;Montag;1;23;7;6;12;44;114;316;488;354;355;359;480;407;433;491;507;633;623;432;282;191;145;101;57
39;10937;St.Gallen Stadt Kirche Neudorf;20.01.2020;Montag;2;27;7;9;10;27;99;427;732;497;392;385;416;389;451;481;512;537;654;412;236;162;117;96;41
40;10937;St.Gallen Stadt Kirche Neudorf;21.01.2020;Dienstag;1;25;14;14;10;48;124;328;453;314;356;396;440;392;430;439;482;643;659;487;291;193;159;122;67
41;10937;St.Gallen Stadt Kirche Neudorf;21.01.2020;Dienstag;2;21;15;9;7;32;101;402;674;491;386;368;419;370;433;428;534;556;627;405;265;181;136;111;39
42;10937;St.Gallen Stadt Kirche Neudorf;22.01.2020;Mittwoch;1;33;16;12;11;43;126;347;432;351;395;395;471;412;504;445;513;641;653;454;275;214;199;111;67
43;10937;St.Gallen Stadt Kirche Neudorf;22.01.2020;Mittwoch;2;29;15;3;7;26;116;419;664;488;354;402;431;400;493;513;569;583;618;664;314;157;126;119;46
44;10937;St.Gallen Stadt Kirche Neudorf;23.01.2020;Donnerstag;1;31;14;11;14;50;111;341;490;349;362;411;464;428;473;570;644;703;615;460;311;219;183;134;75
45;10937;St.Gallen Stadt Kirche Neudorf;23.01.2020;Donnerstag;2;29;16;10;9;24;110;399;739;487;365;401;439;375;509;473;448;555;621;458;270;182;132;107;64
46;10937;St.Gallen Stadt Kirche Neudorf;24.01.2020;Freitag;1;26;16;11;19;42;129;351;407;357;423;463;532;450;526;515;570;716;655;443;292;187;190;155;126
47;10937;St.Gallen Stadt Kirche Neudorf;24.01.2020;Freitag;2;34;14;14;13;19;102;399;628;472;421;458;462;430;514;569;564;652;640;443;272;198;159;128;99
48;10937;St.Gallen Stadt Kirche Neudorf;25.01.2020;Samstag;1;58;40;23;23;23;57;97;189;248;372;497;505;461;451;466;496;442;305;240;171;165;131;142;106
49;10937;St.Gallen Stadt Kirche Neudorf;25.01.2020;Samstag;2;70;46;30;18;23;29;79;123;234;345;431;437;399;449;486;436;478;372;265;179;161;125;138;91
50;10937;St.Gallen Stadt Kirche Neudorf;26.01.2020;Sonntag;1;83;52;28;35;19;31;44;86;96;166;224;270;344;312;348;358;374;286;244;180;153;100;81;43
51;10937;St.Gallen Stadt Kirche Neudorf;26.01.2020;Sonntag;2;78;61;33;33;27;28;66;54;99;159;190;229;218;270;352;400;371;353;228;192;166;101;63;42
52;10937;St.Gallen Stadt Kirche Neudorf;27.01.2020;Montag;1;24;11;12;10;35;111;322;408;329;339;387;438;332;443;440;460;577;590;385;205;154;154;93;41
53;10937;St.Gallen Stadt Kirche Neudorf;27.01.2020;Montag;2;29;4;12;10;23;106;389;568;424;374;389;383;390;434;488;465;554;584;365;241;161;93;100;52
54;10937;St.Gallen Stadt Kirche Neudorf;28.01.2020;Dienstag;1;27;13;12;8;33;124;325;421;318;352;366;408;361;438;438;459;585;605;398;243;168;164;85;66
55;10937;St.Gallen Stadt Kirche Neudorf;28.01.2020;Dienstag;2;15;8;7;13;24;114;370;607;411;380;413;364;325;457;461;427;529;562;373;268;168;109;108;45
56;10937;St.Gallen Stadt Kirche Neudorf;29.01.2020;Mittwoch;1;22;14;9;12;34;130;281;407;330;315;419;443;403;442;469;431;583;639;411;235;189;147;96;54
57;10937;St.Gallen Stadt Kirche Neudorf;29.01.2020;Mittwoch;2;22;14;8;16;24;113;355;570;389;349;356;415;400;456;476;450;513;576;422;254;168;125;115;55
58;10937;St.Gallen Stadt Kirche Neudorf;30.01.2020;Donnerstag;1;28;24;19;13;32;121;300;428;313;360;399;424;405;619;562;636;653;618;421;270;222;195;114;61
59;10937;St.Gallen Stadt Kirche Neudorf;30.01.2020;Donnerstag;2;30;9;9;15;24;93;370;584;398;352;351;432;363;469;500;490;586;600;424;312;187;134;108;44
60;10937;St.Gallen Stadt Kirche Neudorf;31.01.2020;Freitag;1;21;19;13;12;44;124;311;400;319;404;439;459;459;480;495;511;629;552;433;264;184;178;135;79
61;10937;St.Gallen Stadt Kirche Neudorf;31.01.2020;Freitag;2;34;20;10;10;31;101;349;493;440;411;446;417;419;482;514;505;608;589;442;264;203;172;135;94
62;10937;St.Gallen Stadt Kirche Neudorf;01.02.2020;Samstag;1;63;53;31;27;35;52;102;136;245;405;481;499;484;497;479;455;407;374;255;190;162;145;143;118
63;10937;St.Gallen Stadt Kirche Neudorf;01.02.2020;Samstag;2;73;47;28;22;21;37;96;137;244;359;485;486;470;499;533;464;455;370;273;218;185;142;150;135
64;10937;St.Gallen Stadt Kirche Neudorf;02.02.2020;Sonntag;1;94;60;37;27;25;31;52;51;96;163;233;298;285;307;328;318;319;320;228;188;146;110;82;52
65;10937;St.Gallen Stadt Kirche Neudorf;02.02.2020;Sonntag;2;85;66;41;24;31;27;49;40;93;162;218;219;252;277;359;373;358;384;244;199;166;121;68;56
66;10937;St.Gallen Stadt Kirche Neudorf;03.02.2020;Montag;1;26;6;11;9;55;121;341;427;345;415;387;480;397;459;441;482;644;672;432;277;169;167;94;62
67;10937;St.Gallen Stadt Kirche Neudorf;03.02.2020;Montag;2;29;13;12;13;33;96;390;724;487;410;430;433;392;459;455;457;581;615;439;249;165;124;107;45
68;10937;St.Gallen Stadt Kirche Neudorf;04.02.2020;Dienstag;1;35;12;17;11;52;126;334;418;347;357;429;447;387;464;468;526;608;739;544;289;230;171;124;75
69;10937;St.Gallen Stadt Kirche Neudorf;04.02.2020;Dienstag;2;21;12;14;11;34;104;429;677;508;399;399;434;376;496;478;501;606;614;419;290;179;140;101;55
70;10937;St.Gallen Stadt Kirche Neudorf;05.02.2020;Mittwoch;1;53;10;12;8;50;125;350;477;362;411;448;532;437;533;468;544;662;676;485;328;233;221;134;83
71;10937;St.Gallen Stadt Kirche Neudorf;05.02.2020;Mittwoch;2;22;15;8;13;29;103;404;708;504;419;368;430;375;485;493;501;592;606;463;312;181;126;112;55
72;10937;St.Gallen Stadt Kirche Neudorf;06.02.2020;Donnerstag;1;76;13;11;11;48;142;339;484;394;473;461;494;436;511;520;586;664;737;490;362;230;210;160;104
73;10937;St.Gallen Stadt Kirche Neudorf;06.02.2020;Donnerstag;2;35;9;10;14;29;100;406;685;497;428;451;470;472;478;500;477;543;804;495;308;190;141;96;50
74;10937;St.Gallen Stadt Kirche Neudorf;07.02.2020;Freitag;1;42;26;16;16;55;146;317;445;373;446;504;507;555;565;545;608;725;767;472;345;250;189;156;156
75;10937;St.Gallen Stadt Kirche Neudorf;07.02.2020;Freitag;2;37;19;11;12;34;99;388;645;475;457;463;480;444;493;556;553;643;764;469;301;227;158;123;101
76;10937;St.Gallen Stadt Kirche Neudorf;08.02.2020;Samstag;1;108;47;43;17;27;71;130;176;298;437;500;529;486;506;531;508;528;418;300;209;173;169;175;123
77;10937;St.Gallen Stadt Kirche Neudorf;08.02.2020;Samstag;2;75;38;17;26;23;37;91;139;271;387;471;465;463;469;444;494;492;445;326;192;157;173;139;114
78;10937;St.Gallen Stadt Kirche Neudorf;09.02.2020;Sonntag;1;102;66;44;23;24;49;78;89;169;214;319;351;383;414;426;385;361;348;305;225;167;143;93;80
79;10937;St.Gallen Stadt Kirche Neudorf;09.02.2020;Sonntag;2;79;53;46;28;17;20;86;68;119;164;215;220;215;282;390;361;464;375;289;181;196;100;65;54
80;10937;St.Gallen Stadt Kirche Neudorf;10.02.2020;Montag;1;58;12;10;6;42;144;359;557;433;412;384;448;398;481;472;515;673;664;462;306;211;193;111;74
81;10937;St.Gallen Stadt Kirche Neudorf;10.02.2020;Montag;2;23;13;15;13;31;98;429;763;556;411;426;394;385;456;458;474;557;637;447;261;152;111;106;44
82;10937;St.Gallen Stadt Kirche Neudorf;11.02.2020;Dienstag;1;76;16;8;8;38;138;329;437;354;439;390;499;431;497;497;575;708;684;485;321;241;222;139;72
83;10937;St.Gallen Stadt Kirche Neudorf;11.02.2020;Dienstag;2;29;7;7;15;17;105;411;713;485;408;442;419;395;493;489;506;595;581;451;301;203;142;118;48
84;10937;St.Gallen Stadt Kirche Neudorf;12.02.2020;Mittwoch;1;52;8;11;14;47;120;327;497;422;376;473;516;494;523;553;546;709;692;480;296;250;210;120;83
85;10937;St.Gallen Stadt Kirche Neudorf;12.02.2020;Mittwoch;2;25;13;12;13;36;115;435;729;540;452;383;435;389;513;484;509;635;619;482;293;171;127;119;41
86;10937;St.Gallen Stadt Kirche Neudorf;13.02.2020;Donnerstag;1;60;6;10;15;37;142;364;453;405;418;451;468;430;552;532;589;766;782;483;350;321;226;156;78
87;10937;St.Gallen Stadt Kirche Neudorf;13.02.2020;Donnerstag;2;20;10;17;13;29;119;429;712;493;406;429;430;389;472;481;533;631;653;470;323;195;131;120;48
88;10937;St.Gallen Stadt Kirche Neudorf;14.02.2020;Freitag;1;66;14;12;14;46;144;318;451;377;443;493;561;492;562;566;676;779;765;566;378;248;196;156;143
89;10937;St.Gallen Stadt Kirche Neudorf;14.02.2020;Freitag;2;45;13;13;13;26;100;402;676;501;473;474;472;428;519;541;554;601;627;496;294;234;140;137;93
90;10937;St.Gallen Stadt Kirche Neudorf;15.02.2020;Samstag;1;86;53;24;30;24;76;108;188;274;449;461;566;510;591;524;523;521;382;272;246;197;161;146;137
91;10937;St.Gallen Stadt Kirche Neudorf;15.02.2020;Samstag;2;64;42;40;26;26;35;95;126;271;397;477;469;453;455;498;444;516;436;332;193;174;161;139;92
92;10937;St.Gallen Stadt Kirche Neudorf;16.02.2020;Sonntag;1;117;46;26;25;18;66;78;96;131;209;271;356;354;368;412;405;387;393;269;213;178;131;78;66
93;10937;St.Gallen Stadt Kirche Neudorf;16.02.2020;Sonntag;2;62;44;31;34;22;21;58;55;101;185;251;238;232;332;340;360;381;383;266;213;175;110;76;52
94;10937;St.Gallen Stadt Kirche Neudorf;17.02.2020;Montag;1;51;10;10;14;42;163;338;488;400;397;448;481;440;495;564;567;655;700;428;294;205;173;104;81
95;10937;St.Gallen Stadt Kirche Neudorf;17.02.2020;Montag;2;33;7;8;11;31;111;402;780;489;389;418;401;417;513;472;546;546;682;411;260;160;117;97;40
96;10937;St.Gallen Stadt Kirche Neudorf;18.02.2020;Dienstag;1;49;11;6;14;49;131;337;477;442;423;447;535;486;504;552;527;688;725;519;301;229;196;128;68
97;10937;St.Gallen Stadt Kirche Neudorf;18.02.2020;Dienstag;2;31;6;11;13;25;106;421;767;464;421;450;438;394;495;471;500;559;716;485;298;161;115;114;56
98;10937;St.Gallen Stadt Kirche Neudorf;19.02.2020;Mittwoch;1;65;14;12;15;38;144;350;500;377;407;459;503;448;534;522;588;682;749;483;322;277;227;125;79
99;10937;St.Gallen Stadt Kirche Neudorf;19.02.2020;Mittwoch;2;28;15;7;15;21;93;417;754;490;428;420;463;405;494;553;474;588;673;467;290;183;135;114;57
100;10937;St.Gallen Stadt Kirche Neudorf;20.02.2020;Donnerstag;1;42;16;18;9;43;168;356;538;420;474;498;551;537;569;607;649;710;781;550;380;254;240;156;96
101;10937;St.Gallen Stadt Kirche Neudorf;20.02.2020;Donnerstag;2;24;13;15;23;28;90;420;728;499;463;443;438;417;512;480;482;586;791;563;307;198;140;105;67
102;10937;St.Gallen Stadt Kirche Neudorf;21.02.2020;Freitag;1;62;20;20;18;46;137;339;454;425;464;562;554;536;638;645;685;720;735;536;319;232;213;173;159
103;10937;St.Gallen Stadt Kirche Neudorf;21.02.2020;Freitag;2;28;22;19;14;29;97;393;617;520;474;503;520;438;516;547;583;696;689;681;300;205;147;137;122
104;10937;St.Gallen Stadt Kirche Neudorf;22.02.2020;Samstag;1;93;53;28;22;14;107;107;189;279;461;544;539;462;621;511;592;504;474;310;234;205;159;150;173
105;10937;St.Gallen Stadt Kirche Neudorf;22.02.2020;Samstag;2;68;34;35;14;25;36;90;115;283;403;502;461;452;453;457;450;516;432;316;214;148;145;146;115
106;10937;St.Gallen Stadt Kirche Neudorf;23.02.2020;Sonntag;1;82;46;38;17;23;54;73;83;120;220;261;304;329;347;371;399;480;381;336;273;203;201;103;86
107;10937;St.Gallen Stadt Kirche Neudorf;23.02.2020;Sonntag;2;77;39;38;31;28;29;60;45;128;208;207;282;268;321;347;281;337;322;274;214;152;114;66;41
108;10937;St.Gallen Stadt Kirche Neudorf;24.02.2020;Montag;1;52;16;4;15;38;141;365;475;377;408;424;498;445;531;518;495;694;685;532;320;272;187;135;78
109;10937;St.Gallen Stadt Kirche Neudorf;24.02.2020;Montag;2;25;16;10;12;20;98;407;732;488;431;428;452;406;467;485;453;551;708;447;296;185;134;101;55
110;10937;St.Gallen Stadt Kirche Neudorf;25.02.2020;Dienstag;1;50;13;4;15;47;138;354;508;448;447;473;546;482;517;520;620;714;732;550;328;222;176;138;77
111;10937;St.Gallen Stadt Kirche Neudorf;25.02.2020;Dienstag;2;22;9;11;15;17;96;442;760;572;444;455;475;417;490;481;523;570;682;466;317;199;117;102;57
112;10937;St.Gallen Stadt Kirche Neudorf;26.02.2020;Mittwoch;1;42;12;12;10;48;201;370;466;352;376;430;495;419;505;527;566;642;687;499;325;214;202;117;83
113;10937;St.Gallen Stadt Kirche Neudorf;26.02.2020;Mittwoch;2;31;10;7;13;33;101;386;758;475;424;411;450;398;473;482;502;534;703;467;293;161;116;116;57
114;10937;St.Gallen Stadt Kirche Neudorf;27.02.2020;Donnerstag;1;67;12;14;10;37;156;378;479;414;391;466;528;444;533;478;518;666;731;498;335;251;220;138;78
115;10937;St.Gallen Stadt Kirche Neudorf;27.02.2020;Donnerstag;2;28;16;14;14;24;110;402;779;471;458;415;433;357;475;476;483;612;655;449;334;191;134;122;51
116;10937;St.Gallen Stadt Kirche Neudorf;28.02.2020;Freitag;1;42;10;14;14;44;128;359;456;388;461;494;573;460;637;562;688;696;679;497;364;242;247;199;132
117;10937;St.Gallen Stadt Kirche Neudorf;28.02.2020;Freitag;2;23;24;14;16;22;103;396;652;485;460;497;514;424;491;589;551;672;662;477;322;209;165;146;119
118;10937;St.Gallen Stadt Kirche Neudorf;29.02.2020;Samstag;1;91;48;32;21;31;51;101;235;313;436;520;548;488;528;550;509;517;390;288;214;158;163;130;123
119;10937;St.Gallen Stadt Kirche Neudorf;29.02.2020;Samstag;2;73;34;24;24;33;36;89;165;274;386;466;507;444;432;469;460;455;399;318;204;172;142;148;97
120;10937;St.Gallen Stadt Kirche Neudorf;01.03.2020;Sonntag;1;108;47;27;25;40;34;54;80;124;173;278;341;354;409;398;431;390;364;266;236;156;134;96;56
121;10937;St.Gallen Stadt Kirche Neudorf;01.03.2020;Sonntag;2;84;52;33;26;30;26;57;46;115;192;220;224;238;276;355;398;416;437;356;231;150;94;68;39
122;10937;St.Gallen Stadt Kirche Neudorf;02.03.2020;Montag;1;39;11;8;8;54;134;330;469;382;420;447;545;454;517;514;572;683;732;441;312;203;154;109;70
123;10937;St.Gallen Stadt Kirche Neudorf;02.03.2020;Montag;2;25;10;8;20;19;93;423;761;490;463;393;473;424;457;482;476;533;628;419;260;159;123;89;40
124;10937;St.Gallen Stadt Kirche Neudorf;03.03.2020;Dienstag;1;32;15;14;10;53;113;321;470;397;381;464;504;479;516;508;538;688;729;496;331;248;207;138;68
125;10937;St.Gallen Stadt Kirche Neudorf;03.03.2020;Dienstag;2;28;10;9;12;23;101;413;745;481;464;407;480;397;494;426;494;556;656;466;316;167;124;101;41
126;10937;St.Gallen Stadt Kirche Neudorf;04.03.2020;Mittwoch;1;68;15;13;9;50;131;364;473;423;450;496;615;518;523;589;611;731;769;509;324;221;200;128;84
127;10937;St.Gallen Stadt Kirche Neudorf;04.03.2020;Mittwoch;2;22;17;12;11;30;100;427;759;521;406;451;454;376;506;507;488;646;628;466;307;177;128;122;47
128;10937;St.Gallen Stadt Kirche Neudorf;05.03.2020;Donnerstag;1;52;14;18;8;48;158;326;481;415;429;437;507;450;473;466;517;704;749;517;322;259;205;155;82
129;10937;St.Gallen Stadt Kirche Neudorf;05.03.2020;Donnerstag;2;33;14;16;15;27;101;414;742;516;404;437;508;387;429;451;470;555;638;445;307;181;137;86;60
130;10937;St.Gallen Stadt Kirche Neudorf;06.03.2020;Freitag;1;44;21;12;14;54;120;329;464;415;425;511;547;520;541;562;659;687;670;475;355;209;163;160;127
131;10937;St.Gallen Stadt Kirche Neudorf;06.03.2020;Freitag;2;32;15;18;19;29;100;413;674;471;459;435;488;431;518;555;540;617;589;479;292;169;159;137;106
132;10937;St.Gallen Stadt Kirche Neudorf;07.03.2020;Samstag;1;80;46;33;28;27;59;85;121;302;443;470;494;424;509;531;427;453;325;241;185;169;154;152;126
133;10937;St.Gallen Stadt Kirche Neudorf;07.03.2020;Samstag;2;55;46;29;22;35;27;93;139;309;381;415;473;439;434;461;507;469;314;284;184;151;135;132;104
134;10937;St.Gallen Stadt Kirche Neudorf;08.03.2020;Sonntag;1;86;60;44;31;35;143;132;114;163;191;285;323;345;365;448;364;422;349;249;234;166;121;77;63
135;10937;St.Gallen Stadt Kirche Neudorf;08.03.2020;Sonntag;2;66;36;37;24;26;26;63;48;119;183;215;225;263;284;367;380;444;389;297;235;177;127;68;41
136;10937;St.Gallen Stadt Kirche Neudorf;09.03.2020;Montag;1;28;14;13;15;40;137;331;448;378;393;409;468;437;477;484;509;670;685;501;290;222;166;104;69
137;10937;St.Gallen Stadt Kirche Neudorf;09.03.2020;Montag;2;26;16;10;12;22;93;398;756;546;434;435;405;391;504;480;468;557;627;408;235;168;101;90;40
138;10937;St.Gallen Stadt Kirche Neudorf;10.03.2020;Dienstag;1;40;16;9;9;34;135;337;520;414;342;450;458;432;509;470;484;676;712;467;292;231;191;137;91
139;10937;St.Gallen Stadt Kirche Neudorf;10.03.2020;Dienstag;2;19;10;11;12;25;97;414;749;490;411;463;419;369;479;425;489;569;612;393;286;162;103;109;63
140;10937;St.Gallen Stadt Kirche Neudorf;11.03.2020;Mittwoch;1;44;14;6;5;40;154;365;486;389;385;462;537;459;484;536;566;670;688;508;291;244;201;172;101
141;10937;St.Gallen Stadt Kirche Neudorf;11.03.2020;Mittwoch;2;13;6;13;16;18;108;413;747;478;417;410;438;362;481;462;476;543;635;484;284;177;154;117;54
142;10937;St.Gallen Stadt Kirche Neudorf;12.03.2020;Donnerstag;1;56;12;12;11;43;134;362;539;402;453;446;505;441;503;511;606;681;749;492;335;274;198;156;78
143;10937;St.Gallen Stadt Kirche Neudorf;12.03.2020;Donnerstag;2;32;17;7;10;27;91;412;751;478;433;426;412;439;521;510;458;547;674;487;299;221;110;118;43
144;10937;St.Gallen Stadt Kirche Neudorf;13.03.2020;Freitag;1;42;11;17;10;33;126;336;440;398;445;513;579;542;580;607;596;728;770;612;350;202;193;155;106
145;10937;St.Gallen Stadt Kirche Neudorf;13.03.2020;Freitag;2;23;13;17;18;25;88;421;689;481;427;536;504;453;513;541;556;634;660;476;296;202;138;136;79
146;10937;St.Gallen Stadt Kirche Neudorf;14.03.2020;Samstag;1;81;30;20;19;14;55;88;184;344;508;529;508;489;495;518;463;436;338;232;162;141;151;130;102
147;10937;St.Gallen Stadt Kirche Neudorf;14.03.2020;Samstag;2;62;32;24;8;10;21;86;138;329;485;500;519;453;457;425;455;481;338;206;182;128;125;115;81
148;10937;St.Gallen Stadt Kirche Neudorf;15.03.2020;Sonntag;1;110;53;36;16;17;35;53;75;116;183;277;331;342;376;427;390;388;353;253;216;159;116;74;55
149;10937;St.Gallen Stadt Kirche Neudorf;15.03.2020;Sonntag;2;52;42;21;19;17;15;42;53;85;142;197;217;230;277;315;382;405;377;291;196;129;117;65;46
150;10937;St.Gallen Stadt Kirche Neudorf;16.03.2020;Montag;1;45;15;8;12;43;139;347;490;438;462;479;513;488;490;518;543;642;663;438;257;169;104;89;42
151;10937;St.Gallen Stadt Kirche Neudorf;16.03.2020;Montag;2;25;10;7;16;29;113;408;688;482;418;441;439;450;462;496;491;551;584;423;220;117;67;74;31
152;10937;St.Gallen Stadt Kirche Neudorf;17.03.2020;Dienstag;1;35;18;13;11;40;157;338;448;341;375;396;440;370;444;467;492;555;546;341;199;115;108;88;102
153;10937;St.Gallen Stadt Kirche Neudorf;17.03.2020;Dienstag;2;20;20;13;10;27;89;388;615;397;370;370;380;333;419;418;428;513;547;357;171;101;68;58;30
154;10937;St.Gallen Stadt Kirche Neudorf;18.03.2020;Mittwoch;1;53;8;12;14;35;141;329;425;327;413;435;432;370;432;464;474;605;558;346;215;109;102;78;51
155;10937;St.Gallen Stadt Kirche Neudorf;18.03.2020;Mittwoch;2;14;12;8;12;30;86;363;533;361;339;402;401;334;413;404;429;469;527;339;190;105;67;60;36
156;10937;St.Gallen Stadt Kirche Neudorf;19.03.2020;Donnerstag;1;48;11;13;12;40;161;297;402;365;424;446;437;415;482;470;497;556;536;312;227;130;96;88;67
157;10937;St.Gallen Stadt Kirche Neudorf;19.03.2020;Donnerstag;2;17;11;10;9;28;73;366;516;402;390;408;386;348;410;409;404;480;526;364;178;126;74;69;27
158;10937;St.Gallen Stadt Kirche Neudorf;20.03.2020;Freitag;1;63;10;9;8;37;130;315;391;333;418;436;440;398;433;491;472;571;544;321;187;126;95;97;54
159;10937;St.Gallen Stadt Kirche Neudorf;20.03.2020;Freitag;2;24;8;9;7;30;80;371;480;409;388;410;409;344;402;464;442;535;472;335;187;122;84;61;51
160;10937;St.Gallen Stadt Kirche Neudorf;21.03.2020;Samstag;1;37;24;7;7;14;54;76;137;211;293;323;355;270;323;317;310;309;218;147;107;88;74;54;49
161;10937;St.Gallen Stadt Kirche Neudorf;21.03.2020;Samstag;2;24;14;12;8;14;24;103;102;218;275;297;329;304;271;305;312;293;190;152;107;84;57;51;44
162;10937;St.Gallen Stadt Kirche Neudorf;22.03.2020;Sonntag;1;45;14;9;10;6;30;26;60;78;70;116;159;146;182;225;218;271;246;175;132;91;66;68;28
163;10937;St.Gallen Stadt Kirche Neudorf;22.03.2020;Sonntag;2;23;16;6;5;7;10;61;32;41;87;83;115;122;145;181;205;228;224;171;146;92;67;62;21
164;10937;St.Gallen Stadt Kirche Neudorf;23.03.2020;Montag;1;34;6;5;8;29;128;354;370;264;317;314;368;358;363;364;405;529;504;313;154;98;81;67;47
165;10937;St.Gallen Stadt Kirche Neudorf;23.03.2020;Montag;2;11;5;3;9;23;70;394;501;305;334;334;300;277;367;362;391;479;454;296;151;75;60;66;33
166;10937;St.Gallen Stadt Kirche Neudorf;24.03.2020;Dienstag;1;44;8;7;13;32;115;320;387;245;319;323;363;351;357;377;410;501;469;281;173;124;78;50;51
167;10937;St.Gallen Stadt Kirche Neudorf;24.03.2020;Dienstag;2;14;10;13;11;26;72;354;480;300;294;349;335;306;368;377;405;407;468;287;144;106;66;74;35
168;10937;St.Gallen Stadt Kirche Neudorf;25.03.2020;Mittwoch;1;24;10;6;9;30;114;307;390;290;301;375;402;368;419;392;441;577;474;278;167;115;79;51;42
169;10937;St.Gallen Stadt Kirche Neudorf;25.03.2020;Mittwoch;2;16;6;7;6;23;67;386;484;325;291;352;347;322;395;448;439;488;455;264;174;92;78;58;35
170;10937;St.Gallen Stadt Kirche Neudorf;26.03.2020;Donnerstag;1;44;9;9;8;34;102;300;357;259;319;338;371;339;395;379;405;515;471;332;200;131;72;65;53
171;10937;St.Gallen Stadt Kirche Neudorf;26.03.2020;Donnerstag;2;22;14;8;7;23;67;338;481;306;297;351;363;294;384;380;382;482;465;320;199;113;74;69;41
172;10937;St.Gallen Stadt Kirche Neudorf;27.03.2020;Freitag;1;32;8;12;8;36;119;303;369;302;352;415;419;407;466;475;497;533;494;316;227;135;107;82;73
173;10937;St.Gallen Stadt Kirche Neudorf;27.03.2020;Freitag;2;22;7;7;10;25;77;319;461;303;351;392;393;342;428;419;477;551;486;335;170;124;91;80;54
174;10937;St.Gallen Stadt Kirche Neudorf;28.03.2020;Samstag;1;57;15;14;7;16;40;72;165;208;300;409;432;351;406;448;435;366;292;217;160;104;87;66;61
175;10937;St.Gallen Stadt Kirche Neudorf;28.03.2020;Samstag;2;25;9;14;7;14;30;90;131;198;299;347;364;357;357;333;373;379;325;241;167;105;79;76;45
176;10937;St.Gallen Stadt Kirche Neudorf;29.03.2020;Sonntag;1;44;13;0;13;9;35;32;37;55;110;118;166;171;191;188;181;198;169;137;133;90;66;43;35
177;10937;St.Gallen Stadt Kirche Neudorf;29.03.2020;Sonntag;2;33;15;0;8;8;15;51;28;43;58;102;145;151;158;192;203;197;196;127;118;89;56;54;20
178;10937;St.Gallen Stadt Kirche Neudorf;30.03.2020;Montag;1;16;6;8;12;43;176;315;393;252;254;286;381;301;353;336;378;484;473;254;163;112;96;83;45
179;10937;St.Gallen Stadt Kirche Neudorf;30.03.2020;Montag;2;15;10;8;13;30;71;346;488;302;270;305;275;304;384;360;336;394;478;244;140;108;68;71;27
180;10937;St.Gallen Stadt Kirche Neudorf;31.03.2020;Dienstag;1;39;10;8;15;36;117;323;362;271;262;328;356;361;382;413;432;575;537;310;174;135;100;58;58
181;10937;St.Gallen Stadt Kirche Neudorf;31.03.2020;Dienstag;2;9;4;10;11;19;71;330;484;304;270;302;338;324;411;395;377;471;501;327;168;130;78;72;29
182;10937;St.Gallen Stadt Kirche Neudorf;01.04.2020;Mittwoch;1;34;13;13;7;37;127;309;385;254;290;343;359;368;387;437;457;609;519;313;173;115;95;69;52
183;10937;St.Gallen Stadt Kirche Neudorf;01.04.2020;Mittwoch;2;24;8;5;9;25;73;339;504;313;289;316;326;309;418;434;388;520;484;304;184;139;74;77;31
184;10937;St.Gallen Stadt Kirche Neudorf;02.04.2020;Donnerstag;1;56;17;10;6;41;104;318;362;282;312;379;393;377;403;418;462;559;530;353;215;143;84;87;85
185;10937;St.Gallen Stadt Kirche Neudorf;02.04.2020;Donnerstag;2;12;8;8;7;25;62;349;465;343;327;340;350;330;421;400;401;498;502;344;215;147;87;59;42
186;10937;St.Gallen Stadt Kirche Neudorf;03.04.2020;Freitag;1;61;8;9;14;32;101;273;389;305;354;420;460;420;449;486;486;578;575;354;208;153;126;84;64
187;10937;St.Gallen Stadt Kirche Neudorf;03.04.2020;Freitag;2;23;7;8;12;20;65;335;501;321;332;391;397;367;457;432;432;514;483;327;221;145;121;88;44
188;10937;St.Gallen Stadt Kirche Neudorf;04.04.2020;Samstag;1;50;21;19;9;11;59;74;131;232;276;453;430;403;400;465;461;426;262;196;166;124;131;113;64
189;10937;St.Gallen Stadt Kirche Neudorf;04.04.2020;Samstag;2;24;18;13;15;7;19;88;94;199;251;359;413;373;367;369;383;364;313;236;191;140;93;74;62
190;10937;St.Gallen Stadt Kirche Neudorf;05.04.2020;Sonntag;1;80;21;15;12;14;17;46;42;74;96;163;190;204;293;323;320;292;268;194;168;125;82;64;46
191;10937;St.Gallen Stadt Kirche Neudorf;05.04.2020;Sonntag;2;37;29;14;10;9;9;44;34;53;83;104;172;157;207;234;254;295;301;245;191;169;98;43;28
192;10937;St.Gallen Stadt Kirche Neudorf;06.04.2020;Montag;1;28;11;11;6;41;112;298;385;307;309;383;410;378;394;423;496;559;535;285;209;118;100;70;50
193;10937;St.Gallen Stadt Kirche Neudorf;06.04.2020;Montag;2;15;8;3;9;19;63;341;484;354;334;390;348;319;383;385;430;486;510;380;191;119;87;72;35
194;10937;St.Gallen Stadt Kirche Neudorf;07.04.2020;Dienstag;1;42;11;5;9;40;106;310;362;320;340;406;425;345;433;471;504;573;568;337;209;145;84;67;64
195;10937;St.Gallen Stadt Kirche Neudorf;07.04.2020;Dienstag;2;17;5;11;5;16;70;355;499;341;365;396;392;322;387;433;415;511;544;320;215;131;115;83;29
196;10937;St.Gallen Stadt Kirche Neudorf;08.04.2020;Mittwoch;1;52;11;5;4;44;124;293;398;339;403;466;532;446;444;479;499;629;601;334;215;170;117;79;77
197;10937;St.Gallen Stadt Kirche Neudorf;08.04.2020;Mittwoch;2;18;9;10;8;16;65;357;472;355;389;421;422;408;430;483;460;508;580;345;224;180;103;92;33
198;10937;St.Gallen Stadt Kirche Neudorf;09.04.2020;Donnerstag;1;70;15;12;11;39;114;292;404;353;393;485;488;459;495;560;573;660;530;336;241;157;175;94;77
199;10937;St.Gallen Stadt Kirche Neudorf;09.04.2020;Donnerstag;2;26;8;10;10;17;67;339;445;397;401;496;466;422;483;516;499;582;506;321;235;159;126;92;64
200;10937;St.Gallen Stadt Kirche Neudorf;10.04.2020;Freitag;1;76;20;13;10;10;23;68;73;97;160;199;221;242;281;363;340;329;259;254;206;180;139;131;60
201;10937;St.Gallen Stadt Kirche Neudorf;10.04.2020;Freitag;2;32;27;14;6;5;7;68;50;57;97;150;185;197;229;282;268;285;270;253;231;174;127;79;40
202;10937;St.Gallen Stadt Kirche Neudorf;11.04.2020;Samstag;1;83;16;12;8;12;47;88;166;313;441;485;491;476;495;465;495;416;283;230;196;164;123;118;79
203;10937;St.Gallen Stadt Kirche Neudorf;11.04.2020;Samstag;2;32;27;13;7;7;18;87;135;240;398;454;497;423;433;454;394;406;326;238;233;172;110;86;62
204;10937;St.Gallen Stadt Kirche Neudorf;12.04.2020;Sonntag;1;78;20;14;9;13;31;52;59;125;153;187;240;268;303;303;258;313;237;209;179;166;113;103;84
205;10937;St.Gallen Stadt Kirche Neudorf;12.04.2020;Sonntag;2;36;24;16;9;8;15;53;42;72;119;152;173;177;198;240;268;296;291;231;206;140;111;93;58
206;10937;St.Gallen Stadt Kirche Neudorf;13.04.2020;Montag;1;56;20;10;4;7;28;59;69;80;136;187;217;232;258;325;271;289;246;173;181;139;77;59;38
207;10937;St.Gallen Stadt Kirche Neudorf;13.04.2020;Montag;2;31;20;10;3;6;11;60;40;59;94;154;166;159;218;229;291;303;300;225;192;153;79;63;22
208;10937;St.Gallen Stadt Kirche Neudorf;14.04.2020;Dienstag;1;32;11;8;10;45;142;330;352;285;341;382;486;354;435;460;519;584;614;356;184;92;93;90;60
209;10937;St.Gallen Stadt Kirche Neudorf;14.04.2020;Dienstag;2;16;10;8;7;11;78;357;484;320;376;391;396;331;422;445;463;530;558;312;182;117;81;68;32
210;10937;St.Gallen Stadt Kirche Neudorf;15.04.2020;Mittwoch;1;52;12;7;14;40;124;308;374;315;322;366;417;407;472;461;499;538;535;353;196;132;106;70;54
211;10937;St.Gallen Stadt Kirche Neudorf;15.04.2020;Mittwoch;2;17;11;13;10;14;84;352;496;328;344;378;394;321;392;464;420;583;544;419;201;134;99;71;39
212;10937;St.Gallen Stadt Kirche Neudorf;16.04.2020;Donnerstag;1;49;15;7;8;41;114;313;373;321;366;405;444;418;454;492;484;556;573;397;257;193;108;89;64
213;10937;St.Gallen Stadt Kirche Neudorf;16.04.2020;Donnerstag;2;25;16;12;2;17;77;362;460;334;351;376;402;356;432;457;428;518;570;363;246;161;125;74;35
214;10937;St.Gallen Stadt Kirche Neudorf;17.04.2020;Freitag;1;51;13;10;13;34;131;288;347;304;333;442;478;444;451;535;560;538;546;346;287;190;120;91;104
215;10937;St.Gallen Stadt Kirche Neudorf;17.04.2020;Freitag;2;26;12;11;11;13;80;349;443;296;345;453;465;359;457;504;504;540;511;390;233;201;136;99;79
216;10937;St.Gallen Stadt Kirche Neudorf;18.04.2020;Samstag;1;74;22;12;15;16;55;84;136;235;331;396;457;357;441;440;437;421;294;221;217;179;151;103;69
217;10937;St.Gallen Stadt Kirche Neudorf;18.04.2020;Samstag;2;34;22;17;10;12;22;85;105;202;312;396;388;363;409;416;421;405;305;273;181;174;162;94;72
218;10937;St.Gallen Stadt Kirche Neudorf;19.04.2020;Sonntag;1;78;31;19;9;7;28;39;49;86;156;199;232;266;290;294;359;329;272;227;187;184;129;73;41
219;10937;St.Gallen Stadt Kirche Neudorf;19.04.2020;Sonntag;2;54;25;19;11;10;11;50;31;53;91;136;171;164;203;261;260;321;313;247;218;607;578;360;182
220;10937;St.Gallen Stadt Kirche Neudorf;20.04.2020;Montag;1;67;12;22;9;45;115;315;395;302;333;390;413;370;397;415;508;570;562;325;199;129;95;80;61
221;10937;St.Gallen Stadt Kirche Neudorf;20.04.2020;Montag;2;72;51;55;102;293;84;395;523;372;364;368;362;328;402;412;442;509;474;350;189;445;444;327;180
222;10937;St.Gallen Stadt Kirche Neudorf;21.04.2020;Dienstag;1;60;15;15;11;36;115;319;414;319;334;387;449;398;418;430;485;599;542;349;202;146;142;80;78
223;10937;St.Gallen Stadt Kirche Neudorf;21.04.2020;Dienstag;2;84;52;52;108;199;72;389;510;318;310;349;364;317;371;413;438;493;536;322;215;489;498;393;199
224;10937;St.Gallen Stadt Kirche Neudorf;22.04.2020;Mittwoch;1;46;12;12;11;36;120;338;445;319;371;412;464;377;484;435;498;630;584;336;227;180;111;95;76
225;10937;St.Gallen Stadt Kirche Neudorf;22.04.2020;Mittwoch;2;90;57;51;89;243;83;397;520;366;352;385;368;326;425;427;437;500;527;386;220;580;603;425;236
226;10937;St.Gallen Stadt Kirche Neudorf;23.04.2020;Donnerstag;1;53;14;13;10;34;126;324;432;316;344;419;473;425;472;516;492;591;624;376;271;185;154;85;142
227;10937;St.Gallen Stadt Kirche Neudorf;23.04.2020;Donnerstag;2;97;53;60;99;156;67;377;514;377;345;374;404;324;429;422;433;518;535;405;273;616;590;399;192
228;10937;St.Gallen Stadt Kirche Neudorf;24.04.2020;Freitag;1;49;18;14;11;31;108;303;373;328;410;433;455;441;513;509;531;639;563;363;258;155;137;106;90
229;10937;St.Gallen Stadt Kirche Neudorf;24.04.2020;Freitag;2;120;62;49;100;198;73;346;471;348;388;428;415;380;444;495;545;566;525;381;245;177;145;121;71
230;10937;St.Gallen Stadt Kirche Neudorf;25.04.2020;Samstag;1;66;29;12;12;15;49;85;99;208;336;427;458;405;447;471;474;402;284;227;162;142;120;121;94
231;10937;St.Gallen Stadt Kirche Neudorf;25.04.2020;Samstag;2;48;24;15;17;13;23;87;112;189;268;387;451;405;400;424;453;455;349;274;162;156;116;91;68
232;10937;St.Gallen Stadt Kirche Neudorf;26.04.2020;Sonntag;1;87;29;18;7;15;33;35;86;84;131;178;215;217;287;290;283;294;259;253;220;146;95;64;46
233;10937;St.Gallen Stadt Kirche Neudorf;26.04.2020;Sonntag;2;49;39;20;9;11;12;47;32;47;84;136;166;167;209;225;284;314;314;285;239;639;583;360;177
234;10937;St.Gallen Stadt Kirche Neudorf;27.04.2020;Montag;1;29;8;14;11;46;125;319;454;367;381;412;437;408;475;552;495;582;647;380;220;369;491;366;209
235;10937;St.Gallen Stadt Kirche Neudorf;27.04.2020;Montag;2;97;50;64;90;184;91;405;557;416;406;438;414;378;453;506;501;547;586;376;225;164;106;82;40
236;10937;St.Gallen Stadt Kirche Neudorf;28.04.2020;Dienstag;1;123;57;54;59;157;112;339;439;334;422;417;443;395;424;458;528;640;728;492;235;417;431;329;214
237;10937;St.Gallen Stadt Kirche Neudorf;28.04.2020;Dienstag;2;25;13;7;8;24;93;448;555;364;371;448;427;419;412;471;447;543;572;412;216;122;110;85;31
238;10937;St.Gallen Stadt Kirche Neudorf;29.04.2020;Mittwoch;1;89;63;56;66;98;100;329;417;321;384;395;437;435;437;449;575;702;671;403;264;159;138;104;87
239;10937;St.Gallen Stadt Kirche Neudorf;29.04.2020;Mittwoch;2;15;10;17;13;30;75;425;567;407;398;388;375;389;451;513;423;543;595;379;244;505;553;387;217
240;10937;St.Gallen Stadt Kirche Neudorf;30.04.2020;Donnerstag;1;54;19;15;15;47;118;317;441;333;407;442;481;407;469;516;543;653;621;390;245;171;128;129;74
241;10937;St.Gallen Stadt Kirche Neudorf;30.04.2020;Donnerstag;2;102;51;57;98;131;80;410;587;377;395;432;431;404;466;510;515;562;567;387;214;190;99;84;53
242;10937;St.Gallen Stadt Kirche Neudorf;01.05.2020;Freitag;1;34;19;19;19;45;106;296;392;351;417;542;527;553;596;612;616;616;596;419;221;165;156;91;96
243;10937;St.Gallen Stadt Kirche Neudorf;01.05.2020;Freitag;2;23;12;14;12;15;70;355;528;413;440;477;502;461;530;593;600;608;506;401;230;144;105;105;69
244;10937;St.Gallen Stadt Kirche Neudorf;02.05.2020;Samstag;1;55;41;19;22;15;58;72;135;214;333;426;456;471;450;533;505;413;309;201;166;140;136;113;84
245;10937;St.Gallen Stadt Kirche Neudorf;02.05.2020;Samstag;2;35;27;20;14;11;31;79;120;212;291;419;462;417;414;426;471;440;343;206;151;125;129;90;82
246;10937;St.Gallen Stadt Kirche Neudorf;03.05.2020;Sonntag;1;74;25;23;18;14;31;39;54;81;156;207;213;260;306;368;323;342;300;204;167;194;197;134;86
247;10937;St.Gallen Stadt Kirche Neudorf;03.05.2020;Sonntag;2;37;19;15;17;14;13;53;34;58;102;140;184;184;232;284;298;332;337;267;223;635;653;404;223
248;10937;St.Gallen Stadt Kirche Neudorf;04.05.2020;Montag;1;35;21;26;24;81;125;386;404;363;388;429;449;419;484;511;574;617;648;397;251;192;187;147;88
249;10937;St.Gallen Stadt Kirche Neudorf;04.05.2020;Montag;2;120;55;62;93;266;79;441;557;389;378;413;464;386;467;522;483;562;586;418;223;566;509;397;217
250;10937;St.Gallen Stadt Kirche Neudorf;05.05.2020;Dienstag;1;67;40;23;32;70;129;363;470;371;372;423;420;421;464;468;509;631;603;376;210;191;166;140;73
251;10937;St.Gallen Stadt Kirche Neudorf;05.05.2020;Dienstag;2;100;64;59;96;202;80;426;597;415;407;401;404;398;449;460;472;528;569;370;206;253;417;340;194
252;10937;St.Gallen Stadt Kirche Neudorf;06.05.2020;Mittwoch;1;42;20;20;25;56;115;337;437;321;394;435;478;416;534;523;547;675;664;444;276;269;223;160;152
253;10937;St.Gallen Stadt Kirche Neudorf;06.05.2020;Mittwoch;2;102;64;53;87;282;127;414;545;399;370;389;435;404;474;485;478;561;613;404;275;535;580;441;216
254;10937;St.Gallen Stadt Kirche Neudorf;07.05.2020;Donnerstag;1;88;24;22;31;59;114;361;469;372;424;477;469;411;510;555;557;660;643;478;304;316;227;173;114
255;10937;St.Gallen Stadt Kirche Neudorf;07.05.2020;Donnerstag;2;114;60;67;96;274;102;553;916;582;400;438;452;402;484;475;487;583;666;444;309;645;683;456;281
256;10937;St.Gallen Stadt Kirche Neudorf;08.05.2020;Freitag;1;71;22;25;25;57;163;371;469;392;427;439;511;498;540;584;594;705;631;403;305;182;147;133;129
257;10937;St.Gallen Stadt Kirche Neudorf;08.05.2020;Freitag;2;130;64;72;93;215;86;405;530;394;411;443;503;435;487;514;592;647;563;433;292;224;175;149;101
258;10937;St.Gallen Stadt Kirche Neudorf;09.05.2020;Samstag;1;101;36;31;16;15;68;105;155;260;431;500;551;504;526;547;595;481;376;285;255;191;176;125;113
259;10937;St.Gallen Stadt Kirche Neudorf;09.05.2020;Samstag;2;66;47;23;23;15;40;96;149;250;345;474;524;473;449;452;461;484;397;317;268;205;212;165;115
260;10937;St.Gallen Stadt Kirche Neudorf;10.05.2020;Sonntag;1;61;46;18;7;17;15;39;58;96;184;244;303;303;355;407;409;415;328;283;283;266;226;166;105
261;10937;St.Gallen Stadt Kirche Neudorf;10.05.2020;Sonntag;2;66;41;16;16;13;11;55;48;65;156;195;214;227;275;342;339;423;441;364;344;706;889;527;271
262;10937;St.Gallen Stadt Kirche Neudorf;11.05.2020;Montag;1;56;18;12;39;81;136;366;437;369;419;427;542;391;535;416;523;643;624;396;242;197;156;169;76
263;10937;St.Gallen Stadt Kirche Neudorf;11.05.2020;Montag;2;128;64;64;95;328;89;458;647;464;447;446;442;403;513;499;499;530;590;359;251;554;442;389;226
264;10937;St.Gallen Stadt Kirche Neudorf;12.05.2020;Dienstag;1;39;31;28;29;67;129;372;449;314;421;415;526;476;479;488;568;638;636;451;305;218;249;163;105
265;10937;St.Gallen Stadt Kirche Neudorf;12.05.2020;Dienstag;2;112;45;64;89;289;118;491;625;425;406;456;452;377;458;532;482;590;613;405;243;610;494;451;258
266;10937;St.Gallen Stadt Kirche Neudorf;13.05.2020;Mittwoch;1;79;24;20;29;56;164;349;483;350;394;465;489;470;518;527;560;709;688;452;264;270;200;176;97
267;10937;St.Gallen Stadt Kirche Neudorf;13.05.2020;Mittwoch;2;117;56;57;93;302;99;457;636;449;457;435;466;392;511;560;557;582;579;435;276;581;486;476;250
268;10937;St.Gallen Stadt Kirche Neudorf;14.05.2020;Donnerstag;1;40;25;20;30;55;136;336;448;350;382;460;437;440;530;503;551;648;679;469;359;276;272;190;99
269;10937;St.Gallen Stadt Kirche Neudorf;14.05.2020;Donnerstag;2;115;44;61;98;225;89;440;647;427;423;446;467;409;529;528;497;560;633;415;280;197;131;120;72
270;10937;St.Gallen Stadt Kirche Neudorf;15.05.2020;Freitag;1;65;27;19;28;57;145;350;433;379;391;510;506;444;525;580;593;723;654;447;312;197;161;135;106
271;10937;St.Gallen Stadt Kirche Neudorf;15.05.2020;Freitag;2;46;24;14;12;36;81;406;594;456;441;488;469;426;476;577;600;625;591;411;310;197;146;133;77
272;10937;St.Gallen Stadt Kirche Neudorf;16.05.2020;Samstag;1;106;28;26;7;18;65;86;147;265;416;554;508;515;479;557;544;486;394;272;200;175;158;121;102
273;10937;St.Gallen Stadt Kirche Neudorf;16.05.2020;Samstag;2;73;42;25;11;18;24;93;140;279;350;460;481;437;437;522;434;470;366;259;234;213;170;132;109
274;10937;St.Gallen Stadt Kirche Neudorf;17.05.2020;Sonntag;1;136;54;23;25;20;34;47;51;115;173;233;277;297;352;410;370;421;349;291;236;259;242;158;108
275;10937;St.Gallen Stadt Kirche Neudorf;17.05.2020;Sonntag;2;69;69;29;20;17;9;58;44;78;125;159;216;223;257;309;334;417;423;328;320;759;798;536;318
276;10937;St.Gallen Stadt Kirche Neudorf;18.05.2020;Montag;1;70;21;20;19;64;178;384;448;389;435;487;558;454;493;550;539;638;693;479;290;271;240;184;116
277;10937;St.Gallen Stadt Kirche Neudorf;18.05.2020;Montag;2;152;92;59;94;256;99;434;666;469;391;470;492;416;533;501;522;586;643;419;286;701;654;526;245
278;10937;St.Gallen Stadt Kirche Neudorf;19.05.2020;Dienstag;1;63;30;18;29;51;133;307;453;452;468;493;561;472;493;534;599;695;683;514;276;288;216;172;103
279;10937;St.Gallen Stadt Kirche Neudorf;19.05.2020;Dienstag;2;142;56;63;100;225;105;445;604;467;495;490;493;455;505;512;544;625;601;432;284;680;657;477;254
280;10937;St.Gallen Stadt Kirche Neudorf;20.05.2020;Mittwoch;1;63;18;26;24;59;135;357;419;415;483;536;579;558;579;646;643;753;730;490;336;219;221;151;143
281;10937;St.Gallen Stadt Kirche Neudorf;20.05.2020;Mittwoch;2;114;74;65;102;258;92;441;607;487;504;518;543;489;562;560;623;701;562;442;305;229;203;174;103
282;10937;St.Gallen Stadt Kirche Neudorf;21.05.2020;Donnerstag;1;105;39;23;13;14;28;61;104;160;235;308;318;322;359;406;373;342;291;290;243;196;188;135;106
283;10937;St.Gallen Stadt Kirche Neudorf;21.05.2020;Donnerstag;2;80;32;29;10;10;19;74;59;106;146;195;224;236;252;279;312;359;386;352;295;267;204;136;70
284;10937;St.Gallen Stadt Kirche Neudorf;22.05.2020;Freitag;1;84;26;12;10;21;77;169;256;370;506;596;605;508;514;567;600;574;547;409;308;172;149;147;110
285;10937;St.Gallen Stadt Kirche Neudorf;22.05.2020;Freitag;2;53;23;27;13;11;46;198;285;399;463;560;583;469;480;532;546;561;485;404;259;211;159;143;122
286;10937;St.Gallen Stadt Kirche Neudorf;23.05.2020;Samstag;1;108;56;19;11;9;39;95;149;254;454;463;473;457;498;418;426;364;246;221;129;147;108;114;107
287;10937;St.Gallen Stadt Kirche Neudorf;23.05.2020;Samstag;2;77;53;30;15;16;21;84;149;264;352;463;492;416;473;462;405;423;274;199;176;159;136;124;113
288;10937;St.Gallen Stadt Kirche Neudorf;24.05.2020;Sonntag;1;119;47;35;12;10;27;57;65;103;187;254;242;244;298;352;381;358;307;251;249;188;203;527;317
289;10937;St.Gallen Stadt Kirche Neudorf;24.05.2020;Sonntag;2;70;37;24;14;12;15;48;41;58;116;190;198;227;252;282;327;333;319;319;265;224;265;714;390
290;10937;St.Gallen Stadt Kirche Neudorf;25.05.2020;Montag;1;201;61;50;60;124;145;361;452;346;403;436;480;438;485;535;521;643;681;460;314;534;623;531;322
291;10937;St.Gallen Stadt Kirche Neudorf;25.05.2020;Montag;2;178;100;75;112;247;117;444;621;460;434;454;453;393;487;559;538;578;650;411;273;664;653;479;275
292;10937;St.Gallen Stadt Kirche Neudorf;26.05.2020;Dienstag;1;150;84;41;57;146;148;391;437;367;423;466;506;464;528;582;584;629;705;492;360;573;676;569;331
293;10937;St.Gallen Stadt Kirche Neudorf;26.05.2020;Dienstag;2;115;76;57;99;233;105;423;610;408;437;487;458;432;530;524;506;606;631;460;510;816;717;510;289
294;10937;St.Gallen Stadt Kirche Neudorf;27.05.2020;Mittwoch;1;161;75;66;54;177;141;367;464;363;478;438;518;498;521;544;556;647;695;509;409;602;694;647;397
295;10937;St.Gallen Stadt Kirche Neudorf;27.05.2020;Mittwoch;2;166;74;55;91;234;100;421;578;459;455;449;503;401;494;579;564;624;630;450;806;829;793;625;357
296;10937;St.Gallen Stadt Kirche Neudorf;28.05.2020;Donnerstag;1;206;76;62;70;176;162;377;440;423;461;469;553;472;517;540;611;668;744;658;379;665;848;769;446
297;10937;St.Gallen Stadt Kirche Neudorf;28.05.2020;Donnerstag;2;172;74;47;102;243;99;400;616;486;495;447;485;437;540;524;548;592;707;415;345;710;657;522;321
298;10937;St.Gallen Stadt Kirche Neudorf;29.05.2020;Freitag;1;236;88;77;78;187;146;355;429;433;493;559;545;511;572;620;647;705;666;483;354;241;238;164;142
299;10937;St.Gallen Stadt Kirche Neudorf;29.05.2020;Freitag;2;169;78;70;93;219;76;393;554;555;490;499;557;410;489;579;596;669;591;423;332;230;201;153;108
300;10937;St.Gallen Stadt Kirche Neudorf;30.05.2020;Samstag;1;136;42;31;16;18;63;80;216;329;466;537;529;501;539;529;484;486;405;273;203;211;159;137;118
301;10937;St.Gallen Stadt Kirche Neudorf;30.05.2020;Samstag;2;82;41;27;23;17;25;97;151;315;436;499;506;449;424;479;454;475;377;312;226;258;170;151;104
302;10937;St.Gallen Stadt Kirche Neudorf;31.05.2020;Sonntag;1;148;59;30;16;16;29;49;92;137;181;282;326;346;301;351;383;384;278;266;218;193;176;139;100
303;10937;St.Gallen Stadt Kirche Neudorf;31.05.2020;Sonntag;2;98;62;17;12;16;20;54;35;100;157;162;221;208;230;294;313;360;423;364;277;276;200;159;92
304;10937;St.Gallen Stadt Kirche Neudorf;01.06.2020;Montag;1;96;37;10;9;11;25;55;77;125;193;281;340;330;394;417;378;383;317;285;217;217;159;94;70
305;10937;St.Gallen Stadt Kirche Neudorf;01.06.2020;Montag;2;61;39;22;11;7;15;76;59;90;148;209;265;260;249;270;354;401;435;413;317;291;201;136;54
306;10937;St.Gallen Stadt Kirche Neudorf;02.06.2020;Dienstag;1;67;14;10;11;45;160;365;438;423;464;508;506;498;522;538;608;690;722;462;335;255;271;263;129
307;10937;St.Gallen Stadt Kirche Neudorf;02.06.2020;Dienstag;2;22;6;11;16;28;92;468;637;532;520;483;500;425;526;539;538;631;655;446;355;798;822;625;314
308;10937;St.Gallen Stadt Kirche Neudorf;03.06.2020;Mittwoch;1;82;36;31;35;64;129;374;512;393;431;506;584;513;518;587;580;725;675;528;280;270;307;210;130
309;10937;St.Gallen Stadt Kirche Neudorf;03.06.2020;Mittwoch;2;141;96;56;109;246;103;431;645;492;481;469;475;444;525;543;508;590;670;462;355;607;661;583;293
310;10937;St.Gallen Stadt Kirche Neudorf;04.06.2020;Donnerstag;1;66;22;28;29;56;150;348;479;411;393;466;495;436;519;520;602;679;714;563;323;287;292;275;131
311;10937;St.Gallen Stadt Kirche Neudorf;04.06.2020;Donnerstag;2;160;57;62;114;224;108;434;655;516;439;456;437;424;531;513;514;668;641;480;336;623;589;492;309
312;10937;St.Gallen Stadt Kirche Neudorf;05.06.2020;Freitag;1;65;27;25;20;64;132;351;435;376;527;555;531;539;517;589;670;739;676;509;293;211;192;192;132
313;10937;St.Gallen Stadt Kirche Neudorf;05.06.2020;Freitag;2;155;77;63;123;181;94;428;578;482;482;518;533;436;585;565;559;645;622;437;265;212;156;153;121
314;10937;St.Gallen Stadt Kirche Neudorf;06.06.2020;Samstag;1;130;42;35;14;25;51;86;156;303;427;504;568;484;489;540;535;445;341;254;216;192;157;136;140
315;10937;St.Gallen Stadt Kirche Neudorf;06.06.2020;Samstag;2;76;38;35;15;14;22;97;143;305;396;464;523;488;474;486;477;522;358;285;203;197;151;128;119
316;10937;St.Gallen Stadt Kirche Neudorf;07.06.2020;Sonntag;1;146;53;41;21;22;43;22;61;74;119;223;270;224;253;260;295;292;308;228;202;209;199;462;319
317;10937;St.Gallen Stadt Kirche Neudorf;07.06.2020;Sonntag;2;96;59;29;18;15;13;56;37;73;156;201;223;205;238;268;286;291;313;243;240;198;202;618;327
318;10937;St.Gallen Stadt Kirche Neudorf;08.06.2020;Montag;1;178;76;56;64;213;204;374;469;399;392;448;494;477;551;604;490;685;734;497;347;226;238;547;327
319;10937;St.Gallen Stadt Kirche Neudorf;08.06.2020;Montag;2;175;97;101;141;304;107;475;704;479;418;470;466;410;528;526;502;593;649;472;275;205;194;531;264
320;10937;St.Gallen Stadt Kirche Neudorf;09.06.2020;Dienstag;1;132;83;65;60;196;166;345;434;358;373;506;536;396;485;560;595;692;711;530;299;250;306;572;357
321;10937;St.Gallen Stadt Kirche Neudorf;09.06.2020;Dienstag;2;127;57;81;126;257;109;450;710;499;387;456;502;401;472;525;501;569;667;487;294;191;210;537;299
322;10937;St.Gallen Stadt Kirche Neudorf;10.06.2020;Mittwoch;1;217;86;69;66;184;151;331;459;366;408;465;535;453;539;542;576;690;714;519;333;244;171;172;101
323;10937;St.Gallen Stadt Kirche Neudorf;10.06.2020;Mittwoch;2;116;85;72;114;240;101;450;692;512;442;454;453;411;502;569;548;567;660;510;286;212;152;139;79
324;10937;St.Gallen Stadt Kirche Neudorf;11.06.2020;Donnerstag;1;56;18;15;24;63;126;323;474;396;419;499;545;475;514;569;601;766;740;495;416;266;236;183;123
325;10937;St.Gallen Stadt Kirche Neudorf;11.06.2020;Donnerstag;2;38;18;10;20;31;107;441;690;492;418;509;472;424;527;549;538;584;615;465;346;215;184;143;85
326;10937;St.Gallen Stadt Kirche Neudorf;12.06.2020;Freitag;1;71;19;23;18;51;118;331;434;449;518;531;505;469;537;590;641;662;663;573;371;245;242;163;178
327;10937;St.Gallen Stadt Kirche Neudorf;12.06.2020;Freitag;2;29;20;10;17;23;104;425;658;515;448;518;502;414;534;524;525;627;610;454;337;271;227;163;128
328;10937;St.Gallen Stadt Kirche Neudorf;13.06.2020;Samstag;1;139;52;25;25;21;63;83;183;337;422;545;521;520;476;565;516;478;404;305;178;145;140;147;114
329;10937;St.Gallen Stadt Kirche Neudorf;13.06.2020;Samstag;2;91;65;27;31;25;31;107;166;288;372;457;461;435;455;454;434;469;405;378;237;187;139;125;101
330;10937;St.Gallen Stadt Kirche Neudorf;14.06.2020;Sonntag;1;129;63;41;19;20;30;45;45;86;133;202;244;262;282;323;260;354;323;232;196;166;140;86;63
331;10937;St.Gallen Stadt Kirche Neudorf;14.06.2020;Sonntag;2;78;52;37;10;22;18;70;39;102;141;207;205;225;251;316;300;339;297;261;183;194;127;109;35
332;10937;St.Gallen Stadt Kirche Neudorf;15.06.2020;Montag;1;43;11;9;10;32;146;347;486;429;425;429;498;455;511;515;583;677;687;459;261;218;195;164;77
333;10937;St.Gallen Stadt Kirche Neudorf;15.06.2020;Montag;2;30;18;7;8;19;114;496;734;531;492;489;465;453;555;549;572;581;655;495;308;215;144;135;51
334;10937;St.Gallen Stadt Kirche Neudorf;16.06.2020;Dienstag;1;26;14;8;16;38;119;348;507;407;417;490;530;447;491;555;568;666;733;500;340;222;209;165;87
335;10937;St.Gallen Stadt Kirche Neudorf;16.06.2020;Dienstag;2;28;10;13;15;19;115;497;778;555;452;518;512;460;573;539;572;803;767;505;316;220;170;121;50
336;10937;St.Gallen Stadt Kirche Neudorf;17.06.2020;Mittwoch;1;66;13;21;12;36;168;368;448;381;420;470;519;446;532;540;553;697;740;511;322;279;209;176;103
337;10937;St.Gallen Stadt Kirche Neudorf;17.06.2020;Mittwoch;2;33;16;6;9;30;123;491;742;514;462;466;528;467;602;574;555;681;695;550;341;225;149;129;63
338;10937;St.Gallen Stadt Kirche Neudorf;18.06.2020;Donnerstag;1;62;14;11;14;42;162;343;445;421;430;485;520;461;560;553;575;735;715;480;341;284;197;165;113
339;10937;St.Gallen Stadt Kirche Neudorf;18.06.2020;Donnerstag;2;29;18;11;17;19;119;482;706;521;505;491;524;446;603;551;535;620;671;503;412;375;334;272;150
340;10937;St.Gallen Stadt Kirche Neudorf;19.06.2020;Freitag;1;72;22;18;13;48;134;342;450;397;459;527;495;537;565;614;582;692;706;526;330;244;200;168;112
341;10937;St.Gallen Stadt Kirche Neudorf;19.06.2020;Freitag;2;59;37;22;21;50;106;471;691;520;505;544;569;502;607;536;570;624;635;529;382;258;190;161;126
342;10937;St.Gallen Stadt Kirche Neudorf;20.06.2020;Samstag;1;117;52;32;21;22;53;102;170;306;440;566;517;473;549;518;522;541;406;250;199;157;131;154;143
343;10937;St.Gallen Stadt Kirche Neudorf;20.06.2020;Samstag;2;94;46;27;27;25;25;104;161;307;456;534;541;508;526;515;460;543;488;356;249;248;186;193;124
344;10937;St.Gallen Stadt Kirche Neudorf;21.06.2020;Sonntag;1;104;63;37;30;21;17;47;65;120;183;244;309;308;317;383;316;369;304;262;232;171;133;97;58
345;10937;St.Gallen Stadt Kirche Neudorf;21.06.2020;Sonntag;2;98;84;37;30;20;18;58;53;112;181;207;264;263;313;369;367;411;468;357;341;250;215;125;67
346;10937;St.Gallen Stadt Kirche Neudorf;22.06.2020;Montag;1;33;14;13;12;41;146;377;464;390;440;476;498;450;514;509;584;690;743;501;334;241;199;134;80
347;10937;St.Gallen Stadt Kirche Neudorf;22.06.2020;Montag;2;35;12;9;15;29;113;510;758;562;453;471;474;460;563;528;544;609;661;506;349;251;230;167;96
348;10937;St.Gallen Stadt Kirche Neudorf;23.06.2020;Dienstag;1;54;13;11;12;43;146;378;514;407;418;476;480;452;522;518;523;697;746;508;326;253;274;155;97
349;10937;St.Gallen Stadt Kirche Neudorf;23.06.2020;Dienstag;2;41;19;16;13;32;120;486;747;513;478;519;486;480;508;550;524;599;667;508;370;264;235;185;82
350;10937;St.Gallen Stadt Kirche Neudorf;24.06.2020;Mittwoch;1;61;11;11;14;36;135;405;482;374;403;469;516;476;539;555;532;691;729;508;360;281;226;174;90
351;10937;St.Gallen Stadt Kirche Neudorf;24.06.2020;Mittwoch;2;41;11;10;14;31;117;492;735;513;483;471;542;456;545;556;493;610;655;543;362;276;230;166;97
352;10937;St.Gallen Stadt Kirche Neudorf;25.06.2020;Donnerstag;1;58;22;16;12;37;155;352;490;424;525;488;516;476;502;570;763;803;766;558;382;322;273;194;111
353;10937;St.Gallen Stadt Kirche Neudorf;25.06.2020;Donnerstag;2;47;20;6;10;25;109;487;733;553;563;516;531;474;551;525;579;599;668;564;421;483;450;363;203
354;10937;St.Gallen Stadt Kirche Neudorf;26.06.2020;Freitag;1;64;25;25;14;50;113;323;418;439;467;590;581;530;532;603;659;746;766;493;347;216;197;203;163
355;10937;St.Gallen Stadt Kirche Neudorf;26.06.2020;Freitag;2;78;38;19;26;51;115;433;713;549;512;554;621;516;598;635;663;654;675;547;321;260;195;155;124
356;10937;St.Gallen Stadt Kirche Neudorf;27.06.2020;Samstag;1;140;52;32;26;29;65;88;216;320;436;514;587;540;499;619;563;529;436;290;219;194;221;152;157
357;10937;St.Gallen Stadt Kirche Neudorf;27.06.2020;Samstag;2;103;50;29;29;24;42;102;163;354;473;578;594;514;543;539;483;551;486;321;259;233;227;201;186
358;10937;St.Gallen Stadt Kirche Neudorf;28.06.2020;Sonntag;1;114;67;46;42;40;48;71;90;141;213;262;305;288;330;335;340;338;296;278;249;207;181;92;64
359;10937;St.Gallen Stadt Kirche Neudorf;28.06.2020;Sonntag;2;93;53;47;41;30;33;75;57;114;173;237;266;257;298;330;380;415;402;332;328;287;174;124;57
360;10937;St.Gallen Stadt Kirche Neudorf;29.06.2020;Montag;1;0;0;0;0;0;0;0;0;0;0;0;0;0;0;0;0;0;0;0;0;0;0;0;0
361;10937;St.Gallen Stadt Kirche Neudorf;29.06.2020;Montag;2;0;0;0;0;0;0;0;0;0;0;0;0;0;0;0;0;0;0;0;0;0;0;0;0
362;10937;St.Gallen Stadt Kirche Neudorf;30.06.2020;Dienstag;1;151;40;14;18;43;160;383;470;389;437;421;536;473;537;569;579;707;767;564;415;297;227;185;102
363;10937;St.Gallen Stadt Kirche Neudorf;30.06.2020;Dienstag;2;45;35;18;22;46;131;462;739;517;521;484;442;459;493;531;517;591;626;523;374;269;225;184;77
