LNR;ORT-ID;BEZEICHNUNG;DATUM;WOCHENTAG;RI;1;2;3;4;5;6;7;8;9;10;11;12;13;14;15;16;17;18;19;20;21;22;23;24
0;10922;St.Gallen Stadt Guisanstr. 40;01.01.2020;Mittwoch;1;14;6;7;6;2;2;9;7;6;9;24;19;17;27;42;30;40;35;14;13;12;15;11;7
1;10922;St.Gallen Stadt Guisanstr. 40;01.01.2020;Mittwoch;2;21;15;15;11;4;3;12;8;14;16;29;27;32;48;55;51;67;58;27;22;24;29;20;11
2;10922;St.Gallen Stadt Guisanstr. 40;02.01.2020;Donnerstag;1;3;0;2;0;0;3;13;25;21;29;36;37;35;45;54;58;47;39;32;27;17;11;9;5
3;10922;St.Gallen Stadt Guisanstr. 40;02.01.2020;Donnerstag;2;4;3;2;0;2;5;22;30;31;43;55;62;60;69;66;91;83;74;61;47;25;27;18;10
4;10922;St.Gallen Stadt Guisanstr. 40;03.01.2020;Freitag;1;6;1;0;1;1;6;21;26;43;44;47;40;30;53;44;66;49;59;40;31;14;12;13;9
5;10922;St.Gallen Stadt Guisanstr. 40;03.01.2020;Freitag;2;9;2;0;1;3;8;33;44;61;65;73;76;58;84;87;107;86;105;65;62;30;29;29;18
6;10922;St.Gallen Stadt Guisanstr. 40;04.01.2020;Samstag;1;5;2;1;2;2;5;9;12;30;36;41;41;41;37;39;35;33;47;33;22;13;17;12;11
7;10922;St.Gallen Stadt Guisanstr. 40;04.01.2020;Samstag;2;11;6;1;3;2;7;16;18;49;53;69;72;67;65;76;70;73;83;66;36;30;31;21;17
8;10922;St.Gallen Stadt Guisanstr. 40;05.01.2020;Sonntag;1;9;3;3;3;0;1;8;16;20;22;29;46;40;42;57;62;61;36;18;17;16;9;11;6
9;10922;St.Gallen Stadt Guisanstr. 40;05.01.2020;Sonntag;2;17;7;5;7;0;1;10;20;23;38;57;73;72;85;100;93;92;77;39;39;29;17;18;13
10;10922;St.Gallen Stadt Guisanstr. 40;06.01.2020;Montag;1;3;0;3;0;5;8;39;84;73;43;42;52;44;56;51;65;79;70;62;53;21;13;9;7
11;10922;St.Gallen Stadt Guisanstr. 40;06.01.2020;Montag;2;6;0;5;0;8;11;61;117;104;75;64;98;81;90;84;97;118;131;109;85;53;27;24;13
12;10922;St.Gallen Stadt Guisanstr. 40;07.01.2020;Dienstag;1;3;1;2;0;2;3;39;71;63;46;48;45;41;72;51;51;64;73;72;31;27;17;14;8
13;10922;St.Gallen Stadt Guisanstr. 40;07.01.2020;Dienstag;2;13;3;3;1;5;8;51;115;101;79;83;97;76;107;84;93;111;139;122;63;50;39;31;16
14;10922;St.Gallen Stadt Guisanstr. 40;08.01.2020;Mittwoch;1;5;1;2;0;2;7;42;77;81;52;57;63;45;74;75;61;73;63;67;41;33;26;10;10
15;10922;St.Gallen Stadt Guisanstr. 40;08.01.2020;Mittwoch;2;8;1;2;0;3;8;56;108;109;74;83;105;80;116;112;97;121;113;122;86;54;41;27;19
16;10922;St.Gallen Stadt Guisanstr. 40;09.01.2020;Donnerstag;1;5;0;2;1;3;7;48;73;69;60;53;55;48;62;50;71;56;73;58;38;16;17;13;8
17;10922;St.Gallen Stadt Guisanstr. 40;09.01.2020;Donnerstag;2;6;1;1;1;3;10;63;122;109;76;84;94;82;98;69;96;89;116;107;72;38;42;27;17
18;10922;St.Gallen Stadt Guisanstr. 40;10.01.2020;Freitag;1;5;0;1;1;3;6;43;91;83;52;51;63;49;71;52;50;66;72;55;34;17;22;18;13
19;10922;St.Gallen Stadt Guisanstr. 40;10.01.2020;Freitag;2;9;0;2;1;5;6;56;127;114;77;67;106;94;110;79;95;112;112;105;84;44;37;40;33
20;10922;St.Gallen Stadt Guisanstr. 40;11.01.2020;Samstag;1;10;0;0;1;1;5;4;16;32;57;39;51;34;42;53;43;45;39;43;33;23;14;18;18
21;10922;St.Gallen Stadt Guisanstr. 40;11.01.2020;Samstag;2;14;9;4;2;2;10;10;27;50;76;58;75;66;80;77;68;92;71;76;52;37;34;26;28
22;10922;St.Gallen Stadt Guisanstr. 40;12.01.2020;Sonntag;1;10;5;0;1;0;2;6;13;23;31;30;39;58;57;63;50;72;41;23;25;20;23;9;10
23;10922;St.Gallen Stadt Guisanstr. 40;12.01.2020;Sonntag;2;24;12;3;5;1;1;5;22;31;41;49;73;78;93;94;90;104;70;44;49;35;34;16;15
24;10922;St.Gallen Stadt Guisanstr. 40;13.01.2020;Montag;1;6;2;1;1;4;8;45;75;73;47;34;63;50;64;68;54;59;80;68;51;22;19;9;6
25;10922;St.Gallen Stadt Guisanstr. 40;13.01.2020;Montag;2;9;3;2;1;6;11;63;111;106;84;69;116;82;90;97;89;92;150;126;83;56;36;20;9
26;10922;St.Gallen Stadt Guisanstr. 40;14.01.2020;Dienstag;1;3;1;1;1;2;9;34;87;78;49;50;62;52;75;52;55;80;83;67;39;23;17;17;8
27;10922;St.Gallen Stadt Guisanstr. 40;14.01.2020;Dienstag;2;5;3;2;1;4;9;49;124;120;76;86;110;90;100;106;92;115;145;109;69;44;37;31;15
28;10922;St.Gallen Stadt Guisanstr. 40;15.01.2020;Mittwoch;1;4;1;4;0;3;5;51;87;76;61;53;63;56;78;98;153;144;83;74;37;29;28;8;14
29;10922;St.Gallen Stadt Guisanstr. 40;15.01.2020;Mittwoch;2;6;1;6;0;4;8;71;121;113;80;86;104;99;107;76;79;89;132;116;67;57;44;36;17
30;10922;St.Gallen Stadt Guisanstr. 40;16.01.2020;Donnerstag;1;4;2;2;1;1;9;44;71;73;43;45;71;43;73;52;63;67;79;74;33;30;24;19;12
31;10922;St.Gallen Stadt Guisanstr. 40;16.01.2020;Donnerstag;2;7;1;3;2;2;9;57;119;122;61;92;120;90;106;91;104;101;133;117;62;62;45;40;24
32;10922;St.Gallen Stadt Guisanstr. 40;17.01.2020;Freitag;1;8;1;1;0;4;7;47;84;76;61;68;71;82;86;66;64;66;78;57;38;21;23;14;16
33;10922;St.Gallen Stadt Guisanstr. 40;17.01.2020;Freitag;2;13;3;1;0;5;9;60;123;108;101;124;116;113;132;116;116;110;134;125;65;46;48;38;32
34;10922;St.Gallen Stadt Guisanstr. 40;18.01.2020;Samstag;1;5;1;0;0;2;2;13;17;33;42;48;59;43;37;50;40;48;37;33;24;11;12;18;9
35;10922;St.Gallen Stadt Guisanstr. 40;18.01.2020;Samstag;2;14;9;5;1;2;6;16;24;57;68;63;91;78;69;87;78;85;72;67;38;31;25;30;27
36;10922;St.Gallen Stadt Guisanstr. 40;19.01.2020;Sonntag;1;8;7;2;1;0;1;10;17;29;23;30;34;53;45;45;60;49;52;29;21;21;5;11;12
37;10922;St.Gallen Stadt Guisanstr. 40;19.01.2020;Sonntag;2;17;14;6;5;0;3;11;18;43;43;51;54;74;67;75;98;71;82;53;43;42;26;16;14
38;10922;St.Gallen Stadt Guisanstr. 40;20.01.2020;Montag;1;6;3;1;2;4;6;41;79;84;52;57;56;53;71;62;59;84;73;56;48;13;35;13;9
39;10922;St.Gallen Stadt Guisanstr. 40;20.01.2020;Montag;2;9;6;2;3;6;9;53;120;121;72;90;109;95;113;84;95;116;146;111;91;38;57;26;14
40;10922;St.Gallen Stadt Guisanstr. 40;21.01.2020;Dienstag;1;6;1;2;1;2;10;34;78;82;49;59;58;42;80;66;55;57;69;73;40;20;19;12;9
41;10922;St.Gallen Stadt Guisanstr. 40;21.01.2020;Dienstag;2;8;2;3;2;4;12;45;120;130;80;87;106;80;86;90;90;115;142;137;78;50;44;31;20
42;10922;St.Gallen Stadt Guisanstr. 40;22.01.2020;Mittwoch;1;6;1;3;1;4;4;33;101;63;69;46;66;48;90;60;60;66;66;71;35;28;27;16;5
43;10922;St.Gallen Stadt Guisanstr. 40;22.01.2020;Mittwoch;2;10;4;5;1;6;8;51;141;88;107;76;104;82;97;106;94;114;103;107;72;52;52;35;13
44;10922;St.Gallen Stadt Guisanstr. 40;23.01.2020;Donnerstag;1;5;1;2;1;2;9;38;80;87;48;61;72;39;67;62;70;70;66;65;41;21;22;14;8
45;10922;St.Gallen Stadt Guisanstr. 40;23.01.2020;Donnerstag;2;7;2;2;0;6;13;50;116;118;72;83;99;86;94;93;99;111;117;113;75;45;47;26;17
46;10922;St.Gallen Stadt Guisanstr. 40;24.01.2020;Freitag;1;7;0;1;2;2;5;43;81;85;53;53;66;58;85;55;69;69;78;53;39;21;20;20;14
47;10922;St.Gallen Stadt Guisanstr. 40;24.01.2020;Freitag;2;12;4;1;2;4;9;60;118;119;91;83;112;92;102;98;103;112;133;112;74;48;35;40;25
48;10922;St.Gallen Stadt Guisanstr. 40;25.01.2020;Samstag;1;4;6;0;1;0;4;14;23;35;56;30;60;33;37;67;64;46;39;39;21;17;15;16;11
49;10922;St.Gallen Stadt Guisanstr. 40;25.01.2020;Samstag;2;14;9;2;1;1;7;17;41;51;71;67;104;65;81;102;86;74;71;62;39;29;26;34;24
50;10922;St.Gallen Stadt Guisanstr. 40;26.01.2020;Sonntag;1;10;1;3;2;1;1;5;12;20;20;21;42;30;46;63;51;53;43;16;16;26;10;9;7
51;10922;St.Gallen Stadt Guisanstr. 40;26.01.2020;Sonntag;2;16;4;7;4;2;2;8;16;27;32;47;76;55;72;87;81;78;71;48;30;39;22;15;11
52;10922;St.Gallen Stadt Guisanstr. 40;27.01.2020;Montag;1;4;1;1;1;2;5;31;61;58;47;47;55;44;55;58;53;65;56;51;38;15;18;10;6
53;10922;St.Gallen Stadt Guisanstr. 40;27.01.2020;Montag;2;5;4;1;1;3;9;47;96;99;89;76;92;71;94;83;88;101;94;89;61;41;41;14;14
54;10922;St.Gallen Stadt Guisanstr. 40;28.01.2020;Dienstag;1;4;2;0;0;1;6;29;61;70;60;45;57;50;56;54;41;57;55;45;38;20;15;15;11
55;10922;St.Gallen Stadt Guisanstr. 40;28.01.2020;Dienstag;2;6;2;0;1;3;10;49;108;101;87;76;101;87;90;59;68;87;118;92;53;32;22;33;17
56;10922;St.Gallen Stadt Guisanstr. 40;29.01.2020;Mittwoch;1;4;2;0;2;5;7;29;54;63;56;47;61;48;53;45;67;57;59;50;36;21;22;15;7
57;10922;St.Gallen Stadt Guisanstr. 40;29.01.2020;Mittwoch;2;7;5;0;4;8;16;41;88;105;87;67;94;79;69;69;80;101;100;85;61;44;41;30;13
58;10922;St.Gallen Stadt Guisanstr. 40;30.01.2020;Donnerstag;1;6;1;1;2;3;5;29;54;76;50;48;59;50;57;69;66;61;76;47;28;19;16;9;11
59;10922;St.Gallen Stadt Guisanstr. 40;30.01.2020;Donnerstag;2;8;1;1;2;5;9;47;81;104;78;73;103;82;110;112;87;85;113;91;56;38;36;20;17
60;10922;St.Gallen Stadt Guisanstr. 40;31.01.2020;Freitag;1;5;2;1;2;2;7;36;61;73;56;56;68;49;59;51;55;68;55;38;32;21;13;12;16
61;10922;St.Gallen Stadt Guisanstr. 40;31.01.2020;Freitag;2;7;2;1;2;3;10;51;96;118;79;85;102;86;101;85;84;97;98;86;52;39;26;20;27
62;10922;St.Gallen Stadt Guisanstr. 40;01.02.2020;Samstag;1;10;2;1;4;4;5;8;16;25;45;59;44;33;40;45;44;44;53;39;27;24;21;19;14
63;10922;St.Gallen Stadt Guisanstr. 40;01.02.2020;Samstag;2;19;3;2;5;6;9;15;25;44;59;79;77;72;70;78;83;79;89;72;45;38;29;34;27
64;10922;St.Gallen Stadt Guisanstr. 40;02.02.2020;Sonntag;1;9;5;1;1;1;0;7;9;18;24;27;45;35;41;50;50;34;44;21;21;20;16;8;5
65;10922;St.Gallen Stadt Guisanstr. 40;02.02.2020;Sonntag;2;16;10;4;6;2;3;8;14;22;33;57;67;62;59;92;73;63;68;41;37;38;28;17;13
66;10922;St.Gallen Stadt Guisanstr. 40;03.02.2020;Montag;1;6;2;1;1;4;6;44;89;69;57;60;57;57;60;66;57;66;68;68;51;15;19;6;10
67;10922;St.Gallen Stadt Guisanstr. 40;03.02.2020;Montag;2;9;3;1;1;8;8;60;134;105;94;88;99;92;109;98;91;114;126;123;96;36;36;19;21
68;10922;St.Gallen Stadt Guisanstr. 40;04.02.2020;Dienstag;1;3;2;0;2;3;7;49;95;89;59;51;68;64;78;55;59;74;77;74;48;25;15;16;11
69;10922;St.Gallen Stadt Guisanstr. 40;04.02.2020;Dienstag;2;9;3;0;4;4;10;63;140;137;79;81;107;93;117;82;93;93;138;128;74;44;32;29;17
70;10922;St.Gallen Stadt Guisanstr. 40;05.02.2020;Mittwoch;1;7;0;0;2;3;7;40;97;86;52;59;56;79;76;64;91;79;98;62;35;23;28;12;11
71;10922;St.Gallen Stadt Guisanstr. 40;05.02.2020;Mittwoch;2;12;1;0;2;5;9;51;120;112;82;93;90;102;111;102;129;107;136;130;74;51;43;20;17
72;10922;St.Gallen Stadt Guisanstr. 40;06.02.2020;Donnerstag;1;6;1;1;1;2;4;44;86;99;66;70;99;64;76;65;66;89;82;64;44;19;17;10;9
73;10922;St.Gallen Stadt Guisanstr. 40;06.02.2020;Donnerstag;2;10;2;3;1;3;7;53;116;130;78;103;144;91;97;89;99;106;133;121;69;40;38;20;17
74;10922;St.Gallen Stadt Guisanstr. 40;07.02.2020;Freitag;1;6;2;1;2;3;5;41;91;84;71;61;86;70;92;76;86;63;97;67;54;21;21;12;11
75;10922;St.Gallen Stadt Guisanstr. 40;07.02.2020;Freitag;2;10;3;1;3;5;6;57;125;111;87;86;111;95;120;107;115;92;137;121;77;43;30;25;31
76;10922;St.Gallen Stadt Guisanstr. 40;08.02.2020;Samstag;1;8;3;1;0;0;6;17;16;32;54;49;54;57;47;56;57;58;54;34;29;19;20;18;17
77;10922;St.Gallen Stadt Guisanstr. 40;08.02.2020;Samstag;2;10;7;2;1;2;14;21;28;57;77;68;80;108;87;92;79;92;90;63;43;31;29;28;27
78;10922;St.Gallen Stadt Guisanstr. 40;09.02.2020;Sonntag;1;10;6;1;1;1;4;12;9;22;27;45;43;48;61;55;75;64;39;38;18;19;14;13;4
79;10922;St.Gallen Stadt Guisanstr. 40;09.02.2020;Sonntag;2;16;9;5;2;4;5;14;11;38;43;71;74;76;75;78;95;98;58;80;41;33;22;17;7
80;10922;St.Gallen Stadt Guisanstr. 40;10.02.2020;Montag;1;3;3;0;1;1;3;52;85;79;46;46;73;44;79;63;53;64;73;52;38;28;34;11;7
81;10922;St.Gallen Stadt Guisanstr. 40;10.02.2020;Montag;2;5;4;0;1;4;7;65;143;116;69;87;123;80;125;97;94;111;134;119;71;49;41;28;9
82;10922;St.Gallen Stadt Guisanstr. 40;11.02.2020;Dienstag;1;4;0;0;2;3;6;41;105;89;60;54;70;48;73;57;62;86;81;86;41;29;29;16;12
83;10922;St.Gallen Stadt Guisanstr. 40;11.02.2020;Dienstag;2;8;1;0;2;5;9;48;125;142;118;87;120;84;107;88;93;137;141;124;73;50;57;26;20
84;10922;St.Gallen Stadt Guisanstr. 40;12.02.2020;Mittwoch;1;4;0;1;1;4;9;61;86;106;54;62;85;72;99;84;79;96;97;54;41;22;31;20;9
85;10922;St.Gallen Stadt Guisanstr. 40;12.02.2020;Mittwoch;2;5;0;1;1;5;17;76;135;149;87;97;125;111;128;126;106;128;151;99;76;33;53;31;11
86;10922;St.Gallen Stadt Guisanstr. 40;13.02.2020;Donnerstag;1;6;0;0;1;4;3;42;92;84;62;60;75;57;84;61;73;62;81;55;38;34;17;15;9
87;10922;St.Gallen Stadt Guisanstr. 40;13.02.2020;Donnerstag;2;9;1;0;1;3;7;65;130;134;84;85;130;84;103;91;110;107;139;105;66;67;35;31;18
88;10922;St.Gallen Stadt Guisanstr. 40;14.02.2020;Freitag;1;5;3;0;3;2;2;34;82;105;75;58;73;53;72;74;62;99;97;74;55;25;19;15;13
89;10922;St.Gallen Stadt Guisanstr. 40;14.02.2020;Freitag;2;8;4;0;4;7;5;57;123;143;129;84;116;89;104;93;123;141;149;106;81;49;35;42;27
90;10922;St.Gallen Stadt Guisanstr. 40;15.02.2020;Samstag;1;13;3;1;6;0;3;8;17;33;47;57;63;63;50;66;58;60;51;41;12;12;13;16;12
91;10922;St.Gallen Stadt Guisanstr. 40;15.02.2020;Samstag;2;20;11;7;7;1;7;19;28;59;69;88;95;103;78;100;102;96;82;67;33;31;27;30;32
92;10922;St.Gallen Stadt Guisanstr. 40;16.02.2020;Sonntag;1;5;2;1;2;1;2;6;16;23;26;29;63;48;50;58;70;56;50;34;35;21;13;11;9
93;10922;St.Gallen Stadt Guisanstr. 40;16.02.2020;Sonntag;2;11;5;6;4;3;3;8;20;52;50;60;84;80;80;91;102;86;78;56;56;39;28;22;12
94;10922;St.Gallen Stadt Guisanstr. 40;18.02.2020;Dienstag;1;3;3;0;1;4;8;45;103;87;55;71;63;54;85;69;74;77;94;78;41;25;17;12;8
95;10922;St.Gallen Stadt Guisanstr. 40;18.02.2020;Dienstag;2;5;4;1;1;6;10;61;134;119;102;102;116;100;109;94;111;132;145;123;88;49;44;25;16
96;10922;St.Gallen Stadt Guisanstr. 40;19.02.2020;Mittwoch;1;5;1;0;2;3;10;39;105;88;69;82;74;69;77;77;82;82;92;68;43;23;26;16;4
97;10922;St.Gallen Stadt Guisanstr. 40;19.02.2020;Mittwoch;2;8;2;0;2;5;14;69;160;126;97;114;135;99;120;114;116;112;153;145;85;56;54;34;11
98;10922;St.Gallen Stadt Guisanstr. 40;20.02.2020;Donnerstag;1;3;0;1;1;2;10;42;95;82;71;57;81;53;86;77;79;84;108;60;29;21;19;16;6
99;10922;St.Gallen Stadt Guisanstr. 40;20.02.2020;Donnerstag;2;5;2;2;1;5;15;57;152;114;115;97;121;99;125;94;103;120;162;111;59;40;39;35;17
100;10922;St.Gallen Stadt Guisanstr. 40;21.02.2020;Freitag;1;3;2;0;2;4;5;39;95;71;72;85;80;53;88;81;70;111;148;90;37;22;18;30;21
101;10922;St.Gallen Stadt Guisanstr. 40;21.02.2020;Freitag;2;7;4;4;4;5;11;54;150;118;103;119;126;94;118;113;117;135;179;147;65;40;33;52;32
102;10922;St.Gallen Stadt Guisanstr. 40;22.02.2020;Samstag;1;14;4;5;1;2;7;10;20;51;38;55;63;43;49;70;55;51;53;39;26;16;19;17;19
103;10922;St.Gallen Stadt Guisanstr. 40;22.02.2020;Samstag;2;19;14;8;4;2;12;21;36;68;58;87;99;81;83;93;84;85;98;65;44;33;34;29;25
104;10922;St.Gallen Stadt Guisanstr. 40;23.02.2020;Sonntag;1;11;1;3;2;1;1;5;11;16;26;37;46;38;46;62;59;53;46;31;28;22;19;13;8
105;10922;St.Gallen Stadt Guisanstr. 40;23.02.2020;Sonntag;2;19;8;5;3;2;1;8;19;32;39;68;67;62;64;83;100;82;73;90;56;32;35;20;13
106;10922;St.Gallen Stadt Guisanstr. 40;24.02.2020;Montag;1;6;2;1;0;3;6;41;111;72;68;62;65;74;82;83;76;88;74;76;54;31;17;11;9
107;10922;St.Gallen Stadt Guisanstr. 40;24.02.2020;Montag;2;6;3;2;1;5;9;56;146;99;90;90;125;88;116;113;114;125;153;120;89;54;44;24;15
108;10922;St.Gallen Stadt Guisanstr. 40;25.02.2020;Dienstag;1;6;1;0;2;3;8;53;108;68;69;52;77;58;84;68;68;79;76;74;51;39;16;17;12
109;10922;St.Gallen Stadt Guisanstr. 40;25.02.2020;Dienstag;2;9;4;0;2;6;11;66;136;106;100;85;126;95;119;112;111;126;140;115;87;66;36;35;19
110;10922;St.Gallen Stadt Guisanstr. 40;26.02.2020;Mittwoch;1;7;1;3;2;3;7;35;109;85;64;56;89;76;89;68;74;66;106;85;54;22;27;12;13
111;10922;St.Gallen Stadt Guisanstr. 40;26.02.2020;Mittwoch;2;9;2;4;3;4;10;57;128;124;88;84;118;103;125;109;89;105;133;160;84;50;53;25;15
112;10922;St.Gallen Stadt Guisanstr. 40;27.02.2020;Donnerstag;1;6;0;1;2;2;9;56;100;72;74;62;82;63;84;70;59;74;89;74;46;24;17;13;6
113;10922;St.Gallen Stadt Guisanstr. 40;27.02.2020;Donnerstag;2;10;3;2;3;3;12;71;137;114;99;91;124;99;116;114;104;93;142;123;82;48;39;32;13
114;10922;St.Gallen Stadt Guisanstr. 40;28.02.2020;Freitag;1;3;2;1;2;3;5;41;101;93;76;68;93;70;93;79;72;92;73;55;51;27;29;18;19
115;10922;St.Gallen Stadt Guisanstr. 40;28.02.2020;Freitag;2;8;3;2;3;10;10;70;155;133;118;120;142;96;122;122;111;106;121;105;82;43;51;29;36
116;10922;St.Gallen Stadt Guisanstr. 40;29.02.2020;Samstag;1;8;1;0;0;4;4;11;34;49;56;61;68;57;67;58;47;81;47;30;29;22;21;13;11
117;10922;St.Gallen Stadt Guisanstr. 40;29.02.2020;Samstag;2;16;5;1;2;4;8;16;46;69;79;80;97;107;96;85;98;103;88;55;42;35;33;23;23
118;10922;St.Gallen Stadt Guisanstr. 40;01.03.2020;Sonntag;1;7;2;1;2;4;1;9;16;20;28;45;47;46;64;66;68;78;63;45;30;32;17;6;10
119;10922;St.Gallen Stadt Guisanstr. 40;01.03.2020;Sonntag;2;14;7;4;6;7;2;9;21;34;51;69;93;80;88;97;82;87;88;68;48;48;24;11;12
120;10922;St.Gallen Stadt Guisanstr. 40;02.03.2020;Montag;1;5;1;0;2;1;6;42;88;83;85;62;70;67;74;75;68;81;83;88;48;27;20;14;9
121;10922;St.Gallen Stadt Guisanstr. 40;02.03.2020;Montag;2;7;4;1;2;5;10;57;153;112;135;110;116;112;124;103;118;117;143;139;85;41;55;22;13
122;10922;St.Gallen Stadt Guisanstr. 40;03.03.2020;Dienstag;1;3;0;0;1;2;8;42;98;84;57;76;63;65;83;78;58;81;102;80;54;21;18;11;8
123;10922;St.Gallen Stadt Guisanstr. 40;03.03.2020;Dienstag;2;6;1;0;2;3;9;56;150;129;84;100;116;88;113;101;90;113;167;122;92;41;39;40;14
124;10922;St.Gallen Stadt Guisanstr. 40;04.03.2020;Mittwoch;1;3;2;0;1;2;7;35;103;96;78;69;94;65;103;81;79;92;82;79;59;21;30;21;7
125;10922;St.Gallen Stadt Guisanstr. 40;04.03.2020;Mittwoch;2;4;6;0;2;4;11;48;158;140;105;102;134;118;145;135;134;142;135;138;103;53;49;39;23
126;10922;St.Gallen Stadt Guisanstr. 40;05.03.2020;Donnerstag;1;8;1;1;1;4;5;60;108;79;74;61;71;57;94;53;65;94;105;78;66;25;18;11;11
127;10922;St.Gallen Stadt Guisanstr. 40;05.03.2020;Donnerstag;2;13;2;2;1;5;10;82;149;133;103;98;132;106;135;100;105;133;172;134;104;57;33;23;19
128;10922;St.Gallen Stadt Guisanstr. 40;06.03.2020;Freitag;1;4;0;0;2;1;10;34;111;96;75;58;65;73;103;82;88;82;63;68;40;21;19;11;11
129;10922;St.Gallen Stadt Guisanstr. 40;06.03.2020;Freitag;2;5;5;1;2;3;10;60;140;138;95;103;120;110;142;123;118;114;118;125;75;46;47;28;21
130;10922;St.Gallen Stadt Guisanstr. 40;07.03.2020;Samstag;1;11;3;1;3;1;8;17;16;38;63;57;62;44;66;65;61;53;45;39;20;19;21;14;14
131;10922;St.Gallen Stadt Guisanstr. 40;07.03.2020;Samstag;2;20;3;3;3;5;13;26;41;58;69;79;91;83;95;87;101;89;88;72;38;37;34;30;22
132;10922;St.Gallen Stadt Guisanstr. 40;08.03.2020;Sonntag;1;8;6;3;2;2;3;9;16;21;32;44;51;54;66;64;62;67;43;38;26;23;15;8;8
133;10922;St.Gallen Stadt Guisanstr. 40;08.03.2020;Sonntag;2;20;8;5;4;2;5;10;22;35;44;66;85;88;98;84;95;90;80;70;54;40;29;18;8
134;10922;St.Gallen Stadt Guisanstr. 40;09.03.2020;Montag;1;5;1;1;2;1;6;41;119;85;55;72;57;56;85;72;70;99;80;83;53;35;18;10;9
135;10922;St.Gallen Stadt Guisanstr. 40;09.03.2020;Montag;2;5;2;2;2;3;11;55;154;126;107;75;109;94;107;101;108;138;120;138;75;57;41;21;17
136;10922;St.Gallen Stadt Guisanstr. 40;10.03.2020;Dienstag;1;4;0;1;2;2;8;32;98;92;69;61;66;59;84;70;72;93;81;87;43;30;29;20;9
137;10922;St.Gallen Stadt Guisanstr. 40;10.03.2020;Dienstag;2;8;2;2;2;3;10;57;137;120;87;99;109;95;119;93;99;124;141;131;83;52;54;31;17
138;10922;St.Gallen Stadt Guisanstr. 40;11.03.2020;Mittwoch;1;4;1;1;0;5;4;45;102;89;65;74;76;77;101;89;92;91;113;77;68;34;31;17;8
139;10922;St.Gallen Stadt Guisanstr. 40;11.03.2020;Mittwoch;2;8;2;3;1;10;7;63;164;120;89;115;110;125;134;111;128;128;166;138;118;67;58;29;15
140;10922;St.Gallen Stadt Guisanstr. 40;12.03.2020;Donnerstag;1;5;0;2;1;4;7;45;111;82;64;61;79;58;91;70;90;82;111;70;46;29;18;19;8
141;10922;St.Gallen Stadt Guisanstr. 40;12.03.2020;Donnerstag;2;6;1;3;1;7;8;57;138;117;89;88;109;98;121;94;124;118;161;132;78;49;35;32;19
142;10922;St.Gallen Stadt Guisanstr. 40;13.03.2020;Freitag;1;2;1;0;1;2;5;45;105;89;73;50;77;73;101;69;80;95;79;66;33;27;20;13;13
143;10922;St.Gallen Stadt Guisanstr. 40;13.03.2020;Freitag;2;9;1;2;2;4;8;62;157;130;95;89;121;112;142;106;119;115;125;121;70;42;35;24;27
144;10922;St.Gallen Stadt Guisanstr. 40;14.03.2020;Samstag;1;9;3;1;2;2;4;10;20;51;53;48;72;67;53;57;66;50;43;40;16;15;25;16;16
145;10922;St.Gallen Stadt Guisanstr. 40;14.03.2020;Samstag;2;11;4;2;6;4;7;20;35;69;77;78;107;95;91;95;93;86;77;56;26;28;37;17;27
146;10922;St.Gallen Stadt Guisanstr. 40;15.03.2020;Sonntag;1;8;5;2;1;0;3;5;13;23;21;56;46;65;56;49;47;60;38;31;26;22;17;10;5
147;10922;St.Gallen Stadt Guisanstr. 40;15.03.2020;Sonntag;2;10;9;1;2;0;2;7;18;30;48;80;69;86;69;75;79;82;77;63;39;39;28;15;9
148;10922;St.Gallen Stadt Guisanstr. 40;16.03.2020;Montag;1;3;1;1;1;2;8;51;83;71;73;67;70;72;80;82;69;71;74;63;29;21;20;6;7
149;10922;St.Gallen Stadt Guisanstr. 40;16.03.2020;Montag;2;7;1;1;2;5;8;62;112;102;103;90;113;101;99;101;109;120;134;105;63;39;28;14;8
150;10922;St.Gallen Stadt Guisanstr. 40;17.03.2020;Dienstag;1;5;3;0;1;2;8;50;88;83;70;65;67;60;77;65;65;75;57;45;28;13;15;10;10
151;10922;St.Gallen Stadt Guisanstr. 40;17.03.2020;Dienstag;2;7;6;0;1;4;11;58;81;68;95;93;106;96;102;90;86;105;87;76;51;23;15;13;10
152;10922;St.Gallen Stadt Guisanstr. 40;18.03.2020;Mittwoch;1;5;1;0;3;1;7;44;91;73;60;57;61;52;83;55;57;66;81;39;29;14;17;12;5
153;10922;St.Gallen Stadt Guisanstr. 40;18.03.2020;Mittwoch;2;5;1;0;3;3;8;59;120;99;81;93;97;96;97;89;73;103;103;85;43;25;24;14;8
154;10922;St.Gallen Stadt Guisanstr. 40;19.03.2020;Donnerstag;1;4;1;0;1;1;9;44;78;83;64;59;75;63;87;67;66;74;66;40;28;15;10;4;9
155;10922;St.Gallen Stadt Guisanstr. 40;19.03.2020;Donnerstag;2;5;1;1;2;4;11;65;103;106;97;93;110;91;102;119;86;91;112;78;49;23;17;9;12
156;10922;St.Gallen Stadt Guisanstr. 40;20.03.2020;Freitag;1;3;1;3;1;3;4;37;67;66;61;74;74;61;94;64;53;66;60;34;23;12;14;11;9
157;10922;St.Gallen Stadt Guisanstr. 40;20.03.2020;Freitag;2;4;3;4;2;4;8;54;116;100;77;73;129;120;116;99;81;95;98;67;43;17;21;19;10
158;10922;St.Gallen Stadt Guisanstr. 40;21.03.2020;Samstag;1;4;0;2;0;2;2;16;14;22;41;31;45;32;36;37;40;35;26;17;10;11;7;6;12
159;10922;St.Gallen Stadt Guisanstr. 40;21.03.2020;Samstag;2;6;1;2;0;4;6;21;16;29;43;51;71;47;56;61;61;48;49;40;19;18;12;10;15
160;10922;St.Gallen Stadt Guisanstr. 40;22.03.2020;Sonntag;1;4;4;2;1;1;1;9;8;11;18;17;22;23;33;35;37;49;47;26;17;13;9;7;4
161;10922;St.Gallen Stadt Guisanstr. 40;22.03.2020;Sonntag;2;7;6;4;1;1;0;11;10;17;22;32;36;38;50;53;53;61;60;37;28;20;15;10;7
162;10922;St.Gallen Stadt Guisanstr. 40;23.03.2020;Montag;1;4;1;0;3;1;6;39;77;62;41;54;61;55;80;76;80;79;58;46;21;15;11;7;6
163;10922;St.Gallen Stadt Guisanstr. 40;23.03.2020;Montag;2;5;2;1;3;3;9;62;103;66;73;82;83;95;80;77;104;72;93;83;42;26;18;10;9
164;10922;St.Gallen Stadt Guisanstr. 40;24.03.2020;Dienstag;1;3;2;1;0;4;10;42;75;70;51;62;72;58;73;57;66;67;52;37;27;10;8;7;7
165;10922;St.Gallen Stadt Guisanstr. 40;24.03.2020;Dienstag;2;6;3;1;1;7;12;60;107;97;62;80;89;94;99;88;95;94;99;69;48;17;11;9;9
166;10922;St.Gallen Stadt Guisanstr. 40;25.03.2020;Mittwoch;1;2;1;2;1;3;3;38;71;56;55;37;60;56;88;61;54;58;51;33;30;11;10;7;5
167;10922;St.Gallen Stadt Guisanstr. 40;25.03.2020;Mittwoch;2;4;2;2;1;2;6;57;98;87;80;75;86;112;125;85;90;83;95;70;49;21;10;12;6
168;10922;St.Gallen Stadt Guisanstr. 40;26.03.2020;Donnerstag;1;6;0;1;1;2;6;32;69;56;53;40;62;47;77;50;55;69;62;43;19;12;12;10;7
169;10922;St.Gallen Stadt Guisanstr. 40;26.03.2020;Donnerstag;2;7;0;2;1;3;11;44;106;83;78;77;82;80;103;75;77;94;95;77;39;19;19;10;10
170;10922;St.Gallen Stadt Guisanstr. 40;27.03.2020;Freitag;1;2;1;0;2;3;6;36;61;55;46;51;68;53;74;64;61;56;62;38;30;18;10;7;10
171;10922;St.Gallen Stadt Guisanstr. 40;27.03.2020;Freitag;2;3;1;1;3;5;7;47;103;88;69;82;104;78;94;79;106;91;97;80;59;22;17;13;14
172;10922;St.Gallen Stadt Guisanstr. 40;28.03.2020;Samstag;1;5;1;2;2;4;4;9;19;28;37;40;44;45;36;46;51;45;39;26;17;11;7;11;10
173;10922;St.Gallen Stadt Guisanstr. 40;28.03.2020;Samstag;2;6;1;4;3;7;8;15;35;42;53;62;75;69;66;76;79;73;65;41;29;18;16;13;19
174;10922;St.Gallen Stadt Guisanstr. 40;29.03.2020;Sonntag;1;3;0;0;1;1;1;5;10;9;15;27;32;37;26;32;33;32;30;26;17;16;12;5;3
175;10922;St.Gallen Stadt Guisanstr. 40;29.03.2020;Sonntag;2;7;0;0;3;2;1;5;11;13;27;44;53;51;43;55;53;55;43;44;26;29;19;9;6
176;10922;St.Gallen Stadt Guisanstr. 40;30.03.2020;Montag;1;3;0;0;3;3;10;32;59;53;40;39;48;46;56;58;58;44;44;41;20;16;10;9;7
177;10922;St.Gallen Stadt Guisanstr. 40;30.03.2020;Montag;2;5;2;2;3;4;17;49;83;64;55;57;91;79;73;69;79;73;78;60;29;17;16;9;7
178;10922;St.Gallen Stadt Guisanstr. 40;31.03.2020;Dienstag;1;4;2;1;1;2;8;37;61;57;51;43;59;48;78;72;59;60;84;41;22;17;14;11;9
179;10922;St.Gallen Stadt Guisanstr. 40;31.03.2020;Dienstag;2;5;2;1;1;3;12;44;84;68;67;65;84;71;86;87;71;84;94;55;35;26;19;14;9
180;10922;St.Gallen Stadt Guisanstr. 40;01.04.2020;Mittwoch;1;5;1;1;2;3;9;38;62;54;50;60;67;54;85;53;58;69;60;43;28;30;14;7;6
181;10922;St.Gallen Stadt Guisanstr. 40;01.04.2020;Mittwoch;2;5;2;2;2;4;8;40;77;74;52;82;94;75;103;84;90;97;75;69;41;38;21;12;12
182;10922;St.Gallen Stadt Guisanstr. 40;02.04.2020;Donnerstag;1;6;0;1;2;2;6;32;68;70;53;59;62;61;70;65;55;75;73;46;24;10;14;8;8
183;10922;St.Gallen Stadt Guisanstr. 40;02.04.2020;Donnerstag;2;8;2;2;3;3;11;38;90;72;77;76;87;91;93;88;84;95;101;68;38;26;22;10;11
184;10922;St.Gallen Stadt Guisanstr. 40;03.04.2020;Freitag;1;3;2;0;3;2;7;33;54;68;68;71;55;62;91;65;69;65;72;46;22;16;15;12;11
185;10922;St.Gallen Stadt Guisanstr. 40;03.04.2020;Freitag;2;5;2;1;3;5;11;45;86;84;92;116;95;88;121;83;85;101;107;92;38;27;21;15;15
186;10922;St.Gallen Stadt Guisanstr. 40;04.04.2020;Samstag;1;7;1;1;1;2;1;18;17;29;41;50;51;50;37;37;48;46;37;23;18;18;11;9;15
187;10922;St.Gallen Stadt Guisanstr. 40;04.04.2020;Samstag;2;9;4;3;1;2;5;20;28;48;59;70;74;85;64;59;58;66;56;39;38;22;18;13;20
188;10922;St.Gallen Stadt Guisanstr. 40;05.04.2020;Sonntag;1;7;2;0;1;1;1;10;10;17;14;25;29;41;25;42;40;40;46;32;28;18;13;5;8
189;10922;St.Gallen Stadt Guisanstr. 40;05.04.2020;Sonntag;2;10;5;3;3;1;1;10;13;28;27;41;45;51;50;54;57;60;56;44;54;28;22;10;9
190;10922;St.Gallen Stadt Guisanstr. 40;06.04.2020;Montag;1;4;0;1;2;1;6;31;71;56;52;55;63;52;65;60;63;64;54;45;21;17;12;7;7
191;10922;St.Gallen Stadt Guisanstr. 40;06.04.2020;Montag;2;4;1;2;2;2;10;43;92;66;63;91;88;98;85;74;68;94;84;74;35;30;17;9;9
192;10922;St.Gallen Stadt Guisanstr. 40;07.04.2020;Dienstag;1;4;1;0;1;2;5;38;51;54;44;64;64;50;73;58;54;61;76;34;33;18;17;12;8
193;10922;St.Gallen Stadt Guisanstr. 40;07.04.2020;Dienstag;2;5;3;0;1;3;6;50;85;73;69;90;97;92;107;86;93;76;99;60;51;35;27;13;11
194;10922;St.Gallen Stadt Guisanstr. 40;08.04.2020;Mittwoch;1;4;1;0;2;3;5;27;106;70;73;67;114;81;84;64;59;85;72;39;30;26;13;7;7
195;10922;St.Gallen Stadt Guisanstr. 40;08.04.2020;Mittwoch;2;8;3;0;3;5;7;35;63;77;93;77;89;49;123;90;82;117;102;84;45;32;21;11;15
196;10922;St.Gallen Stadt Guisanstr. 40;09.04.2020;Donnerstag;1;3;1;0;1;1;4;25;58;62;54;66;90;65;84;65;68;72;59;45;22;33;14;12;11
197;10922;St.Gallen Stadt Guisanstr. 40;09.04.2020;Donnerstag;2;6;1;1;1;3;11;43;90;96;72;103;117;105;123;96;109;102;92;66;38;46;23;23;12
198;10922;St.Gallen Stadt Guisanstr. 40;10.04.2020;Freitag;1;6;0;1;1;0;0;8;9;17;28;31;40;45;34;36;40;37;38;37;29;17;18;8;11
199;10922;St.Gallen Stadt Guisanstr. 40;10.04.2020;Freitag;2;6;1;2;1;0;0;9;9;32;43;51;69;76;58;52;59;63;50;52;38;31;22;11;16
200;10922;St.Gallen Stadt Guisanstr. 40;11.04.2020;Samstag;1;4;1;1;3;2;4;12;16;31;42;52;58;58;54;43;49;49;42;34;28;21;16;14;9
201;10922;St.Gallen Stadt Guisanstr. 40;11.04.2020;Samstag;2;7;3;2;4;3;9;15;35;58;62;90;89;78;75;76;90;72;65;54;47;29;24;20;14
202;10922;St.Gallen Stadt Guisanstr. 40;12.04.2020;Sonntag;1;6;0;1;2;0;2;6;10;11;21;34;30;32;36;32;39;37;47;29;27;17;20;10;10
203;10922;St.Gallen Stadt Guisanstr. 40;12.04.2020;Sonntag;2;10;2;1;2;0;4;8;14;20;38;57;57;53;45;44;63;53;72;50;42;32;34;18;13
204;10922;St.Gallen Stadt Guisanstr. 40;13.04.2020;Montag;1;2;1;0;0;1;1;7;9;20;23;29;28;30;33;31;49;40;30;28;25;21;20;12;8
205;10922;St.Gallen Stadt Guisanstr. 40;13.04.2020;Montag;2;5;5;0;0;2;1;7;13;27;32;47;35;61;50;62;70;66;55;43;37;34;25;14;9
206;10922;St.Gallen Stadt Guisanstr. 40;14.04.2020;Dienstag;1;3;1;1;1;1;8;32;48;58;51;62;71;45;83;38;69;62;62;38;25;15;16;7;11
207;10922;St.Gallen Stadt Guisanstr. 40;14.04.2020;Dienstag;2;7;3;2;2;2;14;43;82;87;77;84;109;92;103;74;99;85;78;60;50;31;27;12;15
208;10922;St.Gallen Stadt Guisanstr. 40;15.04.2020;Mittwoch;1;3;1;0;1;2;6;35;72;64;57;45;58;59;84;80;74;66;78;55;28;18;16;9;7
209;10922;St.Gallen Stadt Guisanstr. 40;15.04.2020;Mittwoch;2;6;1;1;2;2;10;41;99;96;88;79;85;93;105;100;106;105;100;81;62;28;26;14;10
210;10922;St.Gallen Stadt Guisanstr. 40;16.04.2020;Donnerstag;1;7;0;1;2;3;6;29;59;54;46;58;87;47;61;63;60;55;66;31;35;18;10;9;11
211;10922;St.Gallen Stadt Guisanstr. 40;16.04.2020;Donnerstag;2;8;0;2;2;4;10;46;96;81;79;84;120;82;88;94;84;90;96;72;42;35;20;14;14
212;10922;St.Gallen Stadt Guisanstr. 40;17.04.2020;Freitag;1;6;1;0;1;1;4;27;55;47;48;51;54;72;98;69;62;66;74;48;17;21;17;12;13
213;10922;St.Gallen Stadt Guisanstr. 40;17.04.2020;Freitag;2;8;3;0;4;2;7;39;83;86;81;83;78;85;101;109;98;103;100;84;40;28;29;19;20
214;10922;St.Gallen Stadt Guisanstr. 40;18.04.2020;Samstag;1;4;2;2;3;2;1;11;15;25;44;61;62;53;41;48;40;46;36;34;24;21;14;20;14
215;10922;St.Gallen Stadt Guisanstr. 40;18.04.2020;Samstag;2;7;5;4;3;3;7;17;24;43;65;85;84;80;74;77;75;71;57;53;33;35;23;25;18
216;10922;St.Gallen Stadt Guisanstr. 40;19.04.2020;Sonntag;1;6;3;2;0;0;1;9;11;14;23;30;34;31;34;37;40;38;45;21;31;25;13;9;9
217;10922;St.Gallen Stadt Guisanstr. 40;19.04.2020;Sonntag;2;8;8;6;2;1;1;12;14;17;36;50;62;64;45;59;48;66;59;47;47;39;21;8;10
218;10922;St.Gallen Stadt Guisanstr. 40;20.04.2020;Montag;1;4;2;1;2;3;3;38;54;58;45;52;69;57;71;56;50;52;66;49;28;26;12;7;6
219;10922;St.Gallen Stadt Guisanstr. 40;20.04.2020;Montag;2;4;3;1;2;5;6;45;80;83;60;81;94;95;96;81;80;82;98;83;42;44;13;10;9
220;10922;St.Gallen Stadt Guisanstr. 40;21.04.2020;Dienstag;1;5;0;2;1;2;8;30;65;70;67;55;51;43;55;59;58;57;81;44;32;14;19;13;7
221;10922;St.Gallen Stadt Guisanstr. 40;21.04.2020;Dienstag;2;7;1;4;1;4;10;37;80;84;85;87;74;71;83;95;74;84;110;81;50;30;27;24;13
222;10922;St.Gallen Stadt Guisanstr. 40;22.04.2020;Mittwoch;1;5;1;1;1;2;7;30;48;57;55;63;59;41;75;58;61;74;83;41;30;21;18;15;7
223;10922;St.Gallen Stadt Guisanstr. 40;22.04.2020;Mittwoch;2;5;2;2;3;4;7;41;82;81;76;79;96;90;101;83;86;99;114;84;54;31;32;21;11
224;10922;St.Gallen Stadt Guisanstr. 40;23.04.2020;Donnerstag;1;7;0;2;1;1;6;36;70;53;63;58;57;59;75;57;47;86;64;33;37;30;20;13;7
225;10922;St.Gallen Stadt Guisanstr. 40;23.04.2020;Donnerstag;2;8;3;1;2;2;10;44;91;85;72;80;74;86;109;83;86;118;101;69;52;41;32;24;12
226;10922;St.Gallen Stadt Guisanstr. 40;24.04.2020;Freitag;1;5;0;1;4;1;7;29;56;45;43;63;55;63;79;58;56;83;60;48;31;20;17;15;12
227;10922;St.Gallen Stadt Guisanstr. 40;24.04.2020;Freitag;2;8;1;2;4;3;10;47;91;99;81;88;87;112;119;90;85;105;90;94;53;34;27;23;19
228;10922;St.Gallen Stadt Guisanstr. 40;25.04.2020;Samstag;1;6;1;2;4;1;4;11;27;32;45;42;63;57;52;51;42;49;50;32;25;26;19;8;12
229;10922;St.Gallen Stadt Guisanstr. 40;25.04.2020;Samstag;2;6;3;4;6;4;10;18;32;46;63;74;85;79;72;84;67;75;68;47;48;37;33;14;20
230;10922;St.Gallen Stadt Guisanstr. 40;26.04.2020;Sonntag;1;12;3;2;0;0;1;12;11;16;19;30;28;37;31;40;46;43;53;23;27;20;17;11;7
231;10922;St.Gallen Stadt Guisanstr. 40;26.04.2020;Sonntag;2;20;6;5;2;0;1;10;13;17;30;42;51;63;50;60;75;69;73;53;43;38;25;13;10
232;10922;St.Gallen Stadt Guisanstr. 40;27.04.2020;Montag;1;4;0;1;1;3;9;29;71;65;56;59;55;55;66;59;69;62;63;42;36;26;16;6;8
233;10922;St.Gallen Stadt Guisanstr. 40;27.04.2020;Montag;2;6;1;2;1;4;11;47;91;82;82;84;85;93;88;80;100;89;100;85;54;49;26;14;10
234;10922;St.Gallen Stadt Guisanstr. 40;28.04.2020;Dienstag;1;5;1;0;4;1;7;44;68;60;72;70;56;54;81;52;81;79;67;46;28;15;11;6;5
235;10922;St.Gallen Stadt Guisanstr. 40;28.04.2020;Dienstag;2;7;2;1;5;2;11;53;77;92;65;77;86;91;95;89;82;80;105;69;47;34;24;13;9
236;10922;St.Gallen Stadt Guisanstr. 40;29.04.2020;Mittwoch;1;7;1;1;1;1;6;35;64;76;48;62;51;38;84;58;76;72;64;53;42;24;23;8;6
237;10922;St.Gallen Stadt Guisanstr. 40;29.04.2020;Mittwoch;2;7;1;2;1;3;10;42;99;110;75;102;92;80;102;88;101;100;87;97;51;34;33;17;10
238;10922;St.Gallen Stadt Guisanstr. 40;30.04.2020;Donnerstag;1;4;0;1;1;3;5;39;69;69;67;64;72;52;71;65;51;73;63;49;30;14;15;10;8
239;10922;St.Gallen Stadt Guisanstr. 40;30.04.2020;Donnerstag;2;6;2;1;1;4;5;45;100;92;89;91;103;89;92;99;92;113;102;82;54;28;27;14;14
240;10922;St.Gallen Stadt Guisanstr. 40;01.05.2020;Freitag;1;7;1;1;0;2;3;41;65;66;61;53;76;51;79;66;67;55;73;52;25;23;16;9;12
241;10922;St.Gallen Stadt Guisanstr. 40;01.05.2020;Freitag;2;11;2;3;0;3;4;43;88;107;81;84;100;93;103;106;95;86;107;93;50;35;25;14;18
242;10922;St.Gallen Stadt Guisanstr. 40;02.05.2020;Samstag;1;7;2;1;2;2;5;14;12;33;46;52;44;53;46;47;34;43;47;31;15;12;12;6;13
243;10922;St.Gallen Stadt Guisanstr. 40;02.05.2020;Samstag;2;13;4;3;2;4;6;17;25;45;69;69;80;75;57;85;62;66;79;52;30;20;14;18;21
244;10922;St.Gallen Stadt Guisanstr. 40;03.05.2020;Sonntag;1;7;4;1;1;2;4;9;13;15;18;35;30;29;38;59;51;60;50;33;34;18;17;11;9
245;10922;St.Gallen Stadt Guisanstr. 40;03.05.2020;Sonntag;2;10;8;2;5;2;4;10;20;28;32;43;44;52;59;73;71;77;67;66;56;37;33;20;13
246;10922;St.Gallen Stadt Guisanstr. 40;04.05.2020;Montag;1;4;1;1;2;2;9;38;76;73;47;62;59;41;83;72;68;73;79;41;44;23;17;11;6
247;10922;St.Gallen Stadt Guisanstr. 40;04.05.2020;Montag;2;9;3;1;2;4;11;58;104;110;79;86;93;71;93;92;89;96;119;84;72;36;27;17;10
248;10922;St.Gallen Stadt Guisanstr. 40;05.05.2020;Dienstag;1;5;0;2;2;1;6;40;62;77;46;59;57;42;85;63;61;67;74;42;41;19;14;10;8
249;10922;St.Gallen Stadt Guisanstr. 40;05.05.2020;Dienstag;2;8;1;2;2;3;9;59;99;107;78;92;96;91;101;101;100;100;121;72;65;34;26;14;13
250;10922;St.Gallen Stadt Guisanstr. 40;06.05.2020;Mittwoch;1;3;0;2;1;4;5;38;74;72;52;42;60;57;78;65;74;67;74;45;33;33;30;17;7
251;10922;St.Gallen Stadt Guisanstr. 40;06.05.2020;Mittwoch;2;7;2;3;2;5;8;56;109;92;78;76;78;88;103;90;93;84;114;71;59;46;44;25;13
252;10922;St.Gallen Stadt Guisanstr. 40;07.05.2020;Donnerstag;1;6;1;0;2;1;6;39;78;55;51;55;82;67;98;54;61;73;82;56;37;31;40;15;14
253;10922;St.Gallen Stadt Guisanstr. 40;07.05.2020;Donnerstag;2;6;5;1;2;4;7;52;119;86;76;74;115;101;120;75;85;106;112;82;60;50;53;43;18
254;10922;St.Gallen Stadt Guisanstr. 40;08.05.2020;Freitag;1;5;2;1;3;1;8;44;71;74;73;82;81;74;96;82;79;75;76;58;44;27;15;14;13
255;10922;St.Gallen Stadt Guisanstr. 40;08.05.2020;Freitag;2;7;5;2;3;3;10;65;112;109;99;115;116;116;120;122;110;110;121;97;78;48;26;21;24
256;10922;St.Gallen Stadt Guisanstr. 40;09.05.2020;Samstag;1;7;3;5;4;1;1;15;20;38;58;61;65;60;66;63;65;41;48;41;32;28;33;17;12
257;10922;St.Gallen Stadt Guisanstr. 40;09.05.2020;Samstag;2;10;3;6;5;3;5;21;31;52;85;87;102;94;95;87;87;70;67;58;43;34;44;30;22
258;10922;St.Gallen Stadt Guisanstr. 40;10.05.2020;Sonntag;1;8;0;1;3;0;1;6;8;13;30;36;43;54;54;50;55;47;45;46;35;41;46;11;11
259;10922;St.Gallen Stadt Guisanstr. 40;10.05.2020;Sonntag;2;13;2;4;3;0;2;8;13;22;48;54;61;69;65;76;81;82;67;64;54;54;64;20;15
260;10922;St.Gallen Stadt Guisanstr. 40;11.05.2020;Montag;1;4;1;1;2;1;9;45;93;69;67;46;71;58;101;60;49;93;70;50;31;18;12;9;6
261;10922;St.Gallen Stadt Guisanstr. 40;11.05.2020;Montag;2;6;2;1;3;3;8;53;127;98;84;89;108;102;125;93;81;126;112;86;65;29;28;19;8
262;10922;St.Gallen Stadt Guisanstr. 40;12.05.2020;Dienstag;1;4;1;1;1;2;4;46;97;63;55;58;77;43;79;76;54;92;81;50;35;23;21;11;10
263;10922;St.Gallen Stadt Guisanstr. 40;12.05.2020;Dienstag;2;9;1;1;2;3;8;56;120;101;77;86;108;86;106;106;97;127;115;91;62;44;46;21;12
264;10922;St.Gallen Stadt Guisanstr. 40;13.05.2020;Mittwoch;1;5;0;1;1;1;5;41;86;79;56;62;71;71;77;71;61;82;83;58;40;17;23;13;9
265;10922;St.Gallen Stadt Guisanstr. 40;13.05.2020;Mittwoch;2;8;4;1;1;3;7;54;131;117;82;93;104;105;111;117;90;124;131;99;60;33;46;20;15
266;10922;St.Gallen Stadt Guisanstr. 40;14.05.2020;Donnerstag;1;4;3;1;1;3;5;44;97;78;52;77;77;64;75;81;75;64;83;60;44;24;25;18;10
267;10922;St.Gallen Stadt Guisanstr. 40;14.05.2020;Donnerstag;2;6;4;2;1;4;7;51;137;125;82;105;114;86;113;106;110;107;132;104;78;44;48;27;14
268;10922;St.Gallen Stadt Guisanstr. 40;15.05.2020;Freitag;1;6;1;4;3;1;6;36;92;75;67;75;74;68;91;66;51;73;56;61;37;23;18;17;12
269;10922;St.Gallen Stadt Guisanstr. 40;15.05.2020;Freitag;2;10;3;3;3;3;9;56;111;121;88;85;108;102;112;109;72;115;124;97;62;46;25;27;22
270;10922;St.Gallen Stadt Guisanstr. 40;16.05.2020;Samstag;1;11;2;0;2;1;2;13;18;46;51;69;67;58;45;69;50;44;58;38;31;23;17;20;17
271;10922;St.Gallen Stadt Guisanstr. 40;16.05.2020;Samstag;2;17;3;1;3;2;4;21;27;59;72;83;93;99;80;95;77;69;83;68;44;32;20;23;25
272;10922;St.Gallen Stadt Guisanstr. 40;17.05.2020;Sonntag;1;4;3;1;1;0;1;7;11;20;28;37;52;41;48;48;51;61;62;37;32;40;24;14;5
273;10922;St.Gallen Stadt Guisanstr. 40;17.05.2020;Sonntag;2;10;5;2;3;1;0;10;16;33;46;69;66;71;63;69;90;79;78;75;52;59;44;16;10
274;10922;St.Gallen Stadt Guisanstr. 40;18.05.2020;Montag;1;6;0;1;2;4;9;41;93;91;76;64;78;75;93;82;61;73;101;62;38;34;26;17;11
275;10922;St.Gallen Stadt Guisanstr. 40;18.05.2020;Montag;2;6;0;2;2;4;9;58;137;132;89;108;116;110;119;105;104;112;136;114;64;54;42;35;18
276;10922;St.Gallen Stadt Guisanstr. 40;19.05.2020;Dienstag;1;4;1;2;0;1;6;38;94;76;76;63;71;76;101;72;64;94;92;60;44;41;28;17;10
277;10922;St.Gallen Stadt Guisanstr. 40;19.05.2020;Dienstag;2;6;1;2;1;3;12;58;130;116;94;84;113;97;116;88;98;117;128;94;73;64;45;36;17
278;10922;St.Gallen Stadt Guisanstr. 40;20.05.2020;Mittwoch;1;5;0;0;4;3;6;50;103;69;56;77;98;81;90;78;86;91;82;71;38;36;21;12;9
279;10922;St.Gallen Stadt Guisanstr. 40;20.05.2020;Mittwoch;2;5;0;1;5;4;7;63;144;93;86;113;124;110;144;108;124;119;127;114;50;53;38;20;17
280;10922;St.Gallen Stadt Guisanstr. 40;21.05.2020;Donnerstag;1;6;2;1;3;0;3;11;13;25;44;42;36;35;49;44;50;52;44;42;25;29;24;25;14
281;10922;St.Gallen Stadt Guisanstr. 40;21.05.2020;Donnerstag;2;12;3;5;4;0;4;14;22;43;53;69;67;65;67;61;74;85;81;64;40;41;28;29;17
282;10922;St.Gallen Stadt Guisanstr. 40;22.05.2020;Freitag;1;8;1;3;2;2;3;26;49;53;52;75;61;46;56;64;85;64;60;50;32;28;17;17;10
283;10922;St.Gallen Stadt Guisanstr. 40;22.05.2020;Freitag;2;12;2;6;3;3;7;29;73;88;69;97;101;82;89;86;106;97;92;77;60;49;31;20;17
284;10922;St.Gallen Stadt Guisanstr. 40;23.05.2020;Samstag;1;10;3;2;2;0;1;16;19;33;40;64;61;62;54;44;43;30;40;32;25;20;15;17;13
285;10922;St.Gallen Stadt Guisanstr. 40;23.05.2020;Samstag;2;15;3;4;4;0;6;16;25;44;57;86;101;84;82;62;64;59;72;51;47;30;29;25;28
286;10922;St.Gallen Stadt Guisanstr. 40;24.05.2020;Sonntag;1;10;3;4;1;1;1;9;19;15;26;40;38;53;42;40;48;50;41;33;39;30;28;18;4
287;10922;St.Gallen Stadt Guisanstr. 40;24.05.2020;Sonntag;2;12;4;6;1;1;1;10;18;25;37;60;67;69;57;63;70;62;61;63;57;44;36;26;7
288;10922;St.Gallen Stadt Guisanstr. 40;25.05.2020;Montag;1;5;0;2;0;2;4;51;84;71;66;60;75;66;82;79;65;73;75;68;31;29;26;10;5
289;10922;St.Gallen Stadt Guisanstr. 40;25.05.2020;Montag;2;7;0;3;1;4;7;65;132;110;90;86;108;94;116;97;104;118;124;106;68;49;41;20;17
290;10922;St.Gallen Stadt Guisanstr. 40;26.05.2020;Dienstag;1;5;1;2;2;1;5;46;84;73;54;58;81;67;88;68;79;71;92;69;64;69;54;15;8
291;10922;St.Gallen Stadt Guisanstr. 40;26.05.2020;Dienstag;2;5;2;3;2;2;9;55;120;94;70;93;112;89;102;101;101;122;130;104;81;81;72;34;13
292;10922;St.Gallen Stadt Guisanstr. 40;27.05.2020;Mittwoch;1;2;0;2;1;1;7;37;90;71;79;69;75;72;79;67;72;91;93;56;65;78;54;20;16
293;10922;St.Gallen Stadt Guisanstr. 40;27.05.2020;Mittwoch;2;6;0;2;2;2;11;51;133;102;115;95;108;100;107;97;100;109;132;101;79;84;68;32;21
294;10922;St.Gallen Stadt Guisanstr. 40;28.05.2020;Donnerstag;1;7;0;1;1;3;9;35;91;59;83;71;72;58;92;81;81;61;94;62;54;38;31;21;14
295;10922;St.Gallen Stadt Guisanstr. 40;28.05.2020;Donnerstag;2;9;0;1;2;5;11;48;125;97;118;88;95;94;112;108;119;100;139;112;79;55;58;35;20
296;10922;St.Gallen Stadt Guisanstr. 40;29.05.2020;Freitag;1;5;0;1;3;4;7;39;80;73;62;53;73;79;91;70;74;88;78;66;37;30;30;12;15
297;10922;St.Gallen Stadt Guisanstr. 40;29.05.2020;Freitag;2;7;0;2;3;5;11;49;126;128;90;95;124;104;133;85;126;113;119;96;74;58;38;23;24
298;10922;St.Gallen Stadt Guisanstr. 40;30.05.2020;Samstag;1;5;5;0;3;3;2;14;17;48;55;56;69;64;49;52;58;45;54;46;26;21;21;26;22
299;10922;St.Gallen Stadt Guisanstr. 40;30.05.2020;Samstag;2;11;9;1;4;2;7;21;28;63;70;80;95;85;75;77;89;87;76;57;42;28;27;30;34
300;10922;St.Gallen Stadt Guisanstr. 40;31.05.2020;Sonntag;1;5;4;4;0;1;2;10;11;22;28;38;48;39;34;46;37;48;45;34;24;29;21;15;11
301;10922;St.Gallen Stadt Guisanstr. 40;31.05.2020;Sonntag;2;10;5;6;2;2;3;12;28;29;51;43;68;66;52;70;61;75;60;72;45;34;29;29;18
302;10922;St.Gallen Stadt Guisanstr. 40;01.06.2020;Montag;1;6;1;3;0;0;0;12;18;21;40;41;40;38;47;51;52;46;44;41;30;43;26;13;7
303;10922;St.Gallen Stadt Guisanstr. 40;01.06.2020;Montag;2;9;4;3;1;1;0;12;26;37;47;48;64;57;63;72;78;72;72;70;54;60;33;16;11
304;10922;St.Gallen Stadt Guisanstr. 40;02.06.2020;Dienstag;1;4;1;2;5;2;6;44;94;79;68;75;74;69;86;72;63;72;92;67;39;33;40;15;7
305;10922;St.Gallen Stadt Guisanstr. 40;02.06.2020;Dienstag;2;6;2;4;7;2;12;54;124;119;82;107;109;107;126;100;74;106;139;106;65;56;59;37;13
306;10922;St.Gallen Stadt Guisanstr. 40;03.06.2020;Mittwoch;1;4;2;0;2;3;6;41;82;72;76;66;76;66;87;71;79;73;84;73;31;30;32;18;11
307;10922;St.Gallen Stadt Guisanstr. 40;03.06.2020;Mittwoch;2;6;2;1;2;4;11;54;121;105;101;106;103;107;102;114;93;108;118;122;70;50;50;33;15
308;10922;St.Gallen Stadt Guisanstr. 40;04.06.2020;Donnerstag;1;5;0;2;0;4;6;53;88;65;56;59;73;67;85;53;63;77;76;64;38;20;19;17;11
309;10922;St.Gallen Stadt Guisanstr. 40;04.06.2020;Donnerstag;2;7;3;3;2;5;11;60;129;90;84;84;109;99;106;72;99;117;128;113;63;38;39;39;19
310;10922;St.Gallen Stadt Guisanstr. 40;05.06.2020;Freitag;1;4;0;2;5;1;6;49;105;79;70;70;85;70;82;71;69;74;84;60;38;30;18;16;16
311;10922;St.Gallen Stadt Guisanstr. 40;05.06.2020;Freitag;2;7;1;3;8;2;8;61;126;107;91;97;123;115;118;113;89;121;124;105;73;45;29;28;23
312;10922;St.Gallen Stadt Guisanstr. 40;06.06.2020;Samstag;1;10;4;5;3;2;2;21;23;48;50;57;66;52;57;21;53;51;37;38;31;19;22;16;16
313;10922;St.Gallen Stadt Guisanstr. 40;06.06.2020;Samstag;2;15;6;7;4;2;4;29;35;64;62;84;100;80;97;101;88;80;72;61;45;40;36;26;23
314;10922;St.Gallen Stadt Guisanstr. 40;07.06.2020;Sonntag;1;9;3;5;0;1;1;6;8;15;31;31;38;39;38;37;42;49;45;41;30;31;19;14;6
315;10922;St.Gallen Stadt Guisanstr. 40;07.06.2020;Sonntag;2;16;7;8;4;3;1;7;11;22;51;45;59;58;57;56;77;77;62;61;45;44;35;22;13
316;10922;St.Gallen Stadt Guisanstr. 40;08.06.2020;Montag;1;4;1;0;2;1;8;56;101;81;53;55;85;63;89;67;87;92;93;70;46;21;24;15;6
317;10922;St.Gallen Stadt Guisanstr. 40;08.06.2020;Montag;2;4;2;3;3;2;12;64;129;110;90;90;103;105;111;105;103;123;133;106;76;43;46;36;12
318;10922;St.Gallen Stadt Guisanstr. 40;09.06.2020;Dienstag;1;3;0;2;1;1;4;51;97;86;76;67;86;87;93;65;77;80;95;67;38;22;25;13;10
319;10922;St.Gallen Stadt Guisanstr. 40;09.06.2020;Dienstag;2;5;3;2;3;2;9;56;137;124;110;116;115;106;122;105;124;112;148;107;72;41;49;39;16
320;10922;St.Gallen Stadt Guisanstr. 40;10.06.2020;Mittwoch;1;3;1;0;2;1;7;46;113;69;57;64;84;60;88;82;81;92;82;65;38;30;30;16;7
321;10922;St.Gallen Stadt Guisanstr. 40;10.06.2020;Mittwoch;2;4;1;1;2;2;9;63;151;103;91;92;124;102;124;118;123;136;142;111;66;54;48;27;11
322;10922;St.Gallen Stadt Guisanstr. 40;11.06.2020;Donnerstag;1;7;2;1;3;1;4;50;99;77;59;74;87;65;82;67;86;80;89;82;60;38;23;20;12
323;10922;St.Gallen Stadt Guisanstr. 40;11.06.2020;Donnerstag;2;9;3;5;5;2;5;60;162;119;83;107;132;103;112;90;97;115;120;132;94;57;49;32;26
324;10922;St.Gallen Stadt Guisanstr. 40;12.06.2020;Freitag;1;8;0;2;4;2;9;35;110;73;55;70;101;57;97;80;81;82;93;70;44;28;37;18;15
325;10922;St.Gallen Stadt Guisanstr. 40;12.06.2020;Freitag;2;12;1;4;5;4;10;47;165;116;90;105;142;106;134;118;108;117;126;116;71;49;54;35;26
326;10922;St.Gallen Stadt Guisanstr. 40;13.06.2020;Samstag;1;9;4;2;0;2;4;17;27;57;62;55;87;57;55;71;61;55;55;47;18;21;24;25;13
327;10922;St.Gallen Stadt Guisanstr. 40;13.06.2020;Samstag;2;11;5;8;0;2;8;23;34;71;86;104;114;87;86;91;99;98;98;66;36;34;37;34;24
328;10922;St.Gallen Stadt Guisanstr. 40;14.06.2020;Sonntag;1;10;2;0;2;3;1;7;15;16;28;24;35;38;39;46;61;53;40;33;26;27;16;10;10
329;10922;St.Gallen Stadt Guisanstr. 40;14.06.2020;Sonntag;2;23;5;2;6;4;0;9;17;22;38;47;59;57;71;74;80;75;59;46;47;42;22;19;15
330;10922;St.Gallen Stadt Guisanstr. 40;15.06.2020;Montag;1;4;0;1;4;1;5;51;109;81;69;76;79;58;90;89;93;88;100;68;50;37;25;13;4
331;10922;St.Gallen Stadt Guisanstr. 40;15.06.2020;Montag;2;5;2;2;5;2;7;71;149;121;82;115;110;111;135;117;125;130;137;115;89;68;36;27;11
332;10922;St.Gallen Stadt Guisanstr. 40;16.06.2020;Dienstag;1;6;2;1;2;1;3;50;100;92;74;67;87;60;105;65;97;98;113;79;53;39;25;14;6
333;10922;St.Gallen Stadt Guisanstr. 40;16.06.2020;Dienstag;2;7;3;2;4;2;6;68;136;115;88;103;122;95;133;102;133;137;150;126;81;58;42;29;11
334;10922;St.Gallen Stadt Guisanstr. 40;17.06.2020;Mittwoch;1;4;1;1;4;1;4;48;110;103;67;58;88;63;81;62;85;73;91;60;64;32;29;22;11
335;10922;St.Gallen Stadt Guisanstr. 40;17.06.2020;Mittwoch;2;5;2;1;5;2;6;62;145;128;100;84;125;108;114;94;131;107;147;112;89;59;49;35;16
336;10922;St.Gallen Stadt Guisanstr. 40;18.06.2020;Donnerstag;1;5;4;2;2;3;6;48;108;77;60;63;61;75;87;81;64;91;101;55;44;33;21;15;15
337;10922;St.Gallen Stadt Guisanstr. 40;18.06.2020;Donnerstag;2;7;5;3;3;3;9;62;159;117;93;88;99;106;128;87;102;115;150;108;85;53;39;20;24
338;10922;St.Gallen Stadt Guisanstr. 40;19.06.2020;Freitag;1;6;1;3;2;2;8;39;119;89;73;64;96;77;79;80;96;78;77;75;44;19;31;19;23
339;10922;St.Gallen Stadt Guisanstr. 40;19.06.2020;Freitag;2;11;4;3;3;4;12;58;166;132;103;100;127;109;110;99;130;121;136;123;67;42;53;27;27
340;10922;St.Gallen Stadt Guisanstr. 40;20.06.2020;Samstag;1;15;5;3;3;0;4;12;19;39;52;63;73;56;62;59;48;56;64;43;33;21;21;19;14
341;10922;St.Gallen Stadt Guisanstr. 40;20.06.2020;Samstag;2;22;9;4;6;0;7;19;24;54;77;93;100;70;94;96;81;122;90;65;46;40;37;35;28
342;10922;St.Gallen Stadt Guisanstr. 40;21.06.2020;Sonntag;1;10;1;0;2;1;2;6;20;18;31;49;39;50;48;54;55;60;49;41;37;32;21;10;6
343;10922;St.Gallen Stadt Guisanstr. 40;21.06.2020;Sonntag;2;13;4;2;7;1;2;11;25;28;43;70;74;81;71;85;88;91;82;62;57;46;42;23;12
344;10922;St.Gallen Stadt Guisanstr. 40;22.06.2020;Montag;1;4;2;0;1;2;7;45;105;78;59;63;71;53;91;78;100;82;110;76;54;31;23;14;11
345;10922;St.Gallen Stadt Guisanstr. 40;22.06.2020;Montag;2;6;3;0;2;5;10;66;138;125;86;94;102;65;124;92;118;126;145;119;73;47;39;23;20
346;10922;St.Gallen Stadt Guisanstr. 40;23.06.2020;Dienstag;1;5;1;0;2;1;7;46;108;76;66;74;100;47;104;72;84;87;112;77;52;29;30;18;9
347;10922;St.Gallen Stadt Guisanstr. 40;23.06.2020;Dienstag;2;9;3;0;4;2;10;73;158;111;101;96;128;108;131;89;116;137;164;133;66;52;46;40;13
348;10922;St.Gallen Stadt Guisanstr. 40;24.06.2020;Mittwoch;1;10;0;2;3;1;8;47;107;89;69;86;91;90;76;78;94;110;115;99;62;36;41;29;15
349;10922;St.Gallen Stadt Guisanstr. 40;24.06.2020;Mittwoch;2;11;0;3;5;2;10;67;157;136;101;124;134;123;111;110;130;150;150;130;91;67;67;44;24
350;10922;St.Gallen Stadt Guisanstr. 40;25.06.2020;Donnerstag;1;4;0;1;1;3;11;51;98;97;74;72;94;62;122;90;83;89;112;78;61;36;21;19;16
351;10922;St.Gallen Stadt Guisanstr. 40;25.06.2020;Donnerstag;2;10;0;1;4;4;11;67;144;133;106;106;132;102;151;120;144;149;155;103;87;64;58;40;25
352;10922;St.Gallen Stadt Guisanstr. 40;26.06.2020;Freitag;1;6;3;0;5;3;5;42;105;93;53;82;91;59;85;83;84;89;84;74;48;26;27;22;25
353;10922;St.Gallen Stadt Guisanstr. 40;26.06.2020;Freitag;2;8;5;2;5;2;8;64;147;136;96;101;132;109;118;118;119;137;146;117;75;44;50;41;34
354;10922;St.Gallen Stadt Guisanstr. 40;27.06.2020;Samstag;1;6;5;1;4;2;1;15;29;46;46;62;72;47;54;66;65;69;58;35;33;26;24;21;12
355;10922;St.Gallen Stadt Guisanstr. 40;27.06.2020;Samstag;2;10;8;4;7;3;7;18;37;79;58;80;103;75;98;103;111;100;78;57;54;41;40;32;26
356;10922;St.Gallen Stadt Guisanstr. 40;28.06.2020;Sonntag;1;8;3;2;2;0;4;8;11;28;31;43;48;56;56;63;46;60;40;36;43;37;23;11;6
357;10922;St.Gallen Stadt Guisanstr. 40;28.06.2020;Sonntag;2;24;7;4;5;0;4;13;19;38;59;70;68;94;80;97;70;89;70;55;55;60;33;17;10
358;10922;St.Gallen Stadt Guisanstr. 40;29.06.2020;Montag;1;3;2;0;2;2;6;43;105;95;70;70;80;71;88;72;73;86;102;75;45;30;19;7;7
359;10922;St.Gallen Stadt Guisanstr. 40;29.06.2020;Montag;2;5;3;1;5;4;6;65;132;129;106;95;130;113;115;117;116;108;143;111;76;53;49;21;10
360;10922;St.Gallen Stadt Guisanstr. 40;30.06.2020;Dienstag;1;6;1;1;2;1;7;55;91;81;66;56;85;41;102;78;83;80;109;80;51;35;31;19;10
361;10922;St.Gallen Stadt Guisanstr. 40;30.06.2020;Dienstag;2;10;3;3;4;2;9;69;140;129;91;86;131;97;134;128;121;110;133;129;70;52;54;38;15
362;10922;St.Gallen Stadt Guisanstr. 40;01.07.2020;Mittwoch;1;6;0;0;4;3;7;51;108;83;80;73;88;64;84;79;94;113;115;79;52;35;33;22;12
363;10922;St.Gallen Stadt Guisanstr. 40;01.07.2020;Mittwoch;2;10;2;1;6;3;10;72;147;138;105;115;128;106;134;108;123;144;157;115;82;61;44;27;22
364;10922;St.Gallen Stadt Guisanstr. 40;02.07.2020;Donnerstag;1;7;0;1;4;4;5;48;132;95;70;59;88;63;88;63;77;93;96;85;41;22;23;19;13
365;10922;St.Gallen Stadt Guisanstr. 40;02.07.2020;Donnerstag;2;13;4;1;5;5;9;75;179;113;81;89;126;102;118;103;94;125;149;122;77;48;40;33;20
366;10922;St.Gallen Stadt Guisanstr. 40;03.07.2020;Freitag;1;6;2;2;2;3;3;44;113;89;73;69;95;92;100;101;81;115;98;65;35;29;20;17;11
367;10922;St.Gallen Stadt Guisanstr. 40;03.07.2020;Freitag;2;13;6;3;6;3;7;65;153;132;131;110;131;130;125;120;112;142;154;95;59;51;27;35;21
368;10922;St.Gallen Stadt Guisanstr. 40;04.07.2020;Samstag;1;9;6;3;2;5;3;18;20;48;60;79;72;65;62;49;57;43;49;42;28;21;21;19;7
369;10922;St.Gallen Stadt Guisanstr. 40;04.07.2020;Samstag;2;15;11;6;3;5;8;21;34;68;93;99;104;106;88;78;89;78;80;62;51;39;33;23;23
370;10922;St.Gallen Stadt Guisanstr. 40;05.07.2020;Sonntag;1;16;7;2;3;0;2;9;14;19;27;54;39;43;50;59;62;53;66;60;45;29;26;21;7
371;10922;St.Gallen Stadt Guisanstr. 40;05.07.2020;Sonntag;2;21;11;6;4;0;3;11;22;31;47;73;64;73;81;107;77;86;93;74;69;46;42;25;11
372;10922;St.Gallen Stadt Guisanstr. 40;06.07.2020;Montag;1;4;0;3;3;1;7;39;80;76;55;56;69;56;76;71;64;62;139;89;41;32;18;11;4
373;10922;St.Gallen Stadt Guisanstr. 40;06.07.2020;Montag;2;9;1;2;3;3;11;59;112;118;92;84;103;94;112;98;96;88;153;115;63;51;35;25;9
374;10922;St.Gallen Stadt Guisanstr. 40;07.07.2020;Dienstag;1;5;0;1;2;2;8;50;84;65;71;69;88;53;85;61;70;83;94;60;49;23;23;22;10
375;10922;St.Gallen Stadt Guisanstr. 40;07.07.2020;Dienstag;2;5;1;1;3;4;12;71;123;108;100;110;119;96;128;83;97;123;134;93;66;37;47;30;11
376;10922;St.Gallen Stadt Guisanstr. 40;08.07.2020;Mittwoch;1;3;1;2;3;1;8;32;83;79;76;52;81;61;70;69;72;99;118;76;46;32;19;15;9
377;10922;St.Gallen Stadt Guisanstr. 40;08.07.2020;Mittwoch;2;9;2;3;3;1;11;62;123;125;99;84;118;102;98;120;113;140;152;121;62;46;38;39;15
378;10922;St.Gallen Stadt Guisanstr. 40;09.07.2020;Donnerstag;1;5;1;0;4;4;5;36;64;92;75;68;91;67;84;66;84;85;92;53;49;22;19;19;7
379;10922;St.Gallen Stadt Guisanstr. 40;09.07.2020;Donnerstag;2;9;6;0;4;4;10;55;113;136;94;92;116;116;114;114;125;128;135;95;68;39;35;37;19
380;10922;St.Gallen Stadt Guisanstr. 40;10.07.2020;Freitag;1;7;0;0;3;1;5;32;76;64;53;70;69;57;73;95;57;74;75;42;32;18;30;17;11
381;10922;St.Gallen Stadt Guisanstr. 40;10.07.2020;Freitag;2;13;2;1;3;1;8;58;112;109;90;103;111;87;122;123;106;114;106;74;61;28;49;32;23
382;10922;St.Gallen Stadt Guisanstr. 40;11.07.2020;Samstag;1;7;3;2;2;2;3;12;13;22;43;54;53;47;43;44;48;53;38;32;18;18;19;12;17
383;10922;St.Gallen Stadt Guisanstr. 40;11.07.2020;Samstag;2;11;7;2;4;3;4;20;21;42;64;74;90;77;73;63;78;85;68;65;36;30;33;15;22
384;10922;St.Gallen Stadt Guisanstr. 40;12.07.2020;Sonntag;1;8;6;1;3;0;2;12;15;16;25;26;46;36;42;43;51;55;50;47;42;28;19;20;7
385;10922;St.Gallen Stadt Guisanstr. 40;12.07.2020;Sonntag;2;14;9;4;7;0;3;14;19;20;33;46;70;64;72;71;86;80;68;70;59;43;36;23;8
386;10922;St.Gallen Stadt Guisanstr. 40;13.07.2020;Montag;1;4;2;1;4;2;4;40;72;50;50;47;61;50;75;56;60;70;78;53;35;23;22;14;9
387;10922;St.Gallen Stadt Guisanstr. 40;13.07.2020;Montag;2;7;3;1;4;2;9;57;116;86;93;75;95;105;106;92;85;113;122;75;65;34;34;24;14
388;10922;St.Gallen Stadt Guisanstr. 40;14.07.2020;Dienstag;1;5;2;1;2;2;6;35;53;64;52;69;63;54;72;57;59;80;78;58;40;31;14;12;8
389;10922;St.Gallen Stadt Guisanstr. 40;14.07.2020;Dienstag;2;6;3;1;3;2;11;48;81;113;73;106;100;88;110;79;89;114;124;85;69;43;32;27;15
390;10922;St.Gallen Stadt Guisanstr. 40;15.07.2020;Mittwoch;1;6;0;1;2;1;6;37;71;53;56;62;54;59;61;51;63;68;79;41;32;28;20;13;11
391;10922;St.Gallen Stadt Guisanstr. 40;15.07.2020;Mittwoch;2;6;2;1;3;1;7;58;101;87;90;91;111;92;92;89;85;97;112;92;64;41;27;26;18
392;10922;St.Gallen Stadt Guisanstr. 40;16.07.2020;Donnerstag;1;3;3;0;2;1;2;32;65;52;59;59;70;41;60;48;56;67;77;58;44;20;19;13;6
393;10922;St.Gallen Stadt Guisanstr. 40;16.07.2020;Donnerstag;2;3;4;0;2;2;7;53;98;90;69;99;102;76;91;78;99;101;121;94;65;42;33;25;19
394;10922;St.Gallen Stadt Guisanstr. 40;17.07.2020;Freitag;1;7;1;1;3;1;4;43;53;57;44;57;48;54;71;58;64;66;63;45;34;23;17;17;9
395;10922;St.Gallen Stadt Guisanstr. 40;17.07.2020;Freitag;2;12;6;1;5;2;8;49;83;93;63;74;87;86;108;84;88;100;106;85;65;37;32;25;19
396;10922;St.Gallen Stadt Guisanstr. 40;18.07.2020;Samstag;1;7;2;0;2;2;1;12;20;33;42;42;66;36;37;40;37;40;45;36;22;18;19;11;9
397;10922;St.Gallen Stadt Guisanstr. 40;18.07.2020;Samstag;2;14;3;1;3;2;5;16;35;47;62;68;97;75;72;71;72;68;72;49;39;33;23;18;20
398;10922;St.Gallen Stadt Guisanstr. 40;19.07.2020;Sonntag;1;8;2;3;0;0;1;7;10;19;36;36;44;42;58;35;56;55;54;62;38;22;20;15;11
399;10922;St.Gallen Stadt Guisanstr. 40;19.07.2020;Sonntag;2;18;10;4;0;0;1;13;15;19;55;74;82;84;95;64;83;79;86;78;60;37;30;22;18
400;10922;St.Gallen Stadt Guisanstr. 40;20.07.2020;Montag;1;4;2;1;1;2;4;31;46;59;41;56;51;43;52;62;61;75;85;47;53;24;14;13;11
401;10922;St.Gallen Stadt Guisanstr. 40;20.07.2020;Montag;2;7;3;1;3;0;5;43;83;96;68;77;106;88;110;101;92;106;115;67;67;36;32;23;17
402;10922;St.Gallen Stadt Guisanstr. 40;21.07.2020;Dienstag;1;2;0;1;1;1;6;27;50;43;50;53;53;44;56;48;47;76;63;50;34;23;17;17;6
403;10922;St.Gallen Stadt Guisanstr. 40;21.07.2020;Dienstag;2;4;1;1;3;1;10;37;75;70;82;83;100;78;97;86;87;100;107;79;68;27;33;34;11
404;10922;St.Gallen Stadt Guisanstr. 40;22.07.2020;Mittwoch;1;4;1;2;2;1;2;24;54;51;62;56;69;35;58;60;54;50;57;49;39;18;28;12;9
405;10922;St.Gallen Stadt Guisanstr. 40;22.07.2020;Mittwoch;2;7;2;3;3;1;5;41;83;91;83;98;99;75;94;81;78;76;99;81;61;40;44;23;15
406;10922;St.Gallen Stadt Guisanstr. 40;23.07.2020;Donnerstag;1;3;3;2;2;3;2;26;53;45;55;42;53;47;53;48;63;64;79;48;37;22;16;19;5
407;10922;St.Gallen Stadt Guisanstr. 40;23.07.2020;Donnerstag;2;3;6;2;2;4;5;39;83;75;74;73;83;71;82;93;99;102;104;71;54;43;36;24;12
408;10922;St.Gallen Stadt Guisanstr. 40;24.07.2020;Freitag;1;5;1;1;3;1;4;22;60;42;45;45;63;38;56;56;51;47;59;34;26;23;21;19;8
409;10922;St.Gallen Stadt Guisanstr. 40;24.07.2020;Freitag;2;10;1;1;5;1;8;42;98;63;68;64;80;72;90;77;68;82;101;66;50;33;30;29;13
410;10922;St.Gallen Stadt Guisanstr. 40;25.07.2020;Samstag;1;9;2;1;0;0;1;13;11;24;35;46;38;39;43;34;35;46;48;31;22;16;30;18;15
411;10922;St.Gallen Stadt Guisanstr. 40;25.07.2020;Samstag;2;15;3;2;1;2;5;15;25;30;53;65;77;68;58;67;70;81;76;54;41;37;43;34;19
412;10922;St.Gallen Stadt Guisanstr. 40;26.07.2020;Sonntag;1;9;2;1;3;0;2;6;11;16;17;19;46;42;40;41;34;32;41;39;30;23;13;14;5
413;10922;St.Gallen Stadt Guisanstr. 40;26.07.2020;Sonntag;2;15;8;1;4;0;5;8;15;24;40;45;72;67;56;59;66;58;58;58;53;36;32;23;8
414;10922;St.Gallen Stadt Guisanstr. 40;27.07.2020;Montag;1;5;1;1;1;5;1;34;49;41;61;55;60;50;64;91;57;70;75;67;48;26;18;17;6
415;10922;St.Gallen Stadt Guisanstr. 40;27.07.2020;Montag;2;6;2;1;4;7;7;44;73;73;87;60;92;91;123;127;100;110;123;93;64;42;27;23;13
416;10922;St.Gallen Stadt Guisanstr. 40;28.07.2020;Dienstag;1;4;2;2;1;1;4;33;56;61;52;55;59;46;57;69;79;78;56;60;36;17;19;13;8
417;10922;St.Gallen Stadt Guisanstr. 40;28.07.2020;Dienstag;2;9;2;4;3;1;7;43;89;88;78;89;101;74;106;85;100;116;93;84;52;34;32;17;12
418;10922;St.Gallen Stadt Guisanstr. 40;29.07.2020;Mittwoch;1;5;3;0;3;1;3;30;48;42;52;61;73;45;58;51;53;71;65;58;39;18;20;10;7
419;10922;St.Gallen Stadt Guisanstr. 40;29.07.2020;Mittwoch;2;8;6;0;4;3;3;45;77;66;91;90;108;82;97;88;95;102;104;80;63;37;38;24;10
420;10922;St.Gallen Stadt Guisanstr. 40;30.07.2020;Donnerstag;1;7;1;2;2;1;2;18;51;56;47;68;65;42;70;72;54;63;75;57;53;30;17;16;9
421;10922;St.Gallen Stadt Guisanstr. 40;30.07.2020;Donnerstag;2;11;2;3;2;2;4;37;66;72;86;100;100;73;125;112;102;97;113;84;67;52;33;30;16
422;10922;St.Gallen Stadt Guisanstr. 40;31.07.2020;Freitag;1;6;1;2;2;2;1;23;50;54;43;44;72;40;56;56;60;59;76;62;47;34;26;21;9
423;10922;St.Gallen Stadt Guisanstr. 40;31.07.2020;Freitag;2;9;4;3;3;3;6;37;78;87;77;85;105;92;102;106;87;95;112;89;67;47;43;38;19
424;10922;St.Gallen Stadt Guisanstr. 40;01.08.2020;Samstag;1;2;3;3;1;0;4;9;11;23;34;38;39;49;51;59;43;75;65;32;19;26;18;29;24
425;10922;St.Gallen Stadt Guisanstr. 40;01.08.2020;Samstag;2;9;7;5;3;2;4;11;23;45;65;78;75;85;84;74;64;103;99;58;36;38;29;50;37
426;10922;St.Gallen Stadt Guisanstr. 40;02.08.2020;Sonntag;1;11;6;4;2;1;1;3;11;15;24;27;48;33;35;39;44;48;46;21;26;22;21;10;4
427;10922;St.Gallen Stadt Guisanstr. 40;02.08.2020;Sonntag;2;19;15;10;3;3;2;7;16;24;39;53;60;52;65;72;66;73;77;47;37;41;27;18;11
428;10922;St.Gallen Stadt Guisanstr. 40;03.08.2020;Montag;1;4;2;1;2;2;8;31;65;68;45;51;54;49;66;51;65;69;87;64;32;20;13;9;8
429;10922;St.Gallen Stadt Guisanstr. 40;03.08.2020;Montag;2;6;4;2;2;7;9;46;100;98;85;84;77;83;84;83;95;102;118;97;59;47;26;19;15
430;10922;St.Gallen Stadt Guisanstr. 40;04.08.2020;Dienstag;1;5;1;2;2;1;6;34;63;58;61;46;59;54;60;50;50;62;76;60;43;19;18;9;6
431;10922;St.Gallen Stadt Guisanstr. 40;04.08.2020;Dienstag;2;7;1;2;2;3;13;49;85;85;88;83;95;93;87;86;90;97;113;93;83;45;39;17;12
432;10922;St.Gallen Stadt Guisanstr. 40;05.08.2020;Mittwoch;1;7;0;1;1;2;6;36;64;79;47;45;62;62;71;69;80;67;75;58;33;29;21;18;8
433;10922;St.Gallen Stadt Guisanstr. 40;05.08.2020;Mittwoch;2;11;0;1;3;2;9;58;94;109;72;81;99;108;108;100;123;111;116;101;57;55;43;29;19
434;10922;St.Gallen Stadt Guisanstr. 40;06.08.2020;Donnerstag;1;6;1;0;1;2;3;30;70;66;53;64;62;53;79;62;57;68;82;53;39;29;27;7;9
435;10922;St.Gallen Stadt Guisanstr. 40;06.08.2020;Donnerstag;2;8;2;2;2;3;9;43;101;107;82;94;115;102;115;94;92;96;126;104;74;45;49;16;12
436;10922;St.Gallen Stadt Guisanstr. 40;07.08.2020;Freitag;1;5;2;3;3;1;5;34;57;64;62;41;57;67;65;82;70;77;69;72;51;31;24;18;14
437;10922;St.Gallen Stadt Guisanstr. 40;07.08.2020;Freitag;2;10;4;3;6;4;6;51;86;106;80;79;101;113;118;100;139;139;106;109;72;47;41;35;24
438;10922;St.Gallen Stadt Guisanstr. 40;08.08.2020;Samstag;1;12;2;0;4;0;2;13;25;24;51;47;62;40;50;51;52;65;64;47;41;26;20;16;13
439;10922;St.Gallen Stadt Guisanstr. 40;08.08.2020;Samstag;2;12;7;2;5;3;6;20;37;40;81;67;111;77;89;83;97;100;94;67;63;46;33;21;30
440;10922;St.Gallen Stadt Guisanstr. 40;09.08.2020;Sonntag;1;5;3;5;1;0;2;11;14;22;31;35;46;48;64;56;48;53;71;64;44;30;24;21;16
441;10922;St.Gallen Stadt Guisanstr. 40;09.08.2020;Sonntag;2;14;5;11;4;1;3;15;18;31;48;71;94;94;87;92;83;71;95;85;70;44;33;30;19
442;10922;St.Gallen Stadt Guisanstr. 40;10.08.2020;Montag;1;6;1;2;3;1;6;46;83;70;55;63;73;48;68;58;49;83;73;83;51;24;20;18;9
443;10922;St.Gallen Stadt Guisanstr. 40;10.08.2020;Montag;2;12;4;2;6;2;9;57;112;103;87;97;121;103;108;98;98;108;115;124;86;48;34;27;17
444;10922;St.Gallen Stadt Guisanstr. 40;11.08.2020;Dienstag;1;8;0;0;3;1;7;46;78;66;67;59;75;51;75;58;70;78;123;66;38;31;21;13;16
445;10922;St.Gallen Stadt Guisanstr. 40;11.08.2020;Dienstag;2;12;1;3;3;2;9;63;121;109;86;92;114;90;108;86;90;112;156;123;64;51;37;22;24
446;10922;St.Gallen Stadt Guisanstr. 40;12.08.2020;Mittwoch;1;4;1;0;2;3;7;43;83;76;55;79;70;66;86;74;76;69;107;74;48;33;26;24;15
447;10922;St.Gallen Stadt Guisanstr. 40;12.08.2020;Mittwoch;2;7;3;0;5;5;7;51;124;104;90;111;127;115;138;121;108;120;149;132;68;63;48;41;21
448;10922;St.Gallen Stadt Guisanstr. 40;13.08.2020;Donnerstag;1;6;2;1;2;2;6;37;83;64;63;50;63;51;80;57;63;79;76;68;44;25;18;18;18
449;10922;St.Gallen Stadt Guisanstr. 40;13.08.2020;Donnerstag;2;6;3;1;3;3;7;57;117;106;93;88;100;105;112;94;90;115;131;108;78;43;43;35;25
450;10922;St.Gallen Stadt Guisanstr. 40;14.08.2020;Freitag;1;5;0;2;1;1;6;47;93;89;56;50;75;58;81;66;60;72;66;69;32;21;13;13;12
451;10922;St.Gallen Stadt Guisanstr. 40;14.08.2020;Freitag;2;5;3;3;3;2;7;59;139;114;86;79;113;96;113;98;93;133;118;101;60;37;32;22;20
452;10922;St.Gallen Stadt Guisanstr. 40;15.08.2020;Samstag;1;11;1;2;2;2;2;14;24;46;46;66;66;50;48;37;40;54;47;45;24;32;20;9;15
453;10922;St.Gallen Stadt Guisanstr. 40;15.08.2020;Samstag;2;17;3;4;4;2;7;13;32;62;73;86;109;103;77;71;62;79;73;68;43;39;34;16;28
454;10922;St.Gallen Stadt Guisanstr. 40;16.08.2020;Sonntag;1;6;9;1;2;1;6;6;17;17;29;40;39;38;49;46;74;76;46;38;29;30;26;11;5
455;10922;St.Gallen Stadt Guisanstr. 40;16.08.2020;Sonntag;2;18;18;6;4;2;9;10;22;30;42;86;77;76;94;75;87;99;67;65;56;39;37;25;8
456;10922;St.Gallen Stadt Guisanstr. 40;17.08.2020;Montag;1;2;1;2;2;2;10;40;108;60;63;49;70;47;81;59;55;71;100;73;50;37;29;9;6
457;10922;St.Gallen Stadt Guisanstr. 40;17.08.2020;Montag;2;4;2;3;2;4;11;50;150;99;80;85;109;92;106;108;87;106;125;108;97;51;49;28;11
458;10922;St.Gallen Stadt Guisanstr. 40;18.08.2020;Dienstag;1;4;0;0;2;4;4;50;91;60;61;60;65;50;76;55;57;83;102;82;47;24;23;9;11
459;10922;St.Gallen Stadt Guisanstr. 40;18.08.2020;Dienstag;2;5;0;3;3;6;7;56;131;107;79;94;113;94;106;80;89;127;135;127;85;49;38;30;23
460;10922;St.Gallen Stadt Guisanstr. 40;19.08.2020;Mittwoch;1;6;0;0;2;2;5;39;93;60;51;60;68;46;73;59;70;85;111;85;36;37;26;14;10
461;10922;St.Gallen Stadt Guisanstr. 40;19.08.2020;Mittwoch;2;8;1;1;4;3;6;57;130;118;82;79;116;95;124;89;98;136;140;132;67;64;54;34;20
462;10922;St.Gallen Stadt Guisanstr. 40;20.08.2020;Donnerstag;1;4;0;0;2;2;11;50;82;72;48;48;63;53;73;61;65;69;96;91;57;33;25;14;11
463;10922;St.Gallen Stadt Guisanstr. 40;20.08.2020;Donnerstag;2;7;3;0;2;3;13;60;142;108;71;82;110;111;118;96;108;107;141;126;72;57;45;40;25
464;10922;St.Gallen Stadt Guisanstr. 40;21.08.2020;Freitag;1;6;3;0;3;3;7;47;97;81;64;51;81;63;72;86;78;89;93;66;61;39;22;25;16
465;10922;St.Gallen Stadt Guisanstr. 40;21.08.2020;Freitag;2;8;4;0;5;5;13;52;149;117;94;100;132;121;123;126;119;142;142;108;103;62;42;32;29
466;10922;St.Gallen Stadt Guisanstr. 40;22.08.2020;Samstag;1;5;4;1;3;2;5;16;23;32;53;62;49;49;43;50;78;67;48;33;33;23;19;17;18
467;10922;St.Gallen Stadt Guisanstr. 40;22.08.2020;Samstag;2;15;8;2;5;4;7;23;42;69;73;88;81;108;82;77;113;116;58;55;62;41;35;29;31
468;10922;St.Gallen Stadt Guisanstr. 40;23.08.2020;Sonntag;1;10;4;1;1;0;1;9;14;12;34;35;40;53;40;42;56;58;56;44;24;30;16;8;8
469;10922;St.Gallen Stadt Guisanstr. 40;23.08.2020;Sonntag;2;19;8;5;4;0;2;10;18;25;52;64;81;80;62;76;72;99;93;58;51;46;37;11;13
470;10922;St.Gallen Stadt Guisanstr. 40;24.08.2020;Montag;1;4;1;1;2;1;7;42;92;65;43;53;70;44;74;51;55;63;99;72;44;36;19;15;7
471;10922;St.Gallen Stadt Guisanstr. 40;24.08.2020;Montag;2;6;1;1;4;2;10;60;114;103;77;95;114;92;101;86;90;107;140;120;71;50;38;29;14
472;10922;St.Gallen Stadt Guisanstr. 40;25.08.2020;Dienstag;1;5;1;1;3;3;6;43;80;66;65;61;70;48;76;54;61;73;102;76;40;39;23;23;5
473;10922;St.Gallen Stadt Guisanstr. 40;25.08.2020;Dienstag;2;7;2;1;4;4;5;51;114;134;85;91;117;82;103;88;99;117;138;118;64;66;41;40;16
474;10922;St.Gallen Stadt Guisanstr. 40;26.08.2020;Mittwoch;1;5;3;1;2;1;5;44;103;62;42;72;72;67;74;59;60;88;96;70;42;30;22;18;8
475;10922;St.Gallen Stadt Guisanstr. 40;26.08.2020;Mittwoch;2;6;4;0;4;2;7;57;125;119;77;101;122;105;117;96;102;130;137;114;74;47;43;35;16
476;10922;St.Gallen Stadt Guisanstr. 40;27.08.2020;Donnerstag;1;3;2;1;4;2;6;48;94;55;63;65;63;47;59;57;70;79;92;64;55;28;22;18;9
477;10922;St.Gallen Stadt Guisanstr. 40;27.08.2020;Donnerstag;2;11;2;1;4;3;8;60;136;98;103;92;116;87;96;92;108;114;149;90;107;55;47;31;16
478;10922;St.Gallen Stadt Guisanstr. 40;28.08.2020;Freitag;1;6;1;3;2;1;8;53;87;68;62;72;82;69;45;72;80;73;91;55;43;23;19;13;14
479;10922;St.Gallen Stadt Guisanstr. 40;28.08.2020;Freitag;2;10;3;3;3;2;8;64;137;128;114;89;130;107;125;117;111;119;143;89;80;46;40;21;31
480;10922;St.Gallen Stadt Guisanstr. 40;29.08.2020;Samstag;1;9;4;1;4;0;1;13;22;38;55;63;52;53;54;72;43;59;41;37;25;16;12;12;11
481;10922;St.Gallen Stadt Guisanstr. 40;29.08.2020;Samstag;2;13;11;3;4;1;4;21;35;59;81;109;76;89;94;97;81;105;74;69;38;34;27;27;27
482;10922;St.Gallen Stadt Guisanstr. 40;30.08.2020;Sonntag;1;4;7;3;5;1;0;10;12;18;18;22;32;41;28;37;40;36;24;27;25;23;17;10;7
483;10922;St.Gallen Stadt Guisanstr. 40;30.08.2020;Sonntag;2;11;15;3;9;4;0;14;15;23;36;49;55;61;57;68;71;61;57;55;49;40;39;13;9
484;10922;St.Gallen Stadt Guisanstr. 40;31.08.2020;Montag;1;2;0;2;3;2;6;45;94;62;49;53;63;47;70;64;58;58;86;50;39;31;20;14;6
485;10922;St.Gallen Stadt Guisanstr. 40;31.08.2020;Montag;2;5;1;2;7;2;8;60;132;100;80;88;112;90;102;104;98;87;149;98;73;52;29;29;8
486;10922;St.Gallen Stadt Guisanstr. 40;01.09.2020;Dienstag;1;5;1;0;1;2;6;39;92;66;53;56;70;45;101;48;64;62;87;72;51;21;17;15;10
487;10922;St.Gallen Stadt Guisanstr. 40;01.09.2020;Dienstag;2;8;2;1;3;5;7;61;126;114;96;84;90;88;80;91;105;107;140;121;73;41;40;31;11
488;10922;St.Gallen Stadt Guisanstr. 40;02.09.2020;Mittwoch;1;4;3;0;3;4;5;46;96;61;50;55;81;62;81;81;74;82;99;88;52;24;27;16;11
489;10922;St.Gallen Stadt Guisanstr. 40;02.09.2020;Mittwoch;2;5;4;0;3;7;6;65;138;113;77;84;111;102;120;115;125;126;138;130;91;44;54;35;17
490;10922;St.Gallen Stadt Guisanstr. 40;03.09.2020;Donnerstag;1;4;1;1;2;1;4;49;97;74;58;45;75;59;63;72;94;70;102;75;54;29;24;18;7
491;10922;St.Gallen Stadt Guisanstr. 40;03.09.2020;Donnerstag;2;8;2;1;3;2;6;65;129;107;85;84;131;105;115;95;123;122;144;114;89;56;46;38;16
492;10922;St.Gallen Stadt Guisanstr. 40;04.09.2020;Freitag;1;3;2;1;1;2;7;46;95;58;55;49;68;61;74;70;78;87;85;57;55;26;15;11;13
493;10922;St.Gallen Stadt Guisanstr. 40;04.09.2020;Freitag;2;6;5;2;5;4;8;56;139;118;79;84;108;104;134;113;110;139;142;105;89;46;27;26;29
494;10922;St.Gallen Stadt Guisanstr. 40;05.09.2020;Samstag;1;5;0;2;4;3;3;15;18;43;57;50;80;44;52;38;43;51;50;50;24;26;20;16;13
495;10922;St.Gallen Stadt Guisanstr. 40;05.09.2020;Samstag;2;15;5;7;7;4;8;26;36;56;81;90;98;89;89;63;82;92;96;88;56;45;37;31;28
496;10922;St.Gallen Stadt Guisanstr. 40;06.09.2020;Sonntag;1;14;1;1;0;0;2;4;18;15;30;36;47;32;46;54;51;44;53;33;31;22;19;9;9
497;10922;St.Gallen Stadt Guisanstr. 40;06.09.2020;Sonntag;2;22;7;2;4;1;2;8;21;25;51;70;81;64;69;85;67;90;97;70;55;35;34;16;11
498;10922;St.Gallen Stadt Guisanstr. 40;07.09.2020;Montag;1;3;1;0;3;2;3;43;86;61;59;64;60;73;80;65;49;80;97;66;36;26;18;16;9
499;10922;St.Gallen Stadt Guisanstr. 40;07.09.2020;Montag;2;6;2;0;4;3;5;61;115;117;105;101;100;110;120;103;81;123;150;114;78;44;43;28;15
500;10922;St.Gallen Stadt Guisanstr. 40;08.09.2020;Dienstag;1;5;1;0;3;2;2;38;95;63;66;54;75;38;68;96;72;65;98;59;52;43;18;19;5
501;10922;St.Gallen Stadt Guisanstr. 40;08.09.2020;Dienstag;2;7;3;4;3;5;6;53;129;100;91;95;97;74;113;70;99;108;152;99;79;70;41;38;10
502;10922;St.Gallen Stadt Guisanstr. 40;09.09.2020;Mittwoch;1;5;4;0;2;1;6;43;80;67;59;47;68;61;65;60;71;97;98;83;59;33;36;21;13
503;10922;St.Gallen Stadt Guisanstr. 40;09.09.2020;Mittwoch;2;6;5;0;5;5;5;54;143;88;89;72;102;97;102;106;98;124;120;160;121;71;55;26;20
504;10922;St.Gallen Stadt Guisanstr. 40;10.09.2020;Donnerstag;1;7;2;1;3;1;4;40;77;67;55;64;62;48;55;33;75;85;70;63;39;27;16;16;7
505;10922;St.Gallen Stadt Guisanstr. 40;10.09.2020;Donnerstag;2;7;5;1;4;2;8;60;124;93;102;95;118;83;135;117;105;128;158;106;84;60;36;24;11
506;10922;St.Gallen Stadt Guisanstr. 40;11.09.2020;Freitag;1;4;1;1;4;1;6;40;80;71;53;63;90;53;80;77;73;87;91;78;50;31;24;20;12
507;10922;St.Gallen Stadt Guisanstr. 40;11.09.2020;Freitag;2;9;4;1;5;2;8;53;118;107;92;66;127;104;113;100;103;133;154;133;72;50;41;32;19
508;10922;St.Gallen Stadt Guisanstr. 40;12.09.2020;Samstag;1;10;5;2;3;2;3;12;26;39;43;58;56;44;60;53;51;51;48;40;26;24;17;14;20
509;10922;St.Gallen Stadt Guisanstr. 40;12.09.2020;Samstag;2;17;10;4;8;2;7;19;39;58;83;93;81;85;97;67;75;92;75;75;50;39;38;27;31
510;10922;St.Gallen Stadt Guisanstr. 40;13.09.2020;Sonntag;1;10;3;4;2;0;1;7;18;25;24;34;43;50;46;49;59;46;55;38;37;29;21;18;7
511;10922;St.Gallen Stadt Guisanstr. 40;13.09.2020;Sonntag;2;11;5;7;5;1;2;8;23;38;47;69;75;68;77;92;85;74;97;69;56;44;44;20;10
512;10922;St.Gallen Stadt Guisanstr. 40;14.09.2020;Montag;1;5;1;0;4;5;5;35;122;85;51;53;73;59;91;70;63;97;97;84;45;36;19;12;6
513;10922;St.Gallen Stadt Guisanstr. 40;14.09.2020;Montag;2;6;3;1;4;6;5;51;116;109;88;72;115;110;118;105;96;148;131;122;89;66;35;22;9
514;10922;St.Gallen Stadt Guisanstr. 40;15.09.2020;Dienstag;1;5;2;2;2;1;7;48;83;76;51;55;65;50;70;53;59;64;102;67;43;26;16;15;6
515;10922;St.Gallen Stadt Guisanstr. 40;15.09.2020;Dienstag;2;7;4;3;2;2;10;56;113;115;68;92;105;92;108;86;81;108;133;96;74;49;25;27;15
516;10922;St.Gallen Stadt Guisanstr. 40;16.09.2020;Mittwoch;1;6;1;0;3;2;4;45;86;61;66;66;70;60;74;68;49;81;94;63;44;27;30;12;7
517;10922;St.Gallen Stadt Guisanstr. 40;16.09.2020;Mittwoch;2;11;2;0;3;4;7;56;126;108;93;105;88;115;107;101;79;119;134;121;81;61;51;25;13
518;10922;St.Gallen Stadt Guisanstr. 40;17.09.2020;Donnerstag;1;4;0;1;3;3;5;40;92;67;53;47;81;46;79;60;66;66;97;72;41;21;18;21;9
519;10922;St.Gallen Stadt Guisanstr. 40;17.09.2020;Donnerstag;2;5;3;2;4;2;9;54;127;109;79;71;113;83;121;79;97;112;169;100;84;50;41;38;15
520;10922;St.Gallen Stadt Guisanstr. 40;18.09.2020;Freitag;1;6;3;0;3;1;8;35;95;54;60;67;84;53;66;72;71;72;89;62;47;33;16;14;14
521;10922;St.Gallen Stadt Guisanstr. 40;18.09.2020;Freitag;2;12;3;1;6;2;13;50;129;96;94;106;132;95;118;100;111;118;144;113;77;54;28;28;27
522;10922;St.Gallen Stadt Guisanstr. 40;19.09.2020;Samstag;1;6;2;2;2;3;5;19;15;44;52;62;60;46;59;63;52;52;51;30;20;22;19;10;11
523;10922;St.Gallen Stadt Guisanstr. 40;19.09.2020;Samstag;2;14;8;5;2;6;6;27;23;70;66;86;99;90;100;90;97;84;85;51;39;41;30;30;23
524;10922;St.Gallen Stadt Guisanstr. 40;20.09.2020;Sonntag;1;7;1;4;4;3;0;11;13;16;22;39;33;36;46;41;52;58;49;42;30;29;16;9;12
525;10922;St.Gallen Stadt Guisanstr. 40;20.09.2020;Sonntag;2;14;6;5;7;3;1;12;18;23;37;59;53;66;74;76;75;82;80;81;59;53;33;15;16
526;10922;St.Gallen Stadt Guisanstr. 40;21.09.2020;Montag;1;4;1;1;1;2;4;36;87;67;59;57;61;63;68;66;66;74;98;79;59;35;23;12;6
527;10922;St.Gallen Stadt Guisanstr. 40;21.09.2020;Montag;2;7;1;1;3;3;5;53;114;101;73;81;89;83;93;79;82;102;131;109;94;56;39;19;14
528;10922;St.Gallen Stadt Guisanstr. 40;22.09.2020;Dienstag;1;4;0;1;3;4;7;44;88;86;52;62;70;63;90;58;56;71;100;68;55;19;25;16;9
529;10922;St.Gallen Stadt Guisanstr. 40;22.09.2020;Dienstag;2;4;2;1;4;5;7;49;114;99;68;84;106;100;101;84;71;106;134;104;81;36;33;35;16
530;10922;St.Gallen Stadt Guisanstr. 40;23.09.2020;Mittwoch;1;7;2;1;0;2;4;37;86;74;51;58;72;68;82;57;56;68;104;75;58;27;29;15;7
531;10922;St.Gallen Stadt Guisanstr. 40;23.09.2020;Mittwoch;2;8;2;1;2;3;6;50;116;98;55;83;103;93;101;78;89;92;143;125;88;48;46;32;14
532;10922;St.Gallen Stadt Guisanstr. 40;24.09.2020;Donnerstag;1;6;1;2;1;2;6;44;92;70;51;64;72;55;66;67;47;58;82;80;56;26;28;15;13
533;10922;St.Gallen Stadt Guisanstr. 40;24.09.2020;Donnerstag;2;14;1;3;3;4;9;46;130;93;69;77;112;81;102;89;85;91;130;117;93;44;44;25;15
534;10922;St.Gallen Stadt Guisanstr. 40;25.09.2020;Freitag;1;4;1;0;2;2;4;29;110;69;50;52;87;50;80;48;83;57;85;51;51;32;27;27;16
535;10922;St.Gallen Stadt Guisanstr. 40;25.09.2020;Freitag;2;7;3;2;2;2;8;42;141;91;85;87;126;89;120;84;121;113;137;84;77;41;38;39;21
536;10922;St.Gallen Stadt Guisanstr. 40;26.09.2020;Samstag;1;5;2;3;1;3;4;12;22;29;57;48;61;51;43;57;45;47;38;27;17;20;17;13;19
537;10922;St.Gallen Stadt Guisanstr. 40;26.09.2020;Samstag;2;13;3;5;2;3;5;17;35;32;61;59;86;67;71;82;72;83;66;49;32;31;25;20;30
538;10922;St.Gallen Stadt Guisanstr. 40;27.09.2020;Sonntag;1;6;4;7;0;1;3;10;12;19;29;37;37;36;52;50;58;43;51;35;27;26;21;15;8
539;10922;St.Gallen Stadt Guisanstr. 40;27.09.2020;Sonntag;2;11;8;11;0;1;3;15;14;27;36;46;55;56;55;60;75;65;65;53;50;37;29;20;9
540;10922;St.Gallen Stadt Guisanstr. 40;28.09.2020;Montag;1;3;2;0;1;4;5;37;65;69;63;78;75;75;74;54;75;60;74;76;42;25;22;14;4
541;10922;St.Gallen Stadt Guisanstr. 40;28.09.2020;Montag;2;5;2;0;1;6;7;45;85;85;60;79;74;77;85;81;76;91;106;93;73;45;34;22;9
542;10922;St.Gallen Stadt Guisanstr. 40;29.09.2020;Dienstag;1;5;4;0;3;2;6;36;72;67;63;46;43;47;62;61;41;59;67;56;40;13;16;15;8
543;10922;St.Gallen Stadt Guisanstr. 40;29.09.2020;Dienstag;2;6;5;0;4;2;11;43;86;96;81;53;74;72;91;82;65;93;102;82;62;27;28;26;15
544;10922;St.Gallen Stadt Guisanstr. 40;30.09.2020;Mittwoch;1;5;1;1;2;2;5;34;69;67;67;51;58;43;57;56;52;89;91;57;42;19;22;16;9
545;10922;St.Gallen Stadt Guisanstr. 40;30.09.2020;Mittwoch;2;7;6;1;5;3;7;45;81;91;81;73;99;72;83;86;69;118;131;94;68;38;36;28;11
546;10922;St.Gallen Stadt Guisanstr. 40;01.10.2020;Donnerstag;1;6;0;0;1;5;7;40;72;64;68;50;57;54;66;60;73;72;60;58;42;27;20;16;8
547;10922;St.Gallen Stadt Guisanstr. 40;01.10.2020;Donnerstag;2;10;1;0;2;5;8;42;84;84;70;70;80;71;88;83;88;99;116;98;62;44;27;25;15
548;10922;St.Gallen Stadt Guisanstr. 40;02.10.2020;Freitag;1;5;2;2;0;1;7;30;67;61;58;52;77;63;84;64;65;68;53;41;41;30;21;21;15
549;10922;St.Gallen Stadt Guisanstr. 40;02.10.2020;Freitag;2;9;4;4;5;2;8;35;95;87;66;73;106;82;104;90;87;117;82;63;53;39;31;26;18
550;10922;St.Gallen Stadt Guisanstr. 40;03.10.2020;Samstag;1;5;6;1;3;2;3;11;23;24;34;46;51;42;43;54;54;48;45;40;24;20;20;10;11
551;10922;St.Gallen Stadt Guisanstr. 40;03.10.2020;Samstag;2;11;8;1;3;3;7;16;29;37;47;82;72;59;54;82;63;61;64;48;38;27;29;18;15
552;10922;St.Gallen Stadt Guisanstr. 40;04.10.2020;Sonntag;1;7;7;2;2;1;1;9;12;16;14;22;36;35;44;49;72;53;45;29;37;20;12;13;7
553;10922;St.Gallen Stadt Guisanstr. 40;04.10.2020;Sonntag;2;10;9;4;2;1;1;11;17;19;28;44;48;49;58;55;78;66;49;52;46;27;27;19;9
554;10922;St.Gallen Stadt Guisanstr. 40;05.10.2020;Montag;1;5;2;1;1;2;5;28;57;47;37;34;51;51;67;52;53;64;73;53;41;22;19;11;9
555;10922;St.Gallen Stadt Guisanstr. 40;05.10.2020;Montag;2;6;3;3;1;5;6;29;82;66;59;57;65;82;82;67;77;91;118;83;69;33;30;21;15
556;10922;St.Gallen Stadt Guisanstr. 40;06.10.2020;Dienstag;1;4;1;3;2;1;7;34;60;46;54;53;62;54;79;45;52;68;71;49;43;16;14;18;8
557;10922;St.Gallen Stadt Guisanstr. 40;06.10.2020;Dienstag;2;5;1;3;3;3;7;38;70;75;76;60;77;81;98;72;71;93;115;63;63;37;28;33;11
558;10922;St.Gallen Stadt Guisanstr. 40;07.10.2020;Mittwoch;1;4;5;0;2;1;5;35;67;59;45;50;70;57;64;36;52;58;88;52;46;22;17;10;9
559;10922;St.Gallen Stadt Guisanstr. 40;07.10.2020;Mittwoch;2;9;9;0;3;3;6;42;80;96;62;68;97;84;91;66;79;90;122;83;74;41;38;24;11
560;10922;St.Gallen Stadt Guisanstr. 40;08.10.2020;Donnerstag;1;5;1;2;1;4;5;16;61;65;52;64;52;56;67;56;50;67;72;61;42;23;18;7;8
561;10922;St.Gallen Stadt Guisanstr. 40;08.10.2020;Donnerstag;2;7;1;3;2;5;8;27;89;89;75;82;83;75;97;80;78;82;119;80;63;44;29;22;16
562;10922;St.Gallen Stadt Guisanstr. 40;09.10.2020;Freitag;1;3;4;0;2;2;3;28;65;63;57;72;65;45;71;68;54;59;52;54;38;24;31;28;8
563;10922;St.Gallen Stadt Guisanstr. 40;09.10.2020;Freitag;2;8;8;1;2;4;7;32;90;88;65;87;75;77;103;92;88;104;94;88;53;33;37;38;13
564;10922;St.Gallen Stadt Guisanstr. 40;10.10.2020;Samstag;1;7;4;1;0;2;5;11;17;23;47;51;48;33;42;52;49;37;38;48;15;17;15;15;11
565;10922;St.Gallen Stadt Guisanstr. 40;10.10.2020;Samstag;2;12;4;1;1;4;8;13;24;40;68;64;67;67;61;74;64;63;59;63;28;27;25;24;21
566;10922;St.Gallen Stadt Guisanstr. 40;11.10.2020;Sonntag;1;6;3;2;0;1;1;8;11;11;24;36;46;41;44;45;42;53;42;33;33;21;17;10;4
567;10922;St.Gallen Stadt Guisanstr. 40;11.10.2020;Sonntag;2;9;7;4;0;2;2;12;13;17;41;49;64;62;54;61;56;69;55;53;46;26;27;20;9
568;10922;St.Gallen Stadt Guisanstr. 40;12.10.2020;Montag;1;2;2;1;2;2;3;32;59;72;52;49;53;49;68;63;70;72;79;45;27;24;17;15;9
569;10922;St.Gallen Stadt Guisanstr. 40;12.10.2020;Montag;2;3;5;2;4;2;6;45;84;93;76;67;76;83;97;81;85;93;98;79;57;43;32;20;14
570;10922;St.Gallen Stadt Guisanstr. 40;13.10.2020;Dienstag;1;3;1;0;3;2;4;30;66;80;64;55;57;53;84;59;74;64;90;54;43;32;19;15;9
571;10922;St.Gallen Stadt Guisanstr. 40;13.10.2020;Dienstag;2;3;2;0;5;2;6;32;94;105;81;69;92;92;103;93;92;109;130;102;68;54;31;31;13
572;10922;St.Gallen Stadt Guisanstr. 40;14.10.2020;Mittwoch;1;4;0;1;1;3;5;31;76;76;65;69;84;56;83;79;83;69;101;52;46;28;17;16;9
573;10922;St.Gallen Stadt Guisanstr. 40;14.10.2020;Mittwoch;2;6;1;1;3;3;8;46;102;106;99;102;109;92;114;109;109;97;145;106;81;53;43;32;16
574;10922;St.Gallen Stadt Guisanstr. 40;15.10.2020;Donnerstag;1;5;5;1;1;1;7;33;64;69;59;59;64;53;73;70;61;68;96;51;34;26;20;20;10
575;10922;St.Gallen Stadt Guisanstr. 40;15.10.2020;Donnerstag;2;11;6;1;5;1;7;38;106;103;86;94;93;93;116;105;94;116;146;91;66;52;41;38;25
576;10922;St.Gallen Stadt Guisanstr. 40;16.10.2020;Freitag;1;3;1;0;1;1;2;26;51;72;52;50;69;59;82;61;54;56;69;62;45;23;16;12;7
577;10922;St.Gallen Stadt Guisanstr. 40;16.10.2020;Freitag;2;6;2;0;2;2;7;32;89;95;80;86;117;99;110;98;96;107;118;101;79;44;30;22;18
578;10922;St.Gallen Stadt Guisanstr. 40;17.10.2020;Samstag;1;11;4;1;0;2;4;11;20;32;28;41;59;54;35;51;51;54;41;41;23;15;19;17;15
579;10922;St.Gallen Stadt Guisanstr. 40;17.10.2020;Samstag;2;19;8;4;0;3;6;20;33;37;51;70;95;88;67;89;85;89;76;79;37;28;26;27;27
580;10922;St.Gallen Stadt Guisanstr. 40;18.10.2020;Sonntag;1;7;5;2;0;1;1;9;17;13;24;23;42;55;65;47;55;62;49;37;24;17;11;9;6
581;10922;St.Gallen Stadt Guisanstr. 40;18.10.2020;Sonntag;2;10;6;3;5;2;2;10;19;15;35;67;77;88;80;66;91;78;79;61;38;30;18;19;8
582;10922;St.Gallen Stadt Guisanstr. 40;19.10.2020;Montag;1;2;0;3;0;1;7;37;79;70;60;41;74;55;72;56;68;85;93;68;46;22;13;9;5
583;10922;St.Gallen Stadt Guisanstr. 40;19.10.2020;Montag;2;3;1;5;1;3;8;54;108;117;88;84;103;89;107;91;109;123;142;112;89;48;26;24;13
584;10922;St.Gallen Stadt Guisanstr. 40;20.10.2020;Dienstag;1;3;2;0;2;1;3;35;79;77;58;53;61;55;74;59;52;78;71;60;44;24;19;12;6
585;10922;St.Gallen Stadt Guisanstr. 40;20.10.2020;Dienstag;2;5;2;1;5;4;5;48;108;107;73;83;103;83;114;77;98;123;114;102;81;40;48;31;12
586;10922;St.Gallen Stadt Guisanstr. 40;21.10.2020;Mittwoch;1;4;2;3;0;3;4;44;97;64;58;55;82;68;85;76;68;82;99;77;40;30;17;13;7
587;10922;St.Gallen Stadt Guisanstr. 40;21.10.2020;Mittwoch;2;9;2;4;3;4;6;55;128;103;89;84;132;103;116;121;105;124;147;130;84;51;39;24;12
588;10922;St.Gallen Stadt Guisanstr. 40;22.10.2020;Donnerstag;1;5;0;1;2;2;7;30;97;82;51;56;65;55;85;76;67;83;98;68;46;32;14;10;8
589;10922;St.Gallen Stadt Guisanstr. 40;22.10.2020;Donnerstag;2;8;1;1;4;3;9;42;138;122;80;97;103;91;122;106;102;107;137;113;77;51;32;21;17
590;10922;St.Gallen Stadt Guisanstr. 40;23.10.2020;Freitag;1;5;1;1;2;2;5;36;89;56;57;50;84;51;69;76;75;77;85;44;43;29;19;13;16
591;10922;St.Gallen Stadt Guisanstr. 40;23.10.2020;Freitag;2;11;0;2;3;4;8;44;112;114;74;86;124;96;105;102;112;123;131;95;85;53;33;31;21
592;10922;St.Gallen Stadt Guisanstr. 40;24.10.2020;Samstag;1;8;4;0;2;1;4;14;21;35;54;49;66;38;47;56;64;44;63;30;21;14;16;14;11
593;10922;St.Gallen Stadt Guisanstr. 40;24.10.2020;Samstag;2;17;8;1;4;3;8;23;38;51;79;96;95;72;81;87;95;63;94;55;47;29;29;26;19
594;10922;St.Gallen Stadt Guisanstr. 40;25.10.2020;Sonntag;1;9;6;3;0;0;3;6;18;28;35;40;61;50;69;67;58;60;50;28;29;15;13;10;7
595;10922;St.Gallen Stadt Guisanstr. 40;25.10.2020;Sonntag;2;17;10;5;2;0;3;9;26;36;61;64;87;88;83;87;79;91;84;45;47;27;27;13;16
596;10922;St.Gallen Stadt Guisanstr. 40;26.10.2020;Montag;1;6;0;1;0;1;6;33;100;54;44;43;52;53;61;62;65;61;86;65;37;16;16;8;6
597;10922;St.Gallen Stadt Guisanstr. 40;26.10.2020;Montag;2;6;1;1;3;2;8;49;128;106;83;75;83;80;95;86;97;115;148;120;70;42;30;18;12
598;10922;St.Gallen Stadt Guisanstr. 40;27.10.2020;Dienstag;1;4;2;0;1;1;13;38;87;66;49;54;75;56;84;52;58;65;90;62;52;18;20;8;5
599;10922;St.Gallen Stadt Guisanstr. 40;27.10.2020;Dienstag;2;8;4;1;4;4;13;50;120;107;84;91;109;84;115;82;89;109;141;105;69;39;42;15;14
600;10922;St.Gallen Stadt Guisanstr. 40;28.10.2020;Mittwoch;1;5;1;1;0;1;6;40;78;64;52;41;62;65;69;67;78;73;98;54;46;19;25;11;7
601;10922;St.Gallen Stadt Guisanstr. 40;28.10.2020;Mittwoch;2;6;2;1;2;4;8;49;119;111;78;77;97;109;110;91;103;114;129;104;78;43;43;25;12
602;10922;St.Gallen Stadt Guisanstr. 40;29.10.2020;Donnerstag;1;5;1;0;1;1;5;37;83;73;62;56;73;51;68;61;59;54;83;57;37;25;16;11;8
603;10922;St.Gallen Stadt Guisanstr. 40;29.10.2020;Donnerstag;2;6;2;2;3;5;7;54;123;118;86;85;102;81;94;88;103;90;118;116;75;41;36;25;16
604;10922;St.Gallen Stadt Guisanstr. 40;30.10.2020;Freitag;1;4;1;0;1;2;7;37;70;63;66;60;72;66;76;80;66;70;80;50;27;30;14;15;15
605;10922;St.Gallen Stadt Guisanstr. 40;30.10.2020;Freitag;2;9;1;1;1;6;10;48;109;118;96;88;111;96;101;110;109;117;124;112;46;45;27;26;27
606;10922;St.Gallen Stadt Guisanstr. 40;31.10.2020;Samstag;1;8;0;1;1;2;3;9;21;36;44;76;66;57;49;64;51;64;61;36;25;17;22;11;11
607;10922;St.Gallen Stadt Guisanstr. 40;31.10.2020;Samstag;2;12;3;1;1;3;6;15;35;50;72;95;109;91;81;95;86;101;92;58;41;34;46;21;19
608;10922;St.Gallen Stadt Guisanstr. 40;01.11.2020;Sonntag;1;11;1;2;0;2;2;10;14;17;24;42;55;48;36;47;54;63;37;20;23;24;12;14;7
609;10922;St.Gallen Stadt Guisanstr. 40;01.11.2020;Sonntag;2;17;4;2;2;1;4;13;18;25;41;85;76;74;52;80;69;97;63;44;40;35;17;21;11
610;10922;St.Gallen Stadt Guisanstr. 40;02.11.2020;Montag;1;2;0;1;2;2;5;33;87;68;40;67;134;60;78;55;52;76;71;33;42;21;8;9;5
611;10922;St.Gallen Stadt Guisanstr. 40;02.11.2020;Montag;2;5;0;3;2;4;7;47;112;107;70;78;136;87;105;100;80;106;133;74;73;41;28;22;9
612;10922;St.Gallen Stadt Guisanstr. 40;03.11.2020;Dienstag;1;2;1;2;1;0;8;41;75;65;53;48;65;57;69;54;85;54;64;50;33;28;13;10;7
613;10922;St.Gallen Stadt Guisanstr. 40;03.11.2020;Dienstag;2;4;4;2;2;3;7;58;101;87;67;72;92;91;108;100;121;108;112;89;60;46;31;25;9
614;10922;St.Gallen Stadt Guisanstr. 40;04.11.2020;Mittwoch;1;3;0;2;1;3;5;35;75;65;43;57;67;55;41;64;68;73;65;36;32;21;16;9;9
615;10922;St.Gallen Stadt Guisanstr. 40;04.11.2020;Mittwoch;2;4;1;2;2;5;7;55;118;92;82;82;110;100;112;109;101;116;119;90;68;40;30;20;13
616;10922;St.Gallen Stadt Guisanstr. 40;05.11.2020;Donnerstag;1;5;1;1;2;2;7;37;91;55;54;63;59;40;78;66;67;60;76;49;28;23;9;8;11
617;10922;St.Gallen Stadt Guisanstr. 40;05.11.2020;Donnerstag;2;5;4;5;3;3;8;43;133;94;86;96;94;76;115;111;103;115;127;90;50;39;19;19;18
618;10922;St.Gallen Stadt Guisanstr. 40;06.11.2020;Freitag;1;3;2;1;1;2;6;35;80;72;52;58;62;46;72;59;72;56;72;50;46;32;18;11;12
619;10922;St.Gallen Stadt Guisanstr. 40;06.11.2020;Freitag;2;3;3;3;3;4;9;46;124;112;83;100;96;81;97;108;123;116;124;97;74;42;29;25;15
620;10922;St.Gallen Stadt Guisanstr. 40;07.11.2020;Samstag;1;7;2;2;2;3;3;12;25;36;40;48;61;48;48;51;59;54;50;49;21;21;11;14;11
621;10922;St.Gallen Stadt Guisanstr. 40;07.11.2020;Samstag;2;10;5;3;1;4;9;14;32;42;61;60;94;80;83;98;73;97;71;68;27;35;19;23;14
622;10922;St.Gallen Stadt Guisanstr. 40;08.11.2020;Sonntag;1;10;4;1;2;1;1;7;12;15;26;37;55;35;54;56;67;55;41;16;21;20;13;13;8
623;10922;St.Gallen Stadt Guisanstr. 40;08.11.2020;Sonntag;2;18;5;2;4;1;2;10;21;27;40;57;64;66;75;88;97;94;83;36;37;30;22;18;10
624;10922;St.Gallen Stadt Guisanstr. 40;09.11.2020;Montag;1;2;1;0;1;2;5;34;86;75;50;52;72;44;73;73;68;62;80;47;30;19;15;12;8
625;10922;St.Gallen Stadt Guisanstr. 40;09.11.2020;Montag;2;4;2;1;3;4;5;58;119;107;72;83;99;67;103;102;96;107;129;86;63;35;26;18;12
626;10922;St.Gallen Stadt Guisanstr. 40;10.11.2020;Dienstag;1;5;1;1;3;1;7;41;89;62;61;59;77;54;70;60;65;64;69;51;41;22;18;7;8
627;10922;St.Gallen Stadt Guisanstr. 40;10.11.2020;Dienstag;2;6;3;1;6;4;12;52;118;100;89;87;118;88;100;99;96;108;120;93;69;34;31;20;13
628;10922;St.Gallen Stadt Guisanstr. 40;11.11.2020;Mittwoch;1;2;2;2;1;1;5;39;80;54;50;53;83;51;61;76;59;100;77;45;37;23;15;15;11
629;10922;St.Gallen Stadt Guisanstr. 40;11.11.2020;Mittwoch;2;3;3;3;2;5;8;52;114;91;71;84;120;94;99;113;105;139;127;88;76;39;25;18;18
630;10922;St.Gallen Stadt Guisanstr. 40;12.11.2020;Donnerstag;1;2;1;1;1;2;6;37;89;54;57;52;71;60;81;65;48;79;70;36;41;29;13;13;7
631;10922;St.Gallen Stadt Guisanstr. 40;12.11.2020;Donnerstag;2;5;1;2;3;4;8;50;119;91;90;90;132;95;116;85;91;120;125;81;69;52;27;26;18
632;10922;St.Gallen Stadt Guisanstr. 40;13.11.2020;Freitag;1;4;1;1;2;1;3;45;87;59;63;52;71;55;81;64;80;75;83;52;34;23;12;11;8
633;10922;St.Gallen Stadt Guisanstr. 40;13.11.2020;Freitag;2;6;1;3;4;3;8;60;103;96;86;87;107;98;138;106;99;115;128;96;52;38;24;26;15
634;10922;St.Gallen Stadt Guisanstr. 40;14.11.2020;Samstag;1;7;4;3;1;4;2;12;19;33;48;66;62;60;66;59;61;67;49;27;31;16;15;15;15
635;10922;St.Gallen Stadt Guisanstr. 40;14.11.2020;Samstag;2;10;10;4;2;5;7;18;25;56;84;105;88;99;88;96;85;98;86;47;46;32;25;28;28
636;10922;St.Gallen Stadt Guisanstr. 40;15.11.2020;Sonntag;1;9;0;2;1;0;1;11;14;21;24;44;68;56;59;62;56;72;40;25;23;17;14;11;5
637;10922;St.Gallen Stadt Guisanstr. 40;15.11.2020;Sonntag;2;15;2;5;5;0;1;12;17;29;35;71;101;78;83;76;76;105;77;45;37;34;20;18;9
638;10922;St.Gallen Stadt Guisanstr. 40;16.11.2020;Montag;1;4;1;2;1;2;5;33;100;66;46;52;78;49;67;54;59;85;87;44;42;22;21;5;8
639;10922;St.Gallen Stadt Guisanstr. 40;16.11.2020;Montag;2;6;2;2;2;5;7;51;114;112;81;88;110;76;116;82;120;144;136;86;66;46;36;12;13
640;10922;St.Gallen Stadt Guisanstr. 40;17.11.2020;Dienstag;1;5;3;0;3;1;5;36;89;52;41;37;69;41;76;57;71;66;63;60;42;24;17;7;8
641;10922;St.Gallen Stadt Guisanstr. 40;17.11.2020;Dienstag;2;7;3;1;6;3;7;53;124;80;60;104;103;85;111;90;102;139;125;84;67;38;33;21;16
642;10922;St.Gallen Stadt Guisanstr. 40;18.11.2020;Mittwoch;1;4;1;1;2;1;6;41;101;51;44;63;74;62;81;77;59;95;75;52;47;21;17;14;7
643;10922;St.Gallen Stadt Guisanstr. 40;18.11.2020;Mittwoch;2;6;2;3;2;3;6;51;126;110;75;90;107;103;119;110;95;146;130;110;81;41;39;27;13
644;10922;St.Gallen Stadt Guisanstr. 40;19.11.2020;Donnerstag;1;4;0;1;2;1;4;35;86;54;61;43;65;41;70;53;64;70;67;47;30;19;12;11;15
645;10922;St.Gallen Stadt Guisanstr. 40;19.11.2020;Donnerstag;2;3;0;3;5;3;8;53;123;93;94;76;118;90;93;93;113;117;129;85;58;33;26;29;14
646;10922;St.Gallen Stadt Guisanstr. 40;20.11.2020;Freitag;1;4;1;2;2;2;3;38;93;54;39;61;73;55;79;74;70;71;56;52;26;15;15;19;11
647;10922;St.Gallen Stadt Guisanstr. 40;20.11.2020;Freitag;2;10;2;3;2;4;8;51;127;88;63;100;111;101;115;119;102;112;115;112;56;26;33;34;28
648;10922;St.Gallen Stadt Guisanstr. 40;21.11.2020;Samstag;1;9;0;3;5;3;3;13;24;43;47;54;55;46;40;65;59;64;28;36;26;22;13;17;11
649;10922;St.Gallen Stadt Guisanstr. 40;21.11.2020;Samstag;2;10;2;6;7;4;4;22;43;56;81;92;87;87;78;105;91;92;64;67;41;32;24;23;25
650;10922;St.Gallen Stadt Guisanstr. 40;22.11.2020;Sonntag;1;8;6;1;1;0;1;8;10;15;26;37;57;59;51;67;46;73;38;27;29;21;18;8;3
651;10922;St.Gallen Stadt Guisanstr. 40;22.11.2020;Sonntag;2;16;7;6;2;2;3;10;18;20;37;78;84;89;86;87;77;96;69;41;45;28;30;17;6
652;10922;St.Gallen Stadt Guisanstr. 40;23.11.2020;Montag;1;4;2;1;1;3;5;32;91;79;49;53;69;52;74;55;69;84;79;44;40;26;20;9;7
653;10922;St.Gallen Stadt Guisanstr. 40;23.11.2020;Montag;2;6;3;2;3;4;6;51;126;130;81;86;108;97;93;102;96;129;121;97;60;42;35;20;11
654;10922;St.Gallen Stadt Guisanstr. 40;24.11.2020;Dienstag;1;6;3;1;2;3;3;38;64;55;61;50;60;52;74;79;53;70;69;58;38;24;17;12;7
655;10922;St.Gallen Stadt Guisanstr. 40;24.11.2020;Dienstag;2;8;4;3;2;7;6;56;110;97;76;86;110;83;112;118;92;117;118;96;65;33;36;23;11
656;10922;St.Gallen Stadt Guisanstr. 40;25.11.2020;Mittwoch;1;8;0;0;2;1;4;43;90;55;74;54;89;66;84;67;71;68;87;51;49;27;19;14;11
657;10922;St.Gallen Stadt Guisanstr. 40;25.11.2020;Mittwoch;2;9;1;0;2;5;5;55;122;82;92;76;126;97;122;100;117;115;131;93;81;38;28;17;19
658;10922;St.Gallen Stadt Guisanstr. 40;26.11.2020;Donnerstag;1;11;0;4;2;2;8;34;113;77;61;58;71;55;79;65;76;65;70;55;32;33;16;11;8
659;10922;St.Gallen Stadt Guisanstr. 40;26.11.2020;Donnerstag;2;10;0;6;4;4;13;51;159;106;90;92;126;90;125;106;121;110;133;92;55;48;26;26;17
660;10922;St.Gallen Stadt Guisanstr. 40;27.11.2020;Freitag;1;5;0;1;3;0;7;46;99;79;72;80;83;58;74;70;71;71;64;52;40;18;13;11;22
661;10922;St.Gallen Stadt Guisanstr. 40;27.11.2020;Freitag;2;7;2;3;4;3;10;56;125;124;88;106;116;104;108;98;112;128;126;79;63;32;30;25;27
662;10922;St.Gallen Stadt Guisanstr. 40;28.11.2020;Samstag;1;5;4;2;3;3;3;9;25;41;45;46;62;48;47;57;42;52;36;32;18;14;17;21;11
663;10922;St.Gallen Stadt Guisanstr. 40;28.11.2020;Samstag;2;8;10;6;5;4;4;17;33;53;61;67;75;70;64;72;86;89;67;48;32;32;28;36;27
664;10922;St.Gallen Stadt Guisanstr. 40;29.11.2020;Sonntag;1;6;2;1;0;0;1;8;14;24;21;26;59;40;51;60;51;38;39;26;19;19;12;18;7
665;10922;St.Gallen Stadt Guisanstr. 40;29.11.2020;Sonntag;2;10;5;2;1;0;1;13;23;29;28;53;72;64;68;92;81;79;75;55;42;38;26;18;13
666;10922;St.Gallen Stadt Guisanstr. 40;30.11.2020;Montag;1;3;3;1;1;1;3;36;102;77;49;61;69;49;80;69;55;74;63;53;36;30;15;8;7
667;10922;St.Gallen Stadt Guisanstr. 40;30.11.2020;Montag;2;4;3;3;3;3;5;59;145;125;75;93;106;92;111;99;101;136;127;109;74;55;32;20;12
668;10922;St.Gallen Stadt Guisanstr. 40;01.12.2020;Dienstag;1;5;2;2;2;3;9;36;96;75;66;65;68;52;72;54;70;57;78;54;52;22;17;15;13
669;10922;St.Gallen Stadt Guisanstr. 40;01.12.2020;Dienstag;2;8;3;4;4;5;12;54;131;110;78;89;107;85;97;72;97;109;115;122;77;37;32;30;20
670;10922;St.Gallen Stadt Guisanstr. 40;02.12.2020;Mittwoch;1;5;4;1;4;0;4;37;92;61;54;52;70;64;76;60;69;68;80;38;35;21;18;12;10
671;10922;St.Gallen Stadt Guisanstr. 40;02.12.2020;Mittwoch;2;9;5;2;5;4;6;50;115;114;78;86;121;91;113;123;113;109;118;93;66;38;28;27;18
672;10922;St.Gallen Stadt Guisanstr. 40;03.12.2020;Donnerstag;1;2;4;1;3;6;6;39;96;68;68;50;61;56;73;59;65;76;73;65;28;17;10;14;9
673;10922;St.Gallen Stadt Guisanstr. 40;03.12.2020;Donnerstag;2;4;3;2;7;8;10;51;126;104;82;77;95;100;91;100;103;101;138;100;57;36;31;28;12
674;10922;St.Gallen Stadt Guisanstr. 40;04.12.2020;Freitag;1;4;1;1;2;0;9;42;79;73;72;58;83;65;84;79;69;81;59;45;30;30;20;13;8
675;10922;St.Gallen Stadt Guisanstr. 40;04.12.2020;Freitag;2;10;2;3;4;2;10;50;123;115;98;101;124;88;112;109;101;120;112;88;57;46;39;29;24
676;10922;St.Gallen Stadt Guisanstr. 40;05.12.2020;Samstag;1;9;3;1;1;3;9;13;26;31;52;51;51;40;50;52;52;49;39;33;17;24;19;14;14
677;10922;St.Gallen Stadt Guisanstr. 40;05.12.2020;Samstag;2;15;4;4;1;5;18;24;37;44;64;76;70;66;80;102;89;89;68;52;32;36;34;24;28
678;10922;St.Gallen Stadt Guisanstr. 40;06.12.2020;Sonntag;1;9;3;1;0;1;5;15;13;25;24;24;36;30;36;40;44;45;29;22;21;22;11;13;11
679;10922;St.Gallen Stadt Guisanstr. 40;06.12.2020;Sonntag;2;17;5;3;3;2;6;18;13;30;31;44;56;56;57;57;69;71;46;34;38;34;14;17;13
680;10922;St.Gallen Stadt Guisanstr. 40;07.12.2020;Montag;1;4;2;1;5;6;10;57;107;89;69;70;76;57;89;69;59;75;81;60;44;24;18;11;11
681;10922;St.Gallen Stadt Guisanstr. 40;07.12.2020;Montag;2;6;2;2;5;7;12;67;103;86;72;78;96;70;106;86;65;105;105;93;65;34;20;15;13
682;10922;St.Gallen Stadt Guisanstr. 40;08.12.2020;Dienstag;1;8;3;2;4;2;6;43;108;74;61;72;82;73;82;51;70;92;91;65;44;24;20;15;15
683;10922;St.Gallen Stadt Guisanstr. 40;08.12.2020;Dienstag;2;8;3;3;4;5;12;51;143;96;71;84;103;86;98;75;92;128;120;86;53;41;29;25;20
684;10922;St.Gallen Stadt Guisanstr. 40;09.12.2020;Mittwoch;1;4;5;1;2;6;10;41;96;69;58;56;82;59;75;53;61;69;80;48;45;27;22;13;11
685;10922;St.Gallen Stadt Guisanstr. 40;09.12.2020;Mittwoch;2;4;5;4;4;8;11;57;120;96;77;66;94;93;91;80;100;108;103;76;71;38;36;22;14
686;10922;St.Gallen Stadt Guisanstr. 40;10.12.2020;Donnerstag;1;4;5;0;2;2;6;44;88;66;74;57;77;53;83;59;63;78;78;64;33;26;24;14;15
687;10922;St.Gallen Stadt Guisanstr. 40;10.12.2020;Donnerstag;2;6;5;2;3;4;9;56;122;98;99;83;108;92;94;71;99;111;128;92;50;39;33;27;20
688;10922;St.Gallen Stadt Guisanstr. 40;11.12.2020;Freitag;1;5;2;1;3;3;7;43;84;60;51;69;84;68;74;78;82;72;60;58;46;25;23;17;21
689;10922;St.Gallen Stadt Guisanstr. 40;11.12.2020;Freitag;2;7;3;2;2;4;10;52;121;86;71;84;103;84;108;93;108;105;101;92;60;45;33;26;29
690;10922;St.Gallen Stadt Guisanstr. 40;12.12.2020;Samstag;1;6;5;2;4;1;3;14;19;36;45;51;68;53;54;51;51;41;53;26;26;20;18;17;11
691;10922;St.Gallen Stadt Guisanstr. 40;12.12.2020;Samstag;2;10;8;2;6;2;8;17;37;57;62;70;81;86;79;78;69;66;67;52;38;24;21;22;14
692;10922;St.Gallen Stadt Guisanstr. 40;13.12.2020;Sonntag;1;10;1;2;0;1;1;8;8;15;24;29;37;35;40;50;61;39;35;18;27;27;15;8;9
693;10922;St.Gallen Stadt Guisanstr. 40;13.12.2020;Sonntag;2;12;1;1;1;1;1;8;9;17;27;38;53;53;58;57;74;52;55;29;36;31;22;10;8
694;10922;St.Gallen Stadt Guisanstr. 40;14.12.2020;Montag;1;5;1;1;3;1;5;35;95;62;51;70;84;54;73;72;78;89;85;61;46;14;18;9;12
695;10922;St.Gallen Stadt Guisanstr. 40;14.12.2020;Montag;2;6;2;1;4;3;9;48;115;75;76;92;127;91;96;105;105;134;121;109;77;21;26;12;11
696;10922;St.Gallen Stadt Guisanstr. 40;15.12.2020;Dienstag;1;3;2;2;2;1;6;40;108;76;64;55;60;53;75;54;50;61;65;58;34;20;22;12;8
697;10922;St.Gallen Stadt Guisanstr. 40;15.12.2020;Dienstag;2;3;2;2;3;2;7;44;128;107;97;80;104;85;117;78;85;108;122;106;65;34;32;23;10
698;10922;St.Gallen Stadt Guisanstr. 40;16.12.2020;Mittwoch;1;6;2;1;1;3;8;38;84;59;54;63;74;67;94;69;92;94;69;49;35;15;17;17;6
699;10922;St.Gallen Stadt Guisanstr. 40;16.12.2020;Mittwoch;2;9;4;3;2;4;8;57;114;98;81;94;108;99;131;113;128;129;124;93;67;28;21;20;11
700;10922;St.Gallen Stadt Guisanstr. 40;17.12.2020;Donnerstag;1;6;1;0;2;2;4;41;86;74;57;55;71;45;83;69;70;79;70;49;26;21;16;7;8
701;10922;St.Gallen Stadt Guisanstr. 40;17.12.2020;Donnerstag;2;6;1;0;3;2;10;60;123;111;78;86;108;81;115;118;119;120;116;92;51;31;21;14;14
702;10922;St.Gallen Stadt Guisanstr. 40;18.12.2020;Freitag;1;6;1;3;2;1;3;44;79;71;65;71;78;65;99;67;74;98;56;51;35;20;18;10;11
703;10922;St.Gallen Stadt Guisanstr. 40;18.12.2020;Freitag;2;7;0;5;3;2;7;56;126;103;105;101;119;106;133;134;120;139;135;119;57;32;30;16;14
704;10922;St.Gallen Stadt Guisanstr. 40;19.12.2020;Samstag;1;6;2;1;2;4;3;15;21;26;47;56;66;64;52;56;89;55;33;18;22;21;10;14;15
705;10922;St.Gallen Stadt Guisanstr. 40;19.12.2020;Samstag;2;14;3;2;2;6;4;21;31;43;70;76;100;95;83;100;121;101;70;40;38;30;19;19;21
706;10922;St.Gallen Stadt Guisanstr. 40;20.12.2020;Sonntag;1;5;2;1;0;1;1;8;8;17;14;40;34;44;44;78;61;75;32;20;25;22;16;8;9
707;10922;St.Gallen Stadt Guisanstr. 40;20.12.2020;Sonntag;2;9;3;1;2;1;1;13;14;23;37;52;61;62;85;111;92;101;60;38;44;29;28;14;9
708;10922;St.Gallen Stadt Guisanstr. 40;21.12.2020;Montag;1;4;2;1;1;3;5;35;58;61;52;53;65;43;63;80;55;71;49;33;29;23;11;6;9
709;10922;St.Gallen Stadt Guisanstr. 40;21.12.2020;Montag;2;6;3;2;2;3;9;51;73;79;81;89;108;80;97;110;99;109;115;65;59;36;20;11;14
710;10922;St.Gallen Stadt Guisanstr. 40;22.12.2020;Dienstag;1;4;3;2;2;1;3;26;58;57;54;60;61;53;72;70;57;66;61;50;27;18;14;8;8
711;10922;St.Gallen Stadt Guisanstr. 40;22.12.2020;Dienstag;2;4;10;5;2;3;10;43;81;82;87;101;97;91;106;107;87;121;126;98;48;30;17;11;13
712;10922;St.Gallen Stadt Guisanstr. 40;23.12.2020;Mittwoch;1;5;1;0;1;3;3;26;38;46;37;53;53;65;75;73;55;68;69;39;31;20;15;6;8
713;10922;St.Gallen Stadt Guisanstr. 40;23.12.2020;Mittwoch;2;7;3;1;3;4;7;45;58;74;72;95;93;96;116;120;94;108;120;71;53;34;27;14;12
714;10922;St.Gallen Stadt Guisanstr. 40;24.12.2020;Donnerstag;1;7;3;1;1;2;3;15;29;43;50;52;58;62;64;57;53;50;36;22;13;11;14;25;15
715;10922;St.Gallen Stadt Guisanstr. 40;24.12.2020;Donnerstag;2;6;4;3;2;3;6;24;48;74;81;97;99;111;100;100;87;97;75;39;21;21;36;46;30
716;10922;St.Gallen Stadt Guisanstr. 40;25.12.2020;Freitag;1;17;8;0;2;1;3;10;8;7;12;21;30;36;36;30;43;57;29;19;18;12;21;19;9
717;10922;St.Gallen Stadt Guisanstr. 40;25.12.2020;Freitag;2;27;14;0;1;2;3;13;12;8;22;42;50;56;53;49;63;95;51;35;26;28;32;29;26
718;10922;St.Gallen Stadt Guisanstr. 40;26.12.2020;Samstag;1;10;0;2;0;2;4;8;14;17;17;25;36;53;56;43;42;48;30;36;19;16;15;14;12
719;10922;St.Gallen Stadt Guisanstr. 40;26.12.2020;Samstag;2;15;1;2;1;3;5;14;22;28;29;50;58;75;83;74;68;77;53;55;28;27;21;23;21
720;10922;St.Gallen Stadt Guisanstr. 40;27.12.2020;Sonntag;1;5;1;2;0;1;1;11;11;12;16;23;30;30;39;46;48;39;26;26;18;18;9;10;9
721;10922;St.Gallen Stadt Guisanstr. 40;27.12.2020;Sonntag;2;8;1;5;0;2;1;14;12;20;23;38;40;49;53;64;74;50;52;42;31;25;17;15;10
722;10922;St.Gallen Stadt Guisanstr. 40;28.12.2020;Montag;1;4;0;2;2;0;2;17;30;27;28;42;42;45;51;58;34;51;39;19;25;11;10;13;10
723;10922;St.Gallen Stadt Guisanstr. 40;28.12.2020;Montag;2;5;0;3;3;1;7;23;42;50;37;55;65;78;82;72;65;71;59;36;35;15;17;17;15
724;10922;St.Gallen Stadt Guisanstr. 40;29.12.2020;Dienstag;1;7;2;3;1;0;6;19;33;38;33;47;47;40;51;55;64;50;48;16;20;16;12;12;8
725;10922;St.Gallen Stadt Guisanstr. 40;29.12.2020;Dienstag;2;9;2;4;1;2;10;31;44;62;59;64;82;76;77;88;91;84;88;42;39;27;22;18;17
726;10922;St.Gallen Stadt Guisanstr. 40;30.12.2020;Mittwoch;1;6;0;0;1;1;0;16;27;28;39;41;31;50;44;67;50;42;47;38;25;13;14;7;12
727;10922;St.Gallen Stadt Guisanstr. 40;30.12.2020;Mittwoch;2;6;4;1;2;1;7;29;48;49;63;66;66;80;77;98;90;77;82;63;39;25;22;12;18
728;10922;St.Gallen Stadt Guisanstr. 40;31.12.2020;Donnerstag;1;5;2;1;1;1;5;17;33;30;40;47;45;52;44;57;37;44;34;34;21;12;17;10;8
729;10922;St.Gallen Stadt Guisanstr. 40;31.12.2020;Donnerstag;2;5;4;2;2;1;11;32;56;44;60;70;71;85;76;89;71;76;76;69;40;21;24;19;10
