LNR;ORT-ID;BEZEICHNUNG;DATUM;WOCHENTAG;RI;1;2;3;4;5;6;7;8;9;10;11;12;13;14;15;16;17;18;19;20;21;22;23;24
0;10921;St.Gallen Stadt Dufour/Winkelr;01.01.2020;Mittwoch;1;11;14;10;11;4;3;4;3;3;5;6;25;16;26;21;29;29;24;10;15;15;4;7;3
1;10921;St.Gallen Stadt Dufour/Winkelr;01.01.2020;Mittwoch;2;0;0;0;0;0;0;0;0;0;0;0;0;0;0;0;0;0;0;0;0;0;0;0;0
2;10921;St.Gallen Stadt Dufour/Winkelr;01.01.2020;Mittwoch;3;0;0;0;0;0;0;0;0;0;0;0;0;0;0;0;0;0;0;0;0;0;0;0;0
3;10921;St.Gallen Stadt Dufour/Winkelr;02.01.2020;Donnerstag;1;2;1;0;0;1;2;7;12;26;27;34;38;31;45;43;44;39;37;47;19;14;13;12;4
4;10921;St.Gallen Stadt Dufour/Winkelr;02.01.2020;Donnerstag;2;0;0;0;0;0;0;0;0;0;0;0;0;0;0;0;0;0;0;0;0;0;0;0;0
5;10921;St.Gallen Stadt Dufour/Winkelr;02.01.2020;Donnerstag;3;0;0;0;0;0;0;0;0;0;0;0;0;0;0;0;0;0;0;0;0;0;0;0;0
6;10921;St.Gallen Stadt Dufour/Winkelr;03.01.2020;Freitag;1;0;2;1;0;4;7;13;25;33;36;50;47;37;32;40;54;53;57;40;28;17;18;13;7
7;10921;St.Gallen Stadt Dufour/Winkelr;03.01.2020;Freitag;2;0;0;0;0;0;0;0;0;0;0;0;0;0;0;0;0;0;0;0;0;0;0;0;0
8;10921;St.Gallen Stadt Dufour/Winkelr;03.01.2020;Freitag;3;0;0;0;0;0;0;0;0;0;0;0;0;0;0;0;0;0;0;0;0;0;0;0;0
9;10921;St.Gallen Stadt Dufour/Winkelr;04.01.2020;Samstag;1;4;2;3;0;2;1;3;9;24;28;34;50;31;38;40;42;45;37;32;24;15;18;12;13
10;10921;St.Gallen Stadt Dufour/Winkelr;04.01.2020;Samstag;2;0;0;0;0;0;0;0;0;0;0;0;0;0;0;0;0;0;0;0;0;0;0;0;0
11;10921;St.Gallen Stadt Dufour/Winkelr;04.01.2020;Samstag;3;0;0;0;0;0;0;0;0;0;0;0;0;0;0;0;0;0;0;0;0;0;0;0;0
12;10921;St.Gallen Stadt Dufour/Winkelr;05.01.2020;Sonntag;1;6;7;1;2;4;3;7;6;10;24;25;30;33;40;53;40;38;33;24;40;19;8;9;4
13;10921;St.Gallen Stadt Dufour/Winkelr;05.01.2020;Sonntag;2;0;0;0;0;0;0;0;0;0;0;0;0;0;0;0;0;0;0;0;0;0;0;0;0
14;10921;St.Gallen Stadt Dufour/Winkelr;05.01.2020;Sonntag;3;0;0;0;0;0;0;0;0;0;0;0;0;0;0;0;0;0;0;0;0;0;0;0;0
15;10921;St.Gallen Stadt Dufour/Winkelr;06.01.2020;Montag;1;1;0;1;0;4;6;44;89;83;58;50;56;53;51;58;60;99;144;84;32;22;29;8;12
16;10921;St.Gallen Stadt Dufour/Winkelr;06.01.2020;Montag;2;0;0;0;0;0;0;0;0;0;0;0;0;0;0;0;0;0;0;0;0;0;0;0;0
17;10921;St.Gallen Stadt Dufour/Winkelr;06.01.2020;Montag;3;0;0;0;0;0;0;0;0;0;0;0;0;0;0;0;0;0;0;0;0;0;0;0;0
18;10921;St.Gallen Stadt Dufour/Winkelr;07.01.2020;Dienstag;1;1;2;1;0;3;11;24;81;78;51;48;58;56;61;60;57;113;131;82;31;31;16;14;5
19;10921;St.Gallen Stadt Dufour/Winkelr;07.01.2020;Dienstag;2;0;0;0;0;0;0;0;0;0;0;0;0;0;0;0;0;0;0;0;0;0;0;0;0
20;10921;St.Gallen Stadt Dufour/Winkelr;07.01.2020;Dienstag;3;0;0;0;0;0;0;0;0;0;0;0;0;0;0;0;0;0;0;0;0;0;0;0;0
21;10921;St.Gallen Stadt Dufour/Winkelr;08.01.2020;Mittwoch;1;2;0;1;1;2;9;25;81;75;54;51;74;62;55;57;54;81;123;90;36;25;33;16;4
22;10921;St.Gallen Stadt Dufour/Winkelr;08.01.2020;Mittwoch;2;0;0;0;0;0;0;0;0;0;0;0;0;0;0;0;0;0;0;0;0;0;0;0;0
23;10921;St.Gallen Stadt Dufour/Winkelr;08.01.2020;Mittwoch;3;0;0;0;0;0;0;0;0;0;0;0;0;0;0;0;0;0;0;0;0;0;0;0;0
24;10921;St.Gallen Stadt Dufour/Winkelr;09.01.2020;Donnerstag;1;0;1;1;2;1;7;27;92;80;50;46;52;41;65;51;72;85;145;83;37;34;23;16;10
25;10921;St.Gallen Stadt Dufour/Winkelr;09.01.2020;Donnerstag;2;0;0;0;0;0;0;0;0;0;0;0;0;0;0;0;0;0;0;0;0;0;0;0;0
26;10921;St.Gallen Stadt Dufour/Winkelr;09.01.2020;Donnerstag;3;0;0;0;0;0;0;0;0;0;0;0;0;0;0;0;0;0;0;0;0;0;0;0;0
27;10921;St.Gallen Stadt Dufour/Winkelr;10.01.2020;Freitag;1;1;1;1;0;3;8;28;75;76;60;61;81;76;62;56;70;101;103;51;30;27;29;17;19
28;10921;St.Gallen Stadt Dufour/Winkelr;10.01.2020;Freitag;2;0;0;0;0;0;0;0;0;0;0;0;0;0;0;0;0;0;0;0;0;0;0;0;0
29;10921;St.Gallen Stadt Dufour/Winkelr;10.01.2020;Freitag;3;0;0;0;0;0;0;0;0;0;0;0;0;0;0;0;0;0;0;0;0;0;0;0;0
30;10921;St.Gallen Stadt Dufour/Winkelr;11.01.2020;Samstag;1;4;4;7;1;1;2;8;7;28;39;44;45;50;61;56;50;56;41;39;26;18;22;12;17
31;10921;St.Gallen Stadt Dufour/Winkelr;11.01.2020;Samstag;2;0;0;0;0;0;0;0;0;0;0;0;0;0;0;0;0;0;0;0;0;0;0;0;0
32;10921;St.Gallen Stadt Dufour/Winkelr;11.01.2020;Samstag;3;0;0;0;0;0;0;0;0;0;0;0;0;0;0;0;0;0;0;0;0;0;0;0;0
33;10921;St.Gallen Stadt Dufour/Winkelr;12.01.2020;Sonntag;1;8;8;6;4;2;0;6;8;11;19;19;30;52;38;38;46;55;53;43;34;20;14;4;5
34;10921;St.Gallen Stadt Dufour/Winkelr;12.01.2020;Sonntag;2;0;0;0;0;0;0;0;0;0;0;0;0;0;0;0;0;0;0;0;0;0;0;0;0
35;10921;St.Gallen Stadt Dufour/Winkelr;12.01.2020;Sonntag;3;0;0;0;0;0;0;0;0;0;0;0;0;0;0;0;0;0;0;0;0;0;0;0;0
36;10921;St.Gallen Stadt Dufour/Winkelr;13.01.2020;Montag;1;0;2;2;0;2;10;28;76;91;52;50;66;65;66;70;70;94;130;78;40;21;21;12;4
37;10921;St.Gallen Stadt Dufour/Winkelr;13.01.2020;Montag;2;0;0;0;0;0;0;0;0;0;0;0;0;0;0;0;0;0;0;0;0;0;0;0;0
38;10921;St.Gallen Stadt Dufour/Winkelr;13.01.2020;Montag;3;0;0;0;0;0;0;0;0;0;0;0;0;0;0;0;0;0;0;0;0;0;0;0;0
39;10921;St.Gallen Stadt Dufour/Winkelr;14.01.2020;Dienstag;1;4;3;1;0;1;9;29;79;67;40;57;54;59;70;75;59;103;146;68;29;11;16;21;7
40;10921;St.Gallen Stadt Dufour/Winkelr;14.01.2020;Dienstag;2;0;0;0;0;0;0;0;0;0;0;0;0;0;0;0;0;0;0;0;0;0;0;0;0
41;10921;St.Gallen Stadt Dufour/Winkelr;14.01.2020;Dienstag;3;0;0;0;0;0;0;0;0;0;0;0;0;0;0;0;0;0;0;0;0;0;0;0;0
42;10921;St.Gallen Stadt Dufour/Winkelr;15.01.2020;Mittwoch;1;0;0;1;0;1;8;28;84;71;58;45;83;59;69;72;67;91;142;73;29;14;24;17;8
43;10921;St.Gallen Stadt Dufour/Winkelr;15.01.2020;Mittwoch;2;0;0;0;0;0;0;0;0;0;0;0;0;0;0;0;0;0;0;0;0;0;0;0;0
44;10921;St.Gallen Stadt Dufour/Winkelr;15.01.2020;Mittwoch;3;0;0;0;0;0;0;0;0;0;0;0;0;0;0;0;0;0;0;0;0;0;0;0;0
45;10921;St.Gallen Stadt Dufour/Winkelr;16.01.2020;Donnerstag;1;0;0;1;0;2;10;28;74;70;45;50;77;54;75;68;75;100;133;98;34;25;23;19;11
46;10921;St.Gallen Stadt Dufour/Winkelr;16.01.2020;Donnerstag;2;0;0;0;0;0;0;0;0;0;0;0;0;0;0;0;0;0;0;0;0;0;0;0;0
47;10921;St.Gallen Stadt Dufour/Winkelr;16.01.2020;Donnerstag;3;0;0;0;0;0;0;0;0;0;0;0;0;0;0;0;0;0;0;0;0;0;0;0;0
48;10921;St.Gallen Stadt Dufour/Winkelr;17.01.2020;Freitag;1;2;1;2;1;4;12;27;75;68;62;54;67;57;65;75;66;90;279;241;45;19;20;13;17
49;10921;St.Gallen Stadt Dufour/Winkelr;17.01.2020;Freitag;2;0;0;0;0;0;0;0;0;0;0;0;0;0;0;0;0;0;0;0;0;0;0;0;0
50;10921;St.Gallen Stadt Dufour/Winkelr;17.01.2020;Freitag;3;0;0;0;0;0;0;0;0;0;0;0;0;0;0;0;0;0;0;0;0;0;0;0;0
51;10921;St.Gallen Stadt Dufour/Winkelr;18.01.2020;Samstag;1;3;3;3;0;2;3;9;8;26;37;46;48;44;58;69;39;61;45;44;22;25;23;16;16
52;10921;St.Gallen Stadt Dufour/Winkelr;18.01.2020;Samstag;2;0;0;0;0;0;0;0;0;0;0;0;0;0;0;0;0;0;0;0;0;0;0;0;0
53;10921;St.Gallen Stadt Dufour/Winkelr;18.01.2020;Samstag;3;0;0;0;0;0;0;0;0;0;0;0;0;0;0;0;0;0;0;0;0;0;0;0;0
54;10921;St.Gallen Stadt Dufour/Winkelr;19.01.2020;Sonntag;1;11;11;3;2;1;1;3;6;11;15;20;26;30;34;31;46;46;52;29;19;26;16;9;9
55;10921;St.Gallen Stadt Dufour/Winkelr;19.01.2020;Sonntag;2;0;0;0;0;0;0;0;0;0;0;0;0;0;0;0;0;0;0;0;0;0;0;0;0
56;10921;St.Gallen Stadt Dufour/Winkelr;19.01.2020;Sonntag;3;0;0;0;0;0;0;0;0;0;0;0;0;0;0;0;0;0;0;0;0;0;0;0;0
57;10921;St.Gallen Stadt Dufour/Winkelr;20.01.2020;Montag;1;2;0;0;0;4;11;26;87;73;51;63;64;66;56;54;70;98;139;67;42;28;25;13;9
58;10921;St.Gallen Stadt Dufour/Winkelr;20.01.2020;Montag;2;0;0;0;0;0;0;0;0;0;0;0;0;0;0;0;0;0;0;0;0;0;0;0;0
59;10921;St.Gallen Stadt Dufour/Winkelr;20.01.2020;Montag;3;0;0;0;0;0;0;0;0;0;0;0;0;0;0;0;0;0;0;0;0;0;0;0;0
60;10921;St.Gallen Stadt Dufour/Winkelr;21.01.2020;Dienstag;1;6;2;0;0;3;9;28;89;59;50;57;56;70;66;60;76;85;135;89;32;32;25;10;11
61;10921;St.Gallen Stadt Dufour/Winkelr;21.01.2020;Dienstag;2;0;0;0;0;0;0;0;0;0;0;0;0;0;0;0;0;0;0;0;0;0;0;0;0
62;10921;St.Gallen Stadt Dufour/Winkelr;21.01.2020;Dienstag;3;0;0;0;0;0;0;0;0;0;0;0;0;0;0;0;0;0;0;0;0;0;0;0;0
63;10921;St.Gallen Stadt Dufour/Winkelr;22.01.2020;Mittwoch;1;5;0;0;0;1;12;24;82;59;57;54;71;61;55;71;64;88;137;101;28;34;14;16;3
64;10921;St.Gallen Stadt Dufour/Winkelr;22.01.2020;Mittwoch;2;0;0;0;0;0;0;0;0;0;0;0;0;0;0;0;0;0;0;0;0;0;0;0;0
65;10921;St.Gallen Stadt Dufour/Winkelr;22.01.2020;Mittwoch;3;0;0;0;0;0;0;0;0;0;0;0;0;0;0;0;0;0;0;0;0;0;0;0;0
66;10921;St.Gallen Stadt Dufour/Winkelr;23.01.2020;Donnerstag;1;3;0;0;0;2;13;27;77;89;45;57;72;47;80;63;66;91;123;94;40;24;24;17;11
67;10921;St.Gallen Stadt Dufour/Winkelr;23.01.2020;Donnerstag;2;0;0;0;0;0;0;0;0;0;0;0;0;0;0;0;0;0;0;0;0;0;0;0;0
68;10921;St.Gallen Stadt Dufour/Winkelr;23.01.2020;Donnerstag;3;0;0;0;0;0;0;0;0;0;0;0;0;0;0;0;0;0;0;0;0;0;0;0;0
69;10921;St.Gallen Stadt Dufour/Winkelr;24.01.2020;Freitag;1;2;1;0;1;5;11;25;71;64;42;63;71;43;65;59;87;105;128;55;41;30;26;13;10
70;10921;St.Gallen Stadt Dufour/Winkelr;24.01.2020;Freitag;2;0;0;0;0;0;0;0;0;0;0;0;0;0;0;0;0;0;0;0;0;0;0;0;0
71;10921;St.Gallen Stadt Dufour/Winkelr;24.01.2020;Freitag;3;0;0;0;0;0;0;0;0;0;0;0;0;0;0;0;0;0;0;0;0;0;0;0;0
72;10921;St.Gallen Stadt Dufour/Winkelr;25.01.2020;Samstag;1;12;5;5;2;3;3;4;8;25;39;35;51;31;43;60;50;53;48;35;21;19;22;17;10
73;10921;St.Gallen Stadt Dufour/Winkelr;25.01.2020;Samstag;2;0;0;0;0;0;0;0;0;0;0;0;0;0;0;0;0;0;0;0;0;0;0;0;0
74;10921;St.Gallen Stadt Dufour/Winkelr;25.01.2020;Samstag;3;0;0;0;0;0;0;0;0;0;0;0;0;0;0;0;0;0;0;0;0;0;0;0;0
75;10921;St.Gallen Stadt Dufour/Winkelr;26.01.2020;Sonntag;1;3;1;2;3;3;1;3;4;6;20;23;31;41;33;46;44;32;32;34;23;29;17;6;5
76;10921;St.Gallen Stadt Dufour/Winkelr;26.01.2020;Sonntag;2;0;0;0;0;0;0;0;0;0;0;0;0;0;0;0;0;0;0;0;0;0;0;0;0
77;10921;St.Gallen Stadt Dufour/Winkelr;26.01.2020;Sonntag;3;0;0;0;0;0;0;0;0;0;0;0;0;0;0;0;0;0;0;0;0;0;0;0;0
78;10921;St.Gallen Stadt Dufour/Winkelr;27.01.2020;Montag;1;2;0;0;0;3;9;26;51;65;42;45;52;54;57;57;47;73;106;58;35;19;14;11;8
79;10921;St.Gallen Stadt Dufour/Winkelr;27.01.2020;Montag;2;0;0;0;0;0;0;0;0;0;0;0;0;0;0;0;0;0;0;0;0;0;0;0;0
80;10921;St.Gallen Stadt Dufour/Winkelr;27.01.2020;Montag;3;0;0;0;0;0;0;0;0;0;0;0;0;0;0;0;0;0;0;0;0;0;0;0;0
81;10921;St.Gallen Stadt Dufour/Winkelr;28.01.2020;Dienstag;1;1;2;2;1;2;10;23;67;60;44;52;51;59;65;48;40;78;86;55;23;14;19;10;13
82;10921;St.Gallen Stadt Dufour/Winkelr;28.01.2020;Dienstag;2;0;0;0;0;0;0;0;0;0;0;0;0;0;0;0;0;0;0;0;0;0;0;0;0
83;10921;St.Gallen Stadt Dufour/Winkelr;28.01.2020;Dienstag;3;0;0;0;0;0;0;0;0;0;0;0;0;0;0;0;0;0;0;0;0;0;0;0;0
84;10921;St.Gallen Stadt Dufour/Winkelr;29.01.2020;Mittwoch;1;0;1;3;2;4;15;27;53;47;48;44;67;48;42;54;60;88;93;57;26;30;18;10;3
85;10921;St.Gallen Stadt Dufour/Winkelr;29.01.2020;Mittwoch;2;0;0;0;0;0;0;0;0;0;0;0;0;0;0;0;0;0;0;0;0;0;0;0;0
86;10921;St.Gallen Stadt Dufour/Winkelr;29.01.2020;Mittwoch;3;0;0;0;0;0;0;0;0;0;0;0;0;0;0;0;0;0;0;0;0;0;0;0;0
87;10921;St.Gallen Stadt Dufour/Winkelr;30.01.2020;Donnerstag;1;2;1;2;0;4;8;17;52;61;45;44;57;58;59;59;51;77;97;58;41;27;32;12;10
88;10921;St.Gallen Stadt Dufour/Winkelr;30.01.2020;Donnerstag;2;0;0;0;0;0;0;0;0;0;0;0;0;0;0;0;0;0;0;0;0;0;0;0;0
89;10921;St.Gallen Stadt Dufour/Winkelr;30.01.2020;Donnerstag;3;0;0;0;0;0;0;0;0;0;0;0;0;0;0;0;0;0;0;0;0;0;0;0;0
90;10921;St.Gallen Stadt Dufour/Winkelr;31.01.2020;Freitag;1;2;3;0;0;3;8;21;52;48;28;47;77;41;50;70;72;84;93;51;34;26;18;9;14
91;10921;St.Gallen Stadt Dufour/Winkelr;31.01.2020;Freitag;2;0;0;0;0;0;0;0;0;0;0;0;0;0;0;0;0;0;0;0;0;0;0;0;0
92;10921;St.Gallen Stadt Dufour/Winkelr;31.01.2020;Freitag;3;0;0;0;0;0;0;0;0;0;0;0;0;0;0;0;0;0;0;0;0;0;0;0;0
93;10921;St.Gallen Stadt Dufour/Winkelr;01.02.2020;Samstag;1;10;5;4;2;1;4;4;13;22;44;40;49;45;62;63;42;42;43;44;21;23;14;17;13
94;10921;St.Gallen Stadt Dufour/Winkelr;01.02.2020;Samstag;2;0;0;0;0;0;0;0;0;0;0;0;0;0;0;0;0;0;0;0;0;0;0;0;0
95;10921;St.Gallen Stadt Dufour/Winkelr;01.02.2020;Samstag;3;0;0;0;0;0;0;0;0;0;0;0;0;0;0;0;0;0;0;0;0;0;0;0;0
96;10921;St.Gallen Stadt Dufour/Winkelr;02.02.2020;Sonntag;1;6;6;2;3;1;0;6;3;10;17;22;30;44;36;38;38;44;46;41;28;15;21;8;2
97;10921;St.Gallen Stadt Dufour/Winkelr;02.02.2020;Sonntag;2;0;0;0;0;0;0;0;0;0;0;0;0;0;0;0;0;0;0;0;0;0;0;0;0
98;10921;St.Gallen Stadt Dufour/Winkelr;02.02.2020;Sonntag;3;0;0;0;0;0;0;0;0;0;0;0;0;0;0;0;0;0;0;0;0;0;0;0;0
99;10921;St.Gallen Stadt Dufour/Winkelr;03.02.2020;Montag;1;3;1;0;0;3;11;29;81;87;50;55;70;51;70;66;72;94;97;67;41;19;20;11;7
100;10921;St.Gallen Stadt Dufour/Winkelr;03.02.2020;Montag;2;0;0;0;0;0;0;0;0;0;0;0;0;0;0;0;0;0;0;0;0;0;0;0;0
101;10921;St.Gallen Stadt Dufour/Winkelr;03.02.2020;Montag;3;0;0;0;0;0;0;0;0;0;0;0;0;0;0;0;0;0;0;0;0;0;0;0;0
102;10921;St.Gallen Stadt Dufour/Winkelr;04.02.2020;Dienstag;1;3;1;1;0;1;10;34;80;70;40;49;55;53;75;61;59;96;188;114;42;19;26;14;12
103;10921;St.Gallen Stadt Dufour/Winkelr;04.02.2020;Dienstag;2;0;0;0;0;0;0;0;0;0;0;0;0;0;0;0;0;0;0;0;0;0;0;0;0
104;10921;St.Gallen Stadt Dufour/Winkelr;04.02.2020;Dienstag;3;0;0;0;0;0;0;0;0;0;0;0;0;0;0;0;0;0;0;0;0;0;0;0;0
105;10921;St.Gallen Stadt Dufour/Winkelr;05.02.2020;Mittwoch;1;2;1;0;4;2;12;27;77;74;62;48;72;61;62;65;64;77;130;75;34;32;24;8;6
106;10921;St.Gallen Stadt Dufour/Winkelr;05.02.2020;Mittwoch;2;0;0;0;0;0;0;0;0;0;0;0;0;0;0;0;0;0;0;0;0;0;0;0;0
107;10921;St.Gallen Stadt Dufour/Winkelr;05.02.2020;Mittwoch;3;0;0;0;0;0;0;0;0;0;0;0;0;0;0;0;0;0;0;0;0;0;0;0;0
108;10921;St.Gallen Stadt Dufour/Winkelr;06.02.2020;Donnerstag;1;5;0;1;1;3;8;25;96;79;56;60;78;115;67;56;65;92;152;87;39;25;29;9;11
109;10921;St.Gallen Stadt Dufour/Winkelr;06.02.2020;Donnerstag;2;0;0;0;0;0;0;0;0;0;0;0;0;0;0;0;0;0;0;0;0;0;0;0;0
110;10921;St.Gallen Stadt Dufour/Winkelr;06.02.2020;Donnerstag;3;0;0;0;0;0;0;0;0;0;0;0;0;0;0;0;0;0;0;0;0;0;0;0;0
111;10921;St.Gallen Stadt Dufour/Winkelr;07.02.2020;Freitag;1;3;3;1;1;5;11;27;80;64;53;62;63;50;69;73;79;118;132;68;45;14;22;18;15
112;10921;St.Gallen Stadt Dufour/Winkelr;07.02.2020;Freitag;2;0;0;0;0;0;0;0;0;0;0;0;0;0;0;0;0;0;0;0;0;0;0;0;0
113;10921;St.Gallen Stadt Dufour/Winkelr;07.02.2020;Freitag;3;0;0;0;0;0;0;0;0;0;0;0;0;0;0;0;0;0;0;0;0;0;0;0;0
114;10921;St.Gallen Stadt Dufour/Winkelr;08.02.2020;Samstag;1;5;7;2;7;1;3;4;10;19;47;42;60;47;50;53;43;58;62;35;21;23;8;15;9
115;10921;St.Gallen Stadt Dufour/Winkelr;08.02.2020;Samstag;2;0;0;0;0;0;0;0;0;0;0;0;0;0;0;0;0;0;0;0;0;0;0;0;0
116;10921;St.Gallen Stadt Dufour/Winkelr;08.02.2020;Samstag;3;0;0;0;0;0;0;0;0;0;0;0;0;0;0;0;0;0;0;0;0;0;0;0;0
117;10921;St.Gallen Stadt Dufour/Winkelr;09.02.2020;Sonntag;1;9;6;2;3;1;4;5;5;8;17;17;26;33;31;36;34;51;40;36;31;26;30;11;3
118;10921;St.Gallen Stadt Dufour/Winkelr;09.02.2020;Sonntag;2;0;0;0;0;0;0;0;0;0;0;0;0;0;0;0;0;0;0;0;0;0;0;0;0
119;10921;St.Gallen Stadt Dufour/Winkelr;09.02.2020;Sonntag;3;0;0;0;0;0;0;0;0;0;0;0;0;0;0;0;0;0;0;0;0;0;0;0;0
120;10921;St.Gallen Stadt Dufour/Winkelr;10.02.2020;Montag;1;1;2;0;1;2;11;33;136;85;38;63;64;51;76;73;60;96;168;107;35;27;17;17;5
121;10921;St.Gallen Stadt Dufour/Winkelr;10.02.2020;Montag;2;0;0;0;0;0;0;0;0;0;0;0;0;0;0;0;0;0;0;0;0;0;0;0;0
122;10921;St.Gallen Stadt Dufour/Winkelr;10.02.2020;Montag;3;0;0;0;0;0;0;0;0;0;0;0;0;0;0;0;0;0;0;0;0;0;0;0;0
123;10921;St.Gallen Stadt Dufour/Winkelr;11.02.2020;Dienstag;1;1;0;0;0;1;8;27;96;85;60;58;79;63;62;53;73;116;164;74;36;21;23;19;7
124;10921;St.Gallen Stadt Dufour/Winkelr;11.02.2020;Dienstag;2;0;0;0;0;0;0;0;0;0;0;0;0;0;0;0;0;0;0;0;0;0;0;0;0
125;10921;St.Gallen Stadt Dufour/Winkelr;11.02.2020;Dienstag;3;0;0;0;0;0;0;0;0;0;0;0;0;0;0;0;0;0;0;0;0;0;0;0;0
126;10921;St.Gallen Stadt Dufour/Winkelr;12.02.2020;Mittwoch;1;2;2;2;1;1;11;37;75;81;53;57;68;68;58;92;70;101;122;71;40;22;28;12;7
127;10921;St.Gallen Stadt Dufour/Winkelr;12.02.2020;Mittwoch;2;0;0;0;0;0;0;0;0;0;0;0;0;0;0;0;0;0;0;0;0;0;0;0;0
128;10921;St.Gallen Stadt Dufour/Winkelr;12.02.2020;Mittwoch;3;0;0;0;0;0;0;0;0;0;0;0;0;0;0;0;0;0;0;0;0;0;0;0;0
129;10921;St.Gallen Stadt Dufour/Winkelr;13.02.2020;Donnerstag;1;3;0;2;0;2;8;18;78;77;42;69;80;58;73;79;74;92;144;73;40;24;28;13;8
130;10921;St.Gallen Stadt Dufour/Winkelr;13.02.2020;Donnerstag;2;0;0;0;0;0;0;0;0;0;0;0;0;0;0;0;0;0;0;0;0;0;0;0;0
131;10921;St.Gallen Stadt Dufour/Winkelr;13.02.2020;Donnerstag;3;0;0;0;0;0;0;0;0;0;0;0;0;0;0;0;0;0;0;0;0;0;0;0;0
132;10921;St.Gallen Stadt Dufour/Winkelr;14.02.2020;Freitag;1;5;1;2;1;3;11;30;81;66;63;68;71;52;55;71;78;101;127;68;47;24;20;13;7
133;10921;St.Gallen Stadt Dufour/Winkelr;14.02.2020;Freitag;2;0;0;0;0;0;0;0;0;0;0;0;0;0;0;0;0;0;0;0;0;0;0;0;0
134;10921;St.Gallen Stadt Dufour/Winkelr;14.02.2020;Freitag;3;0;0;0;0;0;0;0;0;0;0;0;0;0;0;0;0;0;0;0;0;0;0;0;0
135;10921;St.Gallen Stadt Dufour/Winkelr;15.02.2020;Samstag;1;8;2;1;1;5;3;7;12;25;55;54;56;52;29;55;44;55;35;38;11;28;14;11;10
136;10921;St.Gallen Stadt Dufour/Winkelr;15.02.2020;Samstag;2;0;0;0;0;0;0;0;0;0;0;0;0;0;0;0;0;0;0;0;0;0;0;0;0
137;10921;St.Gallen Stadt Dufour/Winkelr;15.02.2020;Samstag;3;0;0;0;0;0;0;0;0;0;0;0;0;0;0;0;0;0;0;0;0;0;0;0;0
138;10921;St.Gallen Stadt Dufour/Winkelr;16.02.2020;Sonntag;1;9;3;2;4;0;1;5;10;10;14;28;28;32;23;39;48;53;39;25;22;18;10;13;8
139;10921;St.Gallen Stadt Dufour/Winkelr;16.02.2020;Sonntag;2;0;0;0;0;0;0;0;0;0;0;0;0;0;0;0;0;0;0;0;0;0;0;0;0
140;10921;St.Gallen Stadt Dufour/Winkelr;16.02.2020;Sonntag;3;0;0;0;0;0;0;0;0;0;0;0;0;0;0;0;0;0;0;0;0;0;0;0;0
141;10921;St.Gallen Stadt Dufour/Winkelr;17.02.2020;Montag;1;0;0;0;0;1;8;25;80;90;52;55;85;56;63;67;71;99;148;74;47;22;17;6;7
142;10921;St.Gallen Stadt Dufour/Winkelr;17.02.2020;Montag;2;0;0;0;0;0;0;0;0;0;0;0;0;0;0;0;0;0;0;0;0;0;0;0;0
143;10921;St.Gallen Stadt Dufour/Winkelr;17.02.2020;Montag;3;0;0;0;0;0;0;0;0;0;0;0;0;0;0;0;0;0;0;0;0;0;0;0;0
144;10921;St.Gallen Stadt Dufour/Winkelr;18.02.2020;Dienstag;1;0;2;1;0;2;8;26;93;88;56;51;73;57;77;81;86;91;153;110;63;33;25;16;11
145;10921;St.Gallen Stadt Dufour/Winkelr;18.02.2020;Dienstag;2;0;0;0;0;0;0;0;0;0;0;0;0;0;0;0;0;0;0;0;0;0;0;0;0
146;10921;St.Gallen Stadt Dufour/Winkelr;18.02.2020;Dienstag;3;0;0;0;0;0;0;0;0;0;0;0;0;0;0;0;0;0;0;0;0;0;0;0;0
147;10921;St.Gallen Stadt Dufour/Winkelr;19.02.2020;Mittwoch;1;1;1;0;1;2;6;35;77;69;47;52;57;65;68;57;80;73;129;94;57;30;22;14;16
148;10921;St.Gallen Stadt Dufour/Winkelr;19.02.2020;Mittwoch;2;0;0;0;0;0;0;0;0;0;0;0;0;0;0;0;0;0;0;0;0;0;0;0;0
149;10921;St.Gallen Stadt Dufour/Winkelr;19.02.2020;Mittwoch;3;0;0;0;0;0;0;0;0;0;0;0;0;0;0;0;0;0;0;0;0;0;0;0;0
150;10921;St.Gallen Stadt Dufour/Winkelr;20.02.2020;Donnerstag;1;1;3;0;1;3;6;30;87;98;119;75;88;67;80;80;53;100;179;103;37;30;14;16;10
151;10921;St.Gallen Stadt Dufour/Winkelr;20.02.2020;Donnerstag;2;0;0;0;0;0;0;0;0;0;0;0;0;0;0;0;0;0;0;0;0;0;0;0;0
152;10921;St.Gallen Stadt Dufour/Winkelr;20.02.2020;Donnerstag;3;0;0;0;0;0;0;0;0;0;0;0;0;0;0;0;0;0;0;0;0;0;0;0;0
153;10921;St.Gallen Stadt Dufour/Winkelr;21.02.2020;Freitag;1;1;3;2;0;3;4;21;62;66;53;74;77;50;66;92;68;172;294;172;43;19;14;10;14
154;10921;St.Gallen Stadt Dufour/Winkelr;21.02.2020;Freitag;2;0;0;0;0;0;0;0;0;0;0;0;0;0;0;0;0;0;0;0;0;0;0;0;0
155;10921;St.Gallen Stadt Dufour/Winkelr;21.02.2020;Freitag;3;0;0;0;0;0;0;0;0;0;0;0;0;0;0;0;0;0;0;0;0;0;0;0;0
156;10921;St.Gallen Stadt Dufour/Winkelr;22.02.2020;Samstag;1;10;2;4;2;0;2;10;12;25;34;45;60;44;43;50;47;51;59;22;17;7;15;10;4
157;10921;St.Gallen Stadt Dufour/Winkelr;22.02.2020;Samstag;2;0;0;0;0;0;0;0;0;0;0;0;0;0;0;0;0;0;0;0;0;0;0;0;0
158;10921;St.Gallen Stadt Dufour/Winkelr;22.02.2020;Samstag;3;0;0;0;0;0;0;0;0;0;0;0;0;0;0;0;0;0;0;0;0;0;0;0;0
159;10921;St.Gallen Stadt Dufour/Winkelr;23.02.2020;Sonntag;1;16;4;2;4;3;3;3;4;7;15;29;33;29;38;53;49;49;61;55;32;25;16;14;5
160;10921;St.Gallen Stadt Dufour/Winkelr;23.02.2020;Sonntag;2;0;0;0;0;0;0;0;0;0;0;0;0;0;0;0;0;0;0;0;0;0;0;0;0
161;10921;St.Gallen Stadt Dufour/Winkelr;23.02.2020;Sonntag;3;0;0;0;0;0;0;0;0;0;0;0;0;0;0;0;0;0;0;0;0;0;0;0;0
162;10921;St.Gallen Stadt Dufour/Winkelr;24.02.2020;Montag;1;2;1;0;0;1;4;33;93;81;70;65;67;58;78;71;74;110;168;111;53;28;21;19;12
163;10921;St.Gallen Stadt Dufour/Winkelr;24.02.2020;Montag;2;0;0;0;0;0;0;0;0;0;0;0;0;0;0;0;0;0;0;0;0;0;0;0;0
164;10921;St.Gallen Stadt Dufour/Winkelr;24.02.2020;Montag;3;0;0;0;0;0;0;0;0;0;0;0;0;0;0;0;0;0;0;0;0;0;0;0;0
165;10921;St.Gallen Stadt Dufour/Winkelr;25.02.2020;Dienstag;1;3;3;0;0;1;10;25;80;81;64;63;70;72;78;78;72;126;165;115;43;28;24;22;12
166;10921;St.Gallen Stadt Dufour/Winkelr;25.02.2020;Dienstag;2;0;0;0;0;0;0;0;0;0;0;0;0;0;0;0;0;0;0;0;0;0;0;0;0
167;10921;St.Gallen Stadt Dufour/Winkelr;25.02.2020;Dienstag;3;0;0;0;0;0;0;0;0;0;0;0;0;0;0;0;0;0;0;0;0;0;0;0;0
168;10921;St.Gallen Stadt Dufour/Winkelr;26.02.2020;Mittwoch;1;8;1;1;0;1;20;37;88;89;48;63;78;77;72;72;83;86;166;153;56;29;21;9;10
169;10921;St.Gallen Stadt Dufour/Winkelr;26.02.2020;Mittwoch;2;0;0;0;0;0;0;0;0;0;0;0;0;0;0;0;0;0;0;0;0;0;0;0;0
170;10921;St.Gallen Stadt Dufour/Winkelr;26.02.2020;Mittwoch;3;0;0;0;0;0;0;0;0;0;0;0;0;0;0;0;0;0;0;0;0;0;0;0;0
171;10921;St.Gallen Stadt Dufour/Winkelr;27.02.2020;Donnerstag;1;3;3;0;3;0;22;30;82;81;50;63;64;66;83;66;78;106;167;104;40;30;29;11;13
172;10921;St.Gallen Stadt Dufour/Winkelr;27.02.2020;Donnerstag;2;0;0;0;0;0;0;0;0;0;0;0;0;0;0;0;0;0;0;0;0;0;0;0;0
173;10921;St.Gallen Stadt Dufour/Winkelr;27.02.2020;Donnerstag;3;0;0;0;0;0;0;0;0;0;0;0;0;0;0;0;0;0;0;0;0;0;0;0;0
174;10921;St.Gallen Stadt Dufour/Winkelr;28.02.2020;Freitag;1;7;3;1;1;2;17;30;80;81;62;90;84;62;55;66;85;118;136;95;44;25;20;18;21
175;10921;St.Gallen Stadt Dufour/Winkelr;28.02.2020;Freitag;2;0;0;0;0;0;0;0;0;0;0;0;0;0;0;0;0;0;0;0;0;0;0;0;0
176;10921;St.Gallen Stadt Dufour/Winkelr;28.02.2020;Freitag;3;0;0;0;0;0;0;0;0;0;0;0;0;0;0;0;0;0;0;0;0;0;0;0;0
177;10921;St.Gallen Stadt Dufour/Winkelr;29.02.2020;Samstag;1;3;3;3;4;1;4;4;16;21;37;48;63;42;51;58;42;72;41;29;22;23;22;13;16
178;10921;St.Gallen Stadt Dufour/Winkelr;29.02.2020;Samstag;2;0;0;0;0;0;0;0;0;0;0;0;0;0;0;0;0;0;0;0;0;0;0;0;0
179;10921;St.Gallen Stadt Dufour/Winkelr;29.02.2020;Samstag;3;0;0;0;0;0;0;0;0;0;0;0;0;0;0;0;0;0;0;0;0;0;0;0;0
180;10921;St.Gallen Stadt Dufour/Winkelr;01.03.2020;Sonntag;1;7;6;1;5;3;1;2;6;9;23;26;35;34;46;58;64;47;51;48;32;26;18;4;5
181;10921;St.Gallen Stadt Dufour/Winkelr;01.03.2020;Sonntag;2;0;0;0;0;0;0;0;0;0;0;0;0;0;0;0;0;0;0;0;0;0;0;0;0
182;10921;St.Gallen Stadt Dufour/Winkelr;01.03.2020;Sonntag;3;0;0;0;0;0;0;0;0;0;0;0;0;0;0;0;0;0;0;0;0;0;0;0;0
183;10921;St.Gallen Stadt Dufour/Winkelr;02.03.2020;Montag;1;1;0;1;0;2;10;20;87;90;64;52;61;54;63;68;81;95;150;60;44;31;22;7;8
184;10921;St.Gallen Stadt Dufour/Winkelr;02.03.2020;Montag;2;0;0;0;0;0;0;0;0;0;0;0;0;0;0;0;0;0;0;0;0;0;0;0;0
185;10921;St.Gallen Stadt Dufour/Winkelr;02.03.2020;Montag;3;0;0;0;0;0;0;0;0;0;0;0;0;0;0;0;0;0;0;0;0;0;0;0;0
186;10921;St.Gallen Stadt Dufour/Winkelr;03.03.2020;Dienstag;1;2;1;0;1;1;9;30;99;69;61;61;65;62;83;74;77;86;152;78;62;26;15;15;7
187;10921;St.Gallen Stadt Dufour/Winkelr;03.03.2020;Dienstag;2;0;0;0;0;0;0;0;0;0;0;0;0;0;0;0;0;0;0;0;0;0;0;0;0
188;10921;St.Gallen Stadt Dufour/Winkelr;03.03.2020;Dienstag;3;0;0;0;0;0;0;0;0;0;0;0;0;0;0;0;0;0;0;0;0;0;0;0;0
189;10921;St.Gallen Stadt Dufour/Winkelr;04.03.2020;Mittwoch;1;1;4;0;2;3;9;22;95;93;47;64;89;75;74;68;78;96;147;82;37;41;24;6;8
190;10921;St.Gallen Stadt Dufour/Winkelr;04.03.2020;Mittwoch;2;0;0;0;0;0;0;0;0;0;0;0;0;0;0;0;0;0;0;0;0;0;0;0;0
191;10921;St.Gallen Stadt Dufour/Winkelr;04.03.2020;Mittwoch;3;0;0;0;0;0;0;0;0;0;0;0;0;0;0;0;0;0;0;0;0;0;0;0;0
192;10921;St.Gallen Stadt Dufour/Winkelr;05.03.2020;Donnerstag;1;6;5;1;1;1;9;29;96;104;50;54;78;57;56;75;101;115;144;76;52;33;18;12;6
193;10921;St.Gallen Stadt Dufour/Winkelr;05.03.2020;Donnerstag;2;0;0;0;0;0;0;0;0;0;0;0;0;0;0;0;0;0;0;0;0;0;0;0;0
194;10921;St.Gallen Stadt Dufour/Winkelr;05.03.2020;Donnerstag;3;0;0;0;0;0;0;0;0;0;0;0;0;0;0;0;0;0;0;0;0;0;0;0;0
195;10921;St.Gallen Stadt Dufour/Winkelr;06.03.2020;Freitag;1;0;0;0;0;4;9;28;82;70;47;57;77;69;61;69;72;109;100;65;34;21;28;12;14
196;10921;St.Gallen Stadt Dufour/Winkelr;06.03.2020;Freitag;2;0;0;0;0;0;0;0;0;0;0;0;0;0;0;0;0;0;0;0;0;0;0;0;0
197;10921;St.Gallen Stadt Dufour/Winkelr;06.03.2020;Freitag;3;0;0;0;0;0;0;0;0;0;0;0;0;0;0;0;0;0;0;0;0;0;0;0;0
198;10921;St.Gallen Stadt Dufour/Winkelr;07.03.2020;Samstag;1;6;7;1;1;3;4;6;15;29;50;52;55;47;50;37;60;38;39;30;21;17;23;15;11
199;10921;St.Gallen Stadt Dufour/Winkelr;07.03.2020;Samstag;2;0;0;0;0;0;0;0;0;0;0;0;0;0;0;0;0;0;0;0;0;0;0;0;0
200;10921;St.Gallen Stadt Dufour/Winkelr;07.03.2020;Samstag;3;0;0;0;0;0;0;0;0;0;0;0;0;0;0;0;0;0;0;0;0;0;0;0;0
201;10921;St.Gallen Stadt Dufour/Winkelr;08.03.2020;Sonntag;1;3;10;7;3;5;8;2;9;6;11;21;32;28;29;45;42;47;41;34;34;23;17;10;4
202;10921;St.Gallen Stadt Dufour/Winkelr;08.03.2020;Sonntag;2;0;0;0;0;0;0;0;0;0;0;0;0;0;0;0;0;0;0;0;0;0;0;0;0
203;10921;St.Gallen Stadt Dufour/Winkelr;08.03.2020;Sonntag;3;0;0;0;0;0;0;0;0;0;0;0;0;0;0;0;0;0;0;0;0;0;0;0;0
204;10921;St.Gallen Stadt Dufour/Winkelr;09.03.2020;Montag;1;1;1;0;0;2;10;18;93;86;49;43;76;65;68;60;54;90;130;78;40;39;16;12;9
205;10921;St.Gallen Stadt Dufour/Winkelr;09.03.2020;Montag;2;0;0;0;0;0;0;0;0;0;0;0;0;0;0;0;0;0;0;0;0;0;0;0;0
206;10921;St.Gallen Stadt Dufour/Winkelr;09.03.2020;Montag;3;0;0;0;0;0;0;0;0;0;0;0;0;0;0;0;0;0;0;0;0;0;0;0;0
207;10921;St.Gallen Stadt Dufour/Winkelr;10.03.2020;Dienstag;1;4;1;1;0;1;10;30;96;78;56;49;76;54;79;62;79;78;139;97;35;22;21;8;4
208;10921;St.Gallen Stadt Dufour/Winkelr;10.03.2020;Dienstag;2;0;0;0;0;0;0;0;0;0;0;0;0;0;0;0;0;0;0;0;0;0;0;0;0
209;10921;St.Gallen Stadt Dufour/Winkelr;10.03.2020;Dienstag;3;0;0;0;0;0;0;0;0;0;0;0;0;0;0;0;0;0;0;0;0;0;0;0;0
210;10921;St.Gallen Stadt Dufour/Winkelr;11.03.2020;Mittwoch;1;3;1;0;0;1;11;22;74;74;51;58;83;66;63;73;64;96;134;83;38;17;15;11;11
211;10921;St.Gallen Stadt Dufour/Winkelr;11.03.2020;Mittwoch;2;0;0;0;0;0;0;0;0;0;0;0;0;0;0;0;0;0;0;0;0;0;0;0;0
212;10921;St.Gallen Stadt Dufour/Winkelr;11.03.2020;Mittwoch;3;0;0;0;0;0;0;0;0;0;0;0;0;0;0;0;0;0;0;0;0;0;0;0;0
213;10921;St.Gallen Stadt Dufour/Winkelr;12.03.2020;Donnerstag;1;0;2;1;2;3;9;27;88;74;51;60;75;61;78;79;72;79;142;73;37;31;21;8;10
214;10921;St.Gallen Stadt Dufour/Winkelr;12.03.2020;Donnerstag;2;0;0;0;0;0;0;0;0;0;0;0;0;0;0;0;0;0;0;0;0;0;0;0;0
215;10921;St.Gallen Stadt Dufour/Winkelr;12.03.2020;Donnerstag;3;0;0;0;0;0;0;0;0;0;0;0;0;0;0;0;0;0;0;0;0;0;0;0;0
216;10921;St.Gallen Stadt Dufour/Winkelr;13.03.2020;Freitag;1;3;1;0;0;3;9;25;63;83;58;46;79;55;86;67;80;100;186;73;34;20;17;23;11
217;10921;St.Gallen Stadt Dufour/Winkelr;13.03.2020;Freitag;2;0;0;0;0;0;0;0;0;0;0;0;0;0;0;0;0;0;0;0;0;0;0;0;0
218;10921;St.Gallen Stadt Dufour/Winkelr;13.03.2020;Freitag;3;0;0;0;0;0;0;0;0;0;0;0;0;0;0;0;0;0;0;0;0;0;0;0;0
219;10921;St.Gallen Stadt Dufour/Winkelr;14.03.2020;Samstag;1;5;0;2;1;5;2;1;6;24;31;49;64;41;39;45;63;41;33;33;17;14;9;7;6
220;10921;St.Gallen Stadt Dufour/Winkelr;14.03.2020;Samstag;2;0;0;0;0;0;0;0;0;0;0;0;0;0;0;0;0;0;0;0;0;0;0;0;0
221;10921;St.Gallen Stadt Dufour/Winkelr;14.03.2020;Samstag;3;0;0;0;0;0;0;0;0;0;0;0;0;0;0;0;0;0;0;0;0;0;0;0;0
222;10921;St.Gallen Stadt Dufour/Winkelr;15.03.2020;Sonntag;1;5;6;1;2;0;1;3;9;3;21;33;28;34;31;29;41;42;31;26;18;12;10;7;8
223;10921;St.Gallen Stadt Dufour/Winkelr;15.03.2020;Sonntag;2;0;0;0;0;0;0;0;0;0;0;0;0;0;0;0;0;0;0;0;0;0;0;0;0
224;10921;St.Gallen Stadt Dufour/Winkelr;15.03.2020;Sonntag;3;0;0;0;0;0;0;0;0;0;0;0;0;0;0;0;0;0;0;0;0;0;0;0;0
225;10921;St.Gallen Stadt Dufour/Winkelr;16.03.2020;Montag;1;1;0;2;0;1;9;24;61;69;52;40;62;62;78;66;64;76;101;59;37;18;9;9;8
226;10921;St.Gallen Stadt Dufour/Winkelr;16.03.2020;Montag;2;0;0;0;0;0;0;0;0;0;0;0;0;0;0;0;0;0;0;0;0;0;0;0;0
227;10921;St.Gallen Stadt Dufour/Winkelr;16.03.2020;Montag;3;0;0;0;0;0;0;0;0;0;0;0;0;0;0;0;0;0;0;0;0;0;0;0;0
228;10921;St.Gallen Stadt Dufour/Winkelr;17.03.2020;Dienstag;1;2;1;0;0;1;11;23;58;51;38;49;66;74;66;62;66;57;71;54;31;19;11;7;2
229;10921;St.Gallen Stadt Dufour/Winkelr;17.03.2020;Dienstag;2;0;0;0;0;0;0;0;0;0;0;0;0;0;0;0;0;0;0;0;0;0;0;0;0
230;10921;St.Gallen Stadt Dufour/Winkelr;17.03.2020;Dienstag;3;0;0;0;0;0;0;0;0;0;0;0;0;0;0;0;0;0;0;0;0;0;0;0;0
231;10921;St.Gallen Stadt Dufour/Winkelr;18.03.2020;Mittwoch;1;1;3;0;0;2;11;24;63;53;47;51;58;51;54;68;57;73;81;39;17;10;5;3;2
232;10921;St.Gallen Stadt Dufour/Winkelr;18.03.2020;Mittwoch;2;0;0;0;0;0;0;0;0;0;0;0;0;0;0;0;0;0;0;0;0;0;0;0;0
233;10921;St.Gallen Stadt Dufour/Winkelr;18.03.2020;Mittwoch;3;0;0;0;0;0;0;0;0;0;0;0;0;0;0;0;0;0;0;0;0;0;0;0;0
234;10921;St.Gallen Stadt Dufour/Winkelr;19.03.2020;Donnerstag;1;1;2;1;2;1;10;21;58;41;53;67;75;51;67;59;51;61;65;38;21;20;6;8;3
235;10921;St.Gallen Stadt Dufour/Winkelr;19.03.2020;Donnerstag;2;0;0;0;0;0;0;0;0;0;0;0;0;0;0;0;0;0;0;0;0;0;0;0;0
236;10921;St.Gallen Stadt Dufour/Winkelr;19.03.2020;Donnerstag;3;0;0;0;0;0;0;0;0;0;0;0;0;0;0;0;0;0;0;0;0;0;0;0;0
237;10921;St.Gallen Stadt Dufour/Winkelr;20.03.2020;Freitag;1;3;0;2;0;3;10;22;41;54;50;51;52;52;71;54;60;79;52;42;27;11;11;8;5
238;10921;St.Gallen Stadt Dufour/Winkelr;20.03.2020;Freitag;2;0;0;0;0;0;0;0;0;0;0;0;0;0;0;0;0;0;0;0;0;0;0;0;0
239;10921;St.Gallen Stadt Dufour/Winkelr;20.03.2020;Freitag;3;0;0;0;0;0;0;0;0;0;0;0;0;0;0;0;0;0;0;0;0;0;0;0;0
240;10921;St.Gallen Stadt Dufour/Winkelr;21.03.2020;Samstag;1;3;0;1;1;2;2;4;11;25;25;24;34;33;22;39;36;23;35;21;16;12;8;10;6
241;10921;St.Gallen Stadt Dufour/Winkelr;21.03.2020;Samstag;2;0;0;0;0;0;0;0;0;0;0;0;0;0;0;0;0;0;0;0;0;0;0;0;0
242;10921;St.Gallen Stadt Dufour/Winkelr;21.03.2020;Samstag;3;0;0;0;0;0;0;0;0;0;0;0;0;0;0;0;0;0;0;0;0;0;0;0;0
243;10921;St.Gallen Stadt Dufour/Winkelr;22.03.2020;Sonntag;1;3;5;0;3;1;1;3;7;5;14;14;15;19;37;15;25;35;37;22;26;10;11;7;2
244;10921;St.Gallen Stadt Dufour/Winkelr;22.03.2020;Sonntag;2;0;0;0;0;0;0;0;0;0;0;0;0;0;0;0;0;0;0;0;0;0;0;0;0
245;10921;St.Gallen Stadt Dufour/Winkelr;22.03.2020;Sonntag;3;0;0;0;0;0;0;0;0;0;0;0;0;0;0;0;0;0;0;0;0;0;0;0;0
246;10921;St.Gallen Stadt Dufour/Winkelr;23.03.2020;Montag;1;4;1;0;1;1;9;20;57;47;29;47;53;51;51;60;63;61;74;48;17;16;9;4;2
247;10921;St.Gallen Stadt Dufour/Winkelr;23.03.2020;Montag;2;0;0;0;0;0;0;0;0;0;0;0;0;0;0;0;0;0;0;0;0;0;0;0;0
248;10921;St.Gallen Stadt Dufour/Winkelr;23.03.2020;Montag;3;0;0;0;0;0;0;0;0;0;0;0;0;0;0;0;0;0;0;0;0;0;0;0;0
249;10921;St.Gallen Stadt Dufour/Winkelr;24.03.2020;Dienstag;1;1;2;3;0;2;10;27;58;49;27;59;53;65;54;58;36;59;84;41;19;16;10;7;3
250;10921;St.Gallen Stadt Dufour/Winkelr;24.03.2020;Dienstag;2;0;0;0;0;0;0;0;0;0;0;0;0;0;0;0;0;0;0;0;0;0;0;0;0
251;10921;St.Gallen Stadt Dufour/Winkelr;24.03.2020;Dienstag;3;0;0;0;0;0;0;0;0;0;0;0;0;0;0;0;0;0;0;0;0;0;0;0;0
252;10921;St.Gallen Stadt Dufour/Winkelr;25.03.2020;Mittwoch;1;1;0;0;1;0;12;22;51;45;38;60;64;52;54;56;49;52;77;24;26;19;10;6;4
253;10921;St.Gallen Stadt Dufour/Winkelr;25.03.2020;Mittwoch;2;0;0;0;0;0;0;0;0;0;0;0;0;0;0;0;0;0;0;0;0;0;0;0;0
254;10921;St.Gallen Stadt Dufour/Winkelr;25.03.2020;Mittwoch;3;0;0;0;0;0;0;0;0;0;0;0;0;0;0;0;0;0;0;0;0;0;0;0;0
255;10921;St.Gallen Stadt Dufour/Winkelr;26.03.2020;Donnerstag;1;1;1;0;1;2;11;22;57;40;48;40;65;57;61;59;66;64;73;39;27;15;12;3;3
256;10921;St.Gallen Stadt Dufour/Winkelr;26.03.2020;Donnerstag;2;0;0;0;0;0;0;0;0;0;0;0;0;0;0;0;0;0;0;0;0;0;0;0;0
257;10921;St.Gallen Stadt Dufour/Winkelr;26.03.2020;Donnerstag;3;0;0;0;0;0;0;0;0;0;0;0;0;0;0;0;0;0;0;0;0;0;0;0;0
258;10921;St.Gallen Stadt Dufour/Winkelr;27.03.2020;Freitag;1;3;1;1;0;3;9;17;50;59;41;65;63;60;57;60;68;69;52;47;42;27;13;10;10
259;10921;St.Gallen Stadt Dufour/Winkelr;27.03.2020;Freitag;2;0;0;0;0;0;0;0;0;0;0;0;0;0;0;0;0;0;0;0;0;0;0;0;0
260;10921;St.Gallen Stadt Dufour/Winkelr;27.03.2020;Freitag;3;0;0;0;0;0;0;0;0;0;0;0;0;0;0;0;0;0;0;0;0;0;0;0;0
261;10921;St.Gallen Stadt Dufour/Winkelr;28.03.2020;Samstag;1;3;2;1;1;3;4;2;11;31;48;48;39;44;41;47;45;45;37;31;10;11;11;6;5
262;10921;St.Gallen Stadt Dufour/Winkelr;28.03.2020;Samstag;2;0;0;0;0;0;0;0;0;0;0;0;0;0;0;0;0;0;0;0;0;0;0;0;0
263;10921;St.Gallen Stadt Dufour/Winkelr;28.03.2020;Samstag;3;0;0;0;0;0;0;0;0;0;0;0;0;0;0;0;0;0;0;0;0;0;0;0;0
264;10921;St.Gallen Stadt Dufour/Winkelr;29.03.2020;Sonntag;1;2;0;0;3;1;1;3;1;6;4;16;24;25;23;24;33;18;26;22;17;12;14;4;3
265;10921;St.Gallen Stadt Dufour/Winkelr;29.03.2020;Sonntag;2;0;0;0;0;0;0;0;0;0;0;0;0;0;0;0;0;0;0;0;0;0;0;0;0
266;10921;St.Gallen Stadt Dufour/Winkelr;29.03.2020;Sonntag;3;0;0;0;0;0;0;0;0;0;0;0;0;0;0;0;0;0;0;0;0;0;0;0;0
267;10921;St.Gallen Stadt Dufour/Winkelr;30.03.2020;Montag;1;0;3;1;2;5;13;34;38;41;26;52;52;39;43;46;43;51;69;31;22;11;12;6;4
268;10921;St.Gallen Stadt Dufour/Winkelr;30.03.2020;Montag;2;0;0;0;0;0;0;0;0;0;0;0;0;0;0;0;0;0;0;0;0;0;0;0;0
269;10921;St.Gallen Stadt Dufour/Winkelr;30.03.2020;Montag;3;0;0;0;0;0;0;0;0;0;0;0;0;0;0;0;0;0;0;0;0;0;0;0;0
270;10921;St.Gallen Stadt Dufour/Winkelr;31.03.2020;Dienstag;1;2;0;3;2;0;11;20;47;46;35;41;51;49;62;53;63;52;72;33;19;13;11;7;2
271;10921;St.Gallen Stadt Dufour/Winkelr;31.03.2020;Dienstag;2;0;0;0;0;0;0;0;0;0;0;0;0;0;0;0;0;0;0;0;0;0;0;0;0
272;10921;St.Gallen Stadt Dufour/Winkelr;31.03.2020;Dienstag;3;0;0;0;0;0;0;0;0;0;0;0;0;0;0;0;0;0;0;0;0;0;0;0;0
273;10921;St.Gallen Stadt Dufour/Winkelr;01.04.2020;Mittwoch;1;1;4;1;0;0;6;17;31;50;26;61;67;61;69;56;55;64;81;28;24;13;15;7;6
274;10921;St.Gallen Stadt Dufour/Winkelr;01.04.2020;Mittwoch;2;0;0;0;0;0;0;0;0;0;0;0;0;0;0;0;0;0;0;0;0;0;0;0;0
275;10921;St.Gallen Stadt Dufour/Winkelr;01.04.2020;Mittwoch;3;0;0;0;0;0;0;0;0;0;0;0;0;0;0;0;0;0;0;0;0;0;0;0;0
276;10921;St.Gallen Stadt Dufour/Winkelr;02.04.2020;Donnerstag;1;1;4;1;0;1;7;19;54;36;34;40;54;46;63;55;60;58;96;36;26;21;11;5;7
277;10921;St.Gallen Stadt Dufour/Winkelr;02.04.2020;Donnerstag;2;0;0;0;0;0;0;0;0;0;0;0;0;0;0;0;0;0;0;0;0;0;0;0;0
278;10921;St.Gallen Stadt Dufour/Winkelr;02.04.2020;Donnerstag;3;0;0;0;0;0;0;0;0;0;0;0;0;0;0;0;0;0;0;0;0;0;0;0;0
279;10921;St.Gallen Stadt Dufour/Winkelr;03.04.2020;Freitag;1;0;1;0;1;3;6;25;46;44;40;55;74;59;62;61;41;74;72;49;24;20;16;11;4
280;10921;St.Gallen Stadt Dufour/Winkelr;03.04.2020;Freitag;2;0;0;0;0;0;0;0;0;0;0;0;0;0;0;0;0;0;0;0;0;0;0;0;0
281;10921;St.Gallen Stadt Dufour/Winkelr;03.04.2020;Freitag;3;0;0;0;0;0;0;0;0;0;0;0;0;0;0;0;0;0;0;0;0;0;0;0;0
282;10921;St.Gallen Stadt Dufour/Winkelr;04.04.2020;Samstag;1;1;2;1;0;1;1;5;15;22;31;33;45;38;50;39;42;32;27;32;17;10;17;8;7
283;10921;St.Gallen Stadt Dufour/Winkelr;04.04.2020;Samstag;2;0;0;0;0;0;0;0;0;0;0;0;0;0;0;0;0;0;0;0;0;0;0;0;0
284;10921;St.Gallen Stadt Dufour/Winkelr;04.04.2020;Samstag;3;0;0;0;0;0;0;0;0;0;0;0;0;0;0;0;0;0;0;0;0;0;0;0;0
285;10921;St.Gallen Stadt Dufour/Winkelr;05.04.2020;Sonntag;1;10;2;2;3;5;3;3;6;8;7;20;25;18;35;25;25;22;26;35;17;20;10;4;0
286;10921;St.Gallen Stadt Dufour/Winkelr;05.04.2020;Sonntag;2;0;0;0;0;0;0;0;0;0;0;0;0;0;0;0;0;0;0;0;0;0;0;0;0
287;10921;St.Gallen Stadt Dufour/Winkelr;05.04.2020;Sonntag;3;0;0;0;0;0;0;0;0;0;0;0;0;0;0;0;0;0;0;0;0;0;0;0;0
288;10921;St.Gallen Stadt Dufour/Winkelr;06.04.2020;Montag;1;1;0;0;0;1;3;14;39;41;41;53;52;46;63;57;63;55;57;28;24;13;15;4;3
289;10921;St.Gallen Stadt Dufour/Winkelr;06.04.2020;Montag;2;0;0;0;0;0;0;0;0;0;0;0;0;0;0;0;0;0;0;0;0;0;0;0;0
290;10921;St.Gallen Stadt Dufour/Winkelr;06.04.2020;Montag;3;0;0;0;0;0;0;0;0;0;0;0;0;0;0;0;0;0;0;0;0;0;0;0;0
291;10921;St.Gallen Stadt Dufour/Winkelr;07.04.2020;Dienstag;1;1;1;0;1;2;2;21;58;53;47;56;62;52;56;48;54;63;67;45;24;19;19;5;2
292;10921;St.Gallen Stadt Dufour/Winkelr;07.04.2020;Dienstag;2;0;0;0;0;0;0;0;0;0;0;0;0;0;0;0;0;0;0;0;0;0;0;0;0
293;10921;St.Gallen Stadt Dufour/Winkelr;07.04.2020;Dienstag;3;0;0;0;0;0;0;0;0;0;0;0;0;0;0;0;0;0;0;0;0;0;0;0;0
294;10921;St.Gallen Stadt Dufour/Winkelr;08.04.2020;Mittwoch;1;1;2;1;3;1;4;15;57;55;47;67;75;56;52;56;58;81;73;43;25;18;12;7;3
295;10921;St.Gallen Stadt Dufour/Winkelr;08.04.2020;Mittwoch;2;0;0;0;0;0;0;0;0;0;0;0;0;0;0;0;0;0;0;0;0;0;0;0;0
296;10921;St.Gallen Stadt Dufour/Winkelr;08.04.2020;Mittwoch;3;0;0;0;0;0;0;0;0;0;0;0;0;0;0;0;0;0;0;0;0;0;0;0;0
297;10921;St.Gallen Stadt Dufour/Winkelr;09.04.2020;Donnerstag;1;2;0;0;0;1;4;22;38;60;51;67;78;58;81;67;78;78;56;43;32;15;16;17;6
298;10921;St.Gallen Stadt Dufour/Winkelr;09.04.2020;Donnerstag;2;0;0;0;0;0;0;0;0;0;0;0;0;0;0;0;0;0;0;0;0;0;0;0;0
299;10921;St.Gallen Stadt Dufour/Winkelr;09.04.2020;Donnerstag;3;0;0;0;0;0;0;0;0;0;0;0;0;0;0;0;0;0;0;0;0;0;0;0;0
300;10921;St.Gallen Stadt Dufour/Winkelr;10.04.2020;Freitag;1;4;1;0;0;0;0;1;1;7;16;23;25;33;27;26;46;27;25;29;26;19;5;15;1
301;10921;St.Gallen Stadt Dufour/Winkelr;10.04.2020;Freitag;2;0;0;0;0;0;0;0;0;0;0;0;0;0;0;0;0;0;0;0;0;0;0;0;0
302;10921;St.Gallen Stadt Dufour/Winkelr;10.04.2020;Freitag;3;0;0;0;0;0;0;0;0;0;0;0;0;0;0;0;0;0;0;0;0;0;0;0;0
303;10921;St.Gallen Stadt Dufour/Winkelr;11.04.2020;Samstag;1;3;4;1;0;2;2;5;13;22;30;58;57;48;47;58;44;45;51;39;23;19;12;10;5
304;10921;St.Gallen Stadt Dufour/Winkelr;11.04.2020;Samstag;2;0;0;0;0;0;0;0;0;0;0;0;0;0;0;0;0;0;0;0;0;0;0;0;0
305;10921;St.Gallen Stadt Dufour/Winkelr;11.04.2020;Samstag;3;0;0;0;0;0;0;0;0;0;0;0;0;0;0;0;0;0;0;0;0;0;0;0;0
306;10921;St.Gallen Stadt Dufour/Winkelr;12.04.2020;Sonntag;1;3;2;0;1;1;0;1;7;8;14;21;23;29;30;37;26;32;34;34;14;13;9;7;5
307;10921;St.Gallen Stadt Dufour/Winkelr;12.04.2020;Sonntag;2;0;0;0;0;0;0;0;0;0;0;0;0;0;0;0;0;0;0;0;0;0;0;0;0
308;10921;St.Gallen Stadt Dufour/Winkelr;12.04.2020;Sonntag;3;0;0;0;0;0;0;0;0;0;0;0;0;0;0;0;0;0;0;0;0;0;0;0;0
309;10921;St.Gallen Stadt Dufour/Winkelr;13.04.2020;Montag;1;2;0;0;1;1;0;2;1;5;10;21;25;33;27;24;29;36;33;21;20;9;7;11;5
310;10921;St.Gallen Stadt Dufour/Winkelr;13.04.2020;Montag;2;0;0;0;0;0;0;0;0;0;0;0;0;0;0;0;0;0;0;0;0;0;0;0;0
311;10921;St.Gallen Stadt Dufour/Winkelr;13.04.2020;Montag;3;0;0;0;0;0;0;0;0;0;0;0;0;0;0;0;0;0;0;0;0;0;0;0;0
312;10921;St.Gallen Stadt Dufour/Winkelr;14.04.2020;Dienstag;1;3;0;0;1;2;2;20;50;52;39;56;80;52;55;54;53;60;69;30;33;15;18;7;1
313;10921;St.Gallen Stadt Dufour/Winkelr;14.04.2020;Dienstag;2;0;0;0;0;0;0;0;0;0;0;0;0;0;0;0;0;0;0;0;0;0;0;0;0
314;10921;St.Gallen Stadt Dufour/Winkelr;14.04.2020;Dienstag;3;0;0;0;0;0;0;0;0;0;0;0;0;0;0;0;0;0;0;0;0;0;0;0;0
315;10921;St.Gallen Stadt Dufour/Winkelr;15.04.2020;Mittwoch;1;3;1;0;0;1;3;13;52;47;40;52;58;48;56;63;61;65;78;35;27;19;10;6;4
316;10921;St.Gallen Stadt Dufour/Winkelr;15.04.2020;Mittwoch;2;0;0;0;0;0;0;0;0;0;0;0;0;0;0;0;0;0;0;0;0;0;0;0;0
317;10921;St.Gallen Stadt Dufour/Winkelr;15.04.2020;Mittwoch;3;0;0;0;0;0;0;0;0;0;0;0;0;0;0;0;0;0;0;0;0;0;0;0;0
318;10921;St.Gallen Stadt Dufour/Winkelr;16.04.2020;Donnerstag;1;2;2;1;0;3;6;21;51;40;39;48;62;58;60;54;54;57;103;50;34;18;14;10;7
319;10921;St.Gallen Stadt Dufour/Winkelr;16.04.2020;Donnerstag;2;0;0;0;0;0;0;0;0;0;0;0;0;0;0;0;0;0;0;0;0;0;0;0;0
320;10921;St.Gallen Stadt Dufour/Winkelr;16.04.2020;Donnerstag;3;0;0;0;0;0;0;0;0;0;0;0;0;0;0;0;0;0;0;0;0;0;0;0;0
321;10921;St.Gallen Stadt Dufour/Winkelr;17.04.2020;Freitag;1;3;1;0;0;3;6;18;38;46;37;50;61;75;66;57;56;65;58;50;30;21;17;14;6
322;10921;St.Gallen Stadt Dufour/Winkelr;17.04.2020;Freitag;2;0;0;0;0;0;0;0;0;0;0;0;0;0;0;0;0;0;0;0;0;0;0;0;0
323;10921;St.Gallen Stadt Dufour/Winkelr;17.04.2020;Freitag;3;0;0;0;0;0;0;0;0;0;0;0;0;0;0;0;0;0;0;0;0;0;0;0;0
324;10921;St.Gallen Stadt Dufour/Winkelr;18.04.2020;Samstag;1;3;0;2;0;1;2;3;11;20;31;44;53;51;39;49;41;56;30;35;22;16;13;10;8
325;10921;St.Gallen Stadt Dufour/Winkelr;18.04.2020;Samstag;2;0;0;0;0;0;0;0;0;0;0;0;0;0;0;0;0;0;0;0;0;0;0;0;0
326;10921;St.Gallen Stadt Dufour/Winkelr;18.04.2020;Samstag;3;0;0;0;0;0;0;0;0;0;0;0;0;0;0;0;0;0;0;0;0;0;0;0;0
327;10921;St.Gallen Stadt Dufour/Winkelr;19.04.2020;Sonntag;1;1;6;2;2;0;0;2;2;7;19;23;34;25;24;34;33;40;41;35;23;28;11;6;3
328;10921;St.Gallen Stadt Dufour/Winkelr;19.04.2020;Sonntag;2;0;0;0;0;0;0;0;0;0;0;0;0;0;0;0;0;0;0;0;0;0;0;0;0
329;10921;St.Gallen Stadt Dufour/Winkelr;19.04.2020;Sonntag;3;0;0;0;0;0;0;0;0;0;0;0;0;0;0;0;0;0;0;0;0;0;0;0;0
330;10921;St.Gallen Stadt Dufour/Winkelr;20.04.2020;Montag;1;4;2;0;0;3;3;26;50;56;39;48;70;62;58;55;46;57;76;40;31;14;13;5;4
331;10921;St.Gallen Stadt Dufour/Winkelr;20.04.2020;Montag;2;0;0;0;0;0;0;0;0;0;0;0;0;0;0;0;0;0;0;0;0;0;0;0;0
332;10921;St.Gallen Stadt Dufour/Winkelr;20.04.2020;Montag;3;0;0;0;0;0;0;0;0;0;0;0;0;0;0;0;0;0;0;0;0;0;0;0;0
333;10921;St.Gallen Stadt Dufour/Winkelr;21.04.2020;Dienstag;1;2;2;0;0;1;4;18;58;41;47;58;59;67;61;72;71;54;78;35;25;17;11;5;5
334;10921;St.Gallen Stadt Dufour/Winkelr;21.04.2020;Dienstag;2;0;0;0;0;0;0;0;0;0;0;0;0;0;0;0;0;0;0;0;0;0;0;0;0
335;10921;St.Gallen Stadt Dufour/Winkelr;21.04.2020;Dienstag;3;0;0;0;0;0;0;0;0;0;0;0;0;0;0;0;0;0;0;0;0;0;0;0;0
336;10921;St.Gallen Stadt Dufour/Winkelr;22.04.2020;Mittwoch;1;3;1;0;2;4;3;24;60;48;46;53;58;60;54;49;62;59;93;47;33;23;27;14;10
337;10921;St.Gallen Stadt Dufour/Winkelr;22.04.2020;Mittwoch;2;0;0;0;0;0;0;0;0;0;0;0;0;0;0;0;0;0;0;0;0;0;0;0;0
338;10921;St.Gallen Stadt Dufour/Winkelr;22.04.2020;Mittwoch;3;0;0;0;0;0;0;0;0;0;0;0;0;0;0;0;0;0;0;0;0;0;0;0;0
339;10921;St.Gallen Stadt Dufour/Winkelr;23.04.2020;Donnerstag;1;1;4;3;1;3;3;22;64;55;53;60;66;63;67;57;62;90;80;54;21;31;33;17;7
340;10921;St.Gallen Stadt Dufour/Winkelr;23.04.2020;Donnerstag;2;0;0;0;0;0;0;0;0;0;0;0;0;0;0;0;0;0;0;0;0;0;0;0;0
341;10921;St.Gallen Stadt Dufour/Winkelr;23.04.2020;Donnerstag;3;0;0;0;0;0;0;0;0;0;0;0;0;0;0;0;0;0;0;0;0;0;0;0;0
342;10921;St.Gallen Stadt Dufour/Winkelr;24.04.2020;Freitag;1;0;0;1;1;5;3;23;53;66;58;76;90;55;76;71;62;72;65;49;36;13;19;9;5
343;10921;St.Gallen Stadt Dufour/Winkelr;24.04.2020;Freitag;2;0;0;0;0;0;0;0;0;0;0;0;0;0;0;0;0;0;0;0;0;0;0;0;0
344;10921;St.Gallen Stadt Dufour/Winkelr;24.04.2020;Freitag;3;0;0;0;0;0;0;0;0;0;0;0;0;0;0;0;0;0;0;0;0;0;0;0;0
345;10921;St.Gallen Stadt Dufour/Winkelr;25.04.2020;Samstag;1;4;2;1;2;4;4;6;8;21;31;40;43;36;50;51;56;60;46;36;29;27;23;8;8
346;10921;St.Gallen Stadt Dufour/Winkelr;25.04.2020;Samstag;2;0;0;0;0;0;0;0;0;0;0;0;0;0;0;0;0;0;0;0;0;0;0;0;0
347;10921;St.Gallen Stadt Dufour/Winkelr;25.04.2020;Samstag;3;0;0;0;0;0;0;0;0;0;0;0;0;0;0;0;0;0;0;0;0;0;0;0;0
348;10921;St.Gallen Stadt Dufour/Winkelr;26.04.2020;Sonntag;1;8;8;2;3;1;3;2;3;9;10;29;24;32;29;47;39;35;39;39;22;13;15;9;6
349;10921;St.Gallen Stadt Dufour/Winkelr;26.04.2020;Sonntag;2;0;0;0;0;0;0;0;0;0;0;0;0;0;0;0;0;0;0;0;0;0;0;0;0
350;10921;St.Gallen Stadt Dufour/Winkelr;26.04.2020;Sonntag;3;0;0;0;0;0;0;0;0;0;0;0;0;0;0;0;0;0;0;0;0;0;0;0;0
351;10921;St.Gallen Stadt Dufour/Winkelr;27.04.2020;Montag;1;2;0;1;0;2;7;26;59;56;44;53;68;50;76;63;74;66;94;47;23;32;28;12;10
352;10921;St.Gallen Stadt Dufour/Winkelr;27.04.2020;Montag;2;0;0;0;0;0;0;0;0;0;0;0;0;0;0;0;0;0;0;0;0;0;0;0;0
353;10921;St.Gallen Stadt Dufour/Winkelr;27.04.2020;Montag;3;0;0;0;0;0;0;0;0;0;0;0;0;0;0;0;0;0;0;0;0;0;0;0;0
354;10921;St.Gallen Stadt Dufour/Winkelr;28.04.2020;Dienstag;1;3;1;2;1;2;6;29;61;58;52;75;74;67;53;56;63;67;66;61;33;23;19;12;4
355;10921;St.Gallen Stadt Dufour/Winkelr;28.04.2020;Dienstag;2;0;0;0;0;0;0;0;0;0;0;0;0;0;0;0;0;0;0;0;0;0;0;0;0
356;10921;St.Gallen Stadt Dufour/Winkelr;28.04.2020;Dienstag;3;0;0;0;0;0;0;0;0;0;0;0;0;0;0;0;0;0;0;0;0;0;0;0;0
357;10921;St.Gallen Stadt Dufour/Winkelr;29.04.2020;Mittwoch;1;3;1;0;1;2;8;21;59;76;54;57;71;47;64;69;74;79;86;43;47;28;26;11;6
358;10921;St.Gallen Stadt Dufour/Winkelr;29.04.2020;Mittwoch;2;0;0;0;0;0;0;0;0;0;0;0;0;0;0;0;0;0;0;0;0;0;0;0;0
359;10921;St.Gallen Stadt Dufour/Winkelr;29.04.2020;Mittwoch;3;0;0;0;0;0;0;0;0;0;0;0;0;0;0;0;0;0;0;0;0;0;0;0;0
360;10921;St.Gallen Stadt Dufour/Winkelr;30.04.2020;Donnerstag;1;5;0;0;1;3;8;23;60;60;65;50;74;46;60;65;61;69;96;53;38;19;12;16;10
361;10921;St.Gallen Stadt Dufour/Winkelr;30.04.2020;Donnerstag;2;0;0;0;0;0;0;0;0;0;0;0;0;0;0;0;0;0;0;0;0;0;0;0;0
362;10921;St.Gallen Stadt Dufour/Winkelr;30.04.2020;Donnerstag;3;0;0;0;0;0;0;0;0;0;0;0;0;0;0;0;0;0;0;0;0;0;0;0;0
363;10921;St.Gallen Stadt Dufour/Winkelr;01.05.2020;Freitag;1;3;3;2;0;1;9;25;62;62;61;54;88;65;73;70;54;67;71;53;29;22;17;6;6
364;10921;St.Gallen Stadt Dufour/Winkelr;01.05.2020;Freitag;2;0;0;0;0;0;0;0;0;0;0;0;0;0;0;0;0;0;0;0;0;0;0;0;0
365;10921;St.Gallen Stadt Dufour/Winkelr;01.05.2020;Freitag;3;0;0;0;0;0;0;0;0;0;0;0;0;0;0;0;0;0;0;0;0;0;0;0;0
366;10921;St.Gallen Stadt Dufour/Winkelr;02.05.2020;Samstag;1;6;4;1;0;5;4;5;13;25;33;39;46;42;48;55;51;46;39;32;28;21;17;11;13
367;10921;St.Gallen Stadt Dufour/Winkelr;02.05.2020;Samstag;2;0;0;0;0;0;0;0;0;0;0;0;0;0;0;0;0;0;0;0;0;0;0;0;0
368;10921;St.Gallen Stadt Dufour/Winkelr;02.05.2020;Samstag;3;0;0;0;0;0;0;0;0;0;0;0;0;0;0;0;0;0;0;0;0;0;0;0;0
369;10921;St.Gallen Stadt Dufour/Winkelr;03.05.2020;Sonntag;1;15;7;0;2;0;0;5;5;10;13;16;28;30;35;36;40;37;38;32;29;30;54;19;3
370;10921;St.Gallen Stadt Dufour/Winkelr;03.05.2020;Sonntag;2;0;0;0;0;0;0;0;0;0;0;0;0;0;0;0;0;0;0;0;0;0;0;0;0
371;10921;St.Gallen Stadt Dufour/Winkelr;03.05.2020;Sonntag;3;0;0;0;0;0;0;0;0;0;0;0;0;0;0;0;0;0;0;0;0;0;0;0;0
372;10921;St.Gallen Stadt Dufour/Winkelr;04.05.2020;Montag;1;6;1;3;0;3;7;25;68;67;70;63;69;53;68;54;62;88;91;56;44;42;62;23;10
373;10921;St.Gallen Stadt Dufour/Winkelr;04.05.2020;Montag;2;0;0;0;0;0;0;0;0;0;0;0;0;0;0;0;0;0;0;0;0;0;0;0;0
374;10921;St.Gallen Stadt Dufour/Winkelr;04.05.2020;Montag;3;0;0;0;0;0;0;0;0;0;0;0;0;0;0;0;0;0;0;0;0;0;0;0;0
375;10921;St.Gallen Stadt Dufour/Winkelr;05.05.2020;Dienstag;1;1;1;1;1;1;11;32;58;70;43;59;69;65;68;57;64;62;80;47;42;26;27;12;5
376;10921;St.Gallen Stadt Dufour/Winkelr;05.05.2020;Dienstag;2;0;0;0;0;0;0;0;0;0;0;0;0;0;0;0;0;0;0;0;0;0;0;0;0
377;10921;St.Gallen Stadt Dufour/Winkelr;05.05.2020;Dienstag;3;0;0;0;0;0;0;0;0;0;0;0;0;0;0;0;0;0;0;0;0;0;0;0;0
378;10921;St.Gallen Stadt Dufour/Winkelr;06.05.2020;Mittwoch;1;1;1;1;0;5;7;27;58;64;51;69;69;65;67;69;62;81;92;65;39;42;74;27;4
379;10921;St.Gallen Stadt Dufour/Winkelr;06.05.2020;Mittwoch;2;0;0;0;0;0;0;0;0;0;0;0;0;0;0;0;0;0;0;0;0;0;0;0;0
380;10921;St.Gallen Stadt Dufour/Winkelr;06.05.2020;Mittwoch;3;0;0;0;0;0;0;0;0;0;0;0;0;0;0;0;0;0;0;0;0;0;0;0;0
381;10921;St.Gallen Stadt Dufour/Winkelr;07.05.2020;Donnerstag;1;6;5;1;0;5;7;24;69;66;45;69;80;65;71;78;50;92;87;62;52;93;108;45;20
382;10921;St.Gallen Stadt Dufour/Winkelr;07.05.2020;Donnerstag;2;0;0;0;0;0;0;0;0;0;0;0;0;0;0;0;0;0;0;0;0;0;0;0;0
383;10921;St.Gallen Stadt Dufour/Winkelr;07.05.2020;Donnerstag;3;0;0;0;0;0;0;0;0;0;0;0;0;0;0;0;0;0;0;0;0;0;0;0;0
384;10921;St.Gallen Stadt Dufour/Winkelr;08.05.2020;Freitag;1;2;4;0;1;5;7;27;57;59;52;58;64;78;72;75;76;101;80;68;40;27;15;19;15
385;10921;St.Gallen Stadt Dufour/Winkelr;08.05.2020;Freitag;2;0;0;0;0;0;0;0;0;0;0;0;0;0;0;0;0;0;0;0;0;0;0;0;0
386;10921;St.Gallen Stadt Dufour/Winkelr;08.05.2020;Freitag;3;0;0;0;0;0;0;0;0;0;0;0;0;0;0;0;0;0;0;0;0;0;0;0;0
387;10921;St.Gallen Stadt Dufour/Winkelr;09.05.2020;Samstag;1;2;2;6;1;2;1;2;5;34;47;52;53;62;65;52;52;45;51;35;24;31;23;19;12
388;10921;St.Gallen Stadt Dufour/Winkelr;09.05.2020;Samstag;2;0;0;0;0;0;0;0;0;0;0;0;0;0;0;0;0;0;0;0;0;0;0;0;0
389;10921;St.Gallen Stadt Dufour/Winkelr;09.05.2020;Samstag;3;0;0;0;0;0;0;0;0;0;0;0;0;0;0;0;0;0;0;0;0;0;0;0;0
390;10921;St.Gallen Stadt Dufour/Winkelr;10.05.2020;Sonntag;1;14;2;4;1;1;1;2;3;7;12;25;34;37;28;39;48;45;45;39;37;77;118;33;3
391;10921;St.Gallen Stadt Dufour/Winkelr;10.05.2020;Sonntag;2;0;0;0;0;0;0;0;0;0;0;0;0;0;0;0;0;0;0;0;0;0;0;0;0
392;10921;St.Gallen Stadt Dufour/Winkelr;10.05.2020;Sonntag;3;0;0;0;0;0;0;0;0;0;0;0;0;0;0;0;0;0;0;0;0;0;0;0;0
393;10921;St.Gallen Stadt Dufour/Winkelr;11.05.2020;Montag;1;2;1;0;0;3;6;34;66;79;53;57;57;66;76;66;72;85;95;53;37;30;30;17;8
394;10921;St.Gallen Stadt Dufour/Winkelr;11.05.2020;Montag;2;0;0;0;0;0;0;0;0;0;0;0;0;0;0;0;0;0;0;0;0;0;0;0;0
395;10921;St.Gallen Stadt Dufour/Winkelr;11.05.2020;Montag;3;0;0;0;0;0;0;0;0;0;0;0;0;0;0;0;0;0;0;0;0;0;0;0;0
396;10921;St.Gallen Stadt Dufour/Winkelr;12.05.2020;Dienstag;1;3;1;2;0;3;9;26;77;67;54;53;68;68;70;68;67;79;98;49;44;52;35;19;14
397;10921;St.Gallen Stadt Dufour/Winkelr;12.05.2020;Dienstag;2;0;0;0;0;0;0;0;0;0;0;0;0;0;0;0;0;0;0;0;0;0;0;0;0
398;10921;St.Gallen Stadt Dufour/Winkelr;12.05.2020;Dienstag;3;0;0;0;0;0;0;0;0;0;0;0;0;0;0;0;0;0;0;0;0;0;0;0;0
399;10921;St.Gallen Stadt Dufour/Winkelr;13.05.2020;Mittwoch;1;4;3;1;0;3;4;27;76;69;38;57;74;78;54;76;61;60;103;51;23;54;43;26;7
400;10921;St.Gallen Stadt Dufour/Winkelr;13.05.2020;Mittwoch;2;0;0;0;0;0;0;0;0;0;0;0;0;0;0;0;0;0;0;0;0;0;0;0;0
401;10921;St.Gallen Stadt Dufour/Winkelr;13.05.2020;Mittwoch;3;0;0;0;0;0;0;0;0;0;0;0;0;0;0;0;0;0;0;0;0;0;0;0;0
402;10921;St.Gallen Stadt Dufour/Winkelr;14.05.2020;Donnerstag;1;5;1;0;1;4;6;21;68;70;62;61;73;62;61;58;71;76;85;54;49;118;149;44;20
403;10921;St.Gallen Stadt Dufour/Winkelr;14.05.2020;Donnerstag;2;0;0;0;0;0;0;0;0;0;0;0;0;0;0;0;0;0;0;0;0;0;0;0;0
404;10921;St.Gallen Stadt Dufour/Winkelr;14.05.2020;Donnerstag;3;0;0;0;0;0;0;0;0;0;0;0;0;0;0;0;0;0;0;0;0;0;0;0;0
405;10921;St.Gallen Stadt Dufour/Winkelr;15.05.2020;Freitag;1;9;8;0;0;5;6;27;63;61;52;64;82;60;70;82;72;78;108;62;40;31;19;16;14
406;10921;St.Gallen Stadt Dufour/Winkelr;15.05.2020;Freitag;2;0;0;0;0;0;0;0;0;0;0;0;0;0;0;0;0;0;0;0;0;0;0;0;0
407;10921;St.Gallen Stadt Dufour/Winkelr;15.05.2020;Freitag;3;0;0;0;0;0;0;0;0;0;0;0;0;0;0;0;0;0;0;0;0;0;0;0;0
408;10921;St.Gallen Stadt Dufour/Winkelr;16.05.2020;Samstag;1;7;4;0;3;1;2;8;9;26;46;47;56;52;53;66;58;52;43;46;22;21;18;16;17
409;10921;St.Gallen Stadt Dufour/Winkelr;16.05.2020;Samstag;2;0;0;0;0;0;0;0;0;0;0;0;0;0;0;0;0;0;0;0;0;0;0;0;0
410;10921;St.Gallen Stadt Dufour/Winkelr;16.05.2020;Samstag;3;0;0;0;0;0;0;0;0;0;0;0;0;0;0;0;0;0;0;0;0;0;0;0;0
411;10921;St.Gallen Stadt Dufour/Winkelr;17.05.2020;Sonntag;1;2;4;2;2;1;5;2;5;5;18;30;24;23;27;27;37;34;46;46;32;86;139;25;8
412;10921;St.Gallen Stadt Dufour/Winkelr;17.05.2020;Sonntag;2;0;0;0;0;0;0;0;0;0;0;0;0;0;0;0;0;0;0;0;0;0;0;0;0
413;10921;St.Gallen Stadt Dufour/Winkelr;17.05.2020;Sonntag;3;0;0;0;0;0;0;0;0;0;0;0;0;0;0;0;0;0;0;0;0;0;0;0;0
414;10921;St.Gallen Stadt Dufour/Winkelr;18.05.2020;Montag;1;3;2;0;1;3;6;31;74;61;42;51;80;84;61;70;64;71;101;68;35;93;71;29;11
415;10921;St.Gallen Stadt Dufour/Winkelr;18.05.2020;Montag;2;0;0;0;0;0;0;0;0;0;0;0;0;0;0;0;0;0;0;0;0;0;0;0;0
416;10921;St.Gallen Stadt Dufour/Winkelr;18.05.2020;Montag;3;0;0;0;0;0;0;0;0;0;0;0;0;0;0;0;0;0;0;0;0;0;0;0;0
417;10921;St.Gallen Stadt Dufour/Winkelr;19.05.2020;Dienstag;1;4;2;1;0;1;10;27;66;71;64;69;79;73;76;59;73;81;97;71;52;83;79;41;17
418;10921;St.Gallen Stadt Dufour/Winkelr;19.05.2020;Dienstag;2;0;0;0;0;0;0;0;0;0;0;0;0;0;0;0;0;0;0;0;0;0;0;0;0
419;10921;St.Gallen Stadt Dufour/Winkelr;19.05.2020;Dienstag;3;0;0;0;0;0;0;0;0;0;0;0;0;0;0;0;0;0;0;0;0;0;0;0;0
420;10921;St.Gallen Stadt Dufour/Winkelr;20.05.2020;Mittwoch;1;3;2;0;2;4;9;26;67;68;52;53;87;79;71;73;62;88;110;52;52;34;26;9;8
421;10921;St.Gallen Stadt Dufour/Winkelr;20.05.2020;Mittwoch;2;0;0;0;0;0;0;0;0;0;0;0;0;0;0;0;0;0;0;0;0;0;0;0;0
422;10921;St.Gallen Stadt Dufour/Winkelr;20.05.2020;Mittwoch;3;0;0;0;0;0;0;0;0;0;0;0;0;0;0;0;0;0;0;0;0;0;0;0;0
423;10921;St.Gallen Stadt Dufour/Winkelr;21.05.2020;Donnerstag;1;9;4;2;1;0;5;4;12;17;20;22;36;28;32;34;37;32;44;32;22;20;23;16;14
424;10921;St.Gallen Stadt Dufour/Winkelr;21.05.2020;Donnerstag;2;0;0;0;0;0;0;0;0;0;0;0;0;0;0;0;0;0;0;0;0;0;0;0;0
425;10921;St.Gallen Stadt Dufour/Winkelr;21.05.2020;Donnerstag;3;0;0;0;0;0;0;0;0;0;0;0;0;0;0;0;0;0;0;0;0;0;0;0;0
426;10921;St.Gallen Stadt Dufour/Winkelr;22.05.2020;Freitag;1;1;1;1;1;1;7;13;40;40;54;66;60;37;60;51;49;65;73;48;34;15;17;10;11
427;10921;St.Gallen Stadt Dufour/Winkelr;22.05.2020;Freitag;2;0;0;0;0;0;0;0;0;0;0;0;0;0;0;0;0;0;0;0;0;0;0;0;0
428;10921;St.Gallen Stadt Dufour/Winkelr;22.05.2020;Freitag;3;0;0;0;0;0;0;0;0;0;0;0;0;0;0;0;0;0;0;0;0;0;0;0;0
429;10921;St.Gallen Stadt Dufour/Winkelr;23.05.2020;Samstag;1;8;3;1;1;1;4;4;11;25;36;47;59;58;49;49;30;36;31;38;22;19;14;7;11
430;10921;St.Gallen Stadt Dufour/Winkelr;23.05.2020;Samstag;2;0;0;0;0;0;0;0;0;0;0;0;0;0;0;0;0;0;0;0;0;0;0;0;0
431;10921;St.Gallen Stadt Dufour/Winkelr;23.05.2020;Samstag;3;0;0;0;0;0;0;0;0;0;0;0;0;0;0;0;0;0;0;0;0;0;0;0;0
432;10921;St.Gallen Stadt Dufour/Winkelr;24.05.2020;Sonntag;1;11;7;0;2;1;0;4;0;5;20;25;30;31;25;22;31;35;33;29;32;34;24;30;5
433;10921;St.Gallen Stadt Dufour/Winkelr;24.05.2020;Sonntag;2;0;0;0;0;0;0;0;0;0;0;0;0;0;0;0;0;0;0;0;0;0;0;0;0
434;10921;St.Gallen Stadt Dufour/Winkelr;24.05.2020;Sonntag;3;0;0;0;0;0;0;0;0;0;0;0;0;0;0;0;0;0;0;0;0;0;0;0;0
435;10921;St.Gallen Stadt Dufour/Winkelr;25.05.2020;Montag;1;1;0;1;0;3;5;39;62;58;44;53;54;70;65;44;73;104;106;68;39;91;86;34;7
436;10921;St.Gallen Stadt Dufour/Winkelr;25.05.2020;Montag;2;0;0;0;0;0;0;0;0;0;0;0;0;0;0;0;0;0;0;0;0;0;0;0;0
437;10921;St.Gallen Stadt Dufour/Winkelr;25.05.2020;Montag;3;0;0;0;0;0;0;0;0;0;0;0;0;0;0;0;0;0;0;0;0;0;0;0;0
438;10921;St.Gallen Stadt Dufour/Winkelr;26.05.2020;Dienstag;1;4;1;2;0;2;6;33;67;51;52;49;68;71;66;58;71;88;106;79;138;176;150;60;16
439;10921;St.Gallen Stadt Dufour/Winkelr;26.05.2020;Dienstag;2;0;0;0;0;0;0;0;0;0;0;0;0;0;0;0;0;0;0;0;0;0;0;0;0
440;10921;St.Gallen Stadt Dufour/Winkelr;26.05.2020;Dienstag;3;0;0;0;0;0;0;0;0;0;0;0;0;0;0;0;0;0;0;0;0;0;0;0;0
441;10921;St.Gallen Stadt Dufour/Winkelr;27.05.2020;Mittwoch;1;7;3;0;0;3;7;34;66;67;53;74;99;90;68;82;62;98;89;74;182;193;194;56;18
442;10921;St.Gallen Stadt Dufour/Winkelr;27.05.2020;Mittwoch;2;0;0;0;0;0;0;0;0;0;0;0;0;0;0;0;0;0;0;0;0;0;0;0;0
443;10921;St.Gallen Stadt Dufour/Winkelr;27.05.2020;Mittwoch;3;0;0;0;0;0;0;0;0;0;0;0;0;0;0;0;0;0;0;0;0;0;0;0;0
444;10921;St.Gallen Stadt Dufour/Winkelr;28.05.2020;Donnerstag;1;6;2;0;1;3;8;32;72;68;62;49;69;82;72;65;61;101;150;173;44;156;248;135;19
445;10921;St.Gallen Stadt Dufour/Winkelr;28.05.2020;Donnerstag;2;0;0;0;0;0;0;0;0;0;0;0;0;0;0;0;0;0;0;0;0;0;0;0;0
446;10921;St.Gallen Stadt Dufour/Winkelr;28.05.2020;Donnerstag;3;0;0;0;0;0;0;0;0;0;0;0;0;0;0;0;0;0;0;0;0;0;0;0;0
447;10921;St.Gallen Stadt Dufour/Winkelr;29.05.2020;Freitag;1;7;2;0;0;4;9;29;80;67;52;67;75;71;75;66;64;102;87;70;54;32;18;18;11
448;10921;St.Gallen Stadt Dufour/Winkelr;29.05.2020;Freitag;2;0;0;0;0;0;0;0;0;0;0;0;0;0;0;0;0;0;0;0;0;0;0;0;0
449;10921;St.Gallen Stadt Dufour/Winkelr;29.05.2020;Freitag;3;0;0;0;0;0;0;0;0;0;0;0;0;0;0;0;0;0;0;0;0;0;0;0;0
450;10921;St.Gallen Stadt Dufour/Winkelr;30.05.2020;Samstag;1;10;5;4;4;2;2;4;8;29;45;55;66;50;35;53;59;60;53;41;30;19;12;9;9
451;10921;St.Gallen Stadt Dufour/Winkelr;30.05.2020;Samstag;2;0;0;0;0;0;0;0;0;0;0;0;0;0;0;0;0;0;0;0;0;0;0;0;0
452;10921;St.Gallen Stadt Dufour/Winkelr;30.05.2020;Samstag;3;0;0;0;0;0;0;0;0;0;0;0;0;0;0;0;0;0;0;0;0;0;0;0;0
453;10921;St.Gallen Stadt Dufour/Winkelr;31.05.2020;Sonntag;1;6;7;7;2;0;1;4;4;9;20;25;30;36;26;26;23;21;30;28;16;17;14;9;10
454;10921;St.Gallen Stadt Dufour/Winkelr;31.05.2020;Sonntag;2;0;0;0;0;0;0;0;0;0;0;0;0;0;0;0;0;0;0;0;0;0;0;0;0
455;10921;St.Gallen Stadt Dufour/Winkelr;31.05.2020;Sonntag;3;0;0;0;0;0;0;0;0;0;0;0;0;0;0;0;0;0;0;0;0;0;0;0;0
456;10921;St.Gallen Stadt Dufour/Winkelr;01.06.2020;Montag;1;6;6;1;0;0;5;2;6;12;19;27;30;35;27;30;41;42;42;30;32;35;28;12;4
457;10921;St.Gallen Stadt Dufour/Winkelr;01.06.2020;Montag;2;0;0;0;0;0;0;0;0;0;0;0;0;0;0;0;0;0;0;0;0;0;0;0;0
458;10921;St.Gallen Stadt Dufour/Winkelr;01.06.2020;Montag;3;0;0;0;0;0;0;0;0;0;0;0;0;0;0;0;0;0;0;0;0;0;0;0;0
459;10921;St.Gallen Stadt Dufour/Winkelr;02.06.2020;Dienstag;1;2;4;2;1;1;7;35;74;68;58;69;61;74;71;81;75;94;119;55;52;106;124;62;11
460;10921;St.Gallen Stadt Dufour/Winkelr;02.06.2020;Dienstag;2;0;0;0;0;0;0;0;0;0;0;0;0;0;0;0;0;0;0;0;0;0;0;0;0
461;10921;St.Gallen Stadt Dufour/Winkelr;02.06.2020;Dienstag;3;0;0;0;0;0;0;0;0;0;0;0;0;0;0;0;0;0;0;0;0;0;0;0;0
462;10921;St.Gallen Stadt Dufour/Winkelr;03.06.2020;Mittwoch;1;3;0;2;0;1;9;21;65;66;48;57;73;74;76;59;63;75;132;76;42;91;120;50;4
463;10921;St.Gallen Stadt Dufour/Winkelr;03.06.2020;Mittwoch;2;0;0;0;0;0;0;0;0;0;0;0;0;0;0;0;0;0;0;0;0;0;0;0;0
464;10921;St.Gallen Stadt Dufour/Winkelr;03.06.2020;Mittwoch;3;0;0;0;0;0;0;0;0;0;0;0;0;0;0;0;0;0;0;0;0;0;0;0;0
465;10921;St.Gallen Stadt Dufour/Winkelr;04.06.2020;Donnerstag;1;4;0;1;0;2;7;32;64;67;44;59;75;76;71;69;62;77;139;74;53;146;193;111;15
466;10921;St.Gallen Stadt Dufour/Winkelr;04.06.2020;Donnerstag;2;0;0;0;0;0;0;0;0;0;0;0;0;0;0;0;0;0;0;0;0;0;0;0;0
467;10921;St.Gallen Stadt Dufour/Winkelr;04.06.2020;Donnerstag;3;0;0;0;0;0;0;0;0;0;0;0;0;0;0;0;0;0;0;0;0;0;0;0;0
468;10921;St.Gallen Stadt Dufour/Winkelr;05.06.2020;Freitag;1;5;1;1;3;3;7;29;66;72;57;72;87;64;67;78;81;99;87;82;57;32;22;12;15
469;10921;St.Gallen Stadt Dufour/Winkelr;05.06.2020;Freitag;2;0;0;0;0;0;0;0;0;0;0;0;0;0;0;0;0;0;0;0;0;0;0;0;0
470;10921;St.Gallen Stadt Dufour/Winkelr;05.06.2020;Freitag;3;0;0;0;0;0;0;0;0;0;0;0;0;0;0;0;0;0;0;0;0;0;0;0;0
471;10921;St.Gallen Stadt Dufour/Winkelr;06.06.2020;Samstag;1;5;7;4;0;2;1;7;9;26;33;56;68;53;57;44;58;52;38;40;26;20;18;12;18
472;10921;St.Gallen Stadt Dufour/Winkelr;06.06.2020;Samstag;2;0;0;0;0;0;0;0;0;0;0;0;0;0;0;0;0;0;0;0;0;0;0;0;0
473;10921;St.Gallen Stadt Dufour/Winkelr;06.06.2020;Samstag;3;0;0;0;0;0;0;0;0;0;0;0;0;0;0;0;0;0;0;0;0;0;0;0;0
474;10921;St.Gallen Stadt Dufour/Winkelr;07.06.2020;Sonntag;1;14;9;7;6;1;1;4;1;5;25;28;29;30;43;35;32;35;36;33;23;29;21;29;16
475;10921;St.Gallen Stadt Dufour/Winkelr;07.06.2020;Sonntag;2;0;0;0;0;0;0;0;0;0;0;0;0;0;0;0;0;0;0;0;0;0;0;0;0
476;10921;St.Gallen Stadt Dufour/Winkelr;07.06.2020;Sonntag;3;0;0;0;0;0;0;0;0;0;0;0;0;0;0;0;0;0;0;0;0;0;0;0;0
477;10921;St.Gallen Stadt Dufour/Winkelr;08.06.2020;Montag;1;4;2;3;2;3;7;41;76;77;43;52;67;47;67;85;75;103;126;70;56;29;33;34;14
478;10921;St.Gallen Stadt Dufour/Winkelr;08.06.2020;Montag;2;0;0;0;0;0;0;0;0;0;0;0;0;0;0;0;0;0;0;0;0;0;0;0;0
479;10921;St.Gallen Stadt Dufour/Winkelr;08.06.2020;Montag;3;0;0;0;0;0;0;0;0;0;0;0;0;0;0;0;0;0;0;0;0;0;0;0;0
480;10921;St.Gallen Stadt Dufour/Winkelr;09.06.2020;Dienstag;1;3;1;0;1;0;9;32;90;73;64;57;73;46;65;64;66;110;119;69;46;43;25;63;13
481;10921;St.Gallen Stadt Dufour/Winkelr;09.06.2020;Dienstag;2;0;0;0;0;0;0;0;0;0;0;0;0;0;0;0;0;0;0;0;0;0;0;0;0
482;10921;St.Gallen Stadt Dufour/Winkelr;09.06.2020;Dienstag;3;0;0;0;0;0;0;0;0;0;0;0;0;0;0;0;0;0;0;0;0;0;0;0;0
483;10921;St.Gallen Stadt Dufour/Winkelr;10.06.2020;Mittwoch;1;3;0;0;1;3;3;28;88;61;68;65;71;73;67;74;64;95;113;77;53;30;19;16;6
484;10921;St.Gallen Stadt Dufour/Winkelr;10.06.2020;Mittwoch;2;0;0;0;0;0;0;0;0;0;0;0;0;0;0;0;0;0;0;0;0;0;0;0;0
485;10921;St.Gallen Stadt Dufour/Winkelr;10.06.2020;Mittwoch;3;0;0;0;0;0;0;0;0;0;0;0;0;0;0;0;0;0;0;0;0;0;0;0;0
486;10921;St.Gallen Stadt Dufour/Winkelr;11.06.2020;Donnerstag;1;4;3;0;2;1;7;26;75;76;54;71;81;61;83;68;76;93;140;81;58;37;29;22;14
487;10921;St.Gallen Stadt Dufour/Winkelr;11.06.2020;Donnerstag;2;0;0;0;0;0;0;0;0;0;0;0;0;0;0;0;0;0;0;0;0;0;0;0;0
488;10921;St.Gallen Stadt Dufour/Winkelr;11.06.2020;Donnerstag;3;0;0;0;0;0;0;0;0;0;0;0;0;0;0;0;0;0;0;0;0;0;0;0;0
489;10921;St.Gallen Stadt Dufour/Winkelr;12.06.2020;Freitag;1;2;3;1;0;4;4;27;77;69;45;64;82;54;71;65;81;93;102;183;59;44;31;16;16
490;10921;St.Gallen Stadt Dufour/Winkelr;12.06.2020;Freitag;2;0;0;0;0;0;0;0;0;0;0;0;0;0;0;0;0;0;0;0;0;0;0;0;0
491;10921;St.Gallen Stadt Dufour/Winkelr;12.06.2020;Freitag;3;0;0;0;0;0;0;0;0;0;0;0;0;0;0;0;0;0;0;0;0;0;0;0;0
492;10921;St.Gallen Stadt Dufour/Winkelr;13.06.2020;Samstag;1;14;6;1;2;1;2;6;14;23;57;56;69;46;34;55;50;61;42;51;24;28;16;21;10
493;10921;St.Gallen Stadt Dufour/Winkelr;13.06.2020;Samstag;2;0;0;0;0;0;0;0;0;0;0;0;0;0;0;0;0;0;0;0;0;0;0;0;0
494;10921;St.Gallen Stadt Dufour/Winkelr;13.06.2020;Samstag;3;0;0;0;0;0;0;0;0;0;0;0;0;0;0;0;0;0;0;0;0;0;0;0;0
495;10921;St.Gallen Stadt Dufour/Winkelr;14.06.2020;Sonntag;1;11;4;5;2;1;0;4;3;11;18;17;30;32;27;37;46;37;41;34;40;22;12;17;4
496;10921;St.Gallen Stadt Dufour/Winkelr;14.06.2020;Sonntag;2;0;0;0;0;0;0;0;0;0;0;0;0;0;0;0;0;0;0;0;0;0;0;0;0
497;10921;St.Gallen Stadt Dufour/Winkelr;14.06.2020;Sonntag;3;0;0;0;0;0;0;0;0;0;0;0;0;0;0;0;0;0;0;0;0;0;0;0;0
498;10921;St.Gallen Stadt Dufour/Winkelr;15.06.2020;Montag;1;3;3;0;0;3;4;29;87;89;48;61;85;67;67;69;96;110;142;80;59;39;25;14;5
499;10921;St.Gallen Stadt Dufour/Winkelr;15.06.2020;Montag;2;0;0;0;0;0;0;0;0;0;0;0;0;0;0;0;0;0;0;0;0;0;0;0;0
500;10921;St.Gallen Stadt Dufour/Winkelr;15.06.2020;Montag;3;0;0;0;0;0;0;0;0;0;0;0;0;0;0;0;0;0;0;0;0;0;0;0;0
501;10921;St.Gallen Stadt Dufour/Winkelr;16.06.2020;Dienstag;1;4;1;0;0;1;9;39;95;74;68;74;82;72;93;74;90;197;221;121;43;38;28;19;5
502;10921;St.Gallen Stadt Dufour/Winkelr;16.06.2020;Dienstag;2;0;0;0;0;0;0;0;0;0;0;0;0;0;0;0;0;0;0;0;0;0;0;0;0
503;10921;St.Gallen Stadt Dufour/Winkelr;16.06.2020;Dienstag;3;0;0;0;0;0;0;0;0;0;0;0;0;0;0;0;0;0;0;0;0;0;0;0;0
504;10921;St.Gallen Stadt Dufour/Winkelr;17.06.2020;Mittwoch;1;3;2;1;1;2;10;30;70;69;63;62;66;63;59;63;61;71;151;76;51;38;27;10;10
505;10921;St.Gallen Stadt Dufour/Winkelr;17.06.2020;Mittwoch;2;0;0;0;0;0;0;0;0;0;0;0;0;0;0;0;0;0;0;0;0;0;0;0;0
506;10921;St.Gallen Stadt Dufour/Winkelr;17.06.2020;Mittwoch;3;0;0;0;0;0;0;0;0;0;0;0;0;0;0;0;0;0;0;0;0;0;0;0;0
507;10921;St.Gallen Stadt Dufour/Winkelr;18.06.2020;Donnerstag;1;4;2;0;0;2;8;28;79;78;57;51;75;55;83;67;70;110;150;75;44;36;30;19;7
508;10921;St.Gallen Stadt Dufour/Winkelr;18.06.2020;Donnerstag;2;0;0;0;0;0;0;0;0;0;0;0;0;0;0;0;0;0;0;0;0;0;0;0;0
509;10921;St.Gallen Stadt Dufour/Winkelr;18.06.2020;Donnerstag;3;0;0;0;0;0;0;0;0;0;0;0;0;0;0;0;0;0;0;0;0;0;0;0;0
510;10921;St.Gallen Stadt Dufour/Winkelr;19.06.2020;Freitag;1;2;2;1;3;4;8;28;67;87;54;58;69;73;72;80;77;105;136;84;49;29;13;15;19
511;10921;St.Gallen Stadt Dufour/Winkelr;19.06.2020;Freitag;2;0;0;0;0;0;0;0;0;0;0;0;0;0;0;0;0;0;0;0;0;0;0;0;0
512;10921;St.Gallen Stadt Dufour/Winkelr;19.06.2020;Freitag;3;0;0;0;0;0;0;0;0;0;0;0;0;0;0;0;0;0;0;0;0;0;0;0;0
513;10921;St.Gallen Stadt Dufour/Winkelr;20.06.2020;Samstag;1;5;3;1;4;3;3;3;19;27;47;52;52;37;54;51;44;60;57;40;28;34;26;10;20
514;10921;St.Gallen Stadt Dufour/Winkelr;20.06.2020;Samstag;2;0;0;0;0;0;0;0;0;0;0;0;0;0;0;0;0;0;0;0;0;0;0;0;0
515;10921;St.Gallen Stadt Dufour/Winkelr;20.06.2020;Samstag;3;0;0;0;0;0;0;0;0;0;0;0;0;0;0;0;0;0;0;0;0;0;0;0;0
516;10921;St.Gallen Stadt Dufour/Winkelr;21.06.2020;Sonntag;1;9;9;2;1;1;0;2;3;10;10;26;36;27;38;43;38;45;39;47;41;24;20;8;5
517;10921;St.Gallen Stadt Dufour/Winkelr;21.06.2020;Sonntag;2;0;0;0;0;0;0;0;0;0;0;0;0;0;0;0;0;0;0;0;0;0;0;0;0
518;10921;St.Gallen Stadt Dufour/Winkelr;21.06.2020;Sonntag;3;0;0;0;0;0;0;0;0;0;0;0;0;0;0;0;0;0;0;0;0;0;0;0;0
519;10921;St.Gallen Stadt Dufour/Winkelr;22.06.2020;Montag;1;1;2;0;1;1;8;39;79;82;60;53;70;61;85;74;70;97;127;87;40;27;18;20;6
520;10921;St.Gallen Stadt Dufour/Winkelr;22.06.2020;Montag;2;0;0;0;0;0;0;0;0;0;0;0;0;0;0;0;0;0;0;0;0;0;0;0;0
521;10921;St.Gallen Stadt Dufour/Winkelr;22.06.2020;Montag;3;0;0;0;0;0;0;0;0;0;0;0;0;0;0;0;0;0;0;0;0;0;0;0;0
522;10921;St.Gallen Stadt Dufour/Winkelr;23.06.2020;Dienstag;1;3;1;0;1;0;7;30;92;79;68;62;89;68;88;70;84;120;143;105;47;30;27;17;7
523;10921;St.Gallen Stadt Dufour/Winkelr;23.06.2020;Dienstag;2;0;0;0;0;0;0;0;0;0;0;0;0;0;0;0;0;0;0;0;0;0;0;0;0
524;10921;St.Gallen Stadt Dufour/Winkelr;23.06.2020;Dienstag;3;0;0;0;0;0;0;0;0;0;0;0;0;0;0;0;0;0;0;0;0;0;0;0;0
525;10921;St.Gallen Stadt Dufour/Winkelr;24.06.2020;Mittwoch;1;2;1;1;0;2;9;33;79;92;72;60;106;88;63;72;65;86;134;87;49;29;24;13;8
526;10921;St.Gallen Stadt Dufour/Winkelr;24.06.2020;Mittwoch;2;0;0;0;0;0;0;0;0;0;0;0;0;0;0;0;0;0;0;0;0;0;0;0;0
527;10921;St.Gallen Stadt Dufour/Winkelr;24.06.2020;Mittwoch;3;0;0;0;0;0;0;0;0;0;0;0;0;0;0;0;0;0;0;0;0;0;0;0;0
528;10921;St.Gallen Stadt Dufour/Winkelr;25.06.2020;Donnerstag;1;5;0;1;0;1;9;29;88;86;81;70;91;59;73;113;220;186;140;91;42;34;31;23;14
529;10921;St.Gallen Stadt Dufour/Winkelr;25.06.2020;Donnerstag;2;0;0;0;0;0;0;0;0;0;0;0;0;0;0;0;0;0;0;0;0;0;0;0;0
530;10921;St.Gallen Stadt Dufour/Winkelr;25.06.2020;Donnerstag;3;0;0;0;0;0;0;0;0;0;0;0;0;0;0;0;0;0;0;0;0;0;0;0;0
531;10921;St.Gallen Stadt Dufour/Winkelr;26.06.2020;Freitag;1;3;4;0;0;4;9;26;82;86;53;55;83;62;81;103;79;106;136;90;48;29;26;19;21
532;10921;St.Gallen Stadt Dufour/Winkelr;26.06.2020;Freitag;2;0;0;0;0;0;0;0;0;0;0;0;0;0;0;0;0;0;0;0;0;0;0;0;0
533;10921;St.Gallen Stadt Dufour/Winkelr;26.06.2020;Freitag;3;0;0;0;0;0;0;0;0;0;0;0;0;0;0;0;0;0;0;0;0;0;0;0;0
534;10921;St.Gallen Stadt Dufour/Winkelr;27.06.2020;Samstag;1;8;8;1;3;2;2;6;10;31;39;43;49;44;41;68;60;57;58;43;19;16;22;19;22
535;10921;St.Gallen Stadt Dufour/Winkelr;27.06.2020;Samstag;2;0;0;0;0;0;0;0;0;0;0;0;0;0;0;0;0;0;0;0;0;0;0;0;0
536;10921;St.Gallen Stadt Dufour/Winkelr;27.06.2020;Samstag;3;0;0;0;0;0;0;0;0;0;0;0;0;0;0;0;0;0;0;0;0;0;0;0;0
537;10921;St.Gallen Stadt Dufour/Winkelr;28.06.2020;Sonntag;1;6;2;6;1;0;2;3;6;14;24;27;38;36;35;48;42;41;31;41;39;30;15;8;7
538;10921;St.Gallen Stadt Dufour/Winkelr;28.06.2020;Sonntag;2;0;0;0;0;0;0;0;0;0;0;0;0;0;0;0;0;0;0;0;0;0;0;0;0
539;10921;St.Gallen Stadt Dufour/Winkelr;28.06.2020;Sonntag;3;0;0;0;0;0;0;0;0;0;0;0;0;0;0;0;0;0;0;0;0;0;0;0;0
540;10921;St.Gallen Stadt Dufour/Winkelr;29.06.2020;Montag;1;2;1;0;1;1;7;35;87;74;63;57;71;68;101;74;83;90;154;79;45;27;34;13;10
541;10921;St.Gallen Stadt Dufour/Winkelr;29.06.2020;Montag;2;0;0;0;0;0;0;0;0;0;0;0;0;0;0;0;0;0;0;0;0;0;0;0;0
542;10921;St.Gallen Stadt Dufour/Winkelr;29.06.2020;Montag;3;0;0;0;0;0;0;0;0;0;0;0;0;0;0;0;0;0;0;0;0;0;0;0;0
543;10921;St.Gallen Stadt Dufour/Winkelr;30.06.2020;Dienstag;1;1;1;0;1;2;6;34;88;85;64;47;71;58;73;82;71;97;152;111;49;56;34;24;5
544;10921;St.Gallen Stadt Dufour/Winkelr;30.06.2020;Dienstag;2;0;0;0;0;0;0;0;0;0;0;0;0;0;0;0;0;0;0;0;0;0;0;0;0
545;10921;St.Gallen Stadt Dufour/Winkelr;30.06.2020;Dienstag;3;0;0;0;0;0;0;0;0;0;0;0;0;0;0;0;0;0;0;0;0;0;0;0;0
