LNR;ORT-ID;BEZEICHNUNG;DATUM;WOCHENTAG;RI;1;2;3;4;5;6;7;8;9;10;11;12;13;14;15;16;17;18;19;20;21;22;23;24
0;10920;St.Gallen Stadt Müller-Fried.2;01.01.2020;Mittwoch;1;27;47;28;18;18;13;31;31;43;64;89;86;76;74;87;57;63;64;44;62;43;47;42;20
1;10920;St.Gallen Stadt Müller-Fried.2;01.01.2020;Mittwoch;2;28;48;32;19;10;7;9;12;8;15;12;25;30;53;41;50;66;82;29;28;26;24;22;13
2;10920;St.Gallen Stadt Müller-Fried.2;02.01.2020;Donnerstag;1;13;3;4;1;4;36;70;110;97;103;110;132;86;133;124;116;109;111;91;78;60;32;54;55
3;10920;St.Gallen Stadt Müller-Fried.2;02.01.2020;Donnerstag;2;7;1;1;1;3;10;20;37;33;47;42;56;49;60;74;68;79;79;74;38;33;33;24;14
4;10920;St.Gallen Stadt Müller-Fried.2;03.01.2020;Freitag;1;16;7;6;2;8;27;56;87;117;116;140;122;114;141;108;123;123;139;88;107;72;44;41;64
5;10920;St.Gallen Stadt Müller-Fried.2;03.01.2020;Freitag;2;5;4;3;2;5;14;28;41;59;40;66;55;72;65;70;73;87;117;79;47;28;28;33;26
6;10920;St.Gallen Stadt Müller-Fried.2;04.01.2020;Samstag;1;23;21;9;5;3;22;30;30;39;86;88;97;79;88;105;104;89;91;74;61;51;39;38;29
7;10920;St.Gallen Stadt Müller-Fried.2;04.01.2020;Samstag;2;12;15;8;7;4;5;19;15;19;47;47;65;62;71;64;61;67;76;54;48;33;33;33;17
8;10920;St.Gallen Stadt Müller-Fried.2;05.01.2020;Sonntag;1;23;6;7;6;6;10;20;24;33;61;72;85;80;82;92;68;93;69;47;56;46;31;30;24
9;10920;St.Gallen Stadt Müller-Fried.2;05.01.2020;Sonntag;2;13;5;2;9;6;7;11;15;18;30;33;51;57;52;57;70;63;72;28;40;28;13;18;12
10;10920;St.Gallen Stadt Müller-Fried.2;06.01.2020;Montag;1;8;2;3;3;8;51;82;155;155;137;143;158;106;149;111;108;142;153;117;102;69;52;46;24
11;10920;St.Gallen Stadt Müller-Fried.2;06.01.2020;Montag;2;4;2;1;2;7;13;36;81;79;70;58;72;88;77;69;80;80;104;113;76;45;38;25;12
12;10920;St.Gallen Stadt Müller-Fried.2;07.01.2020;Dienstag;1;14;6;4;1;8;23;75;181;140;142;132;138;113;133;146;118;174;174;138;116;72;43;41;37
13;10920;St.Gallen Stadt Müller-Fried.2;07.01.2020;Dienstag;2;3;2;2;0;4;21;41;98;84;85;79;83;110;78;80;59;88;90;121;63;45;48;36;18
14;10920;St.Gallen Stadt Müller-Fried.2;08.01.2020;Mittwoch;1;23;3;3;1;1;53;96;180;183;120;141;124;122;165;118;104;148;157;128;120;58;58;47;26
15;10920;St.Gallen Stadt Müller-Fried.2;08.01.2020;Mittwoch;2;11;2;3;0;1;9;40;102;99;77;73;79;100;68;70;61;79;94;99;71;47;55;41;18
16;10920;St.Gallen Stadt Müller-Fried.2;09.01.2020;Donnerstag;1;16;3;2;1;3;45;87;167;169;144;142;135;166;161;137;120;173;158;148;116;52;45;42;25
17;10920;St.Gallen Stadt Müller-Fried.2;09.01.2020;Donnerstag;2;10;0;1;1;2;9;45;92;87;64;104;85;113;84;77;72;78;111;113;75;53;49;30;22
18;10920;St.Gallen Stadt Müller-Fried.2;10.01.2020;Freitag;1;15;6;0;1;3;30;91;153;154;136;100;145;171;132;147;126;158;163;117;147;78;49;52;42
19;10920;St.Gallen Stadt Müller-Fried.2;10.01.2020;Freitag;2;8;2;0;1;1;17;39;103;85;71;69;88;92;82;76;62;104;92;79;73;44;38;42;45
20;10920;St.Gallen Stadt Müller-Fried.2;11.01.2020;Samstag;1;19;21;17;10;4;31;40;54;87;124;118;109;125;134;130;177;116;112;88;53;42;46;48;35
21;10920;St.Gallen Stadt Müller-Fried.2;11.01.2020;Samstag;2;32;22;11;11;5;5;12;17;38;58;60;81;72;73;66;76;91;60;71;53;34;30;24;24
22;10920;St.Gallen Stadt Müller-Fried.2;12.01.2020;Sonntag;1;29;28;9;7;4;9;13;25;25;43;70;101;76;96;140;124;80;81;71;62;53;37;17;27
23;10920;St.Gallen Stadt Müller-Fried.2;12.01.2020;Sonntag;2;15;26;6;7;8;8;15;18;18;28;44;60;53;58;64;66;65;55;49;47;37;34;20;7
24;10920;St.Gallen Stadt Müller-Fried.2;13.01.2020;Montag;1;8;1;3;3;5;52;78;165;141;136;113;143;119;148;167;100;185;155;199;92;42;44;44;37
25;10920;St.Gallen Stadt Müller-Fried.2;13.01.2020;Montag;2;9;3;2;2;3;11;42;90;90;70;74;80;101;89;70;83;70;106;101;82;46;39;34;12
26;10920;St.Gallen Stadt Müller-Fried.2;14.01.2020;Dienstag;1;24;4;1;1;7;23;97;178;154;143;127;160;122;149;130;170;165;169;163;115;67;45;46;36
27;10920;St.Gallen Stadt Müller-Fried.2;14.01.2020;Dienstag;2;10;0;1;1;5;14;40;104;115;85;68;90;89;89;88;76;86;112;97;65;32;51;43;18
28;10920;St.Gallen Stadt Müller-Fried.2;15.01.2020;Mittwoch;1;9;2;7;0;4;25;82;172;176;117;97;115;131;141;163;153;170;160;148;110;72;50;32;36
29;10920;St.Gallen Stadt Müller-Fried.2;15.01.2020;Mittwoch;2;11;1;3;0;2;9;45;102;91;79;69;94;77;108;92;78;76;102;82;74;55;45;38;16
30;10920;St.Gallen Stadt Müller-Fried.2;16.01.2020;Donnerstag;1;21;3;4;1;2;33;78;147;183;142;157;177;121;140;150;139;141;185;135;129;82;62;47;34
31;10920;St.Gallen Stadt Müller-Fried.2;16.01.2020;Donnerstag;2;5;3;2;1;3;8;48;111;102;79;70;89;71;86;118;76;82;96;107;83;66;55;26;17
32;10920;St.Gallen Stadt Müller-Fried.2;17.01.2020;Freitag;1;21;3;3;3;7;31;89;154;155;144;138;130;125;142;121;145;179;186;132;120;69;69;49;34
33;10920;St.Gallen Stadt Müller-Fried.2;17.01.2020;Freitag;2;6;3;0;2;4;10;54;97;83;78;87;96;73;73;76;80;91;109;101;66;42;47;44;30
34;10920;St.Gallen Stadt Müller-Fried.2;18.01.2020;Samstag;1;27;14;11;8;11;27;55;44;65;139;101;146;99;127;124;138;126;134;91;90;60;54;64;49
35;10920;St.Gallen Stadt Müller-Fried.2;18.01.2020;Samstag;2;21;13;8;3;11;6;16;33;24;57;49;74;81;84;81;75;95;81;51;57;35;41;38;33
36;10920;St.Gallen Stadt Müller-Fried.2;19.01.2020;Sonntag;1;36;19;12;3;14;10;32;44;52;84;65;86;81;80;85;94;119;86;52;58;55;43;28;16
37;10920;St.Gallen Stadt Müller-Fried.2;19.01.2020;Sonntag;2;33;16;10;4;8;3;9;13;18;31;37;52;45;60;58;56;95;65;46;39;30;31;17;9
38;10920;St.Gallen Stadt Müller-Fried.2;20.01.2020;Montag;1;10;3;3;1;4;38;100;139;168;119;118;121;105;157;114;104;106;136;117;84;65;44;23;24
39;10920;St.Gallen Stadt Müller-Fried.2;20.01.2020;Montag;2;6;3;1;0;4;8;41;87;100;69;78;73;78;99;95;101;78;95;102;68;44;51;27;16
40;10920;St.Gallen Stadt Müller-Fried.2;21.01.2020;Dienstag;1;8;3;1;1;4;54;132;173;180;164;134;143;149;164;123;122;149;178;167;104;66;37;48;19
41;10920;St.Gallen Stadt Müller-Fried.2;21.01.2020;Dienstag;2;2;2;2;0;1;11;47;90;112;73;77;74;110;111;85;91;88;106;103;63;51;33;43;14
42;10920;St.Gallen Stadt Müller-Fried.2;22.01.2020;Mittwoch;1;12;3;2;1;3;25;86;170;164;105;174;148;158;182;115;115;131;155;140;113;62;40;45;26
43;10920;St.Gallen Stadt Müller-Fried.2;22.01.2020;Mittwoch;2;11;3;4;0;3;12;40;113;80;83;80;102;93;75;69;72;92;90;113;70;60;47;44;23
44;10920;St.Gallen Stadt Müller-Fried.2;23.01.2020;Donnerstag;1;10;2;5;1;4;50;85;162;195;134;116;111;128;165;172;136;139;182;137;127;76;47;52;22
45;10920;St.Gallen Stadt Müller-Fried.2;23.01.2020;Donnerstag;2;10;1;2;0;5;10;48;125;97;57;82;86;89;84;70;78;79;90;118;73;56;49;49;35
46;10920;St.Gallen Stadt Müller-Fried.2;24.01.2020;Freitag;1;16;5;4;4;7;21;88;164;160;167;124;143;142;147;187;144;139;141;112;131;67;77;48;51
47;10920;St.Gallen Stadt Müller-Fried.2;24.01.2020;Freitag;2;18;3;3;4;4;11;44;83;89;70;80;93;79;83;88;98;87;110;97;76;52;44;33;27
48;10920;St.Gallen Stadt Müller-Fried.2;25.01.2020;Samstag;1;32;21;15;12;8;16;40;53;81;120;119;129;92;119;111;131;142;93;108;79;42;40;44;34
49;10920;St.Gallen Stadt Müller-Fried.2;25.01.2020;Samstag;2;28;15;12;6;7;9;13;21;28;52;62;70;62;76;70;77;106;81;52;41;34;42;29;28
50;10920;St.Gallen Stadt Müller-Fried.2;26.01.2020;Sonntag;1;21;11;18;7;5;16;19;31;47;60;63;81;78;82;107;92;74;67;61;65;36;32;42;20
51;10920;St.Gallen Stadt Müller-Fried.2;26.01.2020;Sonntag;2;17;11;19;7;6;5;8;8;17;23;33;41;49;51;57;60;60;46;44;43;24;26;17;9
52;10920;St.Gallen Stadt Müller-Fried.2;27.01.2020;Montag;1;9;1;1;3;6;33;79;160;109;89;76;105;129;136;88;107;113;101;93;90;56;51;28;29
53;10920;St.Gallen Stadt Müller-Fried.2;27.01.2020;Montag;2;3;0;0;1;3;13;35;71;97;78;51;55;75;83;65;75;87;85;81;47;41;39;23;9
54;10920;St.Gallen Stadt Müller-Fried.2;28.01.2020;Dienstag;1;15;0;1;2;3;31;83;111;100;43;60;64;60;57;59;72;57;42;45;85;31;25;23;20
55;10920;St.Gallen Stadt Müller-Fried.2;28.01.2020;Dienstag;2;7;0;2;1;1;11;33;93;119;82;107;64;62;85;59;73;76;92;65;83;36;35;42;17
56;10920;St.Gallen Stadt Müller-Fried.2;29.01.2020;Mittwoch;1;8;4;1;5;6;41;59;75;51;47;71;69;68;60;86;34;46;51;69;35;30;22;16;20
57;10920;St.Gallen Stadt Müller-Fried.2;29.01.2020;Mittwoch;2;6;3;5;4;8;11;36;87;75;63;80;77;79;63;84;69;66;95;89;53;41;29;22;10
58;10920;St.Gallen Stadt Müller-Fried.2;30.01.2020;Donnerstag;1;10;2;1;1;7;25;52;62;30;38;56;51;68;62;46;57;49;65;55;70;33;21;26;27
59;10920;St.Gallen Stadt Müller-Fried.2;30.01.2020;Donnerstag;2;6;2;0;1;7;13;46;84;74;54;62;64;74;92;79;78;77;91;81;44;60;35;34;18
60;10920;St.Gallen Stadt Müller-Fried.2;31.01.2020;Freitag;1;18;2;1;2;2;33;63;56;73;38;42;43;45;42;39;45;34;42;39;96;30;31;34;38
61;10920;St.Gallen Stadt Müller-Fried.2;31.01.2020;Freitag;2;26;5;2;2;3;15;39;74;68;75;66;72;73;51;77;60;61;81;84;52;51;29;32;26
62;10920;St.Gallen Stadt Müller-Fried.2;01.02.2020;Samstag;1;23;8;5;9;5;15;14;16;15;48;56;56;43;67;56;73;53;45;36;24;21;27;25;24
63;10920;St.Gallen Stadt Müller-Fried.2;01.02.2020;Samstag;2;22;11;6;8;8;29;18;25;32;72;84;78;63;69;66;67;81;57;53;37;18;23;25;21
64;10920;St.Gallen Stadt Müller-Fried.2;02.02.2020;Sonntag;1;18;5;5;7;6;13;21;14;16;19;22;18;29;26;19;36;31;43;41;23;26;25;15;22
65;10920;St.Gallen Stadt Müller-Fried.2;02.02.2020;Sonntag;2;20;8;4;7;8;5;6;18;16;40;46;43;32;49;54;54;59;46;58;29;34;26;15;9
66;10920;St.Gallen Stadt Müller-Fried.2;03.02.2020;Montag;1;8;1;1;0;4;22;43;77;78;81;34;57;58;51;46;48;51;69;62;85;50;30;24;15
67;10920;St.Gallen Stadt Müller-Fried.2;03.02.2020;Montag;2;3;0;1;0;5;20;39;87;108;92;66;80;88;72;68;75;69;82;107;78;52;38;31;10
68;10920;St.Gallen Stadt Müller-Fried.2;04.02.2020;Dienstag;1;18;3;1;3;2;31;55;67;61;65;60;64;59;59;84;53;63;58;56;64;55;22;22;17
69;10920;St.Gallen Stadt Müller-Fried.2;04.02.2020;Dienstag;2;6;3;0;3;2;11;34;103;100;70;63;79;83;72;76;70;74;92;103;86;44;37;36;18
70;10920;St.Gallen Stadt Müller-Fried.2;05.02.2020;Mittwoch;1;7;2;1;0;2;26;50;69;63;40;46;49;57;55;49;33;46;57;61;34;26;30;25;23
71;10920;St.Gallen Stadt Müller-Fried.2;05.02.2020;Mittwoch;2;6;1;0;1;3;15;43;106;103;74;71;94;77;84;72;61;73;113;89;62;40;50;34;24
72;10920;St.Gallen Stadt Müller-Fried.2;07.02.2020;Freitag;1;12;2;0;1;4;18;39;78;44;44;40;47;48;55;79;77;48;39;53;48;45;18;32;24
73;10920;St.Gallen Stadt Müller-Fried.2;07.02.2020;Freitag;2;7;2;2;2;3;15;36;81;73;79;88;92;68;78;68;81;67;102;99;57;43;30;32;33
74;10920;St.Gallen Stadt Müller-Fried.2;08.02.2020;Samstag;1;23;4;2;1;3;12;16;16;19;41;29;55;36;44;38;42;45;45;49;22;20;29;27;19
75;10920;St.Gallen Stadt Müller-Fried.2;08.02.2020;Samstag;2;21;8;3;2;4;11;16;20;29;87;79;73;59;63;68;61;74;77;54;44;29;27;33;22
76;10920;St.Gallen Stadt Müller-Fried.2;09.02.2020;Sonntag;1;23;9;11;7;4;10;11;18;15;23;20;23;36;28;30;32;28;44;51;35;28;33;13;13
77;10920;St.Gallen Stadt Müller-Fried.2;09.02.2020;Sonntag;2;21;20;10;6;3;5;10;12;11;30;50;43;54;44;46;70;74;58;64;34;37;26;19;16
78;10920;St.Gallen Stadt Müller-Fried.2;10.02.2020;Montag;1;10;0;3;0;6;30;50;46;55;63;61;48;52;46;40;53;68;52;97;63;52;34;36;31
79;10920;St.Gallen Stadt Müller-Fried.2;10.02.2020;Montag;2;6;0;2;0;4;13;51;102;122;77;84;79;73;92;72;64;78;92;132;71;38;39;23;6
80;10920;St.Gallen Stadt Müller-Fried.2;11.02.2020;Dienstag;1;16;0;0;1;4;21;37;55;75;50;52;62;59;65;47;37;57;43;51;44;35;27;19;16
81;10920;St.Gallen Stadt Müller-Fried.2;11.02.2020;Dienstag;2;3;0;0;1;5;10;42;100;93;81;111;83;100;95;78;67;84;99;88;55;48;45;25;11
82;10920;St.Gallen Stadt Müller-Fried.2;12.02.2020;Mittwoch;1;8;0;1;1;5;25;53;70;84;39;58;56;47;51;57;52;53;53;58;52;36;27;24;21
83;10920;St.Gallen Stadt Müller-Fried.2;12.02.2020;Mittwoch;2;6;0;2;1;2;32;53;140;135;71;83;87;76;109;87;62;61;107;86;72;40;37;32;19
84;10920;St.Gallen Stadt Müller-Fried.2;13.02.2020;Donnerstag;1;9;1;3;0;4;31;42;67;63;31;36;56;74;81;53;46;52;71;69;63;51;37;30;20
85;10920;St.Gallen Stadt Müller-Fried.2;13.02.2020;Donnerstag;2;5;0;2;0;4;11;48;82;80;70;77;85;72;107;68;72;81;91;98;81;46;45;31;19
86;10920;St.Gallen Stadt Müller-Fried.2;14.02.2020;Freitag;1;12;2;2;1;0;27;39;53;76;60;48;77;55;64;46;67;57;67;43;50;32;17;34;22
87;10920;St.Gallen Stadt Müller-Fried.2;14.02.2020;Freitag;2;7;4;3;1;4;14;66;93;82;81;89;96;81;73;70;72;104;90;103;100;51;41;38;29
88;10920;St.Gallen Stadt Müller-Fried.2;15.02.2020;Samstag;1;22;5;4;7;2;17;26;21;36;60;52;78;59;88;49;42;58;45;82;21;20;29;26;24
89;10920;St.Gallen Stadt Müller-Fried.2;15.02.2020;Samstag;2;20;6;3;7;3;10;11;27;42;51;48;87;76;77;68;68;73;68;35;38;23;32;42;30
90;10920;St.Gallen Stadt Müller-Fried.2;16.02.2020;Sonntag;1;28;15;7;6;10;6;15;11;16;57;27;32;40;31;43;31;43;49;26;35;27;21;24;28
91;10920;St.Gallen Stadt Müller-Fried.2;16.02.2020;Sonntag;2;24;14;7;9;7;5;7;17;12;31;30;53;46;41;56;58;76;66;47;55;36;30;20;17
92;10920;St.Gallen Stadt Müller-Fried.2;17.02.2020;Montag;1;15;0;1;0;5;32;37;85;68;63;39;72;60;59;40;49;48;53;66;45;30;23;25;10
93;10920;St.Gallen Stadt Müller-Fried.2;17.02.2020;Montag;2;11;1;2;0;5;18;46;122;123;79;72;111;94;89;72;73;110;105;135;81;31;54;31;4
94;10920;St.Gallen Stadt Müller-Fried.2;18.02.2020;Dienstag;1;18;1;1;0;2;22;35;96;62;85;72;66;71;58;42;46;37;51;54;96;35;29;26;16
95;10920;St.Gallen Stadt Müller-Fried.2;18.02.2020;Dienstag;2;4;2;1;0;5;14;41;130;79;80;89;91;76;93;77;65;75;105;114;69;49;32;29;21
96;10920;St.Gallen Stadt Müller-Fried.2;19.02.2020;Mittwoch;1;13;1;0;1;1;22;53;72;53;41;44;63;48;43;44;33;59;46;54;41;25;37;28;15
97;10920;St.Gallen Stadt Müller-Fried.2;19.02.2020;Mittwoch;2;14;4;0;4;3;27;40;110;98;99;68;92;96;93;78;72;96;106;109;69;50;49;40;18
98;10920;St.Gallen Stadt Müller-Fried.2;20.02.2020;Donnerstag;1;12;3;4;3;3;17;41;54;49;36;57;50;53;56;46;47;41;44;70;47;37;31;24;23
99;10920;St.Gallen Stadt Müller-Fried.2;20.02.2020;Donnerstag;2;8;2;5;6;5;15;48;132;83;73;88;114;106;104;70;83;78;97;97;76;40;45;48;33
100;10920;St.Gallen Stadt Müller-Fried.2;21.02.2020;Freitag;1;14;3;2;2;2;34;38;55;51;55;60;71;55;54;42;74;77;47;92;42;46;34;35;16
101;10920;St.Gallen Stadt Müller-Fried.2;21.02.2020;Freitag;2;15;5;4;0;5;15;31;95;96;89;89;99;90;75;57;87;91;73;105;78;50;38;40;29
102;10920;St.Gallen Stadt Müller-Fried.2;22.02.2020;Samstag;1;20;10;3;3;4;12;22;14;17;47;53;52;37;37;48;40;58;64;41;30;30;18;18;16
103;10920;St.Gallen Stadt Müller-Fried.2;22.02.2020;Samstag;2;19;14;4;3;4;9;13;19;26;57;62;69;78;59;64;59;54;83;49;51;43;35;37;31
104;10920;St.Gallen Stadt Müller-Fried.2;23.02.2020;Sonntag;1;16;8;6;5;4;24;17;18;16;19;25;25;38;25;31;33;26;25;28;28;22;24;13;10
105;10920;St.Gallen Stadt Müller-Fried.2;23.02.2020;Sonntag;2;34;13;13;6;5;3;11;14;16;32;42;56;49;56;60;57;52;51;67;56;42;29;16;11
106;10920;St.Gallen Stadt Müller-Fried.2;24.02.2020;Montag;1;9;0;0;1;1;31;50;62;75;61;79;56;95;66;89;53;90;66;39;65;33;20;21;14
107;10920;St.Gallen Stadt Müller-Fried.2;24.02.2020;Montag;2;6;0;1;3;4;13;47;100;97;84;93;129;77;90;94;73;96;109;110;80;44;46;39;14
108;10920;St.Gallen Stadt Müller-Fried.2;25.02.2020;Dienstag;1;8;0;1;1;1;35;31;58;44;40;53;55;44;73;41;40;70;50;43;57;23;26;26;27
109;10920;St.Gallen Stadt Müller-Fried.2;25.02.2020;Dienstag;2;14;1;0;3;3;11;42;113;99;82;90;104;104;89;73;91;81;81;116;82;48;46;30;22
110;10920;St.Gallen Stadt Müller-Fried.2;26.02.2020;Mittwoch;1;12;5;0;1;2;42;45;58;49;37;49;64;49;68;78;50;43;49;61;54;40;33;32;17
111;10920;St.Gallen Stadt Müller-Fried.2;26.02.2020;Mittwoch;2;11;5;0;1;4;20;41;115;95;72;76;111;90;108;68;67;71;77;106;84;60;74;31;21
112;10920;St.Gallen Stadt Müller-Fried.2;27.02.2020;Donnerstag;1;10;2;3;6;4;27;48;43;53;42;44;63;50;71;64;50;46;71;65;39;46;32;26;27
113;10920;St.Gallen Stadt Müller-Fried.2;27.02.2020;Donnerstag;2;10;3;2;7;8;19;54;89;96;100;78;85;76;109;89;78;81;85;138;61;53;66;28;21
114;10920;St.Gallen Stadt Müller-Fried.2;28.02.2020;Freitag;1;17;1;2;0;1;21;44;38;64;37;124;56;48;49;77;47;72;42;72;49;27;36;24;20
115;10920;St.Gallen Stadt Müller-Fried.2;28.02.2020;Freitag;2;6;2;2;0;3;16;35;104;118;80;99;79;81;92;93;96;101;81;97;90;45;35;32;34
116;10920;St.Gallen Stadt Müller-Fried.2;29.02.2020;Samstag;1;16;8;3;5;4;7;13;15;27;38;41;56;42;57;51;38;41;35;59;33;27;32;21;28
117;10920;St.Gallen Stadt Müller-Fried.2;29.02.2020;Samstag;2;29;11;3;4;4;12;13;28;39;55;65;82;82;93;44;79;83;65;51;38;28;28;37;40
118;10920;St.Gallen Stadt Müller-Fried.2;01.03.2020;Sonntag;1;22;10;10;5;6;12;12;20;15;16;22;26;29;39;25;38;33;36;32;26;20;17;19;16
119;10920;St.Gallen Stadt Müller-Fried.2;01.03.2020;Sonntag;2;26;10;11;7;8;6;7;10;17;32;34;51;53;72;67;65;72;69;53;47;36;18;23;10
120;10920;St.Gallen Stadt Müller-Fried.2;02.03.2020;Montag;1;7;2;0;0;3;18;40;46;35;56;37;46;50;53;50;28;46;60;76;48;24;33;23;23
121;10920;St.Gallen Stadt Müller-Fried.2;02.03.2020;Montag;2;4;2;2;0;4;16;38;105;88;102;103;105;106;89;72;75;89;89;105;64;40;46;27;8
122;10920;St.Gallen Stadt Müller-Fried.2;03.03.2020;Dienstag;1;8;0;0;0;1;23;40;61;41;48;56;46;55;55;40;33;39;33;44;56;41;34;24;15
123;10920;St.Gallen Stadt Müller-Fried.2;03.03.2020;Dienstag;2;4;0;0;0;3;14;46;120;79;88;79;107;89;113;94;61;73;104;105;66;56;36;31;16
124;10920;St.Gallen Stadt Müller-Fried.2;04.03.2020;Mittwoch;1;7;1;2;1;2;19;36;57;48;49;51;43;64;66;66;39;40;54;45;66;25;18;21;11
125;10920;St.Gallen Stadt Müller-Fried.2;04.03.2020;Mittwoch;2;4;2;2;1;5;18;42;108;86;72;72;91;80;110;86;77;57;132;103;124;53;47;44;13
126;10920;St.Gallen Stadt Müller-Fried.2;05.03.2020;Donnerstag;1;8;4;2;2;6;27;40;42;67;37;47;51;76;52;68;50;33;77;70;62;39;29;28;18
127;10920;St.Gallen Stadt Müller-Fried.2;05.03.2020;Donnerstag;2;7;5;3;2;6;10;44;94;102;70;78;97;100;109;120;122;67;90;88;70;59;44;41;16
128;10920;St.Gallen Stadt Müller-Fried.2;06.03.2020;Freitag;1;13;1;2;0;2;16;33;51;51;39;51;51;57;35;68;41;59;51;59;30;23;29;25;18
129;10920;St.Gallen Stadt Müller-Fried.2;06.03.2020;Freitag;2;6;1;2;0;4;16;35;110;101;80;98;81;98;79;93;87;72;85;89;81;36;39;48;20
130;10920;St.Gallen Stadt Müller-Fried.2;07.03.2020;Samstag;1;13;6;2;3;5;22;19;19;23;37;40;69;51;40;46;38;41;45;30;40;23;31;24;18
131;10920;St.Gallen Stadt Müller-Fried.2;07.03.2020;Samstag;2;16;10;6;5;7;7;10;15;40;55;58;69;75;60;80;118;84;77;59;35;24;29;39;19
132;10920;St.Gallen Stadt Müller-Fried.2;08.03.2020;Sonntag;1;16;5;5;2;7;9;9;18;13;25;38;25;31;31;26;27;22;23;29;38;27;16;16;11
133;10920;St.Gallen Stadt Müller-Fried.2;08.03.2020;Sonntag;2;27;9;9;4;4;9;7;26;14;21;51;54;47;44;59;48;48;47;34;52;36;23;18;13
134;10920;St.Gallen Stadt Müller-Fried.2;09.03.2020;Montag;1;9;0;0;1;3;14;46;53;27;58;45;61;50;61;34;41;48;50;47;68;47;31;27;15
135;10920;St.Gallen Stadt Müller-Fried.2;09.03.2020;Montag;2;7;0;1;1;5;15;47;93;83;61;72;83;91;93;67;127;85;94;97;80;50;36;26;27
136;10920;St.Gallen Stadt Müller-Fried.2;10.03.2020;Dienstag;1;9;0;1;0;3;23;47;53;57;40;61;61;63;62;48;53;32;56;60;37;30;21;17;19
137;10920;St.Gallen Stadt Müller-Fried.2;10.03.2020;Dienstag;2;8;0;2;0;4;13;48;105;83;119;75;96;78;113;93;64;67;141;121;71;58;43;30;10
138;10920;St.Gallen Stadt Müller-Fried.2;11.03.2020;Mittwoch;1;11;0;1;2;3;15;51;68;49;39;33;44;44;44;39;55;42;51;67;45;45;25;28;11
139;10920;St.Gallen Stadt Müller-Fried.2;11.03.2020;Mittwoch;2;10;0;3;1;7;11;48;107;104;93;119;82;97;82;90;93;72;103;104;82;51;38;37;12
140;10920;St.Gallen Stadt Müller-Fried.2;12.03.2020;Donnerstag;1;12;1;0;1;4;26;35;54;62;89;64;57;57;64;57;42;45;45;62;63;27;23;16;14
141;10920;St.Gallen Stadt Müller-Fried.2;12.03.2020;Donnerstag;2;9;2;0;2;7;21;61;133;93;74;83;75;77;96;104;90;77;102;105;80;48;39;24;12
142;10920;St.Gallen Stadt Müller-Fried.2;13.03.2020;Freitag;1;12;0;3;0;2;26;42;51;50;49;53;43;52;45;54;58;58;43;60;44;28;22;16;20
143;10920;St.Gallen Stadt Müller-Fried.2;13.03.2020;Freitag;2;10;1;2;1;4;15;56;83;91;81;79;90;64;82;82;73;87;97;98;85;38;39;28;52
144;10920;St.Gallen Stadt Müller-Fried.2;14.03.2020;Samstag;1;11;2;5;2;2;8;20;17;20;29;29;53;39;65;47;57;58;74;37;18;20;29;28;21
145;10920;St.Gallen Stadt Müller-Fried.2;14.03.2020;Samstag;2;14;9;3;6;3;11;9;21;40;62;77;76;76;53;59;74;64;69;60;34;32;28;21;16
146;10920;St.Gallen Stadt Müller-Fried.2;15.03.2020;Sonntag;1;17;2;5;4;2;6;17;12;16;14;19;24;20;20;26;27;28;24;40;33;24;14;19;9
147;10920;St.Gallen Stadt Müller-Fried.2;15.03.2020;Sonntag;2;15;7;5;7;4;3;8;11;14;31;44;47;43;83;53;50;57;55;43;29;38;24;18;11
148;10920;St.Gallen Stadt Müller-Fried.2;16.03.2020;Montag;1;9;0;0;0;4;19;37;54;43;41;43;43;53;55;35;49;41;40;54;42;33;25;26;25
149;10920;St.Gallen Stadt Müller-Fried.2;16.03.2020;Montag;2;7;2;1;0;6;16;38;85;77;78;96;116;100;89;113;84;80;100;89;64;33;24;8;10
150;10920;St.Gallen Stadt Müller-Fried.2;17.03.2020;Dienstag;1;11;4;0;0;2;20;60;45;43;46;70;46;50;44;46;46;54;55;52;32;24;20;16;9
151;10920;St.Gallen Stadt Müller-Fried.2;17.03.2020;Dienstag;2;11;1;0;0;4;20;56;78;60;72;67;82;73;83;49;59;72;89;90;49;31;18;30;22
152;10920;St.Gallen Stadt Müller-Fried.2;18.03.2020;Mittwoch;1;8;0;0;0;1;30;60;61;50;46;44;70;53;58;73;43;45;37;68;61;35;11;13;9
153;10920;St.Gallen Stadt Müller-Fried.2;18.03.2020;Mittwoch;2;15;0;1;0;3;17;55;86;84;58;65;96;67;84;78;54;78;72;82;26;23;17;15;6
154;10920;St.Gallen Stadt Müller-Fried.2;19.03.2020;Donnerstag;1;8;0;0;1;3;17;41;79;34;48;47;43;54;47;62;51;29;55;47;37;35;15;13;18
155;10920;St.Gallen Stadt Müller-Fried.2;19.03.2020;Donnerstag;2;12;0;0;3;4;20;56;63;62;65;72;55;77;68;53;58;60;76;64;60;25;16;9;6
156;10920;St.Gallen Stadt Müller-Fried.2;20.03.2020;Freitag;1;8;1;0;0;3;13;35;28;40;37;45;6;14;45;45;45;41;66;41;40;24;18;16;22
157;10920;St.Gallen Stadt Müller-Fried.2;20.03.2020;Freitag;2;7;1;1;0;5;40;59;74;84;68;82;8;25;64;49;50;63;76;65;42;24;12;5;12
158;10920;St.Gallen Stadt Müller-Fried.2;21.03.2020;Samstag;1;10;2;1;0;1;9;19;24;41;31;35;28;53;59;45;43;43;35;16;26;18;21;12;12
159;10920;St.Gallen Stadt Müller-Fried.2;21.03.2020;Samstag;2;13;1;0;0;2;6;12;15;37;38;51;53;50;45;30;37;43;38;28;21;13;10;19;9
160;10920;St.Gallen Stadt Müller-Fried.2;22.03.2020;Sonntag;1;8;1;1;0;0;3;16;16;17;25;17;21;23;26;23;26;18;24;28;15;24;23;12;10
161;10920;St.Gallen Stadt Müller-Fried.2;22.03.2020;Sonntag;2;6;2;0;0;0;3;7;13;11;15;15;25;17;26;27;52;24;35;35;25;14;19;11;27
162;10920;St.Gallen Stadt Müller-Fried.2;23.03.2020;Montag;1;6;1;0;2;5;41;39;36;35;61;60;42;59;87;71;103;39;36;26;27;16;10;21;15
163;10920;St.Gallen Stadt Müller-Fried.2;23.03.2020;Montag;2;6;0;0;2;4;7;27;62;46;66;71;56;70;76;66;69;76;83;72;52;28;17;13;11
164;10920;St.Gallen Stadt Müller-Fried.2;24.03.2020;Dienstag;1;14;0;0;0;3;6;26;34;27;71;59;52;63;64;34;31;42;32;32;14;16;16;24;10
165;10920;St.Gallen Stadt Müller-Fried.2;24.03.2020;Dienstag;2;7;0;1;0;2;10;51;96;65;63;59;58;93;82;56;52;63;92;76;43;22;15;11;9
166;10920;St.Gallen Stadt Müller-Fried.2;25.03.2020;Mittwoch;1;9;1;0;2;1;16;27;37;31;43;34;40;36;46;37;26;41;53;30;17;17;16;10;18
167;10920;St.Gallen Stadt Müller-Fried.2;25.03.2020;Mittwoch;2;8;1;0;3;0;10;47;68;63;71;51;71;80;80;70;47;63;83;75;51;31;21;15;14
168;10920;St.Gallen Stadt Müller-Fried.2;26.03.2020;Donnerstag;1;11;0;1;1;1;24;40;37;31;59;108;94;84;88;70;61;58;46;33;37;19;13;31;12
169;10920;St.Gallen Stadt Müller-Fried.2;26.03.2020;Donnerstag;2;8;0;0;2;0;7;66;71;60;67;65;76;94;77;51;75;81;94;97;48;32;19;11;14
170;10920;St.Gallen Stadt Müller-Fried.2;27.03.2020;Freitag;1;9;0;0;0;3;17;38;34;43;99;82;80;85;98;76;85;64;49;76;20;26;17;21;26
171;10920;St.Gallen Stadt Müller-Fried.2;27.03.2020;Freitag;2;8;0;0;0;2;10;51;69;61;57;77;67;89;73;67;76;80;85;101;39;29;23;17;16
172;10920;St.Gallen Stadt Müller-Fried.2;28.03.2020;Samstag;1;12;0;2;0;2;23;17;16;42;62;45;53;63;44;61;36;34;36;24;16;27;15;20;16
173;10920;St.Gallen Stadt Müller-Fried.2;28.03.2020;Samstag;2;12;1;2;2;1;7;29;24;29;43;64;60;62;61;74;54;61;63;33;36;15;16;17;13
174;10920;St.Gallen Stadt Müller-Fried.2;29.03.2020;Sonntag;1;12;0;0;1;0;19;23;17;22;21;17;18;26;26;27;21;18;18;14;27;33;18;32;39
175;10920;St.Gallen Stadt Müller-Fried.2;29.03.2020;Sonntag;2;9;0;1;1;1;5;18;16;18;24;38;40;33;43;50;43;33;35;41;34;27;21;12;27
176;10920;St.Gallen Stadt Müller-Fried.2;30.03.2020;Montag;1;23;1;1;2;2;5;17;15;12;13;14;21;17;18;12;16;11;15;17;14;14;12;13;11
177;10920;St.Gallen Stadt Müller-Fried.2;30.03.2020;Montag;2;8;1;0;4;6;11;39;61;58;35;51;56;59;57;50;46;58;68;54;38;21;21;15;14
178;10920;St.Gallen Stadt Müller-Fried.2;31.03.2020;Dienstag;1;8;0;1;1;3;4;16;17;11;16;21;19;16;24;17;24;21;17;15;16;14;13;13;12
179;10920;St.Gallen Stadt Müller-Fried.2;31.03.2020;Dienstag;2;9;0;0;1;1;9;40;59;54;49;65;63;73;64;65;58;63;68;70;52;32;18;18;13
180;10920;St.Gallen Stadt Müller-Fried.2;01.04.2020;Mittwoch;1;9;1;1;0;3;4;22;17;17;14;22;17;16;17;25;13;17;21;13;15;12;14;11;13
181;10920;St.Gallen Stadt Müller-Fried.2;01.04.2020;Mittwoch;2;9;2;0;1;3;7;43;62;54;50;77;57;71;74;57;45;65;79;49;49;27;19;18;15
182;10920;St.Gallen Stadt Müller-Fried.2;02.04.2020;Donnerstag;1;11;0;1;1;1;3;14;16;15;17;16;20;16;22;13;16;23;16;22;20;15;18;11;11
183;10920;St.Gallen Stadt Müller-Fried.2;02.04.2020;Donnerstag;2;13;1;0;1;1;6;36;60;65;57;61;68;72;69;44;54;56;77;62;43;26;22;18;16
184;10920;St.Gallen Stadt Müller-Fried.2;03.04.2020;Freitag;1;7;1;1;1;1;7;21;20;27;19;16;25;21;19;20;16;16;19;17;15;15;13;12;13
185;10920;St.Gallen Stadt Müller-Fried.2;03.04.2020;Freitag;2;8;3;2;3;1;5;46;56;66;68;61;70;83;67;58;72;78;74;73;44;28;18;22;17
186;10920;St.Gallen Stadt Müller-Fried.2;04.04.2020;Samstag;1;6;2;1;2;2;5;15;10;12;13;14;14;17;15;19;20;17;19;12;18;16;13;9;15
187;10920;St.Gallen Stadt Müller-Fried.2;04.04.2020;Samstag;2;8;3;0;7;3;5;24;17;31;35;47;46;52;52;49;59;52;47;29;32;26;15;17;13
188;10920;St.Gallen Stadt Müller-Fried.2;05.04.2020;Sonntag;1;11;0;1;0;0;3;13;10;13;16;13;15;15;16;17;14;17;18;16;8;16;14;12;12
189;10920;St.Gallen Stadt Müller-Fried.2;05.04.2020;Sonntag;2;9;0;1;1;1;5;13;13;15;34;27;30;34;41;48;42;44;48;51;31;30;26;13;13
190;10920;St.Gallen Stadt Müller-Fried.2;06.04.2020;Montag;1;10;1;0;3;0;7;20;16;15;19;24;22;21;23;18;27;18;19;13;12;14;15;13;15
191;10920;St.Gallen Stadt Müller-Fried.2;06.04.2020;Montag;2;9;2;0;2;3;6;40;69;66;41;60;69;69;54;62;81;63;67;70;38;26;22;15;13
192;10920;St.Gallen Stadt Müller-Fried.2;07.04.2020;Dienstag;1;12;0;0;1;2;5;19;16;19;16;21;21;23;31;18;20;14;20;20;16;14;16;13;10
193;10920;St.Gallen Stadt Müller-Fried.2;07.04.2020;Dienstag;2;9;1;1;2;1;9;44;61;63;67;55;59;72;72;50;63;67;75;70;40;29;19;19;16
194;10920;St.Gallen Stadt Müller-Fried.2;08.04.2020;Mittwoch;1;6;1;1;2;2;6;20;15;14;17;23;26;17;26;34;35;18;14;17;14;15;13;13;11
195;10920;St.Gallen Stadt Müller-Fried.2;08.04.2020;Mittwoch;2;9;3;2;3;3;11;40;70;55;62;68;71;86;72;63;56;61;75;54;47;28;24;14;13
196;10920;St.Gallen Stadt Müller-Fried.2;09.04.2020;Donnerstag;1;9;0;0;0;2;5;18;19;17;20;23;24;15;27;19;27;23;17;14;16;14;12;12;16
197;10920;St.Gallen Stadt Müller-Fried.2;09.04.2020;Donnerstag;2;8;1;1;1;4;7;34;57;59;72;79;88;70;67;88;66;64;78;58;48;91;18;20;20
198;10920;St.Gallen Stadt Müller-Fried.2;10.04.2020;Freitag;1;7;3;0;0;0;3;10;11;12;13;14;12;16;15;18;19;13;16;14;16;11;17;14;10
199;10920;St.Gallen Stadt Müller-Fried.2;10.04.2020;Freitag;2;15;4;3;0;1;3;13;21;21;23;31;32;45;34;38;53;44;44;38;39;28;33;17;17
200;10920;St.Gallen Stadt Müller-Fried.2;11.04.2020;Samstag;1;9;0;0;2;3;5;12;15;17;14;18;24;15;15;15;17;15;20;14;11;14;12;13;11
201;10920;St.Gallen Stadt Müller-Fried.2;11.04.2020;Samstag;2;8;0;1;2;3;5;14;31;28;48;80;69;59;59;68;72;69;68;34;33;20;16;13;19
202;10920;St.Gallen Stadt Müller-Fried.2;12.04.2020;Sonntag;1;10;1;0;0;0;6;16;11;13;13;13;17;20;17;17;13;22;20;15;14;17;18;13;13
203;10920;St.Gallen Stadt Müller-Fried.2;12.04.2020;Sonntag;2;10;4;1;2;1;5;13;11;22;28;34;39;27;37;29;34;40;37;37;33;26;21;17;11
204;10920;St.Gallen Stadt Müller-Fried.2;13.04.2020;Montag;1;8;1;0;1;0;3;12;12;11;16;19;18;19;26;12;19;18;15;15;14;13;16;15;12
205;10920;St.Gallen Stadt Müller-Fried.2;13.04.2020;Montag;2;8;1;0;2;3;3;11;13;23;27;33;41;38;33;39;39;57;42;37;32;24;21;18;10
206;10920;St.Gallen Stadt Müller-Fried.2;14.04.2020;Dienstag;1;7;1;0;2;1;7;17;18;22;13;17;19;32;21;29;24;17;19;16;19;14;14;15;10
207;10920;St.Gallen Stadt Müller-Fried.2;14.04.2020;Dienstag;2;8;2;1;1;4;4;35;57;61;60;68;68;64;80;58;51;64;73;66;37;25;23;20;15
208;10920;St.Gallen Stadt Müller-Fried.2;15.04.2020;Mittwoch;1;7;2;0;1;2;7;13;20;25;17;17;18;23;20;12;15;19;17;14;13;14;15;12;12
209;10920;St.Gallen Stadt Müller-Fried.2;15.04.2020;Mittwoch;2;6;3;0;2;1;9;36;67;54;57;63;57;71;82;50;55;73;56;71;44;31;25;15;17
210;10920;St.Gallen Stadt Müller-Fried.2;16.04.2020;Donnerstag;1;11;0;0;0;3;2;12;17;14;19;15;22;21;23;35;18;23;20;14;16;14;16;14;11
211;10920;St.Gallen Stadt Müller-Fried.2;16.04.2020;Donnerstag;2;9;0;0;1;2;6;38;54;59;51;64;72;73;73;49;48;55;77;69;43;27;19;18;14
212;10920;St.Gallen Stadt Müller-Fried.2;17.04.2020;Freitag;1;8;1;0;0;2;5;17;20;26;18;27;24;19;22;15;22;24;19;17;14;19;12;10;10
213;10920;St.Gallen Stadt Müller-Fried.2;17.04.2020;Freitag;2;6;3;0;2;3;6;47;56;60;70;67;68;71;66;80;76;69;78;64;52;35;23;13;18
214;10920;St.Gallen Stadt Müller-Fried.2;18.04.2020;Samstag;1;8;1;0;1;3;4;12;16;15;15;14;17;19;14;16;16;14;20;15;13;12;19;12;11
215;10920;St.Gallen Stadt Müller-Fried.2;18.04.2020;Samstag;2;10;5;2;1;2;9;14;30;29;39;56;52;59;33;55;56;60;41;45;38;24;26;18;15
216;10920;St.Gallen Stadt Müller-Fried.2;19.04.2020;Sonntag;1;8;2;0;2;1;4;11;9;12;11;15;18;18;17;22;19;12;11;12;12;16;11;14;15
217;10920;St.Gallen Stadt Müller-Fried.2;19.04.2020;Sonntag;2;9;2;2;2;2;4;15;15;13;21;40;28;53;35;49;48;48;50;46;33;27;18;19;15
218;10920;St.Gallen Stadt Müller-Fried.2;20.04.2020;Montag;1;9;0;0;1;1;4;15;18;14;15;17;15;17;20;21;16;14;19;23;17;12;13;13;10
219;10920;St.Gallen Stadt Müller-Fried.2;20.04.2020;Montag;2;10;1;0;1;0;7;33;70;45;68;49;63;66;71;64;62;50;65;75;38;40;17;15;11
220;10920;St.Gallen Stadt Müller-Fried.2;21.04.2020;Dienstag;1;9;0;0;1;1;6;16;21;31;12;20;22;20;18;20;20;18;17;21;18;13;10;15;14
221;10920;St.Gallen Stadt Müller-Fried.2;21.04.2020;Dienstag;2;12;2;1;1;1;10;39;61;66;54;62;79;65;63;74;62;62;61;87;59;25;18;18;15
222;10920;St.Gallen Stadt Müller-Fried.2;22.04.2020;Mittwoch;1;7;1;0;0;2;5;13;26;17;16;18;22;21;31;22;17;23;18;17;11;15;10;12;11
223;10920;St.Gallen Stadt Müller-Fried.2;22.04.2020;Mittwoch;2;9;1;0;0;2;6;44;60;80;71;71;63;77;72;84;78;70;72;68;60;37;23;17;15
224;10920;St.Gallen Stadt Müller-Fried.2;23.04.2020;Donnerstag;1;7;1;0;0;2;4;13;23;15;18;24;29;13;23;28;37;20;32;33;22;13;13;12;9
225;10920;St.Gallen Stadt Müller-Fried.2;23.04.2020;Donnerstag;2;8;1;1;0;3;7;41;69;65;45;81;79;76;97;68;74;73;77;74;56;31;25;25;16
226;10920;St.Gallen Stadt Müller-Fried.2;24.04.2020;Freitag;1;9;2;1;0;1;4;15;18;26;19;17;21;24;21;18;21;16;16;23;17;11;16;14;13
227;10920;St.Gallen Stadt Müller-Fried.2;24.04.2020;Freitag;2;6;5;1;0;3;8;35;78;64;59;76;67;76;82;66;85;73;75;90;49;31;29;19;17
228;10920;St.Gallen Stadt Müller-Fried.2;25.04.2020;Samstag;1;7;1;2;3;1;6;12;10;16;21;19;14;20;16;15;19;20;14;18;13;10;15;14;12
229;10920;St.Gallen Stadt Müller-Fried.2;25.04.2020;Samstag;2;16;5;4;5;0;8;23;18;44;39;55;68;77;44;65;65;57;59;50;26;34;26;21;15
230;10920;St.Gallen Stadt Müller-Fried.2;26.04.2020;Sonntag;1;7;3;2;1;1;9;11;10;12;11;14;11;20;17;15;13;17;17;15;17;11;17;11;13
231;10920;St.Gallen Stadt Müller-Fried.2;26.04.2020;Sonntag;2;7;7;3;2;2;7;13;15;14;20;33;29;44;41;49;47;65;43;50;55;29;25;19;13
232;10920;St.Gallen Stadt Müller-Fried.2;27.04.2020;Montag;1;8;1;0;1;0;9;19;23;17;21;19;27;24;20;15;15;11;27;22;24;11;11;11;10
233;10920;St.Gallen Stadt Müller-Fried.2;27.04.2020;Montag;2;10;1;2;1;0;11;36;71;73;50;66;66;93;72;65;64;68;75;89;42;35;37;21;12
234;10920;St.Gallen Stadt Müller-Fried.2;28.04.2020;Dienstag;1;9;1;1;0;2;5;18;17;12;14;17;17;23;19;15;20;18;20;19;15;14;13;15;11
235;10920;St.Gallen Stadt Müller-Fried.2;28.04.2020;Dienstag;2;8;1;0;1;1;11;44;67;57;55;67;87;95;80;56;66;72;101;82;58;42;27;23;17
236;10920;St.Gallen Stadt Müller-Fried.2;29.04.2020;Mittwoch;1;8;1;0;0;2;7;16;16;20;20;11;24;22;23;14;14;19;16;19;13;14;11;12;12
237;10920;St.Gallen Stadt Müller-Fried.2;29.04.2020;Mittwoch;2;9;1;0;0;1;10;40;63;78;42;74;89;78;69;69;63;76;77;78;40;34;25;19;16
238;10920;St.Gallen Stadt Müller-Fried.2;30.04.2020;Donnerstag;1;7;0;0;1;0;7;19;19;23;19;24;21;19;22;17;19;17;15;21;14;16;11;13;10
239;10920;St.Gallen Stadt Müller-Fried.2;30.04.2020;Donnerstag;2;11;1;1;1;2;10;36;72;77;66;84;74;93;86;71;74;85;70;82;51;42;25;19;12
240;10920;St.Gallen Stadt Müller-Fried.2;01.05.2020;Freitag;1;8;1;0;0;1;4;11;16;18;25;24;21;19;13;14;17;22;12;18;16;13;12;12;12
241;10920;St.Gallen Stadt Müller-Fried.2;01.05.2020;Freitag;2;10;3;0;2;4;6;36;66;73;79;72;84;91;70;67;82;73;66;83;52;25;26;18;21
242;10920;St.Gallen Stadt Müller-Fried.2;02.05.2020;Samstag;1;8;2;1;2;0;5;12;13;11;12;15;15;18;16;17;17;15;13;14;16;11;18;15;9
243;10920;St.Gallen Stadt Müller-Fried.2;02.05.2020;Samstag;2;15;6;1;3;0;12;17;22;47;43;48;64;65;51;37;69;49;56;51;23;24;31;23;17
244;10920;St.Gallen Stadt Müller-Fried.2;03.05.2020;Sonntag;1;8;2;1;1;2;6;9;11;13;14;14;11;14;16;15;20;19;18;11;13;13;16;10;10
245;10920;St.Gallen Stadt Müller-Fried.2;03.05.2020;Sonntag;2;20;5;3;2;2;4;16;15;15;29;37;38;38;44;52;55;62;54;38;32;35;29;17;11
246;10920;St.Gallen Stadt Müller-Fried.2;04.05.2020;Montag;1;8;1;0;2;0;11;27;33;20;19;22;33;38;29;27;20;22;24;27;26;20;12;12;11
247;10920;St.Gallen Stadt Müller-Fried.2;04.05.2020;Montag;2;8;2;0;2;1;16;41;76;82;72;72;73;81;87;81;58;70;84;91;60;36;32;19;16
248;10920;St.Gallen Stadt Müller-Fried.2;05.05.2020;Dienstag;1;9;2;0;2;0;11;23;27;28;29;29;19;23;34;52;22;24;32;21;26;20;15;14;11
249;10920;St.Gallen Stadt Müller-Fried.2;05.05.2020;Dienstag;2;8;2;0;3;0;17;48;83;93;77;82;79;83;94;80;61;67;85;73;63;26;24;15;16
250;10920;St.Gallen Stadt Müller-Fried.2;06.05.2020;Mittwoch;1;7;1;0;2;2;10;21;27;27;21;28;33;26;31;30;26;32;32;31;24;16;12;12;12
251;10920;St.Gallen Stadt Müller-Fried.2;06.05.2020;Mittwoch;2;10;1;0;2;1;15;52;85;73;66;85;82;85;89;65;82;80;85;84;78;41;34;23;13
252;10920;St.Gallen Stadt Müller-Fried.2;07.05.2020;Donnerstag;1;7;1;0;1;2;12;27;25;24;20;26;34;31;29;22;27;29;28;27;26;19;11;13;14
253;10920;St.Gallen Stadt Müller-Fried.2;07.05.2020;Donnerstag;2;8;2;0;3;3;13;47;68;77;73;83;77;103;87;73;82;76;88;82;49;39;23;28;16
254;10920;St.Gallen Stadt Müller-Fried.2;08.05.2020;Freitag;1;9;2;0;1;1;15;28;28;28;25;25;26;37;32;26;28;26;23;28;24;21;17;11;12
255;10920;St.Gallen Stadt Müller-Fried.2;08.05.2020;Freitag;2;8;3;0;5;1;15;44;69;68;81;92;85;86;85;86;67;87;81;78;54;40;32;18;17
256;10920;St.Gallen Stadt Müller-Fried.2;09.05.2020;Samstag;1;11;1;1;0;0;8;14;15;11;21;31;21;32;20;23;23;29;20;17;16;13;12;14;14
257;10920;St.Gallen Stadt Müller-Fried.2;09.05.2020;Samstag;2;17;9;7;2;0;11;16;37;40;59;76;82;79;77;53;78;69;70;47;41;29;30;25;17
258;10920;St.Gallen Stadt Müller-Fried.2;10.05.2020;Sonntag;1;9;3;0;0;2;4;10;11;11;15;17;15;17;18;15;19;21;14;15;12;17;14;13;11
259;10920;St.Gallen Stadt Müller-Fried.2;10.05.2020;Sonntag;2;16;7;1;2;2;4;12;11;17;32;39;45;49;44;60;58;70;59;49;40;49;35;29;15
260;10920;St.Gallen Stadt Müller-Fried.2;11.05.2020;Montag;1;6;1;0;2;1;34;45;39;72;46;72;84;66;55;67;52;40;74;35;51;22;14;20;17
261;10920;St.Gallen Stadt Müller-Fried.2;11.05.2020;Montag;2;10;1;1;2;0;17;51;84;70;84;96;88;165;90;109;79;102;112;112;80;66;29;26;13
262;10920;St.Gallen Stadt Müller-Fried.2;12.05.2020;Dienstag;1;12;3;0;2;3;15;61;32;50;44;62;26;43;45;61;54;103;38;70;37;43;24;30;10
263;10920;St.Gallen Stadt Müller-Fried.2;12.05.2020;Dienstag;2;13;3;1;3;5;15;54;115;87;78;79;115;95;98;96;104;95;100;112;78;60;39;15;12
264;10920;St.Gallen Stadt Müller-Fried.2;13.05.2020;Mittwoch;1;12;3;0;1;1;31;44;43;76;52;52;63;57;49;36;35;46;53;68;41;16;9;28;42
265;10920;St.Gallen Stadt Müller-Fried.2;13.05.2020;Mittwoch;2;16;2;0;2;3;17;52;73;109;74;90;99;122;98;132;78;85;92;103;78;42;35;49;18
266;10920;St.Gallen Stadt Müller-Fried.2;14.05.2020;Donnerstag;1;27;2;0;1;3;72;50;47;62;44;58;113;51;52;157;62;58;46;53;39;38;12;22;36
267;10920;St.Gallen Stadt Müller-Fried.2;14.05.2020;Donnerstag;2;16;6;0;2;4;15;47;79;95;64;86;90;119;87;86;99;92;107;90;69;51;44;46;19
268;10920;St.Gallen Stadt Müller-Fried.2;15.05.2020;Freitag;1;27;3;1;2;2;33;61;68;65;45;55;56;51;69;46;65;41;41;57;42;35;31;16;29
269;10920;St.Gallen Stadt Müller-Fried.2;15.05.2020;Freitag;2;8;5;2;2;3;14;55;71;71;83;93;112;116;103;94;89;89;113;117;67;49;30;27;25
270;10920;St.Gallen Stadt Müller-Fried.2;16.05.2020;Samstag;1;14;4;0;0;3;31;17;29;26;26;51;49;49;49;86;31;56;43;34;28;47;22;22;23
271;10920;St.Gallen Stadt Müller-Fried.2;16.05.2020;Samstag;2;18;9;0;1;9;10;13;23;33;56;85;103;88;81;90;71;79;91;51;45;37;33;31;24
272;10920;St.Gallen Stadt Müller-Fried.2;17.05.2020;Sonntag;1;12;6;0;3;0;22;21;19;15;12;21;15;21;29;24;41;29;39;22;16;28;32;27;18
273;10920;St.Gallen Stadt Müller-Fried.2;17.05.2020;Sonntag;2;18;7;2;3;4;4;9;17;18;21;27;62;49;61;64;56;53;48;56;44;37;29;24;12
274;10920;St.Gallen Stadt Müller-Fried.2;18.05.2020;Montag;1;23;1;0;1;1;28;38;70;69;37;61;66;69;41;54;76;72;52;55;38;30;23;18;29
275;10920;St.Gallen Stadt Müller-Fried.2;18.05.2020;Montag;2;14;2;0;3;2;13;45;167;107;78;96;82;83;99;86;78;107;106;104;88;56;37;28;20
276;10920;St.Gallen Stadt Müller-Fried.2;19.05.2020;Dienstag;1;13;1;0;1;2;38;63;77;46;70;45;51;48;36;80;46;50;81;44;53;37;40;17;30
277;10920;St.Gallen Stadt Müller-Fried.2;19.05.2020;Dienstag;2;8;4;2;3;3;14;48;108;127;75;73;99;129;93;84;82;83;113;99;86;66;48;33;25
278;10920;St.Gallen Stadt Müller-Fried.2;20.05.2020;Mittwoch;1;8;2;0;0;3;38;63;32;51;32;42;43;48;45;66;56;86;61;61;48;41;30;24;12
279;10920;St.Gallen Stadt Müller-Fried.2;20.05.2020;Mittwoch;2;15;3;0;2;3;18;49;94;94;84;113;106;114;116;84;72;108;109;112;79;56;42;27;19
280;10920;St.Gallen Stadt Müller-Fried.2;21.05.2020;Donnerstag;1;8;2;3;1;1;31;24;18;42;38;29;45;33;32;39;38;27;26;20;61;30;26;25;23
281;10920;St.Gallen Stadt Müller-Fried.2;21.05.2020;Donnerstag;2;30;5;3;1;3;10;21;17;26;35;34;48;34;43;42;54;60;64;59;48;36;39;28;27
282;10920;St.Gallen Stadt Müller-Fried.2;22.05.2020;Freitag;1;19;0;0;0;1;35;60;68;51;77;76;55;50;60;56;44;76;62;58;69;25;20;22;25
283;10920;St.Gallen Stadt Müller-Fried.2;22.05.2020;Freitag;2;14;2;0;1;3;11;42;56;63;65;88;105;88;77;79;87;91;76;108;65;48;36;34;25
284;10920;St.Gallen Stadt Müller-Fried.2;23.05.2020;Samstag;1;23;2;1;3;0;29;23;37;33;44;51;53;60;47;42;52;56;50;34;20;29;18;13;17
285;10920;St.Gallen Stadt Müller-Fried.2;23.05.2020;Samstag;2;13;6;5;4;0;11;16;18;26;62;89;91;70;82;74;62;82;82;60;33;55;28;24;27
286;10920;St.Gallen Stadt Müller-Fried.2;24.05.2020;Sonntag;1;10;4;1;2;1;5;15;13;10;18;25;26;23;28;26;25;22;33;22;14;28;15;11;15
287;10920;St.Gallen Stadt Müller-Fried.2;24.05.2020;Sonntag;2;19;6;2;1;2;5;17;14;12;19;30;55;63;48;51;63;61;62;72;48;37;26;29;13
288;10920;St.Gallen Stadt Müller-Fried.2;25.05.2020;Montag;1;9;1;0;3;1;40;35;66;65;49;33;54;47;65;46;29;53;40;55;46;33;22;15;18
289;10920;St.Gallen Stadt Müller-Fried.2;25.05.2020;Montag;2;11;1;1;2;3;14;50;90;100;80;83;96;94;108;106;83;95;127;109;68;49;46;38;16
290;10920;St.Gallen Stadt Müller-Fried.2;26.05.2020;Dienstag;1;14;1;0;3;4;35;44;48;53;54;68;68;45;48;54;83;60;67;104;55;20;70;41;19
291;10920;St.Gallen Stadt Müller-Fried.2;26.05.2020;Dienstag;2;9;2;1;3;4;14;43;95;85;74;93;108;138;99;87;91;92;97;113;70;63;43;39;25
292;10920;St.Gallen Stadt Müller-Fried.2;27.05.2020;Mittwoch;1;14;2;0;2;2;32;57;53;87;36;60;48;89;54;66;62;82;63;42;50;28;31;29;12
293;10920;St.Gallen Stadt Müller-Fried.2;27.05.2020;Mittwoch;2;11;2;2;3;3;17;46;82;82;75;85;106;115;110;83;97;110;105;101;75;48;46;48;22
294;10920;St.Gallen Stadt Müller-Fried.2;28.05.2020;Donnerstag;1;8;1;0;3;3;44;53;52;42;63;49;53;47;63;58;71;46;77;49;42;58;39;28;23
295;10920;St.Gallen Stadt Müller-Fried.2;28.05.2020;Donnerstag;2;9;1;1;3;2;14;41;94;87;78;100;108;101;98;87;94;104;124;103;73;63;51;49;21
296;10920;St.Gallen Stadt Müller-Fried.2;29.05.2020;Freitag;1;8;4;1;2;3;45;69;73;65;56;78;71;60;43;42;49;38;47;36;40;27;24;35;26
297;10920;St.Gallen Stadt Müller-Fried.2;29.05.2020;Freitag;2;10;2;1;3;2;14;44;78;94;105;96;99;129;83;88;86;133;104;86;73;48;34;45;30
298;10920;St.Gallen Stadt Müller-Fried.2;30.05.2020;Samstag;1;18;5;0;3;1;18;21;21;24;62;63;47;51;28;71;68;43;50;26;31;27;36;17;28
299;10920;St.Gallen Stadt Müller-Fried.2;30.05.2020;Samstag;2;15;8;1;4;2;9;23;27;33;60;72;102;79;108;81;78;81;96;50;45;40;34;31;20
300;10920;St.Gallen Stadt Müller-Fried.2;31.05.2020;Sonntag;1;16;4;4;1;2;10;29;24;24;22;36;26;32;25;37;38;27;26;48;19;29;27;39;30
301;10920;St.Gallen Stadt Müller-Fried.2;31.05.2020;Sonntag;2;25;7;6;0;3;4;16;15;15;27;50;47;41;48;53;54;54;61;47;39;41;39;30;22
302;10920;St.Gallen Stadt Müller-Fried.2;01.06.2020;Montag;1;8;2;1;1;0;11;14;12;18;31;38;37;35;33;43;28;36;36;22;25;33;41;25;13
303;10920;St.Gallen Stadt Müller-Fried.2;01.06.2020;Montag;2;15;3;1;1;0;4;11;13;19;22;43;47;59;54;57;62;48;52;45;56;34;25;26;16
304;10920;St.Gallen Stadt Müller-Fried.2;02.06.2020;Dienstag;1;7;1;0;2;0;13;39;40;68;60;53;75;71;82;64;64;31;43;74;47;25;27;18;21
305;10920;St.Gallen Stadt Müller-Fried.2;02.06.2020;Dienstag;2;10;2;0;2;1;14;44;106;86;110;100;98;106;105;92;74;84;122;128;70;57;37;44;28
306;10920;St.Gallen Stadt Müller-Fried.2;03.06.2020;Mittwoch;1;20;1;0;0;2;35;40;67;62;48;59;46;68;96;67;34;35;45;38;36;16;14;22;24
307;10920;St.Gallen Stadt Müller-Fried.2;03.06.2020;Mittwoch;2;10;4;0;1;3;14;44;85;76;96;90;114;122;97;97;95;103;125;133;87;58;49;40;22
308;10920;St.Gallen Stadt Müller-Fried.2;04.06.2020;Donnerstag;1;11;3;0;0;2;22;51;56;51;61;60;47;60;70;44;44;56;50;40;35;37;13;28;16
309;10920;St.Gallen Stadt Müller-Fried.2;04.06.2020;Donnerstag;2;13;6;1;4;3;14;52;92;113;90;83;125;98;121;83;127;97;108;124;91;58;39;34;17
310;10920;St.Gallen Stadt Müller-Fried.2;05.06.2020;Freitag;1;16;1;0;2;0;35;52;48;47;86;61;55;32;46;30;40;43;44;53;35;41;17;32;28
311;10920;St.Gallen Stadt Müller-Fried.2;05.06.2020;Freitag;2;12;3;0;1;1;12;71;82;106;75;99;118;131;112;90;93;101;98;105;84;60;37;33;35
312;10920;St.Gallen Stadt Müller-Fried.2;06.06.2020;Samstag;1;11;2;2;0;2;5;31;28;25;45;36;30;51;50;52;59;38;69;16;28;11;24;29;24
313;10920;St.Gallen Stadt Müller-Fried.2;06.06.2020;Samstag;2;13;7;6;1;5;10;18;23;40;63;75;85;77;107;84;96;85;84;80;51;34;48;28;38
314;10920;St.Gallen Stadt Müller-Fried.2;07.06.2020;Sonntag;1;18;6;4;1;1;13;24;17;10;15;19;27;37;23;17;23;17;23;27;22;16;27;33;14
315;10920;St.Gallen Stadt Müller-Fried.2;07.06.2020;Sonntag;2;26;11;2;3;4;3;16;16;18;29;63;56;71;46;52;51;62;64;63;46;38;30;21;18
316;10920;St.Gallen Stadt Müller-Fried.2;08.06.2020;Montag;1;7;1;0;0;2;27;40;69;60;47;34;50;52;48;27;27;32;65;49;53;31;30;27;27
317;10920;St.Gallen Stadt Müller-Fried.2;08.06.2020;Montag;2;11;2;2;1;4;15;65;93;89;73;81;113;88;91;77;78;90;115;124;73;49;56;32;23
318;10920;St.Gallen Stadt Müller-Fried.2;09.06.2020;Dienstag;1;8;1;1;0;2;38;26;52;62;59;48;46;36;55;49;44;47;35;48;47;28;15;10;10
319;10920;St.Gallen Stadt Müller-Fried.2;09.06.2020;Dienstag;2;9;2;2;1;2;14;68;130;91;100;109;99;102;113;86;84;101;105;115;74;64;30;39;20
320;10920;St.Gallen Stadt Müller-Fried.2;10.06.2020;Mittwoch;1;30;1;0;0;1;37;53;57;37;53;49;45;73;52;45;36;57;59;45;54;27;30;14;7
321;10920;St.Gallen Stadt Müller-Fried.2;10.06.2020;Mittwoch;2;8;4;1;2;3;15;58;100;127;74;99;105;109;80;87;76;99;115;132;80;59;61;50;23
322;10920;St.Gallen Stadt Müller-Fried.2;11.06.2020;Donnerstag;1;15;3;0;3;0;30;38;62;47;39;28;62;40;56;42;46;58;52;50;48;43;29;20;18
323;10920;St.Gallen Stadt Müller-Fried.2;11.06.2020;Donnerstag;2;16;3;1;2;1;12;64;103;123;72;111;114;100;116;92;93;87;111;122;76;64;48;39;27
324;10920;St.Gallen Stadt Müller-Fried.2;12.06.2020;Freitag;1;7;1;0;1;1;27;45;69;87;47;59;79;87;51;38;47;56;60;55;77;50;19;45;17
325;10920;St.Gallen Stadt Müller-Fried.2;12.06.2020;Freitag;2;14;4;1;1;0;14;62;98;132;85;106;126;129;121;88;96;83;110;111;78;68;48;33;44
326;10920;St.Gallen Stadt Müller-Fried.2;13.06.2020;Samstag;1;19;5;5;0;5;24;22;17;31;49;54;101;61;53;43;76;60;31;23;14;16;12;16;13
327;10920;St.Gallen Stadt Müller-Fried.2;13.06.2020;Samstag;2;31;10;7;0;7;9;16;25;50;77;97;92;109;84;84;98;84;79;75;54;40;32;44;28
328;10920;St.Gallen Stadt Müller-Fried.2;14.06.2020;Sonntag;1;18;4;2;1;2;12;14;11;24;16;11;16;25;34;16;38;42;41;24;26;18;31;28;18
329;10920;St.Gallen Stadt Müller-Fried.2;14.06.2020;Sonntag;2;33;11;6;2;5;3;13;20;23;47;53;49;55;38;94;53;86;62;50;49;37;25;24;17
330;10920;St.Gallen Stadt Müller-Fried.2;15.06.2020;Montag;1;16;1;0;1;1;16;34;54;53;39;45;41;40;48;64;54;50;48;44;57;38;23;14;12
331;10920;St.Gallen Stadt Müller-Fried.2;15.06.2020;Montag;2;14;1;0;1;2;17;48;85;130;74;89;129;93;111;85;87;119;167;123;107;60;38;32;21
332;10920;St.Gallen Stadt Müller-Fried.2;16.06.2020;Dienstag;1;8;1;0;0;3;22;27;45;50;71;76;67;33;55;57;51;51;26;25;32;16;17;24;17
333;10920;St.Gallen Stadt Müller-Fried.2;16.06.2020;Dienstag;2;9;3;0;1;3;11;57;101;125;85;105;90;104;131;99;86;115;117;131;95;55;45;35;26
334;10920;St.Gallen Stadt Müller-Fried.2;17.06.2020;Mittwoch;1;13;1;1;0;0;41;42;54;65;38;53;56;49;44;46;46;39;41;62;43;38;27;16;19
335;10920;St.Gallen Stadt Müller-Fried.2;17.06.2020;Mittwoch;2;9;2;1;0;5;13;70;105;115;85;82;141;132;92;105;72;87;124;115;82;69;63;41;17
336;10920;St.Gallen Stadt Müller-Fried.2;18.06.2020;Donnerstag;1;9;1;0;0;0;37;55;28;61;64;53;72;58;45;45;50;33;80;86;63;53;37;30;10
337;10920;St.Gallen Stadt Müller-Fried.2;18.06.2020;Donnerstag;2;14;1;2;1;1;14;51;85;102;90;74;94;112;102;102;96;94;144;111;92;64;50;49;23
338;10920;St.Gallen Stadt Müller-Fried.2;19.06.2020;Freitag;1;11;1;0;2;2;33;52;54;89;62;42;67;38;42;43;41;73;49;87;43;52;14;20;21
339;10920;St.Gallen Stadt Müller-Fried.2;19.06.2020;Freitag;2;9;3;1;2;4;11;53;94;103;106;91;120;112;108;114;124;114;104;106;94;59;37;39;36
340;10920;St.Gallen Stadt Müller-Fried.2;20.06.2020;Samstag;1;14;6;1;0;3;16;13;27;19;72;39;72;53;44;42;44;54;35;35;39;24;23;13;25
341;10920;St.Gallen Stadt Müller-Fried.2;20.06.2020;Samstag;2;25;7;3;4;3;14;28;17;38;75;79;76;136;93;86;70;83;101;65;54;35;38;38;29
342;10920;St.Gallen Stadt Müller-Fried.2;21.06.2020;Sonntag;1;18;2;3;1;1;20;20;30;43;45;29;47;15;16;13;11;20;19;27;24;25;43;20;23
343;10920;St.Gallen Stadt Müller-Fried.2;21.06.2020;Sonntag;2;30;13;5;3;3;4;10;16;33;43;58;52;62;56;59;62;60;78;55;54;35;29;27;30
344;10920;St.Gallen Stadt Müller-Fried.2;22.06.2020;Montag;1;7;1;0;0;2;61;47;78;67;28;48;47;80;60;44;40;33;42;51;51;20;20;25;41
345;10920;St.Gallen Stadt Müller-Fried.2;22.06.2020;Montag;2;22;3;0;1;2;14;50;100;115;71;93;97;108;77;76;107;101;133;151;73;57;52;40;22
346;10920;St.Gallen Stadt Müller-Fried.2;23.06.2020;Dienstag;1;11;1;1;0;2;25;41;37;44;75;66;53;42;26;70;92;76;52;64;47;25;17;23;29
347;10920;St.Gallen Stadt Müller-Fried.2;23.06.2020;Dienstag;2;14;1;1;0;2;12;51;103;89;89;94;123;117;114;120;96;113;107;99;66;55;43;39;32
348;10920;St.Gallen Stadt Müller-Fried.2;24.06.2020;Mittwoch;1;11;2;0;1;2;21;67;40;68;41;39;32;49;41;56;34;60;64;42;59;41;39;24;12
349;10920;St.Gallen Stadt Müller-Fried.2;24.06.2020;Mittwoch;2;18;5;1;2;3;17;55;97;121;94;114;113;101;112;139;127;128;149;125;76;74;51;41;51
350;10920;St.Gallen Stadt Müller-Fried.2;25.06.2020;Donnerstag;1;14;2;2;0;0;31;33;36;78;44;41;46;62;35;42;45;26;50;61;59;34;29;15;12
351;10920;St.Gallen Stadt Müller-Fried.2;25.06.2020;Donnerstag;2;18;3;4;1;2;14;53;86;128;73;106;124;99;98;78;78;88;134;124;76;76;56;61;28
352;10920;St.Gallen Stadt Müller-Fried.2;26.06.2020;Freitag;1;7;2;0;0;0;42;38;48;56;51;29;37;25;39;31;45;21;39;44;50;50;36;33;14
353;10920;St.Gallen Stadt Müller-Fried.2;26.06.2020;Freitag;2;9;5;1;2;0;13;57;70;93;86;93;168;147;123;85;101;112;112;113;82;52;50;41;33
354;10920;St.Gallen Stadt Müller-Fried.2;27.06.2020;Samstag;1;17;4;3;4;4;9;19;22;28;37;55;86;38;28;41;37;40;41;15;18;13;24;19;24
355;10920;St.Gallen Stadt Müller-Fried.2;27.06.2020;Samstag;2;23;14;10;9;3;10;25;24;44;66;94;107;79;107;109;100;128;82;94;47;44;55;43;37
356;10920;St.Gallen Stadt Müller-Fried.2;28.06.2020;Sonntag;1;14;4;1;0;3;11;21;21;20;18;50;30;19;17;18;22;28;19;19;21;22;34;26;25
357;10920;St.Gallen Stadt Müller-Fried.2;28.06.2020;Sonntag;2;28;16;6;2;6;7;12;18;24;28;50;47;51;61;54;56;60;57;74;61;57;30;21;21
358;10920;St.Gallen Stadt Müller-Fried.2;29.06.2020;Montag;1;27;3;0;1;2;28;46;66;57;37;33;55;63;81;32;34;67;48;53;31;23;16;30;33
359;10920;St.Gallen Stadt Müller-Fried.2;29.06.2020;Montag;2;12;5;0;3;3;21;54;116;133;78;89;103;89;109;75;101;74;110;138;90;56;52;37;27
360;10920;St.Gallen Stadt Müller-Fried.2;30.06.2020;Dienstag;1;12;1;0;0;2;28;55;46;91;60;77;64;43;47;29;35;47;45;39;42;20;12;15;11
361;10920;St.Gallen Stadt Müller-Fried.2;30.06.2020;Dienstag;2;10;3;1;1;2;13;51;90;117;140;128;129;96;109;102;150;72;115;111;80;52;58;49;22
