LNR	ORT-ID	BEZEICHNUNG	DATUM	WOCHENTAG	RI	1	2	3	4	5	6	7	8	9	10	11	12	13	14	15	16	17	18	19	20	21	22	23	24
0	10999	St.Gallen Stadt Lukasstr. 30	01.01.2020	Mittwoch	1	47	91	51	23	17	7	39	30	34	49	58	81	83	106	129	103	135	97	82	64	52	40	26	29
1	10999	St.Gallen Stadt Lukasstr. 30	01.01.2020	Mittwoch	2	48	63	42	27	19	14	19	20	12	22	37	51	63	88	120	120	194	118	105	67	79	48	24	23
2	10999	St.Gallen Stadt Lukasstr. 30	02.01.2020	Donnerstag	1	15	4	2	7	6	15	69	77	108	131	177	186	144	186	207	178	191	127	115	80	59	47	32	21
3	10999	St.Gallen Stadt Lukasstr. 30	02.01.2020	Donnerstag	2	13	11	7	8	5	11	42	62	78	111	132	148	153	161	197	208	213	210	133	115	79	39	48	31
4	10999	St.Gallen Stadt Lukasstr. 30	03.01.2020	Freitag	1	18	5	5	6	5	25	77	131	132	162	203	182	144	194	235	208	201	164	134	96	72	70	39	33
5	10999	St.Gallen Stadt Lukasstr. 30	03.01.2020	Freitag	2	14	11	11	10	14	21	48	106	98	122	199	143	177	172	228	238	231	220	180	115	76	55	53	39
6	10999	St.Gallen Stadt Lukasstr. 30	04.01.2020	Samstag	1	23	8	8	10	10	18	27	40	100	133	162	177	178	174	189	166	161	108	105	75	55	50	70	30
7	10999	St.Gallen Stadt Lukasstr. 30	04.01.2020	Samstag	2	24	26	18	8	11	15	24	32	69	111	136	168	164	166	177	169	189	158	106	100	68	53	72	49
8	10999	St.Gallen Stadt Lukasstr. 30	05.01.2020	Sonntag	1	24	19	11	11	12	12	25	26	50	96	100	157	148	158	172	154	163	134	94	68	60	51	30	12
9	10999	St.Gallen Stadt Lukasstr. 30	05.01.2020	Sonntag	2	34	16	11	15	11	14	21	11	55	76	96	107	105	151	149	190	208	169	102	119	90	45	34	36
10	10999	St.Gallen Stadt Lukasstr. 30	06.01.2020	Montag	1	11	7	1	7	19	47	194	268	208	205	179	245	189	223	233	206	328	298	193	126	75	57	44	23
11	10999	St.Gallen Stadt Lukasstr. 30	06.01.2020	Montag	2	5	7	2	6	18	37	194	244	176	192	165	202	189	233	208	246	286	332	204	136	90	66	63	18
12	10999	St.Gallen Stadt Lukasstr. 30	07.01.2020	Dienstag	1	5	7	7	7	17	57	206	303	181	182	194	258	191	231	222	215	294	321	201	118	76	70	43	28
13	10999	St.Gallen Stadt Lukasstr. 30	07.01.2020	Dienstag	2	15	5	7	7	12	38	185	268	197	198	182	194	218	223	217	209	284	332	206	147	80	63	43	25
14	10999	St.Gallen Stadt Lukasstr. 30	08.01.2020	Mittwoch	1	11	6	1	9	21	49	202	282	224	202	219	247	207	253	196	215	294	292	218	134	96	73	47	35
15	10999	St.Gallen Stadt Lukasstr. 30	08.01.2020	Mittwoch	2	10	12	4	10	14	37	183	250	187	170	206	217	202	241	232	219	299	335	211	153	104	65	64	28
16	10999	St.Gallen Stadt Lukasstr. 30	09.01.2020	Donnerstag	1	16	8	6	5	22	53	196	289	205	187	196	250	183	229	231	227	314	299	194	139	87	75	43	30
17	10999	St.Gallen Stadt Lukasstr. 30	09.01.2020	Donnerstag	2	9	6	3	6	13	46	189	262	186	195	162	211	203	246	199	286	321	310	212	160	91	97	52	26
18	10999	St.Gallen Stadt Lukasstr. 30	10.01.2020	Freitag	1	13	6	4	6	20	55	180	267	206	182	244	255	235	213	271	252	326	273	201	152	82	84	76	60
19	10999	St.Gallen Stadt Lukasstr. 30	10.01.2020	Freitag	2	15	11	8	7	13	47	164	255	167	198	221	202	216	257	219	275	297	361	242	149	104	70	70	47
20	10999	St.Gallen Stadt Lukasstr. 30	11.01.2020	Samstag	1	28	15	16	12	4	22	39	67	121	167	204	227	199	219	231	213	188	161	129	82	68	54	54	46
21	10999	St.Gallen Stadt Lukasstr. 30	11.01.2020	Samstag	2	44	20	24	8	9	23	32	48	93	145	202	208	184	179	170	230	202	196	136	96	87	78	69	69
22	10999	St.Gallen Stadt Lukasstr. 30	12.01.2020	Sonntag	1	47	20	10	12	13	10	23	33	52	102	119	154	160	161	190	170	168	126	98	101	57	55	31	19
23	10999	St.Gallen Stadt Lukasstr. 30	12.01.2020	Sonntag	2	51	19	19	9	12	7	21	18	31	72	97	118	144	162	185	208	274	253	135	132	85	64	40	15
24	10999	St.Gallen Stadt Lukasstr. 30	13.01.2020	Montag	1	14	3	3	2	19	55	225	319	209	171	181	260	217	251	234	239	339	316	192	116	76	51	36	25
25	10999	St.Gallen Stadt Lukasstr. 30	13.01.2020	Montag	2	13	3	4	5	15	40	208	283	187	191	190	217	207	220	214	244	320	337	221	143	101	62	54	24
26	10999	St.Gallen Stadt Lukasstr. 30	14.01.2020	Dienstag	1	8	5	2	4	16	57	225	328	225	195	210	258	206	257	230	252	311	288	208	128	80	74	53	16
27	10999	St.Gallen Stadt Lukasstr. 30	14.01.2020	Dienstag	2	7	7	5	6	15	38	195	289	207	188	184	210	190	239	225	244	324	321	217	145	109	81	58	24
28	10999	St.Gallen Stadt Lukasstr. 30	15.01.2020	Mittwoch	1	8	7	2	2	23	53	226	290	211	218	202	255	191	256	235	225	306	324	209	119	70	69	52	23
29	10999	St.Gallen Stadt Lukasstr. 30	15.01.2020	Mittwoch	2	10	5	5	10	16	44	189	292	196	189	174	222	204	213	197	247	324	364	227	140	87	82	65	30
30	10999	St.Gallen Stadt Lukasstr. 30	16.01.2020	Donnerstag	1	11	3	12	2	22	58	211	314	214	210	185	270	217	242	226	277	310	326	209	146	91	72	70	30
31	10999	St.Gallen Stadt Lukasstr. 30	16.01.2020	Donnerstag	2	14	10	6	3	14	48	199	275	210	166	199	221	217	264	237	233	313	326	249	153	108	67	67	37
32	10999	St.Gallen Stadt Lukasstr. 30	17.01.2020	Freitag	1	16	11	4	6	24	55	189	303	184	250	232	268	225	248	235	263	323	336	290	145	65	70	56	70
33	10999	St.Gallen Stadt Lukasstr. 30	17.01.2020	Freitag	2	11	13	4	4	19	50	175	284	233	186	274	237	207	223	228	253	327	316	251	133	98	78	87	55
34	10999	St.Gallen Stadt Lukasstr. 30	18.01.2020	Samstag	1	27	14	19	8	9	25	43	72	129	169	202	222	170	209	223	186	178	168	138	97	76	55	71	46
35	10999	St.Gallen Stadt Lukasstr. 30	18.01.2020	Samstag	2	34	15	17	6	11	23	33	47	90	129	183	214	172	176	192	191	216	216	130	93	89	55	55	60
36	10999	St.Gallen Stadt Lukasstr. 30	19.01.2020	Sonntag	1	37	24	18	14	9	11	19	31	57	80	109	177	131	125	177	135	162	161	132	93	77	51	32	20
37	10999	St.Gallen Stadt Lukasstr. 30	19.01.2020	Sonntag	2	45	21	13	10	10	8	19	17	62	62	99	120	114	125	147	154	174	160	131	109	85	55	29	31
38	10999	St.Gallen Stadt Lukasstr. 30	20.01.2020	Montag	1	7	1	4	4	22	57	217	320	263	192	230	276	216	239	243	234	322	361	216	117	88	73	50	25
39	10999	St.Gallen Stadt Lukasstr. 30	20.01.2020	Montag	2	6	6	0	5	21	37	229	304	211	187	203	215	214	257	226	260	307	332	200	150	106	75	63	21
40	10999	St.Gallen Stadt Lukasstr. 30	21.01.2020	Dienstag	1	8	3	3	9	22	66	226	322	197	200	213	251	199	227	249	225	355	334	239	138	85	67	46	35
41	10999	St.Gallen Stadt Lukasstr. 30	21.01.2020	Dienstag	2	11	3	4	7	22	50	196	296	208	167	184	189	204	240	204	241	321	337	215	143	96	85	71	22
42	10999	St.Gallen Stadt Lukasstr. 30	22.01.2020	Mittwoch	1	8	5	2	8	17	51	226	296	244	211	208	242	201	283	237	257	336	335	221	141	92	94	39	23
43	10999	St.Gallen Stadt Lukasstr. 30	22.01.2020	Mittwoch	2	12	11	3	4	12	45	203	309	199	170	185	217	220	259	254	257	300	356	277	176	88	71	64	34
44	10999	St.Gallen Stadt Lukasstr. 30	23.01.2020	Donnerstag	1	9	5	4	6	26	58	229	312	235	203	209	243	219	260	255	261	319	326	221	146	103	75	61	24
45	10999	St.Gallen Stadt Lukasstr. 30	23.01.2020	Donnerstag	2	15	11	3	3	17	49	194	299	239	179	191	226	171	266	232	247	294	342	241	148	91	83	47	47
46	10999	St.Gallen Stadt Lukasstr. 30	24.01.2020	Freitag	1	13	7	2	7	20	55	216	266	240	220	242	256	189	269	238	302	345	297	188	150	86	89	82	52
47	10999	St.Gallen Stadt Lukasstr. 30	24.01.2020	Freitag	2	15	7	8	10	14	45	187	269	190	190	208	234	212	246	262	291	356	321	226	152	96	77	68	56
48	10999	St.Gallen Stadt Lukasstr. 30	25.01.2020	Samstag	1	26	17	19	10	6	28	45	85	126	190	246	222	232	215	230	223	203	154	145	90	80	62	63	58
49	10999	St.Gallen Stadt Lukasstr. 30	25.01.2020	Samstag	2	35	20	16	8	5	21	32	58	90	154	171	185	187	204	231	211	232	201	142	103	97	63	60	47
50	10999	St.Gallen Stadt Lukasstr. 30	26.01.2020	Sonntag	1	37	29	17	12	10	8	26	50	65	100	123	145	149	172	167	155	140	142	120	91	65	54	38	18
51	10999	St.Gallen Stadt Lukasstr. 30	26.01.2020	Sonntag	2	43	34	14	14	8	11	18	29	40	66	115	121	122	101	166	199	200	168	136	98	77	48	39	22
52	10999	St.Gallen Stadt Lukasstr. 30	27.01.2020	Montag	1	7	4	5	5	21	58	201	302	209	194	205	229	206	246	222	231	273	289	165	97	59	51	44	17
53	10999	St.Gallen Stadt Lukasstr. 30	27.01.2020	Montag	2	9	4	9	8	18	44	205	259	192	172	182	215	183	232	237	227	278	298	201	109	75	63	48	23
54	10999	St.Gallen Stadt Lukasstr. 30	28.01.2020	Dienstag	1	9	4	4	5	18	70	199	282	179	173	188	218	180	218	244	238	264	285	170	115	88	76	38	16
55	10999	St.Gallen Stadt Lukasstr. 30	28.01.2020	Dienstag	2	10	3	1	4	17	52	188	257	157	172	199	199	179	204	200	212	273	302	187	121	87	61	47	18
56	10999	St.Gallen Stadt Lukasstr. 30	29.01.2020	Mittwoch	1	10	8	3	6	22	75	189	288	202	168	218	216	199	230	262	206	260	271	195	109	74	48	43	22
57	10999	St.Gallen Stadt Lukasstr. 30	29.01.2020	Mittwoch	2	9	9	3	14	16	54	164	248	193	141	165	185	201	210	214	222	266	303	218	128	93	63	53	35
58	10999	St.Gallen Stadt Lukasstr. 30	30.01.2020	Donnerstag	1	8	9	5	9	18	68	181	284	192	206	201	238	182	268	253	222	266	304	174	117	77	63	34	13
59	10999	St.Gallen Stadt Lukasstr. 30	30.01.2020	Donnerstag	2	9	5	5	5	15	41	185	245	172	161	168	206	188	230	235	230	311	310	200	142	94	77	57	23
60	10999	St.Gallen Stadt Lukasstr. 30	31.01.2020	Freitag	1	10	4	5	3	19	62	185	277	186	224	192	258	218	220	256	265	321	259	198	116	81	77	64	29
61	10999	St.Gallen Stadt Lukasstr. 30	31.01.2020	Freitag	2	19	15	8	9	22	58	172	241	166	184	193	217	188	251	274	261	301	316	250	141	109	76	57	54
62	10999	St.Gallen Stadt Lukasstr. 30	01.02.2020	Samstag	1	29	15	10	6	8	25	51	70	120	215	230	217	199	196	221	155	165	147	129	91	71	64	67	54
63	10999	St.Gallen Stadt Lukasstr. 30	01.02.2020	Samstag	2	28	20	16	8	6	20	32	47	102	151	198	208	201	229	219	198	248	175	143	101	81	64	60	65
64	10999	St.Gallen Stadt Lukasstr. 30	02.02.2020	Sonntag	1	42	19	12	11	8	13	21	18	55	101	105	133	124	164	148	153	146	150	89	75	81	59	29	17
65	10999	St.Gallen Stadt Lukasstr. 30	02.02.2020	Sonntag	2	27	25	21	7	18	13	16	20	35	62	97	106	113	133	149	145	150	181	130	132	81	59	43	21
66	10999	St.Gallen Stadt Lukasstr. 30	03.02.2020	Montag	1	11	3	3	6	28	70	203	319	220	203	171	241	190	250	210	227	288	317	184	122	85	70	48	22
67	10999	St.Gallen Stadt Lukasstr. 30	03.02.2020	Montag	2	12	7	3	12	19	43	222	290	188	189	179	215	198	257	210	219	318	299	225	144	90	68	59	19
68	10999	St.Gallen Stadt Lukasstr. 30	04.02.2020	Dienstag	1	8	3	7	9	19	65	206	295	208	186	190	232	176	235	222	233	320	302	228	159	94	72	57	23
69	10999	St.Gallen Stadt Lukasstr. 30	04.02.2020	Dienstag	2	12	8	7	6	20	41	217	264	227	161	188	201	206	235	240	220	293	329	223	173	108	83	53	25
70	10999	St.Gallen Stadt Lukasstr. 30	05.02.2020	Mittwoch	1	12	5	5	3	23	69	207	304	269	215	224	275	189	260	229	247	335	357	197	138	110	72	64	32
71	10999	St.Gallen Stadt Lukasstr. 30	05.02.2020	Mittwoch	2	10	8	3	3	18	43	204	310	196	183	199	212	193	240	251	250	306	350	235	166	100	62	51	32
72	10999	St.Gallen Stadt Lukasstr. 30	06.02.2020	Donnerstag	1	11	7	7	5	20	70	206	288	234	221	226	252	202	286	266	282	328	310	238	147	98	77	39	33
73	10999	St.Gallen Stadt Lukasstr. 30	06.02.2020	Donnerstag	2	15	6	8	11	19	44	199	298	215	187	230	245	198	241	302	290	309	404	266	160	115	77	43	28
74	10999	St.Gallen Stadt Lukasstr. 30	07.02.2020	Freitag	1	16	8	4	8	16	61	193	298	243	233	254	249	229	240	273	283	352	324	230	166	97	68	79	42
75	10999	St.Gallen Stadt Lukasstr. 30	07.02.2020	Freitag	2	20	10	3	8	21	51	193	297	214	222	282	319	206	367	370	346	373	384	278	180	125	78	55	50
76	10999	St.Gallen Stadt Lukasstr. 30	08.02.2020	Samstag	1	27	17	10	8	9	21	56	87	141	205	190	233	182	201	226	193	213	183	157	103	87	80	74	49
77	10999	St.Gallen Stadt Lukasstr. 30	08.02.2020	Samstag	2	50	21	15	7	12	19	45	70	110	145	194	219	201	228	183	216	261	269	159	116	72	71	55	53
78	10999	St.Gallen Stadt Lukasstr. 30	09.02.2020	Sonntag	1	41	26	26	10	12	6	30	37	75	98	111	176	168	180	150	168	181	148	132	76	72	57	34	18
79	10999	St.Gallen Stadt Lukasstr. 30	09.02.2020	Sonntag	2	42	31	18	11	13	10	32	24	39	65	112	134	157	144	199	178	230	182	141	83	94	57	27	28
80	10999	St.Gallen Stadt Lukasstr. 30	10.02.2020	Montag	1	12	3	3	0	20	62	192	326	241	180	194	222	196	255	240	240	310	327	212	119	76	72	41	19
81	10999	St.Gallen Stadt Lukasstr. 30	10.02.2020	Montag	2	12	8	8	8	19	40	212	472	332	162	175	189	187	202	228	305	337	324	228	160	82	86	39	25
82	10999	St.Gallen Stadt Lukasstr. 30	11.02.2020	Dienstag	1	5	7	9	4	15	68	213	294	238	214	200	270	211	254	211	224	344	313	215	146	105	83	37	23
83	10999	St.Gallen Stadt Lukasstr. 30	11.02.2020	Dienstag	2	10	7	6	7	13	49	203	355	216	181	259	264	215	290	273	325	369	328	228	177	114	82	65	25
84	10999	St.Gallen Stadt Lukasstr. 30	12.02.2020	Mittwoch	1	10	4	3	6	23	58	219	324	252	223	231	232	199	269	248	240	319	332	225	142	82	88	50	36
85	10999	St.Gallen Stadt Lukasstr. 30	12.02.2020	Mittwoch	2	7	5	9	7	25	42	201	352	271	235	269	300	201	279	316	307	420	358	252	167	106	68	54	23
86	10999	St.Gallen Stadt Lukasstr. 30	13.02.2020	Donnerstag	1	8	2	4	7	18	55	211	303	250	211	220	247	196	236	260	249	326	330	246	148	80	80	44	27
87	10999	St.Gallen Stadt Lukasstr. 30	13.02.2020	Donnerstag	2	11	7	7	6	17	51	213	329	253	180	287	376	194	376	335	375	494	315	261	163	118	76	60	37
88	10999	St.Gallen Stadt Lukasstr. 30	14.02.2020	Freitag	1	14	5	5	8	20	52	204	291	218	215	249	302	209	241	255	272	319	287	221	159	132	83	68	64
89	10999	St.Gallen Stadt Lukasstr. 30	14.02.2020	Freitag	2	18	6	5	5	16	49	206	322	251	273	279	293	192	305	287	343	454	332	235	186	120	71	52	52
90	10999	St.Gallen Stadt Lukasstr. 30	15.02.2020	Samstag	1	29	18	10	12	11	26	51	81	139	185	219	250	201	230	223	200	218	164	136	89	81	90	82	48
91	10999	St.Gallen Stadt Lukasstr. 30	15.02.2020	Samstag	2	31	27	14	7	12	26	39	61	112	153	200	232	211	177	225	214	213	259	208	88	103	67	76	42
92	10999	St.Gallen Stadt Lukasstr. 30	16.02.2020	Sonntag	1	45	12	10	11	10	12	25	32	59	114	113	162	147	148	204	166	134	182	105	92	81	56	30	18
93	10999	St.Gallen Stadt Lukasstr. 30	16.02.2020	Sonntag	2	29	23	20	13	4	15	20	22	48	72	136	141	121	161	174	187	202	201	158	127	93	50	36	30
94	10999	St.Gallen Stadt Lukasstr. 30	17.02.2020	Montag	1	11	5	4	6	19	67	214	317	244	188	215	236	213	238	248	252	322	315	181	117	92	60	32	26
95	10999	St.Gallen Stadt Lukasstr. 30	17.02.2020	Montag	2	7	11	2	9	17	57	212	436	342	200	361	380	210	359	380	336	411	357	228	143	93	75	58	21
96	10999	St.Gallen Stadt Lukasstr. 30	18.02.2020	Dienstag	1	9	7	1	9	17	68	203	333	237	220	209	258	219	227	248	255	346	334	201	134	98	74	53	39
97	10999	St.Gallen Stadt Lukasstr. 30	18.02.2020	Dienstag	2	18	7	3	8	12	43	211	368	261	235	324	340	353	289	270	290	357	393	249	184	101	91	61	39
98	10999	St.Gallen Stadt Lukasstr. 30	19.02.2020	Mittwoch	1	11	5	5	6	13	62	210	315	227	219	210	251	227	273	220	233	353	327	209	135	110	81	56	37
99	10999	St.Gallen Stadt Lukasstr. 30	19.02.2020	Mittwoch	2	17	10	6	8	14	46	210	322	255	189	268	310	215	294	312	301	494	378	268	157	115	67	61	27
100	10999	St.Gallen Stadt Lukasstr. 30	20.02.2020	Donnerstag	1	10	5	10	7	16	71	212	296	231	222	224	262	223	298	258	265	330	347	228	137	97	75	56	20
101	10999	St.Gallen Stadt Lukasstr. 30	20.02.2020	Donnerstag	2	12	10	11	9	12	45	211	321	308	275	332	337	207	358	381	385	481	386	266	158	109	82	46	35
102	10999	St.Gallen Stadt Lukasstr. 30	21.02.2020	Freitag	1	14	5	9	9	18	62	205	299	257	251	278	264	224	266	286	290	363	341	258	161	110	79	70	68
103	10999	St.Gallen Stadt Lukasstr. 30	21.02.2020	Freitag	2	19	9	8	9	17	46	194	330	278	283	327	401	230	332	332	406	520	559	361	168	134	91	67	61
104	10999	St.Gallen Stadt Lukasstr. 30	22.02.2020	Samstag	1	26	26	10	9	8	27	66	92	119	210	231	249	196	239	222	217	216	180	155	92	73	65	69	52
105	10999	St.Gallen Stadt Lukasstr. 30	22.02.2020	Samstag	2	38	21	9	11	14	17	35	42	133	181	226	257	238	212	209	208	264	220	151	104	86	75	70	57
106	10999	St.Gallen Stadt Lukasstr. 30	23.02.2020	Sonntag	1	41	18	17	5	12	16	26	28	43	106	148	138	141	153	188	186	158	159	132	87	67	45	40	20
107	10999	St.Gallen Stadt Lukasstr. 30	23.02.2020	Sonntag	2	34	33	13	9	10	10	22	23	53	89	115	144	151	142	163	167	189	156	129	126	78	57	34	16
108	10999	St.Gallen Stadt Lukasstr. 30	24.02.2020	Montag	1	8	6	0	5	21	56	229	295	258	197	210	241	216	278	255	229	325	352	225	127	107	63	44	25
109	10999	St.Gallen Stadt Lukasstr. 30	24.02.2020	Montag	2	15	13	3	7	18	36	217	397	266	218	274	371	199	321	315	409	486	373	243	172	112	70	53	30
110	10999	St.Gallen Stadt Lukasstr. 30	25.02.2020	Dienstag	1	11	7	5	7	18	59	217	304	239	237	224	261	202	228	252	214	349	341	215	140	94	66	58	27
111	10999	St.Gallen Stadt Lukasstr. 30	25.02.2020	Dienstag	2	8	5	5	8	12	41	225	391	311	253	293	324	195	316	292	346	423	357	241	156	100	82	50	30
112	10999	St.Gallen Stadt Lukasstr. 30	26.02.2020	Mittwoch	1	8	8	4	5	25	66	223	320	211	202	195	262	181	253	264	235	324	302	222	158	95	86	42	30
113	10999	St.Gallen Stadt Lukasstr. 30	26.02.2020	Mittwoch	2	7	9	3	9	23	41	215	369	221	189	230	266	244	256	296	306	368	393	242	150	106	73	56	27
114	10999	St.Gallen Stadt Lukasstr. 30	27.02.2020	Donnerstag	1	17	8	3	5	23	76	218	298	244	232	253	241	208	251	213	233	310	308	218	146	111	85	67	36
115	10999	St.Gallen Stadt Lukasstr. 30	27.02.2020	Donnerstag	2	8	12	9	7	21	47	210	359	257	277	273	283	218	257	316	265	335	332	237	189	89	98	65	34
116	10999	St.Gallen Stadt Lukasstr. 30	28.02.2020	Freitag	1	11	6	7	3	23	67	210	294	202	219	220	276	212	303	299	303	380	322	234	171	100	93	67	53
117	10999	St.Gallen Stadt Lukasstr. 30	28.02.2020	Freitag	2	13	11	7	12	22	40	203	346	264	226	287	335	204	352	407	432	439	366	255	182	123	89	77	66
118	10999	St.Gallen Stadt Lukasstr. 30	29.02.2020	Samstag	1	28	15	12	11	18	19	54	85	146	205	227	224	201	237	238	209	189	180	139	88	70	72	62	44
119	10999	St.Gallen Stadt Lukasstr. 30	29.02.2020	Samstag	2	29	19	19	11	18	22	31	55	126	145	196	230	202	194	235	217	225	189	144	116	77	74	67	54
120	10999	St.Gallen Stadt Lukasstr. 30	01.03.2020	Sonntag	1	40	20	13	21	15	14	24	22	53	107	151	158	163	161	193	191	135	143	132	106	76	74	33	21
121	10999	St.Gallen Stadt Lukasstr. 30	01.03.2020	Sonntag	2	43	19	14	8	13	11	17	18	44	77	143	149	144	140	169	191	208	212	158	142	77	44	40	21
122	10999	St.Gallen Stadt Lukasstr. 30	02.03.2020	Montag	1	9	3	2	2	24	51	226	316	225	225	227	263	198	285	239	274	331	355	178	140	83	72	49	25
123	10999	St.Gallen Stadt Lukasstr. 30	02.03.2020	Montag	2	8	7	4	7	13	50	223	370	284	226	247	341	231	353	326	349	398	347	214	157	93	72	56	25
124	10999	St.Gallen Stadt Lukasstr. 30	03.03.2020	Dienstag	1	3	5	2	4	26	53	226	323	210	188	205	257	189	256	227	242	315	341	228	129	82	83	58	19
125	10999	St.Gallen Stadt Lukasstr. 30	03.03.2020	Dienstag	2	9	5	3	6	13	54	205	356	264	198	292	331	230	285	320	303	429	380	237	170	90	83	54	23
126	10999	St.Gallen Stadt Lukasstr. 30	04.03.2020	Mittwoch	1	9	10	7	6	20	53	219	309	252	203	234	277	220	254	260	268	361	305	221	152	90	76	57	23
127	10999	St.Gallen Stadt Lukasstr. 30	04.03.2020	Mittwoch	2	14	12	6	6	12	48	223	379	319	251	297	352	221	363	365	369	414	358	230	161	93	88	69	35
128	10999	St.Gallen Stadt Lukasstr. 30	05.03.2020	Donnerstag	1	9	12	15	4	21	50	225	317	251	190	216	263	203	228	232	234	326	322	238	130	98	60	55	21
129	10999	St.Gallen Stadt Lukasstr. 30	05.03.2020	Donnerstag	2	17	9	10	6	16	53	220	373	273	224	293	321	218	301	262	366	385	329	222	155	116	71	51	33
130	10999	St.Gallen Stadt Lukasstr. 30	06.03.2020	Freitag	1	8	10	6	9	24	54	208	298	211	218	247	260	242	252	264	297	351	286	202	148	105	74	71	46
131	10999	St.Gallen Stadt Lukasstr. 30	06.03.2020	Freitag	2	10	9	8	7	20	47	210	389	299	213	352	374	229	365	345	387	441	324	293	152	96	93	66	55
132	10999	St.Gallen Stadt Lukasstr. 30	07.03.2020	Samstag	1	24	19	12	8	7	22	42	61	151	196	208	207	181	220	219	175	202	152	138	82	81	58	75	65
133	10999	St.Gallen Stadt Lukasstr. 30	07.03.2020	Samstag	2	25	25	12	9	15	24	44	59	144	151	172	233	200	190	176	215	209	178	143	109	72	57	63	63
134	10999	St.Gallen Stadt Lukasstr. 30	08.03.2020	Sonntag	1	26	25	22	16	13	9	27	43	69	99	113	181	157	180	197	193	163	150	112	97	71	59	36	19
135	10999	St.Gallen Stadt Lukasstr. 30	08.03.2020	Sonntag	2	29	12	20	12	14	9	21	20	65	77	134	136	149	164	192	201	206	165	155	129	90	54	31	29
136	10999	St.Gallen Stadt Lukasstr. 30	09.03.2020	Montag	1	4	7	2	4	18	50	211	313	248	204	192	246	209	251	238	241	339	311	216	133	92	66	43	21
137	10999	St.Gallen Stadt Lukasstr. 30	09.03.2020	Montag	2	14	10	3	6	12	47	195	382	301	218	241	272	215	330	283	242	355	363	238	144	102	65	54	27
138	10999	St.Gallen Stadt Lukasstr. 30	10.03.2020	Dienstag	1	15	6	7	8	16	58	210	303	232	192	234	246	199	248	228	220	345	315	218	114	88	68	47	19
139	10999	St.Gallen Stadt Lukasstr. 30	10.03.2020	Dienstag	2	3	8	9	6	16	40	212	345	239	211	246	269	177	267	230	240	329	324	226	162	94	68	48	27
140	10999	St.Gallen Stadt Lukasstr. 30	11.03.2020	Mittwoch	1	7	4	5	4	19	54	248	312	202	194	205	255	212	243	256	269	319	337	231	120	95	59	51	33
141	10999	St.Gallen Stadt Lukasstr. 30	11.03.2020	Mittwoch	2	8	6	9	9	18	46	214	361	260	203	276	334	206	350	315	341	451	361	247	159	99	73	60	31
142	10999	St.Gallen Stadt Lukasstr. 30	12.03.2020	Donnerstag	1	5	4	3	5	21	54	233	326	200	234	391	335	228	347	380	406	347	332	206	124	106	82	63	17
143	10999	St.Gallen Stadt Lukasstr. 30	12.03.2020	Donnerstag	2	12	12	7	8	21	46	202	391	279	254	330	278	192	294	338	431	441	336	260	143	113	55	56	33
144	10999	St.Gallen Stadt Lukasstr. 30	13.03.2020	Freitag	1	11	4	7	5	16	59	202	309	215	210	252	266	218	265	272	286	337	318	248	144	98	72	58	32
145	10999	St.Gallen Stadt Lukasstr. 30	13.03.2020	Freitag	2	9	7	10	10	21	46	197	311	235	195	231	297	223	307	312	367	383	334	277	167	87	85	60	39
146	10999	St.Gallen Stadt Lukasstr. 30	14.03.2020	Samstag	1	37	16	5	6	9	16	43	91	162	215	242	267	216	203	202	185	206	134	106	70	65	51	59	41
147	10999	St.Gallen Stadt Lukasstr. 30	14.03.2020	Samstag	2	28	21	17	4	6	13	32	71	143	219	237	269	230	216	217	187	233	170	120	84	61	63	48	45
148	10999	St.Gallen Stadt Lukasstr. 30	15.03.2020	Sonntag	1	41	14	12	5	7	11	17	22	40	91	158	134	126	186	210	180	186	145	124	93	75	42	24	17
149	10999	St.Gallen Stadt Lukasstr. 30	15.03.2020	Sonntag	2	20	28	9	5	6	8	15	26	31	82	126	119	146	186	171	199	199	180	155	95	76	47	41	18
150	10999	St.Gallen Stadt Lukasstr. 30	16.03.2020	Montag	1	7	6	4	5	16	64	230	325	248	221	216	276	209	272	255	247	312	289	187	113	78	45	22	21
151	10999	St.Gallen Stadt Lukasstr. 30	16.03.2020	Montag	2	12	5	5	6	17	48	234	378	313	239	281	368	244	335	324	340	364	321	238	144	61	32	36	17
152	10999	St.Gallen Stadt Lukasstr. 30	17.03.2020	Dienstag	1	6	4	5	8	20	47	214	290	202	170	200	205	183	206	224	247	298	278	175	100	44	41	26	9
153	10999	St.Gallen Stadt Lukasstr. 30	17.03.2020	Dienstag	2	15	8	7	2	12	46	199	343	241	201	255	290	313	258	286	319	394	341	183	102	49	34	19	9
154	10999	St.Gallen Stadt Lukasstr. 30	18.03.2020	Mittwoch	1	9	3	5	10	16	61	206	256	164	190	194	241	194	248	204	233	295	285	166	99	50	35	21	11
155	10999	St.Gallen Stadt Lukasstr. 30	18.03.2020	Mittwoch	2	9	6	6	4	9	45	198	298	215	221	259	292	217	286	259	333	363	347	213	105	66	36	29	9
156	10999	St.Gallen Stadt Lukasstr. 30	19.03.2020	Donnerstag	1	11	3	9	4	19	58	193	251	181	194	211	232	208	246	234	253	278	273	169	110	56	31	24	9
157	10999	St.Gallen Stadt Lukasstr. 30	19.03.2020	Donnerstag	2	9	6	5	4	14	36	188	302	238	243	313	335	201	281	280	323	402	314	204	107	57	27	31	14
158	10999	St.Gallen Stadt Lukasstr. 30	20.03.2020	Freitag	1	4	4	6	5	14	60	214	225	193	210	232	222	183	249	237	249	289	267	148	100	57	33	33	10
159	10999	St.Gallen Stadt Lukasstr. 30	20.03.2020	Freitag	2	12	11	8	6	15	47	181	344	233	361	368	327	204	269	356	324	373	269	179	120	57	27	29	15
160	10999	St.Gallen Stadt Lukasstr. 30	21.03.2020	Samstag	1	8	4	8	4	11	24	34	47	95	131	153	176	146	124	128	140	136	95	66	46	40	30	25	20
161	10999	St.Gallen Stadt Lukasstr. 30	21.03.2020	Samstag	2	12	6	9	2	6	8	33	54	82	139	139	161	143	131	140	145	131	105	62	62	44	29	19	22
162	10999	St.Gallen Stadt Lukasstr. 30	22.03.2020	Sonntag	1	9	12	2	2	4	7	20	16	25	45	47	67	67	78	109	119	120	110	68	72	47	24	12	10
163	10999	St.Gallen Stadt Lukasstr. 30	22.03.2020	Sonntag	2	14	12	8	3	3	6	28	16	20	47	47	59	52	95	112	121	112	99	93	73	43	21	20	13
164	10999	St.Gallen Stadt Lukasstr. 30	23.03.2020	Montag	1	4	2	2	4	11	45	205	258	157	161	170	196	169	196	199	212	261	278	133	74	47	25	24	14
165	10999	St.Gallen Stadt Lukasstr. 30	23.03.2020	Montag	2	4	4	2	2	16	43	203	259	195	187	180	230	174	242	217	238	297	283	177	75	46	25	25	12
166	10999	St.Gallen Stadt Lukasstr. 30	24.03.2020	Dienstag	1	4	3	4	7	13	49	220	245	154	172	178	191	182	207	208	192	256	240	142	81	55	31	22	17
167	10999	St.Gallen Stadt Lukasstr. 30	24.03.2020	Dienstag	2	8	3	6	5	15	40	195	264	169	154	205	248	188	282	255	269	313	315	157	89	45	32	30	17
168	10999	St.Gallen Stadt Lukasstr. 30	25.03.2020	Mittwoch	1	5	4	5	5	16	63	209	234	155	185	184	212	188	241	210	206	289	242	159	81	58	29	27	16
169	10999	St.Gallen Stadt Lukasstr. 30	25.03.2020	Mittwoch	2	8	8	5	3	17	37	196	270	183	192	209	213	208	264	265	264	332	280	175	99	59	42	25	20
170	10999	St.Gallen Stadt Lukasstr. 30	26.03.2020	Donnerstag	1	5	2	7	3	17	43	187	250	152	174	178	211	187	191	214	189	280	255	165	94	59	43	36	12
171	10999	St.Gallen Stadt Lukasstr. 30	26.03.2020	Donnerstag	2	14	4	7	2	17	37	175	252	207	178	206	230	180	224	217	231	322	270	189	115	60	31	32	12
172	10999	St.Gallen Stadt Lukasstr. 30	27.03.2020	Freitag	1	9	3	9	4	20	52	200	244	147	172	197	227	191	253	257	228	266	263	155	94	55	38	37	15
173	10999	St.Gallen Stadt Lukasstr. 30	27.03.2020	Freitag	2	11	5	5	6	16	39	178	263	198	224	248	291	182	292	344	357	372	282	189	104	55	40	28	22
174	10999	St.Gallen Stadt Lukasstr. 30	28.03.2020	Samstag	1	13	7	7	7	7	22	39	59	94	151	215	227	165	194	195	194	149	130	114	61	41	44	32	15
175	10999	St.Gallen Stadt Lukasstr. 30	28.03.2020	Samstag	2	10	5	14	2	10	16	27	90	90	139	186	204	200	176	168	183	208	155	125	72	58	46	44	19
176	10999	St.Gallen Stadt Lukasstr. 30	29.03.2020	Sonntag	1	11	9	0	5	4	5	13	10	17	57	73	80	83	74	96	84	80	76	62	70	46	36	19	4
177	10999	St.Gallen Stadt Lukasstr. 30	29.03.2020	Sonntag	2	10	8	0	3	4	4	18	6	21	33	58	87	82	75	100	93	97	89	89	69	44	26	21	11
178	10999	St.Gallen Stadt Lukasstr. 30	30.03.2020	Montag	1	1	5	1	11	24	51	204	236	165	153	165	187	176	205	197	189	243	235	136	82	46	33	27	8
179	10999	St.Gallen Stadt Lukasstr. 30	30.03.2020	Montag	2	6	5	5	8	17	37	198	271	186	169	160	188	203	215	260	254	272	256	154	97	53	29	34	16
180	10999	St.Gallen Stadt Lukasstr. 30	31.03.2020	Dienstag	1	3	4	9	9	17	48	209	226	168	147	181	196	184	217	205	244	277	285	152	86	58	29	27	13
181	10999	St.Gallen Stadt Lukasstr. 30	31.03.2020	Dienstag	2	8	7	7	2	11	43	195	252	188	170	207	262	187	273	278	274	342	302	158	79	61	29	28	18
182	10999	St.Gallen Stadt Lukasstr. 30	01.04.2020	Mittwoch	1	9	2	5	7	15	60	192	241	170	181	203	199	163	222	219	219	310	245	140	101	52	29	21	9
183	10999	St.Gallen Stadt Lukasstr. 30	01.04.2020	Mittwoch	2	16	4	4	4	13	41	178	267	206	187	261	428	232	380	482	476	545	322	215	162	100	54	50	18
184	10999	St.Gallen Stadt Lukasstr. 30	02.04.2020	Donnerstag	1	4	6	4	5	18	45	210	204	176	171	217	220	181	213	205	222	274	285	175	99	79	42	30	10
185	10999	St.Gallen Stadt Lukasstr. 30	02.04.2020	Donnerstag	2	13	8	9	7	29	64	252	347	300	243	426	375	208	371	394	404	550	299	172	110	73	43	21	19
186	10999	St.Gallen Stadt Lukasstr. 30	03.04.2020	Freitag	1	16	2	5	11	15	51	196	229	174	194	225	225	210	246	251	252	311	254	154	108	71	42	32	19
187	10999	St.Gallen Stadt Lukasstr. 30	03.04.2020	Freitag	2	13	1	4	6	16	36	199	290	184	193	290	311	212	296	384	346	372	267	201	120	90	47	42	22
188	10999	St.Gallen Stadt Lukasstr. 30	04.04.2020	Samstag	1	6	9	9	5	6	22	37	42	106	144	209	205	177	195	214	178	194	125	104	88	61	42	30	20
189	10999	St.Gallen Stadt Lukasstr. 30	04.04.2020	Samstag	2	9	12	9	4	6	8	35	60	102	129	194	220	192	210	223	187	186	142	118	87	77	33	34	29
190	10999	St.Gallen Stadt Lukasstr. 30	05.04.2020	Sonntag	1	19	15	7	4	2	7	18	10	32	57	82	99	113	158	149	143	144	131	105	77	51	35	18	10
191	10999	St.Gallen Stadt Lukasstr. 30	05.04.2020	Sonntag	2	20	5	8	2	1	3	15	14	24	34	65	106	110	133	121	122	146	154	121	89	86	43	22	9
192	10999	St.Gallen Stadt Lukasstr. 30	06.04.2020	Montag	1	5	7	3	2	22	54	191	244	182	187	178	223	184	212	234	246	269	300	177	120	48	34	23	15
193	10999	St.Gallen Stadt Lukasstr. 30	06.04.2020	Montag	2	4	4	5	4	14	45	176	287	250	207	314	324	198	332	373	382	436	300	189	117	78	40	30	17
194	10999	St.Gallen Stadt Lukasstr. 30	07.04.2020	Dienstag	1	5	4	6	3	20	56	204	226	166	197	216	237	178	242	247	215	306	278	175	96	75	35	25	15
195	10999	St.Gallen Stadt Lukasstr. 30	07.04.2020	Dienstag	2	8	2	4	2	10	39	189	295	210	251	386	319	172	324	401	425	452	300	173	121	76	49	37	25
196	10999	St.Gallen Stadt Lukasstr. 30	08.04.2020	Mittwoch	1	10	1	4	3	24	64	197	254	192	189	238	262	235	263	258	238	310	299	165	126	75	47	28	10
197	10999	St.Gallen Stadt Lukasstr. 30	08.04.2020	Mittwoch	2	8	2	8	5	9	49	176	275	215	204	326	373	211	310	389	437	409	318	216	130	82	46	32	17
198	10999	St.Gallen Stadt Lukasstr. 30	09.04.2020	Donnerstag	1	7	5	5	13	21	50	205	237	206	196	257	237	275	252	292	301	325	232	162	116	80	36	41	19
199	10999	St.Gallen Stadt Lukasstr. 30	09.04.2020	Donnerstag	2	11	10	1	6	10	44	174	277	212	246	367	412	238	381	388	352	361	269	167	124	92	48	42	30
200	10999	St.Gallen Stadt Lukasstr. 30	10.04.2020	Freitag	1	10	8	7	10	2	8	21	23	43	80	91	120	114	122	159	155	165	117	110	99	68	47	40	18
201	10999	St.Gallen Stadt Lukasstr. 30	10.04.2020	Freitag	2	10	14	8	6	1	7	16	22	28	59	100	111	111	133	160	151	141	135	119	95	81	61	35	14
202	10999	St.Gallen Stadt Lukasstr. 30	11.04.2020	Samstag	1	16	4	3	8	7	19	29	84	152	224	244	243	211	215	229	214	191	164	100	86	67	50	50	22
203	10999	St.Gallen Stadt Lukasstr. 30	11.04.2020	Samstag	2	11	7	2	5	3	13	29	56	116	195	253	248	208	225	207	206	215	188	125	115	76	60	33	22
204	10999	St.Gallen Stadt Lukasstr. 30	12.04.2020	Sonntag	1	18	11	5	3	6	5	15	30	36	72	78	125	114	142	145	144	132	120	91	91	63	43	29	21
205	10999	St.Gallen Stadt Lukasstr. 30	12.04.2020	Sonntag	2	14	8	4	4	3	4	16	19	34	64	115	119	102	101	135	164	166	132	114	97	69	50	30	25
206	10999	St.Gallen Stadt Lukasstr. 30	13.04.2020	Montag	1	11	6	7	2	1	4	15	17	34	71	105	102	113	122	161	150	162	115	99	89	58	43	22	8
207	10999	St.Gallen Stadt Lukasstr. 30	13.04.2020	Montag	2	7	6	3	4	1	5	18	18	28	55	75	97	108	140	148	154	135	152	103	101	73	45	27	16
208	10999	St.Gallen Stadt Lukasstr. 30	14.04.2020	Dienstag	1	6	2	3	5	21	62	222	220	200	203	204	235	194	233	260	347	344	303	179	91	51	32	33	12
209	10999	St.Gallen Stadt Lukasstr. 30	14.04.2020	Dienstag	2	7	1	3	1	6	43	198	261	206	209	288	251	186	280	332	500	444	296	170	112	70	35	26	15
210	10999	St.Gallen Stadt Lukasstr. 30	15.04.2020	Mittwoch	1	6	4	6	10	24	58	207	251	202	187	208	214	172	266	236	226	294	277	189	95	57	43	25	16
211	10999	St.Gallen Stadt Lukasstr. 30	15.04.2020	Mittwoch	2	9	7	5	8	10	44	185	291	182	205	269	253	174	291	384	367	446	306	201	113	73	45	26	19
212	10999	St.Gallen Stadt Lukasstr. 30	16.04.2020	Donnerstag	1	8	1	6	6	15	57	201	231	184	185	219	241	210	258	245	227	290	302	156	128	52	39	37	14
213	10999	St.Gallen Stadt Lukasstr. 30	16.04.2020	Donnerstag	2	1	10	2	6	10	39	174	302	284	231	387	414	189	356	438	312	439	333	175	119	74	46	24	16
214	10999	St.Gallen Stadt Lukasstr. 30	17.04.2020	Freitag	1	7	5	5	8	18	54	180	211	164	212	220	290	211	239	279	322	326	270	183	115	93	53	36	26
215	10999	St.Gallen Stadt Lukasstr. 30	17.04.2020	Freitag	2	8	9	6	6	13	41	155	273	243	239	338	431	306	290	466	582	588	284	194	133	87	67	46	39
216	10999	St.Gallen Stadt Lukasstr. 30	18.04.2020	Samstag	1	17	14	6	6	7	25	37	60	119	145	194	216	192	203	223	230	185	140	114	101	80	58	41	21
217	10999	St.Gallen Stadt Lukasstr. 30	18.04.2020	Samstag	2	13	12	11	5	3	13	28	53	98	153	213	205	173	187	230	181	213	142	112	87	77	72	47	32
218	10999	St.Gallen Stadt Lukasstr. 30	19.04.2020	Sonntag	1	27	8	8	8	4	11	17	18	32	80	88	119	130	148	137	149	152	135	108	101	80	33	28	16
219	10999	St.Gallen Stadt Lukasstr. 30	19.04.2020	Sonntag	2	25	12	7	3	2	6	16	11	27	55	103	104	117	139	138	131	168	148	118	97	103	74	42	12
220	10999	St.Gallen Stadt Lukasstr. 30	20.04.2020	Montag	1	6	4	6	2	20	46	208	287	179	195	173	225	174	219	201	247	293	304	151	108	58	38	26	8
221	10999	St.Gallen Stadt Lukasstr. 30	20.04.2020	Montag	2	4	6	4	3	12	45	205	260	307	216	298	571	158	357	407	394	516	266	153	113	83	60	37	20
222	10999	St.Gallen Stadt Lukasstr. 30	21.04.2020	Dienstag	1	9	6	4	7	14	62	215	282	180	196	202	242	187	230	221	263	299	300	191	93	67	52	32	14
223	10999	St.Gallen Stadt Lukasstr. 30	21.04.2020	Dienstag	2	6	4	6	7	12	28	207	405	251	275	324	517	165	526	319	493	575	285	182	111	75	54	41	21
224	10999	St.Gallen Stadt Lukasstr. 30	22.04.2020	Mittwoch	1	7	3	10	6	14	59	222	283	187	214	219	256	202	281	234	236	339	351	190	103	82	55	50	17
225	10999	St.Gallen Stadt Lukasstr. 30	22.04.2020	Mittwoch	2	8	6	4	5	13	35	206	354	244	240	370	456	204	458	458	495	506	314	198	115	100	73	47	26
226	10999	St.Gallen Stadt Lukasstr. 30	23.04.2020	Donnerstag	1	9	5	6	7	14	55	221	285	182	201	235	251	179	253	235	248	295	324	191	136	83	73	37	27
227	10999	St.Gallen Stadt Lukasstr. 30	23.04.2020	Donnerstag	2	13	3	4	9	10	32	197	1693	295	302	633	403	235	673	890	699	584	315	202	122	101	88	50	22
228	10999	St.Gallen Stadt Lukasstr. 30	24.04.2020	Freitag	1	6	3	6	5	11	51	209	259	200	221	244	268	197	265	292	263	329	259	197	134	90	60	38	27
229	10999	St.Gallen Stadt Lukasstr. 30	24.04.2020	Freitag	2	10	7	5	9	10	35	184	338	327	739	493	497	176	460	1257	665	510	283	195	141	86	74	47	34
230	10999	St.Gallen Stadt Lukasstr. 30	25.04.2020	Samstag	1	12	11	7	5	6	20	45	50	114	145	196	221	194	182	235	212	201	152	108	74	69	49	41	35
231	10999	St.Gallen Stadt Lukasstr. 30	25.04.2020	Samstag	2	19	14	5	5	8	15	29	59	89	109	172	229	185	178	209	247	202	243	115	74	77	65	37	29
232	10999	St.Gallen Stadt Lukasstr. 30	26.04.2020	Sonntag	1	21	10	7	3	4	12	15	17	35	68	94	104	102	123	151	142	140	131	130	111	82	40	20	10
233	10999	St.Gallen Stadt Lukasstr. 30	26.04.2020	Sonntag	2	19	16	9	2	2	7	22	12	22	61	85	84	93	119	138	159	131	130	125	95	92	71	34	24
234	10999	St.Gallen Stadt Lukasstr. 30	27.04.2020	Montag	1	10	3	5	5	20	53	225	279	226	202	205	260	206	271	286	245	310	334	181	115	82	77	38	19
235	10999	St.Gallen Stadt Lukasstr. 30	27.04.2020	Montag	2	6	4	3	7	15	47	406	508	365	300	469	719	204	717	767	642	705	327	204	130	77	167	30	16
236	10999	St.Gallen Stadt Lukasstr. 30	28.04.2020	Dienstag	1	9	7	4	10	22	49	235	258	206	222	202	213	181	243	238	234	327	334	193	120	71	61	35	24
237	10999	St.Gallen Stadt Lukasstr. 30	28.04.2020	Dienstag	2	4	4	3	6	14	36	197	519	560	530	722	566	198	351	452	887	641	317	225	129	69	38	26	17
238	10999	St.Gallen Stadt Lukasstr. 30	29.04.2020	Mittwoch	1	8	5	10	13	21	47	220	255	196	212	217	215	201	255	233	223	327	325	174	118	59	43	31	22
239	10999	St.Gallen Stadt Lukasstr. 30	29.04.2020	Mittwoch	2	6	5	11	5	14	42	191	432	252	343	318	328	203	449	578	867	484	339	204	123	82	58	43	21
240	10999	St.Gallen Stadt Lukasstr. 30	30.04.2020	Donnerstag	1	8	3	6	8	20	58	220	286	210	202	217	266	181	250	221	255	290	301	191	118	68	41	32	20
241	10999	St.Gallen Stadt Lukasstr. 30	30.04.2020	Donnerstag	2	10	2	3	5	15	37	205	429	614	263	750	460	209	663	685	486	426	305	208	111	86	46	30	21
242	10999	St.Gallen Stadt Lukasstr. 30	01.05.2020	Freitag	1	11	7	5	8	17	44	220	249	177	221	262	257	240	294	272	299	311	270	213	110	73	51	24	34
243	10999	St.Gallen Stadt Lukasstr. 30	01.05.2020	Freitag	2	8	2	7	5	10	29	173	354	253	397	501	739	512	625	280	276	289	267	214	111	73	45	39	24
244	10999	St.Gallen Stadt Lukasstr. 30	02.05.2020	Samstag	1	14	17	8	8	7	23	26	59	94	147	202	223	195	155	204	230	201	127	95	79	43	41	41	28
245	10999	St.Gallen Stadt Lukasstr. 30	02.05.2020	Samstag	2	17	13	9	7	4	16	22	41	91	168	184	194	177	172	225	197	196	154	95	65	61	55	34	35
246	10999	St.Gallen Stadt Lukasstr. 30	03.05.2020	Sonntag	1	29	18	8	10	4	8	10	16	43	81	110	99	122	128	183	164	140	161	131	87	75	66	33	17
247	10999	St.Gallen Stadt Lukasstr. 30	03.05.2020	Sonntag	2	18	10	2	5	4	5	22	8	35	64	88	116	114	132	152	156	149	144	112	106	93	70	43	24
248	10999	St.Gallen Stadt Lukasstr. 30	04.05.2020	Montag	1	14	7	5	3	19	46	246	272	207	177	233	227	175	259	239	261	280	306	196	124	78	58	36	24
249	10999	St.Gallen Stadt Lukasstr. 30	04.05.2020	Montag	2	9	8	1	7	20	34	203	756	371	640	428	553	187	507	839	723	828	331	214	122	99	66	56	28
250	10999	St.Gallen Stadt Lukasstr. 30	05.05.2020	Dienstag	1	14	6	2	10	17	47	220	292	182	183	191	227	188	248	194	238	287	263	171	89	63	42	47	21
251	10999	St.Gallen Stadt Lukasstr. 30	05.05.2020	Dienstag	2	12	9	4	9	15	37	193	377	264	334	422	322	173	711	317	485	366	288	184	111	59	45	40	24
252	10999	St.Gallen Stadt Lukasstr. 30	06.05.2020	Mittwoch	1	7	5	3	6	18	48	244	244	191	208	216	226	213	238	244	246	308	328	231	121	86	78	53	26
253	10999	St.Gallen Stadt Lukasstr. 30	06.05.2020	Mittwoch	2	2	11	7	7	15	44	180	519	321	380	393	483	215	514	740	719	618	319	193	136	101	74	60	30
254	10999	St.Gallen Stadt Lukasstr. 30	07.05.2020	Donnerstag	1	7	11	7	8	16	40	228	282	212	221	235	230	226	239	273	296	290	320	222	119	102	90	42	32
255	10999	St.Gallen Stadt Lukasstr. 30	07.05.2020	Donnerstag	2	10	6	7	9	10	47	200	578	682	492	827	478	314	587	709	492	562	303	236	146	126	104	48	21
256	10999	St.Gallen Stadt Lukasstr. 30	08.05.2020	Freitag	1	11	7	10	6	17	52	239	272	196	212	225	273	217	265	296	279	309	272	216	139	88	55	53	34
257	10999	St.Gallen Stadt Lukasstr. 30	08.05.2020	Freitag	2	16	8	6	5	13	33	188	391	471	646	648	638	199	579	581	708	607	302	184	227	118	59	48	34
258	10999	St.Gallen Stadt Lukasstr. 30	09.05.2020	Samstag	1	34	14	7	9	8	29	52	63	111	200	232	245	236	219	261	261	243	174	142	100	75	67	49	36
259	10999	St.Gallen Stadt Lukasstr. 30	09.05.2020	Samstag	2	25	15	15	11	6	20	31	58	103	147	212	244	205	353	194	219	208	186	124	105	73	92	79	42
260	10999	St.Gallen Stadt Lukasstr. 30	10.05.2020	Sonntag	1	20	17	13	5	3	5	19	21	41	85	108	133	144	182	182	178	171	177	134	128	122	86	43	20
261	10999	St.Gallen Stadt Lukasstr. 30	10.05.2020	Sonntag	2	30	18	9	3	6	2	19	17	20	54	103	107	147	153	130	172	157	173	167	145	170	173	43	30
262	10999	St.Gallen Stadt Lukasstr. 30	11.05.2020	Montag	1	13	2	2	9	20	50	241	268	239	208	208	263	168	268	225	195	300	288	182	102	79	59	43	15
263	10999	St.Gallen Stadt Lukasstr. 30	11.05.2020	Montag	2	14	6	5	7	16	38	315	801	396	303	451	968	185	362	325	406	400	318	177	113	79	67	44	28
264	10999	St.Gallen Stadt Lukasstr. 30	12.05.2020	Dienstag	1	8	6	2	8	17	44	224	289	191	180	202	221	190	237	203	234	279	291	185	120	87	74	57	14
265	10999	St.Gallen Stadt Lukasstr. 30	12.05.2020	Dienstag	2	13	8	5	4	14	37	202	645	1888	395	660	800	177	409	477	700	470	297	194	103	97	64	53	20
266	10999	St.Gallen Stadt Lukasstr. 30	13.05.2020	Mittwoch	1	2	7	3	7	15	55	224	284	202	177	194	244	195	245	248	227	285	275	196	121	85	73	59	12
267	10999	St.Gallen Stadt Lukasstr. 30	13.05.2020	Mittwoch	2	6	9	4	5	9	36	192	356	251	539	810	539	190	382	398	530	808	298	207	115	98	62	55	36
268	10999	St.Gallen Stadt Lukasstr. 30	14.05.2020	Donnerstag	1	4	6	8	10	18	46	244	271	222	198	210	209	213	260	235	241	297	282	196	138	92	95	63	24
269	10999	St.Gallen Stadt Lukasstr. 30	14.05.2020	Donnerstag	2	12	9	4	4	12	50	184	365	683	419	282	377	747	371	900	450	434	311	199	151	85	61	33	21
270	10999	St.Gallen Stadt Lukasstr. 30	15.05.2020	Freitag	1	8	3	9	5	20	47	225	250	210	203	245	241	215	236	246	253	304	258	201	135	74	56	45	27
271	10999	St.Gallen Stadt Lukasstr. 30	15.05.2020	Freitag	2	6	6	7	7	13	42	162	948	220	698	311	403	187	943	430	423	323	258	212	140	86	63	43	28
272	10999	St.Gallen Stadt Lukasstr. 30	16.05.2020	Samstag	1	34	14	11	7	14	26	36	61	125	172	203	214	223	200	223	182	199	158	141	101	72	60	56	42
273	10999	St.Gallen Stadt Lukasstr. 30	16.05.2020	Samstag	2	31	19	16	5	8	12	31	54	89	149	193	180	208	217	202	199	194	177	118	114	93	57	49	47
274	10999	St.Gallen Stadt Lukasstr. 30	17.05.2020	Sonntag	1	38	31	10	7	9	6	17	18	57	96	117	113	137	158	199	162	183	161	106	96	92	96	45	23
275	10999	St.Gallen Stadt Lukasstr. 30	17.05.2020	Sonntag	2	34	23	19	10	7	2	19	19	33	62	86	121	124	136	148	174	181	185	131	102	174	139	54	37
276	10999	St.Gallen Stadt Lukasstr. 30	18.05.2020	Montag	1	12	7	7	5	26	50	221	296	209	200	223	251	204	257	248	261	299	315	232	139	115	84	62	18
277	10999	St.Gallen Stadt Lukasstr. 30	18.05.2020	Montag	2	16	6	6	5	13	42	186	483	462	601	510	333	205	1082	809	817	1175	331	189	144	136	71	71	27
278	10999	St.Gallen Stadt Lukasstr. 30	19.05.2020	Dienstag	1	14	3	8	9	15	50	232	288	242	229	255	274	199	250	222	274	332	332	236	137	95	84	63	29
279	10999	St.Gallen Stadt Lukasstr. 30	19.05.2020	Dienstag	2	16	8	7	4	10	52	216	419	456	474	710	448	186	1055	769	805	670	335	216	146	115	92	58	33
280	10999	St.Gallen Stadt Lukasstr. 30	20.05.2020	Mittwoch	1	15	4	6	8	22	57	252	283	240	221	246	265	239	292	269	267	367	307	211	154	112	90	34	48
281	10999	St.Gallen Stadt Lukasstr. 30	20.05.2020	Mittwoch	2	14	8	12	5	17	43	197	593	413	549	684	495	238	570	567	507	296	277	209	149	111	68	51	34
282	10999	St.Gallen Stadt Lukasstr. 30	21.05.2020	Donnerstag	1	39	10	11	6	8	14	25	36	74	121	165	143	140	138	164	158	173	142	145	105	117	65	43	27
283	10999	St.Gallen Stadt Lukasstr. 30	21.05.2020	Donnerstag	2	33	12	7	2	6	7	29	25	46	82	113	131	130	141	146	131	221	173	129	116	95	81	53	33
284	10999	St.Gallen Stadt Lukasstr. 30	22.05.2020	Freitag	1	32	6	5	5	9	29	87	128	180	217	243	263	205	196	236	263	254	231	148	118	86	65	47	42
285	10999	St.Gallen Stadt Lukasstr. 30	22.05.2020	Freitag	2	22	7	12	3	7	23	61	101	135	207	220	262	210	203	225	266	264	227	167	122	113	63	59	45
286	10999	St.Gallen Stadt Lukasstr. 30	23.05.2020	Samstag	1	27	21	19	9	6	19	30	69	105	193	207	213	193	196	172	173	143	128	91	59	72	42	50	44
287	10999	St.Gallen Stadt Lukasstr. 30	23.05.2020	Samstag	2	20	12	12	8	6	10	26	60	111	140	225	208	184	174	158	190	168	127	82	87	65	61	59	44
288	10999	St.Gallen Stadt Lukasstr. 30	24.05.2020	Sonntag	1	28	24	14	8	5	5	15	26	30	91	120	121	134	149	155	153	155	131	111	102	97	67	59	28
289	10999	St.Gallen Stadt Lukasstr. 30	24.05.2020	Sonntag	2	31	15	9	6	2	4	15	17	30	54	94	114	103	123	159	139	151	136	132	116	101	85	57	30
290	10999	St.Gallen Stadt Lukasstr. 30	25.05.2020	Montag	1	18	6	7	5	22	59	215	295	206	228	210	213	174	217	225	198	315	307	197	125	103	86	61	25
291	10999	St.Gallen Stadt Lukasstr. 30	25.05.2020	Montag	2	14	10	6	6	17	62	205	379	517	383	505	365	215	464	729	610	502	372	200	159	108	81	59	40
292	10999	St.Gallen Stadt Lukasstr. 30	26.05.2020	Dienstag	1	12	3	8	10	25	61	209	249	187	204	203	219	197	236	245	245	306	343	192	145	102	142	89	36
293	10999	St.Gallen Stadt Lukasstr. 30	26.05.2020	Dienstag	2	10	6	4	6	15	51	181	527	394	419	507	338	206	455	482	446	479	298	201	158	193	140	91	26
294	10999	St.Gallen Stadt Lukasstr. 30	27.05.2020	Mittwoch	1	13	8	7	10	28	53	239	281	200	221	227	262	216	262	268	245	322	343	189	169	137	118	102	40
295	10999	St.Gallen Stadt Lukasstr. 30	27.05.2020	Mittwoch	2	11	11	5	5	20	48	170	1129	422	628	724	754	549	511	498	701	513	316	212	263	215	162	100	35
296	10999	St.Gallen Stadt Lukasstr. 30	28.05.2020	Donnerstag	1	22	9	7	12	28	58	220	248	226	213	218	246	202	248	249	269	314	311	287	156	142	167	99	33
297	10999	St.Gallen Stadt Lukasstr. 30	28.05.2020	Donnerstag	2	19	5	3	6	15	46	199	450	395	518	489	1442	200	587	793	532	467	310	221	147	150	116	62	34
298	10999	St.Gallen Stadt Lukasstr. 30	29.05.2020	Freitag	1	31	16	10	10	22	59	207	256	208	257	245	285	222	269	312	255	331	275	210	144	109	73	47	45
299	10999	St.Gallen Stadt Lukasstr. 30	29.05.2020	Freitag	2	25	10	7	2	19	39	172	539	355	342	617	442	590	771	651	1023	379	260	202	170	108	77	59	48
300	10999	St.Gallen Stadt Lukasstr. 30	30.05.2020	Samstag	1	37	21	9	3	13	22	43	83	147	196	260	211	223	248	235	231	209	163	154	112	89	72	48	40
301	10999	St.Gallen Stadt Lukasstr. 30	30.05.2020	Samstag	2	26	11	9	10	13	10	37	58	123	180	224	252	205	178	222	202	209	473	139	99	88	73	65	50
302	10999	St.Gallen Stadt Lukasstr. 30	31.05.2020	Sonntag	1	40	27	12	7	4	8	27	27	51	99	150	154	136	154	152	186	177	127	131	113	97	82	69	45
303	10999	St.Gallen Stadt Lukasstr. 30	31.05.2020	Sonntag	2	43	22	16	13	7	3	22	13	52	87	95	137	135	143	135	155	164	177	196	115	118	79	65	49
304	10999	St.Gallen Stadt Lukasstr. 30	01.06.2020	Montag	1	26	13	4	5	8	3	24	32	61	119	121	176	127	167	189	169	175	157	144	115	114	74	47	21
305	10999	St.Gallen Stadt Lukasstr. 30	01.06.2020	Montag	2	31	19	3	5	4	7	29	18	35	91	111	134	142	138	145	165	189	186	157	138	124	91	56	20
306	10999	St.Gallen Stadt Lukasstr. 30	02.06.2020	Dienstag	1	11	6	0	4	26	70	230	301	230	209	254	231	241	243	268	265	339	330	220	146	102	112	88	31
307	10999	St.Gallen Stadt Lukasstr. 30	02.06.2020	Dienstag	2	8	3	4	11	14	55	239	743	442	656	508	828	167	218	285	712	984	317	235	154	179	113	75	33
308	10999	St.Gallen Stadt Lukasstr. 30	03.06.2020	Mittwoch	1	13	8	10	7	21	53	216	314	230	195	219	272	232	259	250	252	316	341	235	134	93	98	89	36
309	10999	St.Gallen Stadt Lukasstr. 30	03.06.2020	Mittwoch	2	12	6	6	8	13	50	212	448	492	692	501	415	207	839	751	768	660	335	232	151	131	93	78	30
310	10999	St.Gallen Stadt Lukasstr. 30	04.06.2020	Donnerstag	1	8	10	5	9	17	72	217	285	255	173	235	250	210	272	225	252	303	317	224	133	113	108	97	33
311	10999	St.Gallen Stadt Lukasstr. 30	04.06.2020	Donnerstag	2	17	1	4	6	14	63	209	565	375	198	521	411	187	226	209	233	289	319	221	118	121	79	62	29
312	10999	St.Gallen Stadt Lukasstr. 30	05.06.2020	Freitag	1	14	5	7	9	20	57	213	278	225	216	245	239	242	245	295	278	332	313	213	129	83	72	58	43
313	10999	St.Gallen Stadt Lukasstr. 30	05.06.2020	Freitag	2	11	4	9	6	11	47	184	241	154	204	230	234	202	259	253	257	288	281	230	136	83	70	52	52
314	10999	St.Gallen Stadt Lukasstr. 30	06.06.2020	Samstag	1	43	13	13	9	14	26	50	73	139	181	234	227	223	217	216	211	195	135	96	80	86	69	60	53
315	10999	St.Gallen Stadt Lukasstr. 30	06.06.2020	Samstag	2	31	13	13	7	12	17	33	64	112	167	205	217	208	225	216	202	214	144	120	108	82	75	60	66
316	10999	St.Gallen Stadt Lukasstr. 30	07.06.2020	Sonntag	1	43	22	14	8	8	11	17	21	44	61	108	127	88	99	109	129	132	137	106	81	109	56	56	26
317	10999	St.Gallen Stadt Lukasstr. 30	07.06.2020	Sonntag	2	42	28	9	12	6	11	23	18	39	49	102	111	113	109	121	138	137	154	121	111	74	63	60	30
318	10999	St.Gallen Stadt Lukasstr. 30	08.06.2020	Montag	1	17	9	5	10	28	49	251	282	232	208	221	265	193	267	255	220	299	354	208	128	115	73	81	27
319	10999	St.Gallen Stadt Lukasstr. 30	08.06.2020	Montag	2	14	7	7	6	16	45	210	282	196	200	204	229	213	249	219	241	287	315	235	146	97	73	56	28
320	10999	St.Gallen Stadt Lukasstr. 30	09.06.2020	Dienstag	1	10	11	5	13	25	61	251	283	208	204	207	264	176	246	255	258	291	305	213	148	110	92	93	43
321	10999	St.Gallen Stadt Lukasstr. 30	09.06.2020	Dienstag	2	9	2	6	7	17	46	197	279	205	167	450	249	172	212	217	237	276	296	227	147	86	82	61	40
322	10999	St.Gallen Stadt Lukasstr. 30	10.06.2020	Mittwoch	1	9	9	10	9	28	57	226	277	212	185	208	289	262	370	350	400	480	546	288	169	118	71	45	27
323	10999	St.Gallen Stadt Lukasstr. 30	10.06.2020	Mittwoch	2	12	7	11	3	18	51	226	251	213	169	203	173	206	171	161	174	191	238	199	127	92	69	49	31
324	10999	St.Gallen Stadt Lukasstr. 30	11.06.2020	Donnerstag	1	8	8	7	12	28	60	288	393	283	307	385	398	341	382	385	406	497	485	326	216	142	105	79	32
325	10999	St.Gallen Stadt Lukasstr. 30	11.06.2020	Donnerstag	2	11	4	1	9	15	40	154	448	418	512	307	344	131	736	646	475	598	630	242	132	125	78	53	40
326	10999	St.Gallen Stadt Lukasstr. 30	12.06.2020	Freitag	1	14	9	8	12	21	53	278	386	383	308	365	399	318	416	494	456	365	276	261	151	116	85	53	58
327	10999	St.Gallen Stadt Lukasstr. 30	12.06.2020	Freitag	2	13	10	8	10	10	39	165	527	541	426	556	489	112	474	1060	509	700	303	207	178	114	80	66	57
328	10999	St.Gallen Stadt Lukasstr. 30	13.06.2020	Samstag	1	41	21	7	10	11	25	43	92	154	196	221	212	218	198	227	196	171	165	129	82	63	68	51	41
329	10999	St.Gallen Stadt Lukasstr. 30	13.06.2020	Samstag	2	37	35	5	8	12	15	35	59	127	161	246	194	208	231	209	197	235	165	159	99	84	45	56	47
330	10999	St.Gallen Stadt Lukasstr. 30	14.06.2020	Sonntag	1	45	24	14	9	6	3	21	15	50	80	99	139	126	128	142	129	149	147	96	110	72	53	39	30
331	10999	St.Gallen Stadt Lukasstr. 30	14.06.2020	Sonntag	2	39	25	19	7	10	6	15	12	40	52	103	119	120	123	141	166	182	127	104	107	113	59	49	14
332	10999	St.Gallen Stadt Lukasstr. 30	15.06.2020	Montag	1	9	5	1	3	21	58	199	339	372	278	217	241	228	216	250	227	289	311	185	132	96	70	62	24
333	10999	St.Gallen Stadt Lukasstr. 30	15.06.2020	Montag	2	12	11	5	4	11	56	209	711	669	379	444	508	506	488	977	598	601	259	247	133	114	73	69	22
334	10999	St.Gallen Stadt Lukasstr. 30	16.06.2020	Dienstag	1	8	7	8	4	16	52	215	252	225	180	213	220	200	229	220	243	277	295	212	116	100	75	67	30
335	10999	St.Gallen Stadt Lukasstr. 30	16.06.2020	Dienstag	2	6	6	7	7	13	42	221	881	453	328	391	371	200	389	436	432	544	374	226	175	114	79	59	20
336	10999	St.Gallen Stadt Lukasstr. 30	17.06.2020	Mittwoch	1	15	7	7	5	24	59	217	272	305	350	246	246	227	268	256	247	330	300	212	147	106	83	50	32
337	10999	St.Gallen Stadt Lukasstr. 30	17.06.2020	Mittwoch	2	11	6	3	6	15	52	225	773	308	218	430	435	225	413	346	462	1231	330	228	175	100	81	50	27
338	10999	St.Gallen Stadt Lukasstr. 30	18.06.2020	Donnerstag	1	12	7	5	10	20	57	200	287	219	195	325	252	168	272	249	267	307	315	203	136	106	66	75	33
339	10999	St.Gallen Stadt Lukasstr. 30	18.06.2020	Donnerstag	2	13	11	5	8	16	50	240	397	483	332	349	485	217	636	457	421	1329	318	249	144	172	125	104	71
340	10999	St.Gallen Stadt Lukasstr. 30	19.06.2020	Freitag	1	16	11	4	8	25	52	211	284	254	215	216	217	232	254	251	275	309	282	251	147	102	79	68	37
341	10999	St.Gallen Stadt Lukasstr. 30	19.06.2020	Freitag	2	24	17	5	13	21	52	209	543	553	401	1125	691	211	228	380	417	382	282	237	1599	102	105	78	51
342	10999	St.Gallen Stadt Lukasstr. 30	20.06.2020	Samstag	1	34	19	8	5	10	14	50	69	133	197	233	229	196	212	221	192	216	162	135	73	85	79	83	56
343	10999	St.Gallen Stadt Lukasstr. 30	20.06.2020	Samstag	2	27	24	13	7	9	15	47	62	105	178	194	203	229	227	204	201	236	203	144	116	92	83	65	58
344	10999	St.Gallen Stadt Lukasstr. 30	21.06.2020	Sonntag	1	32	23	11	4	10	12	23	28	57	105	144	153	146	160	188	157	182	157	130	86	90	71	53	18
345	10999	St.Gallen Stadt Lukasstr. 30	21.06.2020	Sonntag	2	52	37	26	10	6	7	21	20	55	77	114	147	133	139	161	201	186	186	151	145	125	92	61	17
346	10999	St.Gallen Stadt Lukasstr. 30	22.06.2020	Montag	1	8	5	5	4	21	51	213	280	241	221	211	245	174	264	226	257	323	303	219	145	111	75	61	21
347	10999	St.Gallen Stadt Lukasstr. 30	22.06.2020	Montag	2	10	7	3	7	15	52	212	479	390	488	524	604	222	608	572	1204	555	322	234	156	119	84	64	27
348	10999	St.Gallen Stadt Lukasstr. 30	23.06.2020	Dienstag	1	6	11	4	5	18	48	231	261	229	200	222	212	225	236	237	241	318	301	223	139	129	80	69	28
349	10999	St.Gallen Stadt Lukasstr. 30	23.06.2020	Dienstag	2	9	10	8	4	16	44	343	467	408	356	556	461	205	441	1315	413	591	279	240	200	128	116	79	34
350	10999	St.Gallen Stadt Lukasstr. 30	24.06.2020	Mittwoch	1	8	10	3	4	19	55	229	309	252	195	259	264	235	286	283	259	346	330	233	195	125	107	58	42
351	10999	St.Gallen Stadt Lukasstr. 30	24.06.2020	Mittwoch	2	11	7	5	7	20	53	246	438	412	211	656	429	444	431	749	452	525	290	241	168	135	126	88	36
352	10999	St.Gallen Stadt Lukasstr. 30	25.06.2020	Donnerstag	1	8	14	7	7	18	56	239	302	233	275	258	291	233	263	279	374	372	344	288	189	129	107	79	32
353	10999	St.Gallen Stadt Lukasstr. 30	25.06.2020	Donnerstag	2	86	19	11	8	23	69	215	1360	624	372	494	402	189	447	574	498	521	304	256	157	188	193	121	83
354	10999	St.Gallen Stadt Lukasstr. 30	26.06.2020	Freitag	1	14	9	7	10	27	45	208	268	247	241	283	290	222	273	299	300	347	318	228	181	95	81	78	56
355	10999	St.Gallen Stadt Lukasstr. 30	26.06.2020	Freitag	2	31	192	7	17	30	61	198	414	724	296	425	528	223	409	430	422	457	346	252	178	110	95	68	84
356	10999	St.Gallen Stadt Lukasstr. 30	27.06.2020	Samstag	1	38	25	16	4	12	25	50	91	146	190	217	258	211	236	251	228	200	176	121	118	96	85	85	60
357	10999	St.Gallen Stadt Lukasstr. 30	27.06.2020	Samstag	2	51	34	16	12	22	30	54	69	131	163	237	527	247	217	225	212	236	234	142	137	110	99	85	74
358	10999	St.Gallen Stadt Lukasstr. 30	28.06.2020	Sonntag	1	37	24	6	14	19	9	30	27	57	100	142	141	125	166	156	191	172	161	115	116	103	63	35	22
359	10999	St.Gallen Stadt Lukasstr. 30	28.06.2020	Sonntag	2	57	31	20	24	20	20	35	23	46	104	854	140	151	141	172	179	199	175	156	152	144	74	66	42
360	10999	St.Gallen Stadt Lukasstr. 30	29.06.2020	Montag	1	14	6	4	3	12	61	210	254	238	201	249	246	190	298	233	267	304	342	232	159	99	71	66	19
361	10999	St.Gallen Stadt Lukasstr. 30	29.06.2020	Montag	2	13	8	7	5	20	67	200	518	350	508	296	341	193	496	422	945	584	320	244	283	134	139	107	56
362	10999	St.Gallen Stadt Lukasstr. 30	30.06.2020	Dienstag	1	8	9	5	5	20	53	232	324	250	237	242	281	223	255	281	265	334	335	248	161	112	87	96	39
363	10999	St.Gallen Stadt Lukasstr. 30	30.06.2020	Dienstag	2	27	17	9	9	30	63	210	518	342	429	389	441	211	322	741	429	500	309	251	215	150	119	103	48
