LNR;ORT-ID;BEZEICHNUNG;DATUM;WOCHENTAG;RI;1;2;3;4;5;6;7;8;9;10;11;12;13;14;15;16;17;18;19;20;21;22;23;24
0;10908;St.Gallen Stadt Fürstenlstr. 57;01.01.2020;Mittwoch;1;71;80;68;38;31;23;28;23;25;45;53;58;88;108;114;129;175;125;105;83;78;57;36;38
1;10908;St.Gallen Stadt Fürstenlstr. 57;01.01.2020;Mittwoch;2;52;73;77;35;29;32;17;29;19;55;60;88;122;114;145;132;150;132;114;112;79;59;46;34
2;10908;St.Gallen Stadt Fürstenlstr. 57;02.01.2020;Donnerstag;1;13;8;4;7;18;33;61;87;132;179;217;218;237;266;292;320;245;285;163;117;76;65;67;32
3;10908;St.Gallen Stadt Fürstenlstr. 57;02.01.2020;Donnerstag;2;23;12;4;14;15;25;52;106;113;164;223;298;264;304;362;328;319;338;204;141;119;100;63;34
4;10908;St.Gallen Stadt Fürstenlstr. 57;03.01.2020;Freitag;1;26;6;16;8;22;45;95;156;143;216;267;299;259;329;363;353;333;277;177;154;90;71;69;51
5;10908;St.Gallen Stadt Fürstenlstr. 57;03.01.2020;Freitag;2;23;15;11;11;27;50;71;140;177;207;250;290;266;296;362;373;412;367;297;191;103;101;67;51
6;10908;St.Gallen Stadt Fürstenlstr. 57;04.01.2020;Samstag;1;42;28;15;16;20;22;40;48;121;178;258;303;283;272;317;288;213;154;104;104;84;74;64;66
7;10908;St.Gallen Stadt Fürstenlstr. 57;04.01.2020;Samstag;2;33;33;23;22;31;23;32;56;108;162;213;305;285;322;360;379;335;252;150;115;100;69;87;68
8;10908;St.Gallen Stadt Fürstenlstr. 57;05.01.2020;Sonntag;1;54;34;26;11;10;12;22;18;36;76;101;162;143;160;191;181;205;192;146;122;86;57;34;31
9;10908;St.Gallen Stadt Fürstenlstr. 57;05.01.2020;Sonntag;2;59;28;26;15;19;16;23;28;49;109;146;170;185;166;200;191;212;193;149;135;88;62;59;31
10;10908;St.Gallen Stadt Fürstenlstr. 57;06.01.2020;Montag;1;14;9;4;9;24;71;236;320;281;246;293;324;287;318;330;347;406;396;222;154;110;104;45;25
11;10908;St.Gallen Stadt Fürstenlstr. 57;06.01.2020;Montag;2;16;10;7;17;28;62;206;376;300;275;264;364;308;328;338;362;445;565;354;212;104;104;52;32
12;10908;St.Gallen Stadt Fürstenlstr. 57;07.01.2020;Dienstag;1;16;14;7;10;23;66;207;318;246;255;265;288;273;296;301;343;403;396;264;170;117;101;74;32
13;10908;St.Gallen Stadt Fürstenlstr. 57;07.01.2020;Dienstag;2;21;11;10;24;23;63;190;363;302;237;268;287;282;339;303;372;411;523;345;220;145;96;79;38
14;10908;St.Gallen Stadt Fürstenlstr. 57;08.01.2020;Mittwoch;1;18;11;5;13;27;70;224;338;268;273;263;363;276;345;341;351;415;428;271;183;123;101;65;28
15;10908;St.Gallen Stadt Fürstenlstr. 57;08.01.2020;Mittwoch;2;22;14;16;16;19;67;176;361;312;240;263;358;328;336;326;361;448;575;321;213;182;110;82;35
16;10908;St.Gallen Stadt Fürstenlstr. 57;09.01.2020;Donnerstag;1;14;14;11;12;24;71;207;325;304;228;269;368;267;312;318;335;364;445;281;196;132;92;65;35
17;10908;St.Gallen Stadt Fürstenlstr. 57;09.01.2020;Donnerstag;2;13;9;14;20;28;66;186;364;326;277;313;319;309;341;302;337;409;557;351;232;165;119;96;53
18;10908;St.Gallen Stadt Fürstenlstr. 57;10.01.2020;Freitag;1;29;10;7;10;33;70;194;304;255;228;273;364;296;381;361;376;408;447;251;187;119;90;101;72
19;10908;St.Gallen Stadt Fürstenlstr. 57;10.01.2020;Freitag;2;21;15;13;23;32;70;179;359;303;298;285;355;344;351;375;383;477;489;372;224;130;118;104;74
20;10908;St.Gallen Stadt Fürstenlstr. 57;11.01.2020;Samstag;1;48;31;19;15;19;29;46;81;148;231;293;353;344;319;322;322;220;188;136;122;77;78;86;64
21;10908;St.Gallen Stadt Fürstenlstr. 57;11.01.2020;Samstag;2;45;31;28;22;19;28;37;71;127;217;281;374;363;341;364;365;377;233;158;134;97;105;91;81
22;10908;St.Gallen Stadt Fürstenlstr. 57;12.01.2020;Sonntag;1;46;46;26;14;19;10;25;27;40;77;120;145;147;161;181;168;220;192;135;145;93;69;38;26
23;10908;St.Gallen Stadt Fürstenlstr. 57;12.01.2020;Sonntag;2;47;35;28;22;13;16;21;36;44;104;145;165;173;198;220;226;205;189;147;131;120;57;45;28
24;10908;St.Gallen Stadt Fürstenlstr. 57;13.01.2020;Montag;1;14;10;10;10;27;77;236;335;271;270;274;326;278;314;319;331;402;442;249;170;134;77;46;30
25;10908;St.Gallen Stadt Fürstenlstr. 57;13.01.2020;Montag;2;18;11;10;18;25;65;186;446;320;270;263;312;321;349;333;363;423;566;346;219;124;97;69;36
26;10908;St.Gallen Stadt Fürstenlstr. 57;14.01.2020;Dienstag;1;11;12;8;16;24;70;229;357;274;248;274;310;264;326;307;345;350;434;290;177;149;102;68;36
27;10908;St.Gallen Stadt Fürstenlstr. 57;14.01.2020;Dienstag;2;13;17;15;21;27;64;172;400;288;259;285;344;325;346;347;330;416;497;398;228;154;116;85;37
28;10908;St.Gallen Stadt Fürstenlstr. 57;15.01.2020;Mittwoch;1;19;7;7;10;28;79;228;366;277;275;286;331;280;347;336;338;418;423;272;174;132;109;72;37
29;10908;St.Gallen Stadt Fürstenlstr. 57;15.01.2020;Mittwoch;2;21;15;10;18;27;92;194;420;341;226;289;370;321;352;349;364;473;554;350;222;159;107;109;42
30;10908;St.Gallen Stadt Fürstenlstr. 57;16.01.2020;Donnerstag;1;15;15;11;11;25;68;228;338;283;269;293;330;257;317;312;330;398;475;294;218;148;96;66;36
31;10908;St.Gallen Stadt Fürstenlstr. 57;16.01.2020;Donnerstag;2;20;18;16;18;25;75;184;384;325;251;314;372;291;382;296;374;430;554;398;286;176;133;76;47
32;10908;St.Gallen Stadt Fürstenlstr. 57;17.01.2020;Freitag;1;17;14;15;14;32;58;211;350;294;255;288;382;322;371;347;350;439;450;332;191;121;103;96;72
33;10908;St.Gallen Stadt Fürstenlstr. 57;17.01.2020;Freitag;2;25;26;14;20;25;66;185;371;345;283;285;379;337;394;360;404;499;597;624;252;125;126;108;78
34;10908;St.Gallen Stadt Fürstenlstr. 57;18.01.2020;Samstag;1;50;31;14;19;27;32;45;75;143;280;305;320;299;312;377;332;254;177;133;107;101;75;81;63
35;10908;St.Gallen Stadt Fürstenlstr. 57;18.01.2020;Samstag;2;50;26;23;22;26;34;37;73;129;242;305;346;353;346;359;345;354;293;177;145;92;98;95;86
36;10908;St.Gallen Stadt Fürstenlstr. 57;19.01.2020;Sonntag;1;62;36;23;14;17;20;29;25;43;90;130;156;136;160;145;144;180;177;130;119;90;61;44;19
37;10908;St.Gallen Stadt Fürstenlstr. 57;19.01.2020;Sonntag;2;61;40;13;27;20;14;24;30;57;117;117;170;165;155;187;154;215;214;129;131;100;75;45;32
38;10908;St.Gallen Stadt Fürstenlstr. 57;20.01.2020;Montag;1;22;4;5;6;34;68;248;365;317;282;290;360;289;330;310;318;434;431;263;165;116;97;70;35
39;10908;St.Gallen Stadt Fürstenlstr. 57;20.01.2020;Montag;2;19;11;11;11;27;61;204;454;344;290;308;325;311;335;328;369;427;622;379;225;151;112;70;31
40;10908;St.Gallen Stadt Fürstenlstr. 57;21.01.2020;Dienstag;1;12;8;9;12;32;72;236;355;285;244;274;311;281;298;294;360;400;436;314;178;121;102;61;35
41;10908;St.Gallen Stadt Fürstenlstr. 57;21.01.2020;Dienstag;2;22;10;17;15;31;68;200;423;303;239;310;354;328;320;302;370;435;584;401;223;140;121;82;38
42;10908;St.Gallen Stadt Fürstenlstr. 57;22.01.2020;Mittwoch;1;18;9;6;11;36;82;220;342;263;277;272;298;291;362;314;325;435;431;273;182;137;100;75;29
43;10908;St.Gallen Stadt Fürstenlstr. 57;22.01.2020;Mittwoch;2;24;14;10;16;30;79;183;393;327;241;290;324;331;383;305;336;429;592;352;214;144;121;80;40
44;10908;St.Gallen Stadt Fürstenlstr. 57;23.01.2020;Donnerstag;1;15;7;10;13;35;75;206;330;291;247;278;300;279;297;326;355;372;478;327;216;124;106;80;36
45;10908;St.Gallen Stadt Fürstenlstr. 57;23.01.2020;Donnerstag;2;22;13;15;21;28;79;169;397;324;266;281;334;308;329;299;349;452;563;422;252;181;146;88;44
46;10908;St.Gallen Stadt Fürstenlstr. 57;24.01.2020;Freitag;1;26;13;8;11;32;72;219;305;281;274;311;353;278;379;374;376;463;466;286;182;131;93;93;57
47;10908;St.Gallen Stadt Fürstenlstr. 57;24.01.2020;Freitag;2;23;13;14;18;31;79;172;361;371;301;337;368;380;366;353;446;548;505;413;254;141;117;113;84
48;10908;St.Gallen Stadt Fürstenlstr. 57;25.01.2020;Samstag;1;57;30;25;26;17;29;39;93;162;263;348;336;303;310;342;298;274;200;153;107;94;80;72;59
49;10908;St.Gallen Stadt Fürstenlstr. 57;25.01.2020;Samstag;2;50;42;20;31;27;28;49;70;149;224;309;353;351;340;357;349;398;304;189;138;101;108;89;81
50;10908;St.Gallen Stadt Fürstenlstr. 57;26.01.2020;Sonntag;1;48;34;18;23;21;26;30;28;45;73;135;158;162;162;184;211;179;158;120;117;94;74;49;28
51;10908;St.Gallen Stadt Fürstenlstr. 57;26.01.2020;Sonntag;2;58;41;27;28;19;14;25;28;52;113;132;165;173;178;203;186;180;208;237;136;102;78;51;33
52;10908;St.Gallen Stadt Fürstenlstr. 57;27.01.2020;Montag;1;8;7;8;14;32;61;234;300;259;240;272;336;255;331;318;317;408;425;254;169;112;88;54;30
53;10908;St.Gallen Stadt Fürstenlstr. 57;27.01.2020;Montag;2;12;18;10;16;23;58;191;374;292;256;256;331;319;330;331;379;432;559;325;220;124;103;65;26
54;10908;St.Gallen Stadt Fürstenlstr. 57;28.01.2020;Dienstag;1;22;7;9;8;27;67;206;300;242;221;262;277;260;278;297;316;410;371;220;171;99;95;55;28
55;10908;St.Gallen Stadt Fürstenlstr. 57;28.01.2020;Dienstag;2;21;10;9;23;20;66;176;383;278;245;249;306;278;323;310;319;417;496;338;222;126;111;58;37
56;10908;St.Gallen Stadt Fürstenlstr. 57;29.01.2020;Mittwoch;1;20;4;5;16;29;68;233;307;197;222;281;319;272;325;348;312;340;364;233;173;105;86;46;29
57;10908;St.Gallen Stadt Fürstenlstr. 57;29.01.2020;Mittwoch;2;27;11;15;25;28;83;176;377;263;248;255;308;280;314;301;338;419;515;323;220;139;107;72;34
58;10908;St.Gallen Stadt Fürstenlstr. 57;30.01.2020;Donnerstag;1;26;8;6;10;32;55;220;272;265;230;282;289;275;282;298;304;369;444;269;214;108;92;73;37
59;10908;St.Gallen Stadt Fürstenlstr. 57;30.01.2020;Donnerstag;2;22;10;15;22;19;68;174;384;266;259;273;289;301;313;314;337;404;499;336;260;191;121;85;48
60;10908;St.Gallen Stadt Fürstenlstr. 57;31.01.2020;Freitag;1;23;19;16;10;28;65;213;278;246;259;294;365;278;314;338;351;403;375;246;172;100;93;82;65
61;10908;St.Gallen Stadt Fürstenlstr. 57;31.01.2020;Freitag;2;28;22;22;18;30;68;165;346;279;244;311;368;316;333;356;376;454;483;348;213;152;115;101;69
62;10908;St.Gallen Stadt Fürstenlstr. 57;01.02.2020;Samstag;1;54;33;15;29;18;24;45;84;163;230;344;310;292;324;322;294;266;195;136;88;86;74;66;61
63;10908;St.Gallen Stadt Fürstenlstr. 57;01.02.2020;Samstag;2;51;33;25;36;30;32;34;77;124;233;322;358;337;382;380;377;352;291;161;128;112;92;98;84
64;10908;St.Gallen Stadt Fürstenlstr. 57;02.02.2020;Sonntag;1;49;23;22;21;13;9;20;22;45;59;99;146;150;160;155;162;164;155;140;120;94;66;43;26
65;10908;St.Gallen Stadt Fürstenlstr. 57;02.02.2020;Sonntag;2;55;40;32;26;10;14;20;29;57;118;127;179;143;158;190;164;209;189;170;135;127;88;52;25
66;10908;St.Gallen Stadt Fürstenlstr. 57;03.02.2020;Montag;1;15;6;10;4;37;79;246;367;300;273;285;302;326;326;343;358;429;440;282;182;130;103;54;25
67;10908;St.Gallen Stadt Fürstenlstr. 57;03.02.2020;Montag;2;19;14;6;17;25;65;194;438;319;272;288;345;334;349;356;382;476;584;375;252;152;112;87;33
68;10908;St.Gallen Stadt Fürstenlstr. 57;04.02.2020;Dienstag;1;21;10;10;11;32;81;234;340;313;262;264;324;251;336;285;329;392;479;300;170;137;114;64;29
69;10908;St.Gallen Stadt Fürstenlstr. 57;04.02.2020;Dienstag;2;24;16;8;21;20;75;183;418;335;264;278;337;300;334;324;332;416;582;439;224;145;136;72;42
70;10908;St.Gallen Stadt Fürstenlstr. 57;05.02.2020;Mittwoch;1;25;8;14;10;28;68;236;358;268;271;279;334;310;353;355;331;390;461;280;201;125;123;68;25
71;10908;St.Gallen Stadt Fürstenlstr. 57;05.02.2020;Mittwoch;2;22;12;15;17;31;78;173;389;332;256;306;366;315;389;343;380;474;551;384;253;150;149;100;45
72;10908;St.Gallen Stadt Fürstenlstr. 57;06.02.2020;Donnerstag;1;14;11;8;12;32;69;212;367;311;247;290;374;359;341;313;339;386;441;343;207;136;111;59;37
73;10908;St.Gallen Stadt Fürstenlstr. 57;06.02.2020;Donnerstag;2;23;11;14;17;24;74;189;408;313;256;277;323;297;355;349;373;434;557;377;291;168;125;87;56
74;10908;St.Gallen Stadt Fürstenlstr. 57;07.02.2020;Freitag;1;20;8;8;15;35;71;218;332;265;266;317;347;278;373;314;357;433;429;306;192;122;79;94;58
75;10908;St.Gallen Stadt Fürstenlstr. 57;07.02.2020;Freitag;2;21;12;12;18;26;72;176;378;345;278;294;384;343;363;361;396;474;483;404;214;151;113;94;97
76;10908;St.Gallen Stadt Fürstenlstr. 57;08.02.2020;Samstag;1;41;35;28;27;22;30;37;92;158;280;286;353;330;301;366;306;241;204;138;114;83;72;72;72
77;10908;St.Gallen Stadt Fürstenlstr. 57;08.02.2020;Samstag;2;60;43;30;26;25;38;41;85;157;229;295;373;323;339;412;380;368;279;158;145;145;89;73;84
78;10908;St.Gallen Stadt Fürstenlstr. 57;09.02.2020;Sonntag;1;49;41;21;23;15;16;26;33;50;75;138;154;160;174;209;232;168;186;170;112;87;65;44;26
79;10908;St.Gallen Stadt Fürstenlstr. 57;09.02.2020;Sonntag;2;49;52;30;28;16;14;21;40;60;122;140;172;163;182;190;185;225;201;331;153;99;69;42;29
80;10908;St.Gallen Stadt Fürstenlstr. 57;10.02.2020;Montag;1;14;5;6;12;34;73;245;341;279;266;376;451;430;448;345;375;449;423;271;169;122;88;45;29
81;10908;St.Gallen Stadt Fürstenlstr. 57;10.02.2020;Montag;2;11;12;6;15;28;52;193;531;367;271;436;506;493;423;344;383;460;593;409;221;127;120;64;34
82;10908;St.Gallen Stadt Fürstenlstr. 57;11.02.2020;Dienstag;1;18;7;7;11;33;79;226;335;326;249;274;319;288;309;300;361;413;447;308;176;126;107;67;26
83;10908;St.Gallen Stadt Fürstenlstr. 57;11.02.2020;Dienstag;2;23;15;13;21;29;69;193;409;326;280;295;341;331;337;329;384;449;538;400;259;138;117;86;35
84;10908;St.Gallen Stadt Fürstenlstr. 57;12.02.2020;Mittwoch;1;18;9;9;15;28;74;236;351;303;265;322;381;265;363;325;354;381;468;280;185;126;104;62;29
85;10908;St.Gallen Stadt Fürstenlstr. 57;12.02.2020;Mittwoch;2;17;14;13;12;29;80;189;418;340;263;311;352;350;349;317;381;494;545;372;244;151;131;85;44
86;10908;St.Gallen Stadt Fürstenlstr. 57;13.02.2020;Donnerstag;1;24;7;6;12;38;81;235;335;293;275;280;385;284;313;330;326;403;435;304;235;135;95;58;34
87;10908;St.Gallen Stadt Fürstenlstr. 57;13.02.2020;Donnerstag;2;24;11;14;16;29;69;186;413;322;291;327;360;318;336;345;390;450;570;364;274;177;131;79;42
88;10908;St.Gallen Stadt Fürstenlstr. 57;14.02.2020;Freitag;1;28;13;11;21;27;78;193;299;318;305;311;369;281;399;325;337;454;467;270;177;123;87;100;60
89;10908;St.Gallen Stadt Fürstenlstr. 57;14.02.2020;Freitag;2;38;19;14;18;25;70;177;403;325;280;306;399;336;380;345;398;466;527;370;246;173;126;105;81
90;10908;St.Gallen Stadt Fürstenlstr. 57;15.02.2020;Samstag;1;31;29;22;22;26;28;47;110;147;246;321;359;345;347;352;289;257;181;152;123;79;82;84;64
91;10908;St.Gallen Stadt Fürstenlstr. 57;15.02.2020;Samstag;2;35;39;29;31;23;31;48;86;143;225;332;352;381;363;377;355;358;272;188;150;107;117;90;79
92;10908;St.Gallen Stadt Fürstenlstr. 57;16.02.2020;Sonntag;1;44;44;32;27;11;15;21;27;50;75;115;156;156;174;149;165;152;170;138;96;103;64;42;37
93;10908;St.Gallen Stadt Fürstenlstr. 57;16.02.2020;Sonntag;2;56;38;29;21;21;10;22;27;47;102;117;170;164;181;195;171;182;203;171;154;107;77;52;28
94;10908;St.Gallen Stadt Fürstenlstr. 57;17.02.2020;Montag;1;16;6;6;9;31;74;239;370;298;285;297;370;303;319;343;330;417;442;306;181;126;96;56;20
95;10908;St.Gallen Stadt Fürstenlstr. 57;17.02.2020;Montag;2;16;7;6;14;23;73;181;459;289;276;274;353;310;361;334;393;450;558;382;233;154;114;69;38
96;10908;St.Gallen Stadt Fürstenlstr. 57;18.02.2020;Dienstag;1;19;7;11;9;35;77;241;358;294;245;273;299;287;315;302;333;407;472;270;186;137;91;79;40
97;10908;St.Gallen Stadt Fürstenlstr. 57;18.02.2020;Dienstag;2;16;9;13;20;23;79;201;430;332;249;311;331;319;324;306;342;427;554;417;247;150;116;76;40
98;10908;St.Gallen Stadt Fürstenlstr. 57;19.02.2020;Mittwoch;1;21;10;10;13;31;72;228;360;321;255;257;336;307;347;345;345;396;461;257;189;154;108;58;33
99;10908;St.Gallen Stadt Fürstenlstr. 57;19.02.2020;Mittwoch;2;29;11;20;17;25;73;194;418;345;276;317;329;316;315;341;389;442;563;390;227;151;130;83;30
100;10908;St.Gallen Stadt Fürstenlstr. 57;20.02.2020;Donnerstag;1;15;16;7;14;34;77;233;337;293;253;284;325;269;330;303;311;389;468;331;218;128;105;71;28
101;10908;St.Gallen Stadt Fürstenlstr. 57;20.02.2020;Donnerstag;2;19;14;13;19;23;83;187;395;382;329;293;331;325;358;345;361;461;532;400;264;192;129;82;51
102;10908;St.Gallen Stadt Fürstenlstr. 57;21.02.2020;Freitag;1;22;14;12;14;32;71;212;321;338;289;316;388;287;342;307;393;460;531;374;198;145;103;87;65
103;10908;St.Gallen Stadt Fürstenlstr. 57;21.02.2020;Freitag;2;22;20;18;18;24;68;176;407;337;287;297;372;351;390;374;384;481;491;392;253;145;132;112;76
104;10908;St.Gallen Stadt Fürstenlstr. 57;22.02.2020;Samstag;1;45;39;16;22;17;28;45;87;172;267;309;317;319;354;372;295;275;188;163;125;90;62;77;62
105;10908;St.Gallen Stadt Fürstenlstr. 57;22.02.2020;Samstag;2;49;31;27;20;34;31;49;76;174;224;307;362;331;360;361;353;319;293;198;160;125;90;93;67
106;10908;St.Gallen Stadt Fürstenlstr. 57;23.02.2020;Sonntag;1;53;35;28;23;14;12;21;23;46;91;142;129;161;183;423;300;176;152;160;133;85;60;37;24
107;10908;St.Gallen Stadt Fürstenlstr. 57;23.02.2020;Sonntag;2;50;39;19;23;11;16;23;30;51;95;132;147;190;265;212;215;185;163;311;136;99;77;52;23
108;10908;St.Gallen Stadt Fürstenlstr. 57;24.02.2020;Montag;1;9;7;7;9;33;76;241;369;283;282;323;349;280;326;326;332;418;485;311;155;133;109;63;31
109;10908;St.Gallen Stadt Fürstenlstr. 57;24.02.2020;Montag;2;9;10;10;12;23;63;199;437;334;269;296;323;329;348;317;375;417;577;381;218;187;104;65;34
110;10908;St.Gallen Stadt Fürstenlstr. 57;25.02.2020;Dienstag;1;21;9;12;15;32;80;264;340;290;264;302;337;317;380;351;367;408;430;330;193;134;128;82;29
111;10908;St.Gallen Stadt Fürstenlstr. 57;25.02.2020;Dienstag;2;17;13;14;22;23;69;215;487;321;259;323;324;339;395;365;377;428;554;424;263;146;133;80;43
112;10908;St.Gallen Stadt Fürstenlstr. 57;26.02.2020;Mittwoch;1;16;13;8;12;37;82;224;350;282;272;273;354;318;369;359;324;373;484;289;212;140;101;51;37
113;10908;St.Gallen Stadt Fürstenlstr. 57;26.02.2020;Mittwoch;2;27;13;16;18;29;81;218;461;325;264;295;336;349;371;341;381;431;603;460;254;175;99;87;46
114;10908;St.Gallen Stadt Fürstenlstr. 57;27.02.2020;Donnerstag;1;21;7;7;12;39;75;245;318;284;265;284;367;312;320;329;338;387;456;288;226;123;119;91;37
115;10908;St.Gallen Stadt Fürstenlstr. 57;27.02.2020;Donnerstag;2;27;11;13;24;21;69;204;448;367;280;335;374;318;378;333;379;456;584;411;295;169;147;86;54
116;10908;St.Gallen Stadt Fürstenlstr. 57;28.02.2020;Freitag;1;21;11;7;17;31;70;211;301;320;270;352;384;334;348;382;376;430;446;308;205;149;107;79;77
117;10908;St.Gallen Stadt Fürstenlstr. 57;28.02.2020;Freitag;2;16;16;17;21;22;76;198;453;344;297;344;380;370;406;374;441;472;547;405;297;178;131;97;65
118;10908;St.Gallen Stadt Fürstenlstr. 57;29.02.2020;Samstag;1;35;35;26;21;23;35;55;93;195;285;351;388;329;359;353;296;270;197;143;86;106;75;63;64
119;10908;St.Gallen Stadt Fürstenlstr. 57;29.02.2020;Samstag;2;51;37;24;29;25;31;56;93;164;232;329;369;372;328;401;393;392;279;171;147;114;122;78;75
120;10908;St.Gallen Stadt Fürstenlstr. 57;01.03.2020;Sonntag;1;55;41;20;21;18;13;24;30;49;78;131;155;171;204;184;147;186;184;158;129;90;58;38;24
121;10908;St.Gallen Stadt Fürstenlstr. 57;01.03.2020;Sonntag;2;61;51;28;27;14;23;28;33;55;122;127;189;195;209;197;217;220;219;193;167;107;77;61;32
122;10908;St.Gallen Stadt Fürstenlstr. 57;02.03.2020;Montag;1;11;11;7;11;34;66;247;341;312;284;300;332;319;338;342;346;429;449;272;174;118;86;64;31
123;10908;St.Gallen Stadt Fürstenlstr. 57;02.03.2020;Montag;2;14;8;11;15;26;64;224;448;364;297;287;369;326;371;357;333;481;585;411;230;139;113;72;28
124;10908;St.Gallen Stadt Fürstenlstr. 57;03.03.2020;Dienstag;1;15;8;8;12;30;69;243;332;302;275;269;314;304;320;304;321;461;458;313;186;96;100;69;38
125;10908;St.Gallen Stadt Fürstenlstr. 57;03.03.2020;Dienstag;2;17;15;9;18;19;79;223;455;353;282;319;345;325;370;354;370;442;591;356;254;136;142;76;40
126;10908;St.Gallen Stadt Fürstenlstr. 57;04.03.2020;Mittwoch;1;10;10;7;9;32;62;238;338;291;289;281;349;290;329;325;348;394;467;325;208;115;92;65;22
127;10908;St.Gallen Stadt Fürstenlstr. 57;04.03.2020;Mittwoch;2;19;15;13;13;16;73;211;451;353;273;274;347;376;397;371;361;446;565;408;231;165;127;101;45
128;10908;St.Gallen Stadt Fürstenlstr. 57;05.03.2020;Donnerstag;1;23;9;7;9;30;61;233;324;290;295;283;346;277;325;358;331;392;455;306;189;118;75;67;47
129;10908;St.Gallen Stadt Fürstenlstr. 57;05.03.2020;Donnerstag;2;18;15;8;16;25;66;212;463;341;287;331;336;361;353;327;395;458;554;419;262;160;139;106;52
130;10908;St.Gallen Stadt Fürstenlstr. 57;06.03.2020;Freitag;1;26;8;8;9;30;55;230;312;293;306;292;391;275;367;341;378;474;406;277;188;109;83;75;64
131;10908;St.Gallen Stadt Fürstenlstr. 57;06.03.2020;Freitag;2;21;18;11;23;19;66;189;430;351;292;304;396;350;360;386;428;479;515;379;233;156;136;94;65
132;10908;St.Gallen Stadt Fürstenlstr. 57;07.03.2020;Samstag;1;42;34;20;21;15;23;47;80;193;284;314;346;323;350;334;342;256;176;134;125;82;61;62;49
133;10908;St.Gallen Stadt Fürstenlstr. 57;07.03.2020;Samstag;2;53;34;23;24;26;28;48;100;183;247;319;387;358;348;391;383;401;297;189;145;110;83;84;72
134;10908;St.Gallen Stadt Fürstenlstr. 57;08.03.2020;Sonntag;1;46;43;20;31;19;23;26;26;52;94;148;174;165;147;173;186;185;176;160;124;96;74;36;27
135;10908;St.Gallen Stadt Fürstenlstr. 57;08.03.2020;Sonntag;2;67;42;37;24;27;22;32;30;74;116;134;192;178;210;211;214;220;221;176;167;110;81;52;34
136;10908;St.Gallen Stadt Fürstenlstr. 57;09.03.2020;Montag;1;15;11;2;4;28;71;248;339;299;268;288;331;307;310;358;350;382;464;287;170;127;83;52;21
137;10908;St.Gallen Stadt Fürstenlstr. 57;09.03.2020;Montag;2;9;12;8;14;22;57;206;456;368;260;288;331;340;381;386;391;453;608;369;213;154;125;77;36
138;10908;St.Gallen Stadt Fürstenlstr. 57;10.03.2020;Dienstag;1;19;10;5;7;28;64;253;325;299;270;267;298;263;327;313;334;433;453;288;167;114;84;61;35
139;10908;St.Gallen Stadt Fürstenlstr. 57;10.03.2020;Dienstag;2;14;16;7;20;26;66;218;449;343;267;268;335;323;334;348;383;410;553;434;213;144;120;75;36
140;10908;St.Gallen Stadt Fürstenlstr. 57;11.03.2020;Mittwoch;1;14;5;5;11;25;66;239;335;320;277;305;344;279;344;326;372;412;467;256;205;128;97;75;33
141;10908;St.Gallen Stadt Fürstenlstr. 57;11.03.2020;Mittwoch;2;21;17;10;18;39;61;214;469;344;258;305;362;359;352;362;389;480;534;393;245;149;115;89;34
142;10908;St.Gallen Stadt Fürstenlstr. 57;12.03.2020;Donnerstag;1;23;11;8;9;23;70;240;309;278;272;298;335;300;321;304;369;390;450;312;202;114;113;67;38
143;10908;St.Gallen Stadt Fürstenlstr. 57;12.03.2020;Donnerstag;2;22;13;12;17;24;57;207;447;331;304;314;358;310;377;349;383;431;518;388;252;167;140;78;29
144;10908;St.Gallen Stadt Fürstenlstr. 57;13.03.2020;Freitag;1;17;8;7;11;28;69;207;322;318;287;343;408;331;369;355;401;497;513;313;202;140;78;77;49
145;10908;St.Gallen Stadt Fürstenlstr. 57;13.03.2020;Freitag;2;22;16;12;22;31;63;205;421;346;311;328;388;395;375;367;381;536;584;481;273;196;112;98;54
146;10908;St.Gallen Stadt Fürstenlstr. 57;14.03.2020;Samstag;1;53;32;12;25;21;30;44;157;253;310;334;370;327;319;321;291;221;162;145;93;72;47;57;48
147;10908;St.Gallen Stadt Fürstenlstr. 57;14.03.2020;Samstag;2;38;35;19;17;19;30;44;92;243;350;396;345;410;373;367;354;343;239;177;129;98;72;66;61
148;10908;St.Gallen Stadt Fürstenlstr. 57;15.03.2020;Sonntag;1;45;32;20;12;7;15;21;24;54;76;116;131;147;177;176;134;146;179;152;124;87;54;43;17
149;10908;St.Gallen Stadt Fürstenlstr. 57;15.03.2020;Sonntag;2;53;31;21;16;15;10;27;21;74;100;128;159;183;176;202;197;216;190;168;133;105;51;51;27
150;10908;St.Gallen Stadt Fürstenlstr. 57;16.03.2020;Montag;1;17;8;7;7;35;70;251;339;320;297;329;345;297;345;343;352;412;439;290;181;87;70;35;24
151;10908;St.Gallen Stadt Fürstenlstr. 57;16.03.2020;Montag;2;18;13;8;16;21;75;233;459;352;309;354;378;363;394;387;424;421;482;412;226;128;96;47;27
152;10908;St.Gallen Stadt Fürstenlstr. 57;17.03.2020;Dienstag;1;13;10;6;7;34;67;226;319;248;256;247;315;233;242;260;283;314;382;187;123;83;46;38;21
153;10908;St.Gallen Stadt Fürstenlstr. 57;17.03.2020;Dienstag;2;23;15;8;11;29;71;219;421;293;249;244;281;271;321;282;309;398;443;282;149;110;53;30;25
154;10908;St.Gallen Stadt Fürstenlstr. 57;18.03.2020;Mittwoch;1;8;3;5;11;34;64;226;283;243;214;232;296;247;265;273;247;341;365;181;126;79;47;32;27
155;10908;St.Gallen Stadt Fürstenlstr. 57;18.03.2020;Mittwoch;2;19;10;11;11;24;69;225;352;253;244;244;279;280;334;276;289;374;429;260;166;90;73;46;23
156;10908;St.Gallen Stadt Fürstenlstr. 57;19.03.2020;Donnerstag;1;8;2;7;9;29;68;223;280;250;223;255;271;268;270;267;268;333;364;196;122;78;37;39;19
157;10908;St.Gallen Stadt Fürstenlstr. 57;19.03.2020;Donnerstag;2;23;6;12;9;21;75;219;360;255;265;263;283;325;327;274;316;305;432;285;164;84;55;55;27
158;10908;St.Gallen Stadt Fürstenlstr. 57;20.03.2020;Freitag;1;8;9;6;10;32;61;214;277;225;280;256;269;271;273;268;276;317;292;160;111;70;62;40;30
159;10908;St.Gallen Stadt Fürstenlstr. 57;20.03.2020;Freitag;2;23;9;13;15;29;79;197;323;264;278;282;292;299;315;310;323;339;365;248;160;79;57;42;24
160;10908;St.Gallen Stadt Fürstenlstr. 57;21.03.2020;Samstag;1;17;11;5;15;19;20;34;94;138;177;214;228;198;243;237;199;158;114;72;64;60;30;37;29
161;10908;St.Gallen Stadt Fürstenlstr. 57;21.03.2020;Samstag;2;25;14;13;13;23;26;45;80;139;190;233;280;247;258;246;220;236;158;104;72;71;48;44;30
162;10908;St.Gallen Stadt Fürstenlstr. 57;22.03.2020;Sonntag;1;16;13;11;8;3;9;13;14;21;48;64;82;89;78;103;112;118;107;93;70;58;46;24;15
163;10908;St.Gallen Stadt Fürstenlstr. 57;22.03.2020;Sonntag;2;16;10;9;14;3;8;15;24;30;47;65;92;107;101;141;157;140;121;123;94;64;47;26;17
164;10908;St.Gallen Stadt Fürstenlstr. 57;23.03.2020;Montag;1;9;1;2;7;30;78;199;267;218;171;246;264;217;226;207;240;307;311;120;91;55;33;29;13
165;10908;St.Gallen Stadt Fürstenlstr. 57;23.03.2020;Montag;2;11;8;9;8;20;65;201;339;210;200;228;247;267;268;222;271;303;367;230;124;65;44;39;18
166;10908;St.Gallen Stadt Fürstenlstr. 57;24.03.2020;Dienstag;1;11;3;4;11;36;63;183;254;176;147;199;239;217;243;236;239;341;328;170;90;70;29;23;12
167;10908;St.Gallen Stadt Fürstenlstr. 57;24.03.2020;Dienstag;2;17;6;13;16;21;60;180;293;207;188;203;234;221;267;277;275;313;369;255;123;76;44;38;13
168;10908;St.Gallen Stadt Fürstenlstr. 57;25.03.2020;Mittwoch;1;15;1;1;10;36;61;194;250;219;194;213;262;233;256;234;278;304;327;155;69;33;8;2;3
169;10908;St.Gallen Stadt Fürstenlstr. 57;25.03.2020;Mittwoch;2;12;6;13;20;26;65;167;303;225;210;224;270;252;293;295;287;355;356;236;133;93;47;43;20
170;10908;St.Gallen Stadt Fürstenlstr. 57;26.03.2020;Donnerstag;1;3;6;2;11;31;58;187;263;207;200;221;260;208;239;259;266;272;296;194;146;72;56;38;20
171;10908;St.Gallen Stadt Fürstenlstr. 57;26.03.2020;Donnerstag;2;20;14;16;17;26;53;179;305;225;219;248;293;260;293;281;319;346;358;250;167;104;68;45;24
172;10908;St.Gallen Stadt Fürstenlstr. 57;27.03.2020;Freitag;1;12;11;4;8;33;71;170;245;202;204;202;173;113;162;150;273;349;321;184;124;69;62;35;24
173;10908;St.Gallen Stadt Fürstenlstr. 57;27.03.2020;Freitag;2;13;6;15;16;17;66;182;289;205;227;240;266;271;286;276;300;388;339;280;176;104;72;39;34
174;10908;St.Gallen Stadt Fürstenlstr. 57;28.03.2020;Samstag;1;13;8;9;10;13;23;39;96;136;188;234;241;242;241;235;227;183;159;123;86;59;60;34;20
175;10908;St.Gallen Stadt Fürstenlstr. 57;28.03.2020;Samstag;2;26;13;13;11;18;30;51;75;125;174;239;277;271;276;268;253;236;184;128;100;81;69;33;28
176;10908;St.Gallen Stadt Fürstenlstr. 57;29.03.2020;Sonntag;1;11;0;15;10;6;8;18;19;28;36;60;96;103;104;120;120;108;97;93;81;62;52;25;19
177;10908;St.Gallen Stadt Fürstenlstr. 57;29.03.2020;Sonntag;2;17;0;16;14;7;8;11;20;27;39;74;104;98;122;155;156;115;125;124;82;72;47;34;29
178;10908;St.Gallen Stadt Fürstenlstr. 57;30.03.2020;Montag;1;12;8;5;9;28;62;191;234;213;156;208;236;198;220;205;245;286;312;195;82;66;47;28;16
179;10908;St.Gallen Stadt Fürstenlstr. 57;30.03.2020;Montag;2;18;13;12;13;32;58;179;290;231;175;202;255;233;235;237;259;326;354;239;121;92;55;32;24
180;10908;St.Gallen Stadt Fürstenlstr. 57;31.03.2020;Dienstag;1;13;9;7;12;31;57;178;233;189;192;202;273;216;258;263;247;295;357;194;110;85;48;41;23
181;10908;St.Gallen Stadt Fürstenlstr. 57;31.03.2020;Dienstag;2;14;9;16;15;28;46;166;289;246;199;222;273;255;233;280;267;351;400;285;137;114;67;49;19
182;10908;St.Gallen Stadt Fürstenlstr. 57;01.04.2020;Mittwoch;1;13;6;5;9;32;60;188;261;182;188;184;247;247;264;212;237;275;365;191;122;58;50;40;20
183;10908;St.Gallen Stadt Fürstenlstr. 57;01.04.2020;Mittwoch;2;16;9;16;10;27;49;176;273;223;196;222;276;248;286;285;281;324;366;275;146;102;59;47;25
184;10908;St.Gallen Stadt Fürstenlstr. 57;02.04.2020;Donnerstag;1;14;11;4;9;26;51;170;236;220;180;210;268;249;247;225;247;311;329;188;125;89;52;37;16
185;10908;St.Gallen Stadt Fürstenlstr. 57;02.04.2020;Donnerstag;2;14;10;11;15;32;44;180;290;223;210;215;240;302;259;262;254;325;387;269;163;117;64;45;25
186;10908;St.Gallen Stadt Fürstenlstr. 57;03.04.2020;Freitag;1;15;9;7;11;22;51;178;237;188;230;258;292;256;252;272;301;329;318;185;122;90;63;38;29
187;10908;St.Gallen Stadt Fürstenlstr. 57;03.04.2020;Freitag;2;17;11;16;17;25;54;157;273;233;230;243;290;263;314;270;314;394;371;257;186;120;89;45;34
188;10908;St.Gallen Stadt Fürstenlstr. 57;04.04.2020;Samstag;1;21;14;9;9;12;24;34;81;114;184;255;260;233;236;263;225;202;145;124;87;83;72;42;23
189;10908;St.Gallen Stadt Fürstenlstr. 57;04.04.2020;Samstag;2;28;14;16;18;20;19;35;61;94;193;249;284;236;266;286;281;287;187;159;97;82;70;45;40
190;10908;St.Gallen Stadt Fürstenlstr. 57;05.04.2020;Sonntag;1;19;16;11;7;5;7;15;18;27;60;83;84;112;135;129;139;113;151;93;106;92;66;40;12
191;10908;St.Gallen Stadt Fürstenlstr. 57;05.04.2020;Sonntag;2;25;17;9;8;1;10;25;17;32;54;85;123;128;137;139;151;154;151;133;128;103;54;32;26
192;10908;St.Gallen Stadt Fürstenlstr. 57;06.04.2020;Montag;1;9;9;10;5;24;62;206;235;224;201;240;266;263;259;257;266;318;295;185;114;77;54;34;19
193;10908;St.Gallen Stadt Fürstenlstr. 57;06.04.2020;Montag;2;16;9;16;11;26;50;181;314;205;206;226;266;266;304;277;285;298;382;261;137;120;57;34;30
194;10908;St.Gallen Stadt Fürstenlstr. 57;07.04.2020;Dienstag;1;11;14;4;17;34;50;180;228;205;213;219;282;268;260;253;287;312;367;195;113;101;58;40;23
195;10908;St.Gallen Stadt Fürstenlstr. 57;07.04.2020;Dienstag;2;18;12;13;18;23;55;163;311;218;221;244;292;274;315;264;303;328;381;291;144;114;68;37;26
196;10908;St.Gallen Stadt Fürstenlstr. 57;08.04.2020;Mittwoch;1;15;6;9;14;43;43;201;251;209;211;282;283;271;263;264;276;344;369;216;134;93;57;37;18
197;10908;St.Gallen Stadt Fürstenlstr. 57;08.04.2020;Mittwoch;2;18;11;11;18;25;63;196;284;220;238;235;304;286;327;286;312;342;388;317;178;119;74;44;23
198;10908;St.Gallen Stadt Fürstenlstr. 57;09.04.2020;Donnerstag;1;14;11;10;7;43;53;199;261;238;227;309;323;283;310;309;335;357;295;181;126;95;71;51;32
199;10908;St.Gallen Stadt Fürstenlstr. 57;09.04.2020;Donnerstag;2;19;14;8;16;24;48;177;292;240;265;299;367;293;323;335;409;426;403;257;176;115;81;47;42
200;10908;St.Gallen Stadt Fürstenlstr. 57;10.04.2020;Freitag;1;18;17;5;9;4;6;19;29;47;64;88;118;105;143;135;148;127;142;102;100;85;67;35;31
201;10908;St.Gallen Stadt Fürstenlstr. 57;10.04.2020;Freitag;2;19;12;11;7;5;7;21;23;35;72;123;124;140;134;152;159;168;165;134;96;99;79;51;29
202;10908;St.Gallen Stadt Fürstenlstr. 57;11.04.2020;Samstag;1;22;16;10;6;10;24;43;117;160;255;314;332;305;294;305;245;193;141;124;114;100;60;49;34
203;10908;St.Gallen Stadt Fürstenlstr. 57;11.04.2020;Samstag;2;29;18;12;17;16;35;39;75;151;225;313;352;324;330;317;320;289;187;140;123;120;70;64;34
204;10908;St.Gallen Stadt Fürstenlstr. 57;12.04.2020;Sonntag;1;17;12;8;3;7;7;18;21;34;63;97;102;121;103;119;127;123;137;117;109;90;51;41;38
205;10908;St.Gallen Stadt Fürstenlstr. 57;12.04.2020;Sonntag;2;27;12;4;10;6;10;15;26;37;69;105;144;138;159;141;140;174;168;130;136;98;70;53;41
206;10908;St.Gallen Stadt Fürstenlstr. 57;13.04.2020;Montag;1;20;12;5;3;5;10;16;19;49;47;114;106;119;143;157;142;152;128;107;128;98;56;36;17
207;10908;St.Gallen Stadt Fürstenlstr. 57;13.04.2020;Montag;2;24;11;5;3;6;8;12;23;34;65;112;122;152;159;168;185;154;156;123;132;118;61;29;23
208;10908;St.Gallen Stadt Fürstenlstr. 57;14.04.2020;Dienstag;1;10;13;6;6;27;60;192;250;213;222;267;290;268;253;277;279;316;375;206;128;70;59;39;24
209;10908;St.Gallen Stadt Fürstenlstr. 57;14.04.2020;Dienstag;2;17;9;10;16;22;56;172;303;214;226;234;315;301;290;285;317;341;393;278;153;93;81;45;21
210;10908;St.Gallen Stadt Fürstenlstr. 57;15.04.2020;Mittwoch;1;16;11;7;12;32;53;193;243;220;202;240;296;255;273;246;280;341;343;209;103;87;72;45;28
211;10908;St.Gallen Stadt Fürstenlstr. 57;15.04.2020;Mittwoch;2;17;9;11;14;24;55;167;304;202;196;220;279;287;307;261;305;334;390;269;169;117;68;40;29
212;10908;St.Gallen Stadt Fürstenlstr. 57;16.04.2020;Donnerstag;1;8;8;5;8;26;61;191;246;207;216;245;288;246;257;269;259;321;348;226;140;98;55;44;23
213;10908;St.Gallen Stadt Fürstenlstr. 57;16.04.2020;Donnerstag;2;20;7;10;14;27;52;171;288;228;211;238;253;265;283;273;297;334;390;276;137;135;72;48;33
214;10908;St.Gallen Stadt Fürstenlstr. 57;17.04.2020;Freitag;1;11;9;7;11;24;61;185;232;216;248;257;290;253;289;310;315;348;342;228;143;115;76;50;38
215;10908;St.Gallen Stadt Fürstenlstr. 57;17.04.2020;Freitag;2;14;11;12;20;19;56;165;267;239;246;284;306;305;326;313;334;395;381;302;196;159;80;68;45
216;10908;St.Gallen Stadt Fürstenlstr. 57;18.04.2020;Samstag;1;19;16;13;14;11;23;49;104;128;225;257;300;262;269;266;259;202;146;119;113;96;78;48;35
217;10908;St.Gallen Stadt Fürstenlstr. 57;18.04.2020;Samstag;2;26;22;12;24;22;34;48;68;139;184;268;319;305;285;300;309;299;228;151;121;105;94;66;35
218;10908;St.Gallen Stadt Fürstenlstr. 57;19.04.2020;Sonntag;1;33;21;11;7;3;10;19;11;39;64;103;95;116;126;126;141;150;144;127;102;87;94;25;21
219;10908;St.Gallen Stadt Fürstenlstr. 57;19.04.2020;Sonntag;2;29;16;11;8;6;7;17;16;34;68;112;119;151;163;135;151;161;171;157;130;113;80;42;21
220;10908;St.Gallen Stadt Fürstenlstr. 57;20.04.2020;Montag;1;11;3;7;10;29;76;218;243;219;191;244;280;249;266;235;313;299;370;212;102;93;56;39;20
221;10908;St.Gallen Stadt Fürstenlstr. 57;20.04.2020;Montag;2;18;13;7;15;24;61;192;310;237;202;228;283;293;301;280;310;363;414;277;152;95;77;41;31
222;10908;St.Gallen Stadt Fürstenlstr. 57;21.04.2020;Dienstag;1;15;9;7;11;35;69;204;261;247;188;203;212;247;228;220;222;270;386;216;129;102;45;46;23
223;10908;St.Gallen Stadt Fürstenlstr. 57;21.04.2020;Dienstag;2;15;6;9;17;30;71;190;352;252;243;234;265;271;291;248;306;381;415;269;161;119;64;52;21
224;10908;St.Gallen Stadt Fürstenlstr. 57;22.04.2020;Mittwoch;1;14;5;3;10;30;67;192;250;209;200;225;291;242;255;253;192;245;334;220;107;103;69;43;31
225;10908;St.Gallen Stadt Fürstenlstr. 57;22.04.2020;Mittwoch;2;12;9;10;19;20;59;193;341;243;190;236;283;283;291;269;299;382;398;292;152;134;75;45;34
226;10908;St.Gallen Stadt Fürstenlstr. 57;25.04.2020;Samstag;1;22;10;10;14;10;25;36;74;135;217;255;255;258;284;294;265;220;171;124;86;74;70;48;31
227;10908;St.Gallen Stadt Fürstenlstr. 57;25.04.2020;Samstag;2;21;21;15;23;22;28;44;79;109;207;254;306;327;328;316;369;343;213;144;120;100;68;50;51
228;10908;St.Gallen Stadt Fürstenlstr. 57;26.04.2020;Sonntag;1;16;15;8;3;4;6;10;9;35;70;89;88;99;112;116;113;129;135;109;120;97;90;36;27
229;10908;St.Gallen Stadt Fürstenlstr. 57;26.04.2020;Sonntag;2;35;19;18;7;3;7;16;25;39;107;126;136;162;189;192;187;198;197;175;187;104;86;48;27
230;10908;St.Gallen Stadt Fürstenlstr. 57;02.05.2020;Samstag;1;28;16;13;12;9;20;37;84;113;192;240;299;292;270;342;325;256;185;112;97;66;57;46;54
231;10908;St.Gallen Stadt Fürstenlstr. 57;02.05.2020;Samstag;2;55;37;30;21;25;31;43;69;125;195;259;331;301;314;365;387;344;265;138;147;89;77;51;53
232;10908;St.Gallen Stadt Fürstenlstr. 57;03.05.2020;Sonntag;1;34;26;5;8;3;7;18;16;46;62;94;124;100;139;155;146;168;152;130;129;93;89;46;38
233;10908;St.Gallen Stadt Fürstenlstr. 57;03.05.2020;Sonntag;2;41;26;11;9;10;8;14;20;40;77;140;137;134;176;188;182;187;177;169;139;139;76;61;31
234;10908;St.Gallen Stadt Fürstenlstr. 57;05.05.2020;Dienstag;1;12;10;5;12;28;74;238;296;266;235;274;299;281;287;320;321;355;379;234;149;80;69;39;35
235;10908;St.Gallen Stadt Fürstenlstr. 57;05.05.2020;Dienstag;2;21;13;12;20;22;75;212;357;261;245;280;306;341;324;303;348;375;454;318;192;125;88;53;37
236;10908;St.Gallen Stadt Fürstenlstr. 57;06.05.2020;Mittwoch;1;16;8;8;13;32;76;209;269;234;223;265;312;269;320;321;307;354;405;241;141;117;82;64;18
237;10908;St.Gallen Stadt Fürstenlstr. 57;06.05.2020;Mittwoch;2;17;13;10;16;26;83;202;338;267;228;281;310;309;325;293;362;390;466;311;215;137;103;81;34
238;10908;St.Gallen Stadt Fürstenlstr. 57;07.05.2020;Donnerstag;1;16;12;8;11;26;83;221;307;249;261;282;317;275;301;331;323;351;425;292;172;128;109;82;32
239;10908;St.Gallen Stadt Fürstenlstr. 57;07.05.2020;Donnerstag;2;23;17;13;18;27;82;197;354;269;227;251;349;324;316;326;360;389;446;354;206;189;119;68;39
240;10908;St.Gallen Stadt Fürstenlstr. 57;09.05.2020;Samstag;1;31;27;20;19;17;31;45;107;170;238;285;333;351;311;299;288;260;188;131;126;93;79;66;55
241;10908;St.Gallen Stadt Fürstenlstr. 57;09.05.2020;Samstag;2;43;20;22;28;20;32;54;95;140;230;294;336;360;360;340;344;331;293;158;157;120;89;71;55
242;10908;St.Gallen Stadt Fürstenlstr. 57;10.05.2020;Sonntag;1;46;20;17;10;4;9;13;22;29;78;110;119;173;181;159;135;190;184;142;121;134;146;86;30
243;10908;St.Gallen Stadt Fürstenlstr. 57;10.05.2020;Sonntag;2;49;31;24;13;9;12;14;28;44;83;122;129;173;189;169;183;219;212;174;146;166;111;78;27
244;10908;St.Gallen Stadt Fürstenlstr. 57;11.05.2020;Montag;1;15;7;7;11;37;74;230;337;304;293;316;370;329;330;338;366;396;460;261;148;103;72;44;31
245;10908;St.Gallen Stadt Fürstenlstr. 57;11.05.2020;Montag;2;18;5;15;19;25;69;223;393;319;248;303;403;311;375;373;400;396;518;415;182;128;98;57;31
246;10908;St.Gallen Stadt Fürstenlstr. 57;12.05.2020;Dienstag;1;21;8;7;14;33;77;233;318;310;311;279;345;284;335;350;365;392;454;274;168;105;92;58;32
247;10908;St.Gallen Stadt Fürstenlstr. 57;12.05.2020;Dienstag;2;32;8;16;21;25;73;216;396;314;270;313;326;339;351;360;442;431;483;357;237;139;106;61;31
248;10908;St.Gallen Stadt Fürstenlstr. 57;13.05.2020;Mittwoch;1;27;11;12;17;40;79;226;321;297;288;297;351;278;381;332;386;408;444;259;189;113;77;67;41
249;10908;St.Gallen Stadt Fürstenlstr. 57;13.05.2020;Mittwoch;2;22;11;16;23;26;76;226;413;296;243;316;396;347;370;383;420;488;547;401;234;153;104;73;38
250;10908;St.Gallen Stadt Fürstenlstr. 57;14.05.2020;Donnerstag;1;17;12;4;13;32;84;218;326;288;236;288;303;291;374;315;357;397;413;313;194;138;109;55;38
251;10908;St.Gallen Stadt Fürstenlstr. 57;14.05.2020;Donnerstag;2;19;7;19;22;32;72;229;385;302;267;324;364;335;365;359;393;438;494;370;257;202;138;68;42
252;10908;St.Gallen Stadt Fürstenlstr. 57;15.05.2020;Freitag;1;25;12;13;14;28;81;214;289;318;308;318;351;331;393;399;495;433;476;305;186;113;79;73;59
253;10908;St.Gallen Stadt Fürstenlstr. 57;15.05.2020;Freitag;2;25;19;14;22;28;72;217;332;326;292;332;407;338;418;446;515;546;500;384;259;183;117;76;58
254;10908;St.Gallen Stadt Fürstenlstr. 57;16.05.2020;Samstag;1;60;19;22;20;17;24;40;106;201;258;325;348;362;340;370;346;253;191;130;132;105;70;56;63
255;10908;St.Gallen Stadt Fürstenlstr. 57;16.05.2020;Samstag;2;58;35;16;19;19;33;41;93;173;249;339;391;399;389;432;403;441;273;183;149;123;83;75;69
256;10908;St.Gallen Stadt Fürstenlstr. 57;17.05.2020;Sonntag;1;55;37;25;11;9;11;18;20;45;80;123;120;170;148;164;171;170;186;151;146;115;126;78;31
257;10908;St.Gallen Stadt Fürstenlstr. 57;17.05.2020;Sonntag;2;55;32;20;13;6;13;26;28;56;88;137;144;154;189;215;188;200;195;160;162;149;125;62;36
258;10908;St.Gallen Stadt Fürstenlstr. 57;18.05.2020;Montag;1;16;11;8;7;28;76;258;327;329;313;286;351;309;342;347;383;454;477;269;178;139;117;66;30
259;10908;St.Gallen Stadt Fürstenlstr. 57;18.05.2020;Montag;2;27;15;12;18;27;66;225;408;318;273;311;364;335;356;364;430;440;491;438;237;178;114;60;48
260;10908;St.Gallen Stadt Fürstenlstr. 57;19.05.2020;Dienstag;1;28;15;9;18;26;79;239;324;291;262;306;327;270;378;357;360;411;514;297;151;128;141;74;33
261;10908;St.Gallen Stadt Fürstenlstr. 57;19.05.2020;Dienstag;2;26;14;15;21;28;77;233;406;296;253;351;358;329;349;342;374;466;487;429;240;170;140;84;39
262;10908;St.Gallen Stadt Fürstenlstr. 57;20.05.2020;Mittwoch;1;18;9;7;11;30;87;214;337;317;285;349;432;324;350;388;418;452;443;267;163;129;86;76;59
263;10908;St.Gallen Stadt Fürstenlstr. 57;20.05.2020;Mittwoch;2;27;12;13;26;27;75;231;397;351;339;337;361;368;389;400;419;480;545;378;260;162;116;88;52
264;10908;St.Gallen Stadt Fürstenlstr. 57;21.05.2020;Donnerstag;1;49;18;16;12;9;8;21;49;84;97;137;139;146;157;145;131;142;171;143;105;134;104;59;50
265;10908;St.Gallen Stadt Fürstenlstr. 57;21.05.2020;Donnerstag;2;53;20;21;16;10;10;24;40;70;116;144;170;161;181;181;193;180;180;175;148;138;119;65;51
266;10908;St.Gallen Stadt Fürstenlstr. 57;22.05.2020;Freitag;1;37;16;7;15;32;41;100;185;266;332;379;381;281;341;375;383;373;353;253;150;96;85;76;57
267;10908;St.Gallen Stadt Fürstenlstr. 57;22.05.2020;Freitag;2;35;21;10;29;26;49;104;171;215;318;364;418;337;387;424;431;420;373;350;210;148;118;85;53
268;10908;St.Gallen Stadt Fürstenlstr. 57;23.05.2020;Samstag;1;53;33;21;14;20;28;47;112;169;265;307;328;322;367;354;267;203;155;103;100;89;62;54;52
269;10908;St.Gallen Stadt Fürstenlstr. 57;23.05.2020;Samstag;2;36;31;25;23;23;37;43;68;144;234;319;391;352;384;382;385;347;286;151;115;98;94;71;54
270;10908;St.Gallen Stadt Fürstenlstr. 57;24.05.2020;Sonntag;1;51;36;18;9;7;10;15;17;33;88;113;112;150;148;160;143;163;169;131;143;88;86;79;35
271;10908;St.Gallen Stadt Fürstenlstr. 57;24.05.2020;Sonntag;2;43;17;18;12;6;11;18;32;61;87;135;158;156;139;163;180;178;186;193;137;120;95;56;29
272;10908;St.Gallen Stadt Fürstenlstr. 57;25.05.2020;Montag;1;17;3;13;4;33;78;262;305;289;303;340;356;293;319;365;357;455;435;277;174;113;129;60;47
273;10908;St.Gallen Stadt Fürstenlstr. 57;25.05.2020;Montag;2;14;8;10;17;22;76;207;397;305;258;329;359;317;381;357;406;419;486;378;241;154;132;85;41
274;10908;St.Gallen Stadt Fürstenlstr. 57;26.05.2020;Dienstag;1;13;12;6;9;32;72;239;293;306;285;322;366;302;349;344;334;394;490;303;219;225;151;98;47
275;10908;St.Gallen Stadt Fürstenlstr. 57;26.05.2020;Dienstag;2;18;10;9;19;25;80;226;402;280;296;318;384;300;361;342;329;424;467;385;212;175;140;80;48
276;10908;St.Gallen Stadt Fürstenlstr. 57;27.05.2020;Mittwoch;1;25;11;7;17;32;72;216;333;305;283;284;398;298;316;355;325;389;489;332;245;219;197;130;33
277;10908;St.Gallen Stadt Fürstenlstr. 57;27.05.2020;Mittwoch;2;21;15;9;24;22;71;208;389;294;299;295;362;338;365;326;341;454;485;408;251;183;148;93;41
278;10908;St.Gallen Stadt Fürstenlstr. 57;28.05.2020;Donnerstag;1;21;7;11;13;32;85;232;330;300;330;347;376;289;332;346;373;413;492;328;213;158;130;104;36
279;10908;St.Gallen Stadt Fürstenlstr. 57;28.05.2020;Donnerstag;2;25;11;10;28;20;71;213;364;321;297;331;367;318;339;359;416;432;526;467;253;240;207;91;48
280;10908;St.Gallen Stadt Fürstenlstr. 57;29.05.2020;Freitag;1;44;15;10;18;32;85;214;295;321;299;356;357;343;383;387;430;468;456;290;191;126;94;91;59
281;10908;St.Gallen Stadt Fürstenlstr. 57;29.05.2020;Freitag;2;30;15;17;24;21;82;215;352;312;321;339;455;372;381;398;409;478;512;390;282;156;124;91;58
282;10908;St.Gallen Stadt Fürstenlstr. 57;30.05.2020;Samstag;1;54;29;18;18;20;29;44;125;228;310;369;371;326;303;371;331;274;205;151;99;91;72;64;66
283;10908;St.Gallen Stadt Fürstenlstr. 57;30.05.2020;Samstag;2;48;29;21;22;34;33;48;94;170;269;388;422;426;382;406;383;374;292;162;142;119;95;69;68
284;10908;St.Gallen Stadt Fürstenlstr. 57;31.05.2020;Sonntag;1;53;29;14;15;5;7;13;20;53;90;127;132;147;136;149;136;152;163;127;133;116;77;76;47
285;10908;St.Gallen Stadt Fürstenlstr. 57;31.05.2020;Sonntag;2;50;30;12;17;5;14;19;24;63;93;123;148;170;166;179;208;180;166;157;152;145;111;71;60
286;10908;St.Gallen Stadt Fürstenlstr. 57;01.06.2020;Montag;1;63;24;16;11;4;11;17;24;55;107;134;142;145;191;172;148;169;178;149;137;106;95;50;24
287;10908;St.Gallen Stadt Fürstenlstr. 57;01.06.2020;Montag;2;44;22;15;10;9;7;16;31;71;118;136;151;164;205;197;178;170;181;170;163;146;99;49;31
288;10908;St.Gallen Stadt Fürstenlstr. 57;02.06.2020;Dienstag;1;18;12;8;11;29;78;248;365;321;285;316;340;329;323;316;356;409;497;311;217;139;142;102;28
289;10908;St.Gallen Stadt Fürstenlstr. 57;02.06.2020;Dienstag;2;26;12;13;18;25;65;228;436;327;306;333;356;352;387;369;394;437;493;435;234;192;131;85;32
290;10908;St.Gallen Stadt Fürstenlstr. 57;03.06.2020;Mittwoch;1;17;12;8;18;39;73;242;353;283;270;270;340;293;340;356;343;407;460;353;202;125;101;87;29
291;10908;St.Gallen Stadt Fürstenlstr. 57;03.06.2020;Mittwoch;2;20;13;15;22;27;81;229;407;285;253;292;358;346;367;350;385;438;512;461;233;168;135;83;46
292;10908;St.Gallen Stadt Fürstenlstr. 57;04.06.2020;Donnerstag;1;23;8;13;10;35;84;255;335;323;280;301;354;275;357;367;377;401;473;323;201;133;121;79;34
293;10908;St.Gallen Stadt Fürstenlstr. 57;04.06.2020;Donnerstag;2;26;14;14;18;27;76;224;395;277;274;314;343;320;376;388;397;471;544;405;252;223;168;114;38
294;10908;St.Gallen Stadt Fürstenlstr. 57;05.06.2020;Freitag;1;26;9;7;18;41;77;238;310;304;294;321;376;347;374;374;399;468;423;290;184;141;89;70;55
295;10908;St.Gallen Stadt Fürstenlstr. 57;05.06.2020;Freitag;2;21;9;16;20;27;73;205;369;280;289;354;420;362;391;386;484;478;514;436;244;204;154;98;63
296;10908;St.Gallen Stadt Fürstenlstr. 57;06.06.2020;Samstag;1;53;25;18;20;17;24;43;100;196;286;362;369;374;371;367;360;299;172;159;117;73;75;79;61
297;10908;St.Gallen Stadt Fürstenlstr. 57;06.06.2020;Samstag;2;69;23;24;20;20;29;46;88;143;254;357;410;440;369;436;425;461;299;189;142;121;87;87;66
298;10908;St.Gallen Stadt Fürstenlstr. 57;07.06.2020;Sonntag;1;66;34;23;11;6;10;14;14;37;79;94;115;127;112;154;149;162;172;125;125;112;77;78;52
299;10908;St.Gallen Stadt Fürstenlstr. 57;07.06.2020;Sonntag;2;56;43;22;15;5;17;23;26;50;96;130;125;138;144;188;163;187;179;182;170;130;136;139;60
300;10908;St.Gallen Stadt Fürstenlstr. 57;08.06.2020;Montag;1;14;8;9;12;52;79;253;349;330;285;308;357;302;322;312;371;458;452;327;202;126;86;71;48
301;10908;St.Gallen Stadt Fürstenlstr. 57;08.06.2020;Montag;2;25;20;14;23;32;84;227;426;310;280;305;382;330;339;356;399;450;528;394;266;162;142;187;63
302;10908;St.Gallen Stadt Fürstenlstr. 57;09.06.2020;Dienstag;1;21;15;11;12;50;85;245;342;306;249;281;355;300;317;310;378;417;482;327;189;144;120;101;47
303;10908;St.Gallen Stadt Fürstenlstr. 57;09.06.2020;Dienstag;2;45;19;27;24;45;78;240;409;314;241;300;356;312;346;323;388;456;517;394;249;175;212;212;86
304;10908;St.Gallen Stadt Fürstenlstr. 57;10.06.2020;Mittwoch;1;27;11;14;12;54;81;221;334;276;280;303;353;302;290;328;358;407;444;308;202;122;101;61;32
305;10908;St.Gallen Stadt Fürstenlstr. 57;10.06.2020;Mittwoch;2;38;18;26;22;47;70;204;404;319;265;326;375;337;367;342;355;464;514;424;259;165;134;112;43
306;10908;St.Gallen Stadt Fürstenlstr. 57;11.06.2020;Donnerstag;1;30;8;8;11;45;79;225;326;313;297;289;335;355;338;373;392;445;430;348;220;153;114;79;42
307;10908;St.Gallen Stadt Fürstenlstr. 57;11.06.2020;Donnerstag;2;31;14;12;25;29;76;194;396;302;280;330;354;327;373;332;419;499;518;412;291;232;169;120;57
308;10908;St.Gallen Stadt Fürstenlstr. 57;12.06.2020;Freitag;1;35;9;6;12;43;84;238;291;331;274;318;370;320;351;310;357;434;385;302;195;125;99;85;57
309;10908;St.Gallen Stadt Fürstenlstr. 57;12.06.2020;Freitag;2;31;9;16;21;21;78;209;372;327;314;331;354;345;383;342;380;419;472;425;261;174;139;114;82
310;10908;St.Gallen Stadt Fürstenlstr. 57;13.06.2020;Samstag;1;72;33;20;14;12;35;49;113;205;283;323;354;353;318;342;342;256;207;162;102;101;87;63;62
311;10908;St.Gallen Stadt Fürstenlstr. 57;13.06.2020;Samstag;2;59;38;23;23;24;28;46;88;156;246;314;394;403;344;357;334;369;272;179;121;120;93;79;67
312;10908;St.Gallen Stadt Fürstenlstr. 57;14.06.2020;Sonntag;1;68;34;16;14;10;9;20;17;43;67;88;126;139;154;169;134;155;148;120;118;97;66;45;29
313;10908;St.Gallen Stadt Fürstenlstr. 57;14.06.2020;Sonntag;2;53;36;24;15;8;13;24;27;35;103;125;149;152;177;183;169;172;181;182;142;113;70;60;31
314;10908;St.Gallen Stadt Fürstenlstr. 57;01.08.2020;Samstag;1;27;24;13;8;12;9;24;26;56;90;112;113;117;104;91;90;110;97;86;52;47;65;61;49
315;10908;St.Gallen Stadt Fürstenlstr. 57;01.08.2020;Samstag;2;47;32;27;22;14;20;17;40;96;142;160;153;161;140;141;143;174;166;135;109;94;106;105;83
316;10908;St.Gallen Stadt Fürstenlstr. 57;02.08.2020;Sonntag;1;39;19;9;8;8;10;9;11;34;45;83;86;96;96;116;117;104;118;83;66;71;34;27;15
317;10908;St.Gallen Stadt Fürstenlstr. 57;02.08.2020;Sonntag;2;68;40;32;25;21;23;19;25;51;88;123;148;148;143;166;166;161;225;128;120;129;82;63;34
318;10908;St.Gallen Stadt Fürstenlstr. 57;03.08.2020;Montag;1;4;6;5;3;13;54;171;247;209;205;255;275;253;307;348;329;317;400;261;111;68;44;44;18
319;10908;St.Gallen Stadt Fürstenlstr. 57;03.08.2020;Montag;2;18;11;11;19;18;58;170;349;265;215;257;319;284;312;336;368;329;425;388;190;127;108;77;33
320;10908;St.Gallen Stadt Fürstenlstr. 57;04.08.2020;Dienstag;1;10;5;8;4;17;49;141;212;195;186;218;261;237;238;258;294;316;351;216;121;78;57;33;21
321;10908;St.Gallen Stadt Fürstenlstr. 57;04.08.2020;Dienstag;2;26;16;14;23;35;61;166;317;241;229;283;324;283;300;305;351;394;435;395;216;142;115;69;41
322;10908;St.Gallen Stadt Fürstenlstr. 57;05.08.2020;Mittwoch;1;14;8;7;7;17;45;158;234;217;186;232;270;211;257;268;244;276;348;221;127;82;69;47;21
323;10908;St.Gallen Stadt Fürstenlstr. 57;05.08.2020;Mittwoch;2;33;9;13;23;27;64;156;287;243;213;258;287;284;286;300;322;400;419;317;233;166;149;98;43
324;10908;St.Gallen Stadt Fürstenlstr. 57;06.08.2020;Donnerstag;1;14;4;6;6;14;42;158;251;230;210;243;258;238;226;270;245;245;331;226;139;102;66;54;26
325;10908;St.Gallen Stadt Fürstenlstr. 57;06.08.2020;Donnerstag;2;29;18;11;21;20;65;157;327;246;239;271;313;270;321;281;308;338;413;332;261;201;150;98;48
326;10908;St.Gallen Stadt Fürstenlstr. 57;07.08.2020;Freitag;1;11;7;5;4;15;45;150;207;202;242;257;291;217;274;269;309;302;303;202;101;78;80;47;28
327;10908;St.Gallen Stadt Fürstenlstr. 57;07.08.2020;Freitag;2;28;19;14;27;25;60;175;316;236;269;314;323;292;333;336;373;413;374;338;232;151;109;107;65
328;10908;St.Gallen Stadt Fürstenlstr. 57;08.08.2020;Samstag;1;21;14;10;9;11;16;32;53;122;210;223;246;194;223;195;201;135;117;89;59;58;62;39;34
329;10908;St.Gallen Stadt Fürstenlstr. 57;08.08.2020;Samstag;2;38;35;27;27;21;31;37;67;145;216;270;291;287;262;271;294;238;212;154;133;127;117;88;75
330;10908;St.Gallen Stadt Fürstenlstr. 57;09.08.2020;Sonntag;1;28;23;6;4;6;4;7;20;31;77;89;89;110;96;97;84;88;90;96;96;91;53;56;33
331;10908;St.Gallen Stadt Fürstenlstr. 57;09.08.2020;Sonntag;2;49;41;22;17;12;18;26;36;71;93;154;152;142;124;148;127;148;182;181;154;143;119;58;31
332;10908;St.Gallen Stadt Fürstenlstr. 57;10.08.2020;Montag;1;25;5;7;2;15;54;201;281;260;261;273;306;278;254;233;256;288;399;245;138;94;74;49;21
333;10908;St.Gallen Stadt Fürstenlstr. 57;10.08.2020;Montag;2;24;12;17;16;20;82;205;383;297;271;298;301;287;319;315;307;341;455;339;223;170;117;89;36
334;10908;St.Gallen Stadt Fürstenlstr. 57;11.08.2020;Dienstag;1;15;3;2;3;7;52;183;289;256;257;262;271;218;271;229;247;281;415;231;126;118;100;74;35
335;10908;St.Gallen Stadt Fürstenlstr. 57;11.08.2020;Dienstag;2;17;11;14;18;29;68;198;384;270;256;295;328;266;310;292;290;396;490;377;240;129;134;72;44
336;10908;St.Gallen Stadt Fürstenlstr. 57;12.08.2020;Mittwoch;1;12;5;2;5;18;60;197;256;183;151;185;218;262;283;270;293;312;375;238;137;93;91;70;29
337;10908;St.Gallen Stadt Fürstenlstr. 57;12.08.2020;Mittwoch;2;22;13;16;17;21;72;199;348;278;229;268;298;310;348;265;294;398;427;351;228;180;132;85;57
338;10908;St.Gallen Stadt Fürstenlstr. 57;13.08.2020;Donnerstag;1;17;4;4;2;17;63;193;255;202;205;225;264;270;259;273;280;324;404;255;174;102;95;58;38
339;10908;St.Gallen Stadt Fürstenlstr. 57;13.08.2020;Donnerstag;2;27;13;15;19;26;66;211;370;285;242;280;287;300;312;327;348;395;455;359;266;185;140;95;46
340;10908;St.Gallen Stadt Fürstenlstr. 57;14.08.2020;Freitag;1;13;7;4;4;11;46;169;239;277;260;267;356;279;276;314;319;356;352;246;159;96;92;65;56
341;10908;St.Gallen Stadt Fürstenlstr. 57;14.08.2020;Freitag;2;32;10;17;17;25;64;174;371;273;261;309;344;317;329;357;372;396;444;346;257;171;123;88;70
342;10908;St.Gallen Stadt Fürstenlstr. 57;15.08.2020;Samstag;1;24;9;7;4;13;22;42;70;129;235;263;327;287;274;256;245;212;167;84;83;74;60;55;56
343;10908;St.Gallen Stadt Fürstenlstr. 57;15.08.2020;Samstag;2;43;22;27;27;27;34;55;83;169;243;319;379;325;336;323;322;309;246;167;151;141;118;84;86
344;10908;St.Gallen Stadt Fürstenlstr. 57;16.08.2020;Sonntag;1;28;16;5;10;7;10;18;19;39;63;77;124;122;118;101;107;125;115;96;94;115;59;30;16
345;10908;St.Gallen Stadt Fürstenlstr. 57;16.08.2020;Sonntag;2;51;36;22;20;14;19;27;35;63;113;159;152;152;162;170;179;190;176;150;172;133;92;65;53
346;10908;St.Gallen Stadt Fürstenlstr. 57;17.08.2020;Montag;1;14;2;1;6;11;55;197;272;257;192;206;268;267;268;247;315;320;484;234;146;110;89;48;21
347;10908;St.Gallen Stadt Fürstenlstr. 57;17.08.2020;Montag;2;24;15;10;22;24;67;198;379;286;237;280;302;303;310;322;355;404;468;360;238;166;109;95;35
348;10908;St.Gallen Stadt Fürstenlstr. 57;18.08.2020;Dienstag;1;8;3;6;8;23;61;193;253;191;214;200;269;200;259;206;270;373;412;245;178;113;110;70;31
349;10908;St.Gallen Stadt Fürstenlstr. 57;18.08.2020;Dienstag;2;28;9;14;22;20;69;197;363;274;280;260;275;285;325;290;363;401;436;356;223;165;118;80;43
350;10908;St.Gallen Stadt Fürstenlstr. 57;19.08.2020;Mittwoch;1;11;4;7;9;22;56;180;255;234;223;220;291;252;269;281;260;327;374;241;147;103;89;50;25
351;10908;St.Gallen Stadt Fürstenlstr. 57;19.08.2020;Mittwoch;2;29;21;13;25;20;61;207;376;297;234;265;319;278;330;304;342;394;416;341;232;167;135;92;53
352;10908;St.Gallen Stadt Fürstenlstr. 57;20.08.2020;Donnerstag;1;16;9;4;8;15;50;176;267;234;249;218;170;235;251;234;272;320;366;239;154;95;81;57;34
353;10908;St.Gallen Stadt Fürstenlstr. 57;20.08.2020;Donnerstag;2;28;16;15;22;23;70;189;361;288;233;305;296;275;335;272;304;364;470;337;285;176;156;132;72
354;10908;St.Gallen Stadt Fürstenlstr. 57;21.08.2020;Freitag;1;21;3;3;11;15;70;178;196;242;203;143;126;253;228;282;311;324;321;238;135;122;75;73;47
355;10908;St.Gallen Stadt Fürstenlstr. 57;21.08.2020;Freitag;2;39;11;19;24;27;69;191;347;302;277;304;314;321;330;303;317;411;406;349;241;164;138;106;96
356;10908;St.Gallen Stadt Fürstenlstr. 57;22.08.2020;Samstag;1;23;16;14;17;10;20;35;75;114;184;288;326;296;270;289;255;245;133;137;109;76;78;60;39
357;10908;St.Gallen Stadt Fürstenlstr. 57;22.08.2020;Samstag;2;58;33;29;28;28;33;43;91;143;217;291;324;322;312;340;341;352;276;204;132;133;105;100;78
358;10908;St.Gallen Stadt Fürstenlstr. 57;23.08.2020;Sonntag;1;35;27;9;12;15;18;19;19;46;80;116;132;113;127;101;133;159;141;131;120;89;49;20;24
359;10908;St.Gallen Stadt Fürstenlstr. 57;23.08.2020;Sonntag;2;57;43;23;24;16;16;28;29;43;123;135;177;149;167;199;183;196;210;192;154;112;77;45;40
360;10908;St.Gallen Stadt Fürstenlstr. 57;24.08.2020;Montag;1;11;1;5;6;16;62;221;178;193;138;173;268;277;286;316;319;389;455;310;186;129;105;105;41
361;10908;St.Gallen Stadt Fürstenlstr. 57;24.08.2020;Montag;2;11;8;12;23;17;67;201;399;348;256;300;342;291;324;306;387;428;478;389;239;157;148;193;98
362;10908;St.Gallen Stadt Fürstenlstr. 57;25.08.2020;Dienstag;1;26;5;8;16;37;76;234;296;299;223;292;313;268;301;277;349;410;462;313;207;166;128;123;61
363;10908;St.Gallen Stadt Fürstenlstr. 57;25.08.2020;Dienstag;2;45;15;27;25;38;66;220;403;297;238;308;353;333;337;301;359;447;528;407;243;172;170;229;145
364;10908;St.Gallen Stadt Fürstenlstr. 57;26.08.2020;Mittwoch;1;26;15;14;16;37;79;226;276;270;272;259;335;282;297;281;341;367;420;298;193;141;131;150;61
365;10908;St.Gallen Stadt Fürstenlstr. 57;26.08.2020;Mittwoch;2;54;27;25;26;38;70;221;368;298;235;311;351;320;337;307;383;428;496;391;245;177;160;294;118
366;10908;St.Gallen Stadt Fürstenlstr. 57;27.08.2020;Donnerstag;1;29;13;8;11;40;83;243;271;290;283;260;338;293;293;306;331;389;457;308;192;161;123;81;50
367;10908;St.Gallen Stadt Fürstenlstr. 57;27.08.2020;Donnerstag;2;62;31;22;31;35;65;199;381;315;282;311;357;287;342;328;364;457;521;380;269;191;137;106;64
368;10908;St.Gallen Stadt Fürstenlstr. 57;28.08.2020;Freitag;1;32;7;10;12;25;78;214;270;290;278;311;357;307;346;376;331;413;395;279;187;131;76;83;70
369;10908;St.Gallen Stadt Fürstenlstr. 57;28.08.2020;Freitag;2;27;13;16;20;23;65;210;357;304;304;321;375;348;348;352;424;446;467;371;245;153;122;114;85
370;10908;St.Gallen Stadt Fürstenlstr. 57;29.08.2020;Samstag;1;33;24;22;22;17;33;41;119;191;282;329;376;381;338;324;298;281;192;141;102;85;86;66;61
371;10908;St.Gallen Stadt Fürstenlstr. 57;29.08.2020;Samstag;2;51;24;30;35;26;29;50;103;183;266;348;417;394;357;365;368;404;279;195;151;100;91;91;76
372;10908;St.Gallen Stadt Fürstenlstr. 57;30.08.2020;Sonntag;1;63;40;22;19;14;17;31;32;62;111;120;142;154;155;153;156;143;164;146;136;84;62;41;28
373;10908;St.Gallen Stadt Fürstenlstr. 57;30.08.2020;Sonntag;2;56;30;27;27;17;16;38;33;53;118;143;165;167;164;194;196;169;189;180;170;137;72;55;31
374;10908;St.Gallen Stadt Fürstenlstr. 57;31.08.2020;Montag;1;19;6;10;9;27;74;248;277;304;282;276;325;310;346;310;397;420;462;284;197;129;96;49;30
375;10908;St.Gallen Stadt Fürstenlstr. 57;31.08.2020;Montag;2;21;15;12;18;19;71;192;448;311;255;306;352;318;362;340;391;452;549;393;261;147;106;73;38
376;10908;St.Gallen Stadt Fürstenlstr. 57;01.09.2020;Dienstag;1;19;7;8;11;28;86;243;295;223;283;280;309;289;305;259;360;430;456;310;188;143;111;55;33
377;10908;St.Gallen Stadt Fürstenlstr. 57;01.09.2020;Dienstag;2;19;8;18;20;27;71;212;398;303;282;319;309;305;328;304;400;422;514;416;236;132;118;82;48
378;10908;St.Gallen Stadt Fürstenlstr. 57;02.09.2020;Mittwoch;1;26;10;9;9;26;85;233;331;281;241;252;323;299;277;163;289;411;449;294;201;139;131;72;35
379;10908;St.Gallen Stadt Fürstenlstr. 57;02.09.2020;Mittwoch;2;26;14;12;23;19;76;208;378;288;229;279;353;310;414;316;338;395;526;418;258;157;138;80;43
380;10908;St.Gallen Stadt Fürstenlstr. 57;03.09.2020;Donnerstag;1;14;10;6;6;32;80;217;319;330;289;291;359;292;304;339;342;417;453;356;234;151;99;85;33
381;10908;St.Gallen Stadt Fürstenlstr. 57;03.09.2020;Donnerstag;2;14;7;13;21;20;71;201;398;319;286;294;327;311;321;315;388;403;517;443;270;212;124;113;47
382;10908;St.Gallen Stadt Fürstenlstr. 57;04.09.2020;Freitag;1;24;8;5;10;28;82;241;328;291;279;290;401;317;375;343;372;491;466;309;235;149;107;84;62
383;10908;St.Gallen Stadt Fürstenlstr. 57;04.09.2020;Freitag;2;25;14;13;25;21;76;204;382;316;280;340;380;360;371;334;394;468;538;457;269;180;129;107;73
384;10908;St.Gallen Stadt Fürstenlstr. 57;05.09.2020;Samstag;1;48;38;22;17;22;27;56;105;189;288;343;329;340;299;303;303;286;187;142;131;117;90;100;84
385;10908;St.Gallen Stadt Fürstenlstr. 57;05.09.2020;Samstag;2;62;32;21;26;21;36;50;92;172;234;348;371;361;370;351;338;352;239;182;134;139;117;82;75
386;10908;St.Gallen Stadt Fürstenlstr. 57;06.09.2020;Sonntag;1;64;50;19;21;16;22;26;31;65;106;129;144;146;145;147;175;181;178;145;117;109;60;34;23
387;10908;St.Gallen Stadt Fürstenlstr. 57;06.09.2020;Sonntag;2;69;40;28;21;20;25;28;30;57;104;119;178;186;183;186;168;201;217;172;144;110;67;57;31
388;10908;St.Gallen Stadt Fürstenlstr. 57;07.09.2020;Montag;1;20;12;6;8;27;78;258;323;303;297;281;367;307;330;321;355;435;459;296;198;147;107;68;23
389;10908;St.Gallen Stadt Fürstenlstr. 57;07.09.2020;Montag;2;15;14;5;16;25;63;210;404;327;264;307;348;310;349;315;380;415;520;439;267;174;109;83;31
390;10908;St.Gallen Stadt Fürstenlstr. 57;08.09.2020;Dienstag;1;20;16;7;12;37;75;231;331;306;233;277;324;267;292;299;380;386;472;339;224;173;150;84;34
391;10908;St.Gallen Stadt Fürstenlstr. 57;08.09.2020;Dienstag;2;18;12;14;22;27;73;192;412;287;255;305;347;276;350;283;330;433;543;394;266;164;118;87;52
392;10908;St.Gallen Stadt Fürstenlstr. 57;09.09.2020;Mittwoch;1;31;14;10;15;27;89;232;296;293;266;276;313;299;316;300;326;399;487;518;276;181;93;75;39
393;10908;St.Gallen Stadt Fürstenlstr. 57;09.09.2020;Mittwoch;2;24;13;11;28;17;77;206;372;298;256;304;358;300;363;322;357;422;540;625;422;186;128;92;43
394;10908;St.Gallen Stadt Fürstenlstr. 57;10.09.2020;Donnerstag;1;17;13;12;11;29;87;231;333;323;271;301;335;290;318;322;345;389;452;331;219;137;127;106;28
395;10908;St.Gallen Stadt Fürstenlstr. 57;10.09.2020;Donnerstag;2;22;12;13;20;28;76;199;406;316;300;363;316;310;292;317;371;424;502;410;294;208;133;97;42
396;10908;St.Gallen Stadt Fürstenlstr. 57;11.09.2020;Freitag;1;29;8;10;14;26;86;231;314;320;283;350;394;311;343;362;389;451;438;264;189;144;91;81;54
397;10908;St.Gallen Stadt Fürstenlstr. 57;11.09.2020;Freitag;2;29;13;14;25;18;78;174;398;292;287;312;380;310;346;368;407;487;476;369;276;176;131;95;75
398;10908;St.Gallen Stadt Fürstenlstr. 57;12.09.2020;Samstag;1;42;34;23;15;20;26;56;104;198;270;318;337;345;319;311;350;246;181;168;147;115;82;86;66
399;10908;St.Gallen Stadt Fürstenlstr. 57;12.09.2020;Samstag;2;46;26;23;27;24;33;51;90;182;259;318;392;382;339;359;351;356;251;197;148;124;114;102;72
400;10908;St.Gallen Stadt Fürstenlstr. 57;13.09.2020;Sonntag;1;52;31;28;14;12;20;19;32;63;93;148;168;163;151;150;158;171;155;148;159;120;93;35;25
401;10908;St.Gallen Stadt Fürstenlstr. 57;13.09.2020;Sonntag;2;60;37;34;18;12;20;26;45;66;111;174;175;169;180;182;180;210;176;208;160;111;91;59;32
402;10908;St.Gallen Stadt Fürstenlstr. 57;14.09.2020;Montag;1;13;5;8;11;24;86;268;346;309;305;270;347;297;301;295;344;393;495;284;208;132;88;53;27
403;10908;St.Gallen Stadt Fürstenlstr. 57;14.09.2020;Montag;2;16;12;6;16;18;71;204;449;316;258;324;366;298;377;322;331;425;475;403;227;165;107;73;38
404;10908;St.Gallen Stadt Fürstenlstr. 57;15.09.2020;Dienstag;1;16;7;8;9;20;82;246;325;312;254;266;288;290;329;290;367;379;436;309;186;146;113;59;34
405;10908;St.Gallen Stadt Fürstenlstr. 57;15.09.2020;Dienstag;2;24;3;15;21;24;76;195;374;311;272;271;311;261;346;333;354;441;499;380;252;158;136;76;44
406;10908;St.Gallen Stadt Fürstenlstr. 57;16.09.2020;Mittwoch;1;23;8;8;10;25;84;248;306;269;265;257;299;263;291;277;346;405;446;318;211;150;105;78;34
407;10908;St.Gallen Stadt Fürstenlstr. 57;16.09.2020;Mittwoch;2;21;7;14;17;25;80;193;371;330;259;289;316;281;316;278;354;414;533;408;240;157;138;72;41
408;10908;St.Gallen Stadt Fürstenlstr. 57;18.09.2020;Freitag;1;26;6;15;5;32;78;213;269;301;307;310;344;303;374;353;410;497;468;299;244;133;123;79;75
409;10908;St.Gallen Stadt Fürstenlstr. 57;18.09.2020;Freitag;2;15;9;13;26;20;82;182;385;312;293;335;376;328;361;373;390;541;565;454;278;173;146;111;84
410;10908;St.Gallen Stadt Fürstenlstr. 57;19.09.2020;Samstag;1;50;39;17;17;17;31;69;95;158;270;331;341;353;319;329;328;248;215;190;140;108;92;83;61
411;10908;St.Gallen Stadt Fürstenlstr. 57;19.09.2020;Samstag;2;52;39;25;22;16;29;59;91;180;235;344;365;361;392;368;360;369;267;180;150;130;116;88;80
412;10908;St.Gallen Stadt Fürstenlstr. 57;20.09.2020;Sonntag;1;55;32;28;24;23;12;27;39;59;101;134;149;148;165;151;186;185;204;174;158;142;91;50;29
413;10908;St.Gallen Stadt Fürstenlstr. 57;20.09.2020;Sonntag;2;60;39;20;29;17;19;25;37;62;117;131;196;157;207;202;201;213;215;198;174;145;85;42;36
414;10908;St.Gallen Stadt Fürstenlstr. 57;21.09.2020;Montag;1;13;13;7;9;23;72;252;311;305;253;283;324;301;308;306;357;429;480;283;197;108;87;40;30
415;10908;St.Gallen Stadt Fürstenlstr. 57;21.09.2020;Montag;2;19;12;12;19;25;69;190;407;285;256;272;303;307;323;318;378;424;482;406;223;152;113;82;27
416;10908;St.Gallen Stadt Fürstenlstr. 57;22.09.2020;Dienstag;1;16;6;6;17;25;72;240;357;304;259;271;333;271;326;355;339;426;462;307;206;158;103;57;32
417;10908;St.Gallen Stadt Fürstenlstr. 57;22.09.2020;Dienstag;2;19;15;9;22;27;67;184;409;328;286;291;354;302;330;327;338;431;517;412;258;173;114;71;52
418;10908;St.Gallen Stadt Fürstenlstr. 57;23.09.2020;Mittwoch;1;19;8;8;11;26;75;234;340;308;288;253;336;326;316;329;366;405;473;303;182;124;101;69;36
419;10908;St.Gallen Stadt Fürstenlstr. 57;23.09.2020;Mittwoch;2;19;10;15;20;26;70;188;410;283;270;288;344;323;341;331;351;425;509;409;269;157;110;87;52
420;10908;St.Gallen Stadt Fürstenlstr. 57;24.09.2020;Donnerstag;1;17;12;7;13;20;81;236;314;300;283;313;324;277;350;327;396;404;468;337;238;152;91;74;35
421;10908;St.Gallen Stadt Fürstenlstr. 57;24.09.2020;Donnerstag;2;19;15;14;21;27;84;193;403;315;298;322;360;296;343;342;409;423;539;424;289;179;125;90;52
422;10908;St.Gallen Stadt Fürstenlstr. 57;25.09.2020;Freitag;1;26;16;3;11;31;90;216;319;319;271;350;391;298;359;406;423;438;438;306;219;139;105;77;66
423;10908;St.Gallen Stadt Fürstenlstr. 57;25.09.2020;Freitag;2;25;11;19;16;21;69;171;375;305;287;370;397;360;360;353;461;526;524;392;250;162;149;121;89
424;10908;St.Gallen Stadt Fürstenlstr. 57;26.09.2020;Samstag;1;37;30;12;26;16;30;51;79;158;267;330;388;319;351;322;320;242;195;139;107;81;69;71;56
425;10908;St.Gallen Stadt Fürstenlstr. 57;26.09.2020;Samstag;2;49;28;25;20;27;23;48;78;158;243;313;420;344;363;384;399;356;284;200;132;108;82;84;72
426;10908;St.Gallen Stadt Fürstenlstr. 57;27.09.2020;Sonntag;1;46;53;22;6;17;15;26;33;58;98;121;189;172;152;168;178;179;190;183;130;116;72;63;25
427;10908;St.Gallen Stadt Fürstenlstr. 57;27.09.2020;Sonntag;2;58;47;32;17;11;21;30;40;58;111;141;198;167;174;218;186;257;209;174;168;109;82;58;37
428;10908;St.Gallen Stadt Fürstenlstr. 57;28.09.2020;Montag;1;18;11;4;10;36;81;233;299;234;247;293;308;281;314;336;424;376;497;282;180;114;70;57;21
429;10908;St.Gallen Stadt Fürstenlstr. 57;28.09.2020;Montag;2;19;14;11;14;18;68;186;363;289;241;271;322;307;340;337;375;427;513;332;230;154;116;93;39
430;10908;St.Gallen Stadt Fürstenlstr. 57;29.09.2020;Dienstag;1;15;8;5;9;26;81;207;301;284;245;299;307;257;360;353;337;384;456;289;190;134;96;74;32
431;10908;St.Gallen Stadt Fürstenlstr. 57;29.09.2020;Dienstag;2;11;16;11;21;18;79;177;365;292;248;288;325;293;337;359;339;435;528;407;254;141;131;94;48
432;10908;St.Gallen Stadt Fürstenlstr. 57;30.09.2020;Mittwoch;1;19;12;7;15;29;86;209;273;265;273;285;319;288;325;317;317;387;472;301;187;126;93;96;33
433;10908;St.Gallen Stadt Fürstenlstr. 57;30.09.2020;Mittwoch;2;18;12;11;21;22;80;179;352;264;268;303;308;314;363;370;375;423;505;413;252;140;116;99;38
434;10908;St.Gallen Stadt Fürstenlstr. 57;01.10.2020;Donnerstag;1;18;7;10;16;34;78;210;295;239;259;277;353;294;289;299;319;367;440;293;190;135;92;88;53
435;10908;St.Gallen Stadt Fürstenlstr. 57;01.10.2020;Donnerstag;2;20;11;19;22;21;69;186;334;266;271;282;350;281;310;342;356;413;489;346;248;186;180;156;84
436;10908;St.Gallen Stadt Fürstenlstr. 57;02.10.2020;Freitag;1;33;9;12;23;30;71;206;284;276;272;314;334;295;313;337;358;388;385;280;181;135;102;106;81
437;10908;St.Gallen Stadt Fürstenlstr. 57;02.10.2020;Freitag;2;33;26;26;24;30;73;187;326;279;257;310;352;305;349;371;410;452;459;367;219;165;202;146;120
438;10908;St.Gallen Stadt Fürstenlstr. 57;03.10.2020;Samstag;1;45;31;31;26;16;24;46;95;145;249;310;338;298;299;350;303;238;213;149;114;85;77;76;60
439;10908;St.Gallen Stadt Fürstenlstr. 57;03.10.2020;Samstag;2;90;44;46;33;26;37;43;87;143;207;294;348;344;339;405;376;383;249;182;135;109;96;94;63
440;10908;St.Gallen Stadt Fürstenlstr. 57;04.10.2020;Sonntag;1;48;65;26;18;14;19;21;26;52;73;123;119;142;179;212;187;193;163;145;118;86;71;49;37
441;10908;St.Gallen Stadt Fürstenlstr. 57;04.10.2020;Sonntag;2;62;31;30;20;18;14;27;34;53;116;121;136;148;193;197;205;223;171;283;154;106;70;49;35
442;10908;St.Gallen Stadt Fürstenlstr. 57;05.10.2020;Montag;1;19;7;3;13;24;67;223;306;267;263;296;309;258;323;322;332;398;459;269;158;117;92;63;33
443;10908;St.Gallen Stadt Fürstenlstr. 57;05.10.2020;Montag;2;19;11;11;20;26;67;182;358;295;254;327;316;288;300;318;358;417;506;391;203;129;118;63;39
444;10908;St.Gallen Stadt Fürstenlstr. 57;06.10.2020;Dienstag;1;23;12;7;13;35;83;222;271;247;255;252;323;284;294;310;347;367;432;283;181;136;119;71;35
445;10908;St.Gallen Stadt Fürstenlstr. 57;06.10.2020;Dienstag;2;27;13;15;18;28;67;176;363;257;231;290;308;315;359;306;345;442;524;437;252;126;110;77;50
446;10908;St.Gallen Stadt Fürstenlstr. 57;07.10.2020;Mittwoch;1;30;14;10;17;38;79;197;280;230;263;253;308;307;337;317;359;376;420;273;161;117;107;73;42
447;10908;St.Gallen Stadt Fürstenlstr. 57;07.10.2020;Mittwoch;2;23;12;13;25;25;70;175;359;285;223;287;303;314;344;307;361;456;485;352;245;145;107;87;55
448;10908;St.Gallen Stadt Fürstenlstr. 57;08.10.2020;Donnerstag;1;24;11;5;14;31;76;214;295;244;260;248;338;254;251;291;323;354;437;287;208;131;108;70;31
449;10908;St.Gallen Stadt Fürstenlstr. 57;08.10.2020;Donnerstag;2;31;13;17;20;27;66;172;335;261;221;294;342;304;309;320;351;441;483;349;231;180;112;82;58
450;10908;St.Gallen Stadt Fürstenlstr. 57;09.10.2020;Freitag;1;30;12;7;16;30;70;193;301;252;249;288;325;289;297;309;369;396;358;233;195;126;90;73;60
451;10908;St.Gallen Stadt Fürstenlstr. 57;09.10.2020;Freitag;2;20;14;21;21;27;66;171;337;279;253;303;368;317;353;350;381;399;437;346;216;153;113;105;58
452;10908;St.Gallen Stadt Fürstenlstr. 57;10.10.2020;Samstag;1;30;42;25;21;19;31;41;94;166;243;294;341;295;303;333;283;238;161;136;109;84;70;67;60
453;10908;St.Gallen Stadt Fürstenlstr. 57;10.10.2020;Samstag;2;48;41;33;26;29;37;59;61;135;234;301;347;327;333;356;356;357;286;174;144;115;81;76;68
454;10908;St.Gallen Stadt Fürstenlstr. 57;11.10.2020;Sonntag;1;28;44;22;24;20;15;23;30;43;79;112;146;142;153;146;173;201;168;158;107;109;72;45;28
455;10908;St.Gallen Stadt Fürstenlstr. 57;11.10.2020;Sonntag;2;63;40;14;19;17;19;30;32;37;104;145;152;149;184;195;191;173;197;172;156;122;74;72;36
456;10908;St.Gallen Stadt Fürstenlstr. 57;12.10.2020;Montag;1;23;7;5;11;38;74;214;286;279;274;300;326;289;310;359;343;373;425;277;179;117;94;70;36
457;10908;St.Gallen Stadt Fürstenlstr. 57;12.10.2020;Montag;2;17;4;14;18;21;63;209;351;277;253;291;334;316;347;340;363;418;475;380;242;128;98;68;42
458;10908;St.Gallen Stadt Fürstenlstr. 57;13.10.2020;Dienstag;1;18;9;11;14;46;73;228;286;275;249;272;307;284;305;295;323;360;443;279;174;109;102;82;31
459;10908;St.Gallen Stadt Fürstenlstr. 57;13.10.2020;Dienstag;2;28;7;11;27;25;72;193;366;286;245;296;324;273;336;324;338;408;483;360;235;195;165;118;74
460;10908;St.Gallen Stadt Fürstenlstr. 57;14.10.2020;Mittwoch;1;29;14;13;11;32;72;208;292;235;253;272;289;314;301;307;323;391;436;269;160;138;90;72;38
461;10908;St.Gallen Stadt Fürstenlstr. 57;14.10.2020;Mittwoch;2;36;24;18;28;30;71;189;354;274;232;300;311;314;345;320;376;424;491;375;240;138;83;84;42
462;10908;St.Gallen Stadt Fürstenlstr. 57;15.10.2020;Donnerstag;1;20;15;8;17;35;75;229;259;278;264;320;329;310;314;379;328;397;398;271;209;131;87;77;34
463;10908;St.Gallen Stadt Fürstenlstr. 57;15.10.2020;Donnerstag;2;30;14;16;18;25;63;191;364;268;257;309;332;328;351;381;391;444;482;390;229;161;124;82;47
464;10908;St.Gallen Stadt Fürstenlstr. 57;16.10.2020;Freitag;1;28;15;12;19;34;70;206;237;263;268;325;341;323;314;367;380;423;413;259;178;123;73;80;57
465;10908;St.Gallen Stadt Fürstenlstr. 57;16.10.2020;Freitag;2;26;14;13;22;21;67;165;335;275;263;294;357;357;370;397;421;458;485;360;232;145;101;103;65
466;10908;St.Gallen Stadt Fürstenlstr. 57;17.10.2020;Samstag;1;51;44;24;24;22;26;35;98;165;274;284;364;310;308;332;314;282;187;168;117;98;78;77;64
467;10908;St.Gallen Stadt Fürstenlstr. 57;17.10.2020;Samstag;2;46;43;30;25;22;28;40;72;159;255;281;365;341;367;388;365;412;295;177;122;107;100;81;66
468;10908;St.Gallen Stadt Fürstenlstr. 57;18.10.2020;Sonntag;1;53;44;20;16;12;14;21;30;42;80;126;150;159;148;171;178;168;169;172;129;72;65;34;21
469;10908;St.Gallen Stadt Fürstenlstr. 57;18.10.2020;Sonntag;2;37;42;21;14;16;16;19;25;68;94;142;175;135;191;169;220;183;203;182;136;106;73;47;26
470;10908;St.Gallen Stadt Fürstenlstr. 57;02.11.2020;Montag;1;8;4;1;11;22;60;213;284;244;274;261;399;346;325;295;347;415;442;256;177;88;91;46;29
471;10908;St.Gallen Stadt Fürstenlstr. 57;02.11.2020;Montag;2;4;1;0;1;2;8;9;24;118;169;191;239;226;313;266;322;329;335;251;158;117;71;43;30
472;10908;St.Gallen Stadt Fürstenlstr. 57;03.11.2020;Dienstag;1;15;3;8;11;26;71;220;331;287;233;276;251;305;297;292;325;412;407;244;137;114;82;53;25
473;10908;St.Gallen Stadt Fürstenlstr. 57;03.11.2020;Dienstag;2;11;8;6;13;21;61;140;255;232;247;257;267;263;288;277;336;384;421;294;171;106;92;45;28
474;10908;St.Gallen Stadt Fürstenlstr. 57;04.11.2020;Mittwoch;1;11;7;11;10;30;64;227;293;298;231;286;301;284;303;313;306;389;448;226;146;94;82;50;31
475;10908;St.Gallen Stadt Fürstenlstr. 57;04.11.2020;Mittwoch;2;9;10;7;23;16;70;141;295;241;227;266;292;266;290;279;358;385;440;277;183;131;66;52;29
476;10908;St.Gallen Stadt Fürstenlstr. 57;05.11.2020;Donnerstag;1;15;8;4;13;28;71;223;325;268;256;292;321;288;320;320;298;425;444;274;186;116;88;57;32
477;10908;St.Gallen Stadt Fürstenlstr. 57;05.11.2020;Donnerstag;2;16;10;12;20;19;60;159;339;246;233;285;312;255;320;310;346;389;456;320;231;136;100;53;37
478;10908;St.Gallen Stadt Fürstenlstr. 57;06.11.2020;Freitag;1;21;10;8;14;28;69;232;306;288;282;300;380;327;303;367;365;469;384;241;176;96;85;55;67
479;10908;St.Gallen Stadt Fürstenlstr. 57;06.11.2020;Freitag;2;18;11;14;15;17;65;162;319;281;251;298;316;286;288;306;353;426;450;315;201;138;111;77;73
480;10908;St.Gallen Stadt Fürstenlstr. 57;07.11.2020;Samstag;1;37;20;8;12;15;22;47;105;179;252;309;296;315;338;340;317;289;238;148;101;84;68;63;57
481;10908;St.Gallen Stadt Fürstenlstr. 57;07.11.2020;Samstag;2;42;25;19;20;15;26;43;75;155;212;283;387;335;350;369;358;349;243;147;102;107;62;62;61
482;10908;St.Gallen Stadt Fürstenlstr. 57;08.11.2020;Sonntag;1;36;16;16;12;5;11;16;28;49;93;124;159;130;171;195;166;190;170;141;87;70;51;42;26
483;10908;St.Gallen Stadt Fürstenlstr. 57;08.11.2020;Sonntag;2;48;25;19;18;4;9;23;24;50;99;131;180;160;185;200;164;192;174;145;115;84;54;48;25
484;10908;St.Gallen Stadt Fürstenlstr. 57;09.11.2020;Montag;1;12;6;7;8;28;66;221;308;289;252;297;300;289;322;283;360;403;455;257;191;97;63;43;32
485;10908;St.Gallen Stadt Fürstenlstr. 57;09.11.2020;Montag;2;12;10;13;10;22;54;171;367;267;268;264;298;274;336;329;356;408;443;324;206;106;77;45;28
486;10908;St.Gallen Stadt Fürstenlstr. 57;10.11.2020;Dienstag;1;14;18;6;7;35;84;224;341;294;289;265;343;289;324;292;298;417;422;260;165;125;90;51;34
487;10908;St.Gallen Stadt Fürstenlstr. 57;10.11.2020;Dienstag;2;18;8;14;17;29;74;168;372;282;251;266;310;290;333;316;343;393;473;310;185;163;126;98;42
488;10908;St.Gallen Stadt Fürstenlstr. 57;11.11.2020;Mittwoch;1;17;12;9;12;40;64;220;326;274;232;258;345;294;330;303;336;438;461;261;169;113;86;45;43
489;10908;St.Gallen Stadt Fürstenlstr. 57;11.11.2020;Mittwoch;2;22;15;8;26;27;75;168;337;249;233;257;332;303;335;320;350;438;444;332;206;134;108;64;36
490;10908;St.Gallen Stadt Fürstenlstr. 57;12.11.2020;Donnerstag;1;21;10;7;10;29;76;222;326;280;260;295;300;296;294;297;354;409;454;285;185;115;87;57;32
491;10908;St.Gallen Stadt Fürstenlstr. 57;12.11.2020;Donnerstag;2;16;12;16;16;23;83;175;346;294;267;282;300;279;335;320;369;430;524;338;228;151;100;71;32
492;10908;St.Gallen Stadt Fürstenlstr. 57;13.11.2020;Freitag;1;18;9;15;14;27;72;219;293;272;315;318;393;324;376;373;394;474;460;274;188;122;89;62;52
493;10908;St.Gallen Stadt Fürstenlstr. 57;13.11.2020;Freitag;2;20;9;15;17;26;76;163;361;267;309;353;356;367;416;395;380;459;449;324;210;141;113;81;76
494;10908;St.Gallen Stadt Fürstenlstr. 57;14.11.2020;Samstag;1;29;19;4;12;18;24;49;109;167;277;319;343;317;301;311;311;297;195;123;100;77;60;64;79
495;10908;St.Gallen Stadt Fürstenlstr. 57;14.11.2020;Samstag;2;28;21;19;17;23;30;35;81;148;226;374;391;342;326;409;348;325;289;165;125;87;75;69;83
496;10908;St.Gallen Stadt Fürstenlstr. 57;15.11.2020;Sonntag;1;51;15;15;8;3;8;24;27;49;91;135;148;138;179;170;176;211;199;112;93;79;48;36;25
497;10908;St.Gallen Stadt Fürstenlstr. 57;15.11.2020;Sonntag;2;48;16;18;15;4;12;22;31;50;103;150;132;164;191;195;214;198;169;146;102;76;55;48;25
498;10908;St.Gallen Stadt Fürstenlstr. 57;16.11.2020;Montag;1;11;12;4;9;32;76;242;325;284;267;298;329;288;325;303;340;424;536;331;155;114;54;53;29
499;10908;St.Gallen Stadt Fürstenlstr. 57;16.11.2020;Montag;2;23;11;10;17;25;59;171;368;295;248;298;331;296;327;329;364;433;467;317;194;126;71;65;37
500;10908;St.Gallen Stadt Fürstenlstr. 57;17.11.2020;Dienstag;1;16;8;6;13;33;78;230;320;276;258;256;329;271;306;308;309;403;413;261;186;103;75;62;35
501;10908;St.Gallen Stadt Fürstenlstr. 57;17.11.2020;Dienstag;2;14;8;12;23;27;71;194;369;259;233;305;294;299;351;278;373;384;449;325;217;128;88;69;54
502;10908;St.Gallen Stadt Fürstenlstr. 57;18.11.2020;Mittwoch;1;18;9;9;18;32;71;240;311;296;250;275;342;326;316;269;319;428;464;254;175;101;80;70;44
503;10908;St.Gallen Stadt Fürstenlstr. 57;18.11.2020;Mittwoch;2;24;7;11;17;29;72;174;347;290;246;261;317;286;347;328;362;429;443;327;185;150;96;74;46
504;10908;St.Gallen Stadt Fürstenlstr. 57;19.11.2020;Donnerstag;1;20;15;5;13;33;71;220;317;304;273;271;315;280;318;321;313;382;458;273;175;122;74;59;40
505;10908;St.Gallen Stadt Fürstenlstr. 57;19.11.2020;Donnerstag;2;20;7;16;20;25;71;184;384;275;280;283;343;292;336;304;358;435;452;323;236;140;87;85;41
506;10908;St.Gallen Stadt Fürstenlstr. 57;20.11.2020;Freitag;1;20;11;5;13;31;76;202;285;275;285;328;349;323;373;337;365;458;474;279;190;131;85;58;57
507;10908;St.Gallen Stadt Fürstenlstr. 57;20.11.2020;Freitag;2;25;9;10;18;26;71;203;334;277;268;310;372;346;363;368;379;456;636;417;231;121;104;92;70
508;10908;St.Gallen Stadt Fürstenlstr. 57;21.11.2020;Samstag;1;33;23;16;10;18;27;59;107;193;243;322;374;347;338;330;336;294;176;125;89;76;70;76;68
509;10908;St.Gallen Stadt Fürstenlstr. 57;21.11.2020;Samstag;2;38;21;26;19;20;33;53;81;163;218;294;417;371;394;410;366;383;262;180;128;82;62;72;77
510;10908;St.Gallen Stadt Fürstenlstr. 57;22.11.2020;Sonntag;1;31;24;18;8;6;10;23;33;63;70;131;148;159;168;156;180;185;168;130;100;70;67;29;24
511;10908;St.Gallen Stadt Fürstenlstr. 57;22.11.2020;Sonntag;2;37;33;13;9;8;15;29;33;53;107;155;175;175;173;192;193;190;198;140;118;97;72;41;25
512;10908;St.Gallen Stadt Fürstenlstr. 57;23.11.2020;Montag;1;9;11;5;10;23;89;220;319;280;273;274;329;267;327;331;351;433;413;255;148;107;90;57;27
513;10908;St.Gallen Stadt Fürstenlstr. 57;23.11.2020;Montag;2;14;12;10;15;23;72;215;361;308;273;269;319;304;336;311;395;440;469;337;190;143;91;56;38
514;10908;St.Gallen Stadt Fürstenlstr. 57;24.11.2020;Dienstag;1;12;5;7;11;27;83;211;332;284;270;274;310;286;336;299;362;440;442;259;136;126;84;62;38
515;10908;St.Gallen Stadt Fürstenlstr. 57;24.11.2020;Dienstag;2;13;9;12;19;30;69;202;385;274;258;314;312;295;376;342;356;413;490;365;211;128;97;57;36
516;10908;St.Gallen Stadt Fürstenlstr. 57;25.11.2020;Mittwoch;1;13;18;8;14;24;81;225;329;309;270;298;380;296;361;292;343;417;444;281;153;108;82;68;37
517;10908;St.Gallen Stadt Fürstenlstr. 57;25.11.2020;Mittwoch;2;20;13;8;17;20;71;181;336;293;255;319;349;377;366;340;367;422;497;349;207;151;96;62;39
518;10908;St.Gallen Stadt Fürstenlstr. 57;26.11.2020;Donnerstag;1;15;8;8;11;29;74;208;323;326;277;310;351;283;332;341;412;432;478;298;180;132;86;65;39
519;10908;St.Gallen Stadt Fürstenlstr. 57;26.11.2020;Donnerstag;2;16;12;10;16;29;68;195;347;305;267;312;351;327;373;364;358;462;479;394;236;170;116;68;41
520;10908;St.Gallen Stadt Fürstenlstr. 57;27.11.2020;Freitag;1;25;7;7;12;37;67;206;321;299;317;336;356;336;366;384;392;467;444;276;189;138;97;81;87
521;10908;St.Gallen Stadt Fürstenlstr. 57;27.11.2020;Freitag;2;18;14;11;17;28;70;174;357;300;291;353;403;336;367;374;433;499;500;405;230;163;126;99;73
522;10908;St.Gallen Stadt Fürstenlstr. 57;28.11.2020;Samstag;1;44;23;11;16;24;22;37;122;217;324;395;360;358;321;348;332;271;177;137;90;108;71;70;81
523;10908;St.Gallen Stadt Fürstenlstr. 57;28.11.2020;Samstag;2;35;29;17;24;31;45;51;96;179;273;353;403;389;379;388;430;369;289;190;131;106;95;86;75
524;10908;St.Gallen Stadt Fürstenlstr. 57;29.11.2020;Sonntag;1;48;21;19;12;5;8;21;20;53;98;126;203;198;196;209;188;181;156;119;82;83;58;40;29
525;10908;St.Gallen Stadt Fürstenlstr. 57;29.11.2020;Sonntag;2;51;23;20;15;5;9;14;23;48;102;145;181;182;229;254;275;246;221;136;128;104;70;51;37
526;10908;St.Gallen Stadt Fürstenlstr. 57;30.11.2020;Montag;1;17;6;5;8;25;71;232;324;270;297;271;329;308;348;356;392;429;432;262;148;105;76;60;26
527;10908;St.Gallen Stadt Fürstenlstr. 57;30.11.2020;Montag;2;8;10;11;17;21;67;187;396;280;273;301;335;326;367;329;417;449;527;360;225;136;89;68;36
528;10908;St.Gallen Stadt Fürstenlstr. 57;01.12.2020;Dienstag;1;12;12;8;12;33;74;240;307;296;264;250;337;281;293;310;307;372;428;275;141;121;88;68;36
529;10908;St.Gallen Stadt Fürstenlstr. 57;01.12.2020;Dienstag;2;13;10;15;17;29;78;188;392;292;272;276;318;283;337;335;374;425;496;430;243;152;97;56;42
530;10908;St.Gallen Stadt Fürstenlstr. 57;02.12.2020;Mittwoch;1;15;13;8;19;27;81;211;310;299;246;301;378;315;352;305;363;380;422;265;172;113;65;52;37
531;10908;St.Gallen Stadt Fürstenlstr. 57;02.12.2020;Mittwoch;2;18;13;8;24;31;85;169;391;284;247;261;336;328;401;353;389;432;491;375;200;123;97;76;36
532;10908;St.Gallen Stadt Fürstenlstr. 57;03.12.2020;Donnerstag;1;18;13;7;10;31;80;225;300;316;253;317;330;314;330;297;359;420;430;276;163;129;86;74;47
533;10908;St.Gallen Stadt Fürstenlstr. 57;03.12.2020;Donnerstag;2;17;14;13;24;38;80;185;340;313;283;303;347;340;373;329;420;449;411;352;280;151;104;99;50
534;10908;St.Gallen Stadt Fürstenlstr. 57;04.12.2020;Freitag;1;20;8;5;11;33;82;206;294;303;321;346;402;313;338;334;405;435;399;268;193;114;83;94;69
535;10908;St.Gallen Stadt Fürstenlstr. 57;04.12.2020;Freitag;2;20;8;7;25;32;81;192;407;289;292;351;407;343;379;358;426;478;471;374;220;147;100;86;76
536;10908;St.Gallen Stadt Fürstenlstr. 57;05.12.2020;Samstag;1;32;23;13;14;28;29;63;121;186;274;304;354;334;370;318;327;266;185;140;106;93;86;69;78
537;10908;St.Gallen Stadt Fürstenlstr. 57;05.12.2020;Samstag;2;44;28;13;30;25;46;54;75;145;213;354;380;370;390;406;371;406;275;180;120;114;91;79;99
538;10908;St.Gallen Stadt Fürstenlstr. 57;06.12.2020;Sonntag;1;43;28;18;7;11;11;30;39;44;86;108;144;128;147;153;146;147;142;114;114;96;70;34;29
539;10908;St.Gallen Stadt Fürstenlstr. 57;06.12.2020;Sonntag;2;49;32;23;15;12;21;29;32;61;111;133;149;157;160;185;198;192;179;126;115;111;62;69;31
540;10908;St.Gallen Stadt Fürstenlstr. 57;07.12.2020;Montag;1;18;7;4;20;43;78;229;333;278;224;285;298;281;290;330;332;399;433;248;140;100;81;49;30
541;10908;St.Gallen Stadt Fürstenlstr. 57;07.12.2020;Montag;2;16;16;10;23;28;84;182;402;324;232;276;324;283;346;331;378;413;497;329;189;129;79;55;42
542;10908;St.Gallen Stadt Fürstenlstr. 57;08.12.2020;Dienstag;1;17;11;7;15;31;78;209;310;286;267;305;316;315;330;326;351;409;423;259;141;108;76;51;42
543;10908;St.Gallen Stadt Fürstenlstr. 57;08.12.2020;Dienstag;2;17;9;13;23;39;77;201;371;295;279;302;317;330;375;320;402;415;467;353;213;118;98;69;33
544;10908;St.Gallen Stadt Fürstenlstr. 57;09.12.2020;Mittwoch;1;14;14;12;15;40;71;213;282;243;237;288;343;290;313;306;325;362;401;261;166;95;96;51;41
545;10908;St.Gallen Stadt Fürstenlstr. 57;09.12.2020;Mittwoch;2;18;7;14;24;39;90;183;340;285;225;305;344;313;356;303;376;362;507;329;212;145;93;64;41
546;10908;St.Gallen Stadt Fürstenlstr. 57;10.12.2020;Donnerstag;1;20;12;5;16;33;77;222;281;282;278;289;326;302;313;307;349;425;415;272;175;129;105;74;38
547;10908;St.Gallen Stadt Fürstenlstr. 57;10.12.2020;Donnerstag;2;15;16;12;28;36;80;199;362;295;275;307;340;313;375;322;415;403;489;404;246;144;116;86;41
548;10908;St.Gallen Stadt Fürstenlstr. 57;11.12.2020;Freitag;1;21;13;5;12;32;76;192;283;303;282;326;360;308;344;360;362;425;409;280;168;111;80;80;88
549;10908;St.Gallen Stadt Fürstenlstr. 57;11.12.2020;Freitag;2;22;10;14;16;26;76;172;354;277;272;337;357;298;356;372;437;427;498;363;225;155;103;88;88
550;10908;St.Gallen Stadt Fürstenlstr. 57;12.12.2020;Samstag;1;51;30;12;8;23;27;54;107;186;267;334;339;334;344;339;351;214;179;140;119;86;74;45;40
551;10908;St.Gallen Stadt Fürstenlstr. 57;12.12.2020;Samstag;2;43;19;18;20;24;51;51;87;153;237;328;376;362;408;374;395;356;277;148;120;98;68;49;43
552;10908;St.Gallen Stadt Fürstenlstr. 57;13.12.2020;Sonntag;1;29;14;10;4;4;8;18;20;44;74;91;122;147;133;158;171;158;131;126;112;62;57;38;18
553;10908;St.Gallen Stadt Fürstenlstr. 57;13.12.2020;Sonntag;2;42;22;9;7;8;12;26;21;46;89;107;126;153;147;179;169;186;144;152;121;78;67;39;22
554;10908;St.Gallen Stadt Fürstenlstr. 57;14.12.2020;Montag;1;12;3;7;10;28;64;219;357;276;267;283;359;306;347;315;345;439;437;279;167;78;74;41;16
555;10908;St.Gallen Stadt Fürstenlstr. 57;14.12.2020;Montag;2;12;4;10;17;25;77;163;366;292;279;321;343;338;394;318;380;430;525;348;210;103;71;42;33
556;10908;St.Gallen Stadt Fürstenlstr. 57;15.12.2020;Dienstag;1;16;5;9;15;30;73;215;314;296;280;303;359;291;334;320;364;410;438;255;158;101;57;42;28
557;10908;St.Gallen Stadt Fürstenlstr. 57;15.12.2020;Dienstag;2;14;7;14;21;39;73;196;370;296;296;307;319;324;339;363;396;451;504;358;199;112;85;54;29
558;10908;St.Gallen Stadt Fürstenlstr. 57;16.12.2020;Mittwoch;1;15;17;6;13;29;74;202;316;333;287;300;395;316;339;380;342;420;493;281;160;86;57;47;26
559;10908;St.Gallen Stadt Fürstenlstr. 57;16.12.2020;Mittwoch;2;15;15;15;16;30;85;195;347;312;277;332;367;331;343;385;399;474;513;358;210;105;69;78;35
560;10908;St.Gallen Stadt Fürstenlstr. 57;17.12.2020;Donnerstag;1;17;10;6;12;29;70;217;304;346;297;308;409;315;372;356;379;455;437;280;177;98;70;54;31
561;10908;St.Gallen Stadt Fürstenlstr. 57;17.12.2020;Donnerstag;2;14;11;16;21;31;74;184;379;325;302;331;377;333;356;381;419;504;505;368;252;107;79;51;35
562;10908;St.Gallen Stadt Fürstenlstr. 57;18.12.2020;Freitag;1;13;8;4;8;34;79;203;301;316;327;346;403;337;434;417;459;482;449;285;185;86;79;62;47
563;10908;St.Gallen Stadt Fürstenlstr. 57;18.12.2020;Freitag;2;20;14;14;16;29;74;169;324;325;298;389;403;377;385;399;476;520;552;487;258;133;85;62;47
564;10908;St.Gallen Stadt Fürstenlstr. 57;19.12.2020;Samstag;1;36;15;10;18;21;37;45;124;200;268;292;371;329;338;373;337;316;180;148;122;78;57;50;48
565;10908;St.Gallen Stadt Fürstenlstr. 57;19.12.2020;Samstag;2;27;21;17;28;21;51;39;83;166;241;327;385;354;405;405;396;404;271;161;121;96;63;50;40
566;10908;St.Gallen Stadt Fürstenlstr. 57;20.12.2020;Sonntag;1;26;12;7;7;8;10;14;20;31;67;95;107;139;140;163;170;181;151;123;93;64;58;32;25
567;10908;St.Gallen Stadt Fürstenlstr. 57;20.12.2020;Sonntag;2;47;26;14;6;12;11;20;17;37;72;95;140;131;164;184;174;201;151;141;139;81;61;37;24
568;10908;St.Gallen Stadt Fürstenlstr. 57;21.12.2020;Montag;1;6;6;3;11;23;61;161;256;278;315;346;390;353;336;411;415;448;392;213;156;77;58;31;25
569;10908;St.Gallen Stadt Fürstenlstr. 57;21.12.2020;Montag;2;11;6;11;17;17;80;148;313;263;288;365;417;365;397;417;427;470;456;322;183;109;67;37;33
570;10908;St.Gallen Stadt Fürstenlstr. 57;22.12.2020;Dienstag;1;15;10;5;10;32;58;151;224;266;270;354;369;325;375;387;386;420;415;221;134;76;62;33;25
571;10908;St.Gallen Stadt Fürstenlstr. 57;22.12.2020;Dienstag;2;19;18;14;16;30;69;136;281;249;266;315;375;342;417;379;431;461;425;323;184;102;77;61;22
572;10908;St.Gallen Stadt Fürstenlstr. 57;23.12.2020;Mittwoch;1;17;8;11;11;26;53;126;238;233;310;392;398;354;406;401;421;409;347;211;132;89;57;43;26
573;10908;St.Gallen Stadt Fürstenlstr. 57;23.12.2020;Mittwoch;2;20;15;11;19;30;74;108;225;246;273;377;433;374;425;424;476;476;402;323;187;96;72;71;34
574;10908;St.Gallen Stadt Fürstenlstr. 57;24.12.2020;Donnerstag;1;20;13;12;14;24;40;83;163;205;274;340;403;369;367;338;303;235;158;96;61;57;56;76;74
575;10908;St.Gallen Stadt Fürstenlstr. 57;24.12.2020;Donnerstag;2;31;18;14;25;19;67;77;145;189;281;365;364;387;338;347;375;304;202;111;70;43;85;62;93
576;10908;St.Gallen Stadt Fürstenlstr. 57;25.12.2020;Freitag;1;31;30;10;11;3;5;16;14;21;41;59;101;100;93;96;96;141;108;81;58;74;58;60;36
577;10908;St.Gallen Stadt Fürstenlstr. 57;25.12.2020;Freitag;2;66;27;7;6;5;12;16;13;18;41;54;106;102;107;147;124;138;140;110;78;67;83;68;61
578;10908;St.Gallen Stadt Fürstenlstr. 57;26.12.2020;Samstag;1;27;16;15;6;9;12;17;29;19;51;81;105;115;152;148;149;159;106;93;74;81;54;58;29
579;10908;St.Gallen Stadt Fürstenlstr. 57;26.12.2020;Samstag;2;27;19;13;13;6;15;19;24;30;64;75;130;125;156;175;181;183;164;123;85;77;66;64;42
580;10908;St.Gallen Stadt Fürstenlstr. 57;27.12.2020;Sonntag;1;17;16;9;4;8;13;13;25;34;46;84;100;110;127;129;156;154;102;104;104;62;54;35;26
581;10908;St.Gallen Stadt Fürstenlstr. 57;27.12.2020;Sonntag;2;25;20;17;8;6;13;16;21;22;59;89;118;110;153;149;158;169;138;112;84;81;62;43;37
582;10908;St.Gallen Stadt Fürstenlstr. 57;28.12.2020;Montag;1;21;15;9;6;19;46;89;138;154;246;298;332;253;323;370;339;278;255;181;103;75;55;39;29
583;10908;St.Gallen Stadt Fürstenlstr. 57;28.12.2020;Montag;2;20;11;10;20;17;73;71;139;152;223;262;304;310;331;374;400;379;313;231;143;72;60;56;35
584;10908;St.Gallen Stadt Fürstenlstr. 57;29.12.2020;Dienstag;1;18;11;6;15;26;41;85;145;160;212;267;298;273;310;349;333;329;298;149;110;69;52;45;24
585;10908;St.Gallen Stadt Fürstenlstr. 57;29.12.2020;Dienstag;2;24;6;17;18;21;63;68;127;149;198;264;326;239;308;355;399;396;332;234;160;75;72;45;37
586;10908;St.Gallen Stadt Fürstenlstr. 57;30.12.2020;Mittwoch;1;25;10;3;14;19;34;72;139;162;248;299;320;250;339;376;376;347;272;186;119;81;60;38;32
587;10908;St.Gallen Stadt Fürstenlstr. 57;30.12.2020;Mittwoch;2;22;16;15;25;19;53;70;136;180;214;329;355;300;331;378;421;394;346;251;169;92;74;54;51
588;10908;St.Gallen Stadt Fürstenlstr. 57;31.12.2020;Donnerstag;1;11;8;6;11;21;34;72;114;172;241;274;330;331;328;359;302;243;166;115;88;44;27;37;23
589;10908;St.Gallen Stadt Fürstenlstr. 57;31.12.2020;Donnerstag;2;23;17;14;20;25;65;66;122;162;198;287;353;368;367;405;375;284;199;139;97;48;45;60;35
