LNR	ORT-ID	BEZEICHNUNG	DATUM	WOCHENTAG	RI	1	2	3	4	5	6	7	8	9	10	11	12	13	14	15	16	17	18	19	20	21	22	23	24
4	10933	St.Gallen Stadt Kolumb/Heiligk	01.01.2020	Mittwoch	1	0	0	0	0	0	0	0	0	0	0	0	0	0	0	0	0	0	0	0	0	0	0	0	0
5	10933	St.Gallen Stadt Kolumb/Heiligk	01.01.2020	Mittwoch	2	74	105	77	31	24	12	52	44	45	53	70	101	114	138	167	132	165	124	105	89	69	61	44	37
6	10933	St.Gallen Stadt Kolumb/Heiligk	01.01.2020	Mittwoch	4	5	8	4	5	2	2	2	0	2	8	6	11	10	9	6	16	15	16	9	7	9	7	6	3
7	10933	St.Gallen Stadt Kolumb/Heiligk	01.01.2020	Mittwoch	5	6	5	2	3	1	1	2	1	2	3	5	5	7	7	13	16	14	14	12	6	3	6	2	1
12	10933	St.Gallen Stadt Kolumb/Heiligk	02.01.2020	Donnerstag	1	0	0	0	0	0	0	0	0	0	0	0	0	0	0	0	0	0	0	0	0	0	0	0	0
13	10933	St.Gallen Stadt Kolumb/Heiligk	02.01.2020	Donnerstag	2	19	10	3	9	9	27	89	117	148	189	229	257	200	249	276	238	221	161	158	128	94	73	50	32
14	10933	St.Gallen Stadt Kolumb/Heiligk	02.01.2020	Donnerstag	4	1	0	0	0	2	0	4	7	15	17	25	21	16	27	22	21	27	20	12	15	11	7	5	3
15	10933	St.Gallen Stadt Kolumb/Heiligk	02.01.2020	Donnerstag	5	1	1	2	1	0	0	4	2	5	7	11	18	12	16	11	23	13	11	18	18	11	7	7	6
20	10933	St.Gallen Stadt Kolumb/Heiligk	03.01.2020	Freitag	1	0	0	0	0	0	0	0	0	0	0	0	0	0	0	0	0	0	0	0	0	0	0	0	0
21	10933	St.Gallen Stadt Kolumb/Heiligk	03.01.2020	Freitag	2	23	5	6	7	5	45	118	183	152	212	263	230	213	276	294	271	246	231	179	131	105	96	65	51
22	10933	St.Gallen Stadt Kolumb/Heiligk	03.01.2020	Freitag	4	3	0	3	2	1	5	9	11	10	16	17	16	24	22	31	25	25	18	22	7	6	11	5	6
23	10933	St.Gallen Stadt Kolumb/Heiligk	03.01.2020	Freitag	5	2	1	2	1	1	1	2	4	8	16	17	17	10	24	21	13	26	22	18	8	10	7	5	3
28	10933	St.Gallen Stadt Kolumb/Heiligk	04.01.2020	Samstag	1	0	0	0	0	0	0	0	0	0	0	0	0	0	0	0	0	0	0	0	0	0	0	0	0
29	10933	St.Gallen Stadt Kolumb/Heiligk	04.01.2020	Samstag	2	30	12	12	15	13	29	46	60	142	199	229	256	240	254	279	228	212	159	144	109	87	84	85	50
30	10933	St.Gallen Stadt Kolumb/Heiligk	04.01.2020	Samstag	4	3	0	0	1	2	2	1	4	10	23	33	28	23	32	21	33	17	19	17	6	12	10	9	5
31	10933	St.Gallen Stadt Kolumb/Heiligk	04.01.2020	Samstag	5	2	5	4	0	1	1	5	0	5	13	24	19	15	10	20	17	21	19	12	10	9	4	5	5
36	10933	St.Gallen Stadt Kolumb/Heiligk	05.01.2020	Sonntag	1	0	0	0	0	0	0	0	0	0	0	0	0	0	0	0	0	0	0	0	0	0	0	0	0
37	10933	St.Gallen Stadt Kolumb/Heiligk	05.01.2020	Sonntag	2	34	34	23	13	20	14	43	38	86	163	143	183	175	181	211	200	204	170	137	120	92	77	43	20
38	10933	St.Gallen Stadt Kolumb/Heiligk	05.01.2020	Sonntag	4	4	2	0	1	1	2	2	7	9	11	11	9	15	17	15	10	13	11	9	13	8	7	5	0
39	10933	St.Gallen Stadt Kolumb/Heiligk	05.01.2020	Sonntag	5	2	3	0	1	1	2	2	2	3	5	12	9	20	14	10	12	19	11	13	10	9	7	4	3
44	10933	St.Gallen Stadt Kolumb/Heiligk	06.01.2020	Montag	1	0	0	0	0	0	0	0	0	0	0	0	0	0	0	0	0	0	0	0	0	0	0	0	0
45	10933	St.Gallen Stadt Kolumb/Heiligk	06.01.2020	Montag	2	22	12	1	7	20	66	321	387	266	260	242	251	240	331	313	265	318	322	259	167	111	89	55	50
46	10933	St.Gallen Stadt Kolumb/Heiligk	06.01.2020	Montag	4	3	1	0	1	4	4	12	29	11	26	21	17	15	15	26	19	31	32	27	12	14	4	2	4
47	10933	St.Gallen Stadt Kolumb/Heiligk	06.01.2020	Montag	5	0	2	1	0	1	3	10	19	17	22	20	17	10	21	17	30	29	25	17	10	8	3	8	3
52	10933	St.Gallen Stadt Kolumb/Heiligk	07.01.2020	Dienstag	1	10	12	8	12	17	48	168	235	202	209	251	314	278	249	260	275	399	447	286	202	118	91	54	44
53	10933	St.Gallen Stadt Kolumb/Heiligk	07.01.2020	Dienstag	2	10	11	9	9	20	65	312	410	282	254	223	268	245	318	279	262	293	345	256	154	109	102	64	39
54	10933	St.Gallen Stadt Kolumb/Heiligk	07.01.2020	Dienstag	4	2	1	2	0	3	3	21	22	18	20	19	23	18	26	19	21	21	29	21	17	13	5	11	2
55	10933	St.Gallen Stadt Kolumb/Heiligk	07.01.2020	Dienstag	5	1	1	0	2	0	3	6	10	17	12	20	22	13	7	17	11	23	32	19	17	12	8	3	5
60	10933	St.Gallen Stadt Kolumb/Heiligk	08.01.2020	Mittwoch	1	12	10	8	10	16	44	172	228	205	201	247	300	237	283	271	276	394	439	279	207	144	105	78	44
61	10933	St.Gallen Stadt Kolumb/Heiligk	08.01.2020	Mittwoch	2	20	6	3	8	22	63	310	399	289	248	264	275	263	336	267	276	320	320	260	173	114	81	75	35
62	10933	St.Gallen Stadt Kolumb/Heiligk	08.01.2020	Mittwoch	4	5	1	0	1	5	5	15	33	21	19	25	25	22	21	26	28	33	34	14	12	18	10	6	0
63	10933	St.Gallen Stadt Kolumb/Heiligk	08.01.2020	Mittwoch	5	1	1	1	2	2	1	8	18	11	14	20	23	18	18	15	20	20	25	17	12	10	8	7	3
68	10933	St.Gallen Stadt Kolumb/Heiligk	09.01.2020	Donnerstag	1	13	7	5	6	13	51	175	265	200	230	210	287	276	295	255	339	413	427	294	226	147	133	71	37
69	10933	St.Gallen Stadt Kolumb/Heiligk	09.01.2020	Donnerstag	2	22	9	7	7	20	66	311	404	283	229	253	264	242	332	281	283	321	324	289	189	120	115	71	48
70	10933	St.Gallen Stadt Kolumb/Heiligk	09.01.2020	Donnerstag	4	2	2	0	1	5	4	19	19	17	16	16	22	18	25	21	40	32	42	24	10	19	7	7	1
71	10933	St.Gallen Stadt Kolumb/Heiligk	09.01.2020	Donnerstag	5	0	0	0	0	1	1	10	11	15	20	11	17	20	19	22	14	25	35	26	23	4	11	6	4
76	10933	St.Gallen Stadt Kolumb/Heiligk	10.01.2020	Freitag	1	21	15	10	9	14	54	162	264	198	252	277	293	266	296	278	350	414	474	309	179	147	123	88	73
77	10933	St.Gallen Stadt Kolumb/Heiligk	10.01.2020	Freitag	2	21	12	3	7	22	66	298	384	289	239	299	278	288	321	307	305	348	332	282	213	111	116	104	81
78	10933	St.Gallen Stadt Kolumb/Heiligk	10.01.2020	Freitag	4	1	1	0	2	3	4	10	28	25	20	19	25	16	17	26	20	46	42	25	25	8	10	7	8
79	10933	St.Gallen Stadt Kolumb/Heiligk	10.01.2020	Freitag	5	3	3	1	0	1	2	6	13	12	18	16	24	18	19	18	22	24	28	27	15	13	8	7	3
84	10933	St.Gallen Stadt Kolumb/Heiligk	11.01.2020	Samstag	1	53	26	26	15	16	24	42	74	115	189	256	271	265	237	217	285	260	246	151	139	112	107	89	81
85	10933	St.Gallen Stadt Kolumb/Heiligk	11.01.2020	Samstag	2	47	22	29	20	7	31	60	79	181	231	264	298	282	291	305	263	250	235	153	121	87	94	82	59
86	10933	St.Gallen Stadt Kolumb/Heiligk	11.01.2020	Samstag	4	5	1	2	2	2	3	3	5	12	17	37	29	28	23	35	40	25	25	15	16	8	11	4	6
87	10933	St.Gallen Stadt Kolumb/Heiligk	11.01.2020	Samstag	5	7	2	3	1	0	2	1	3	10	16	19	19	25	14	22	17	27	18	13	11	8	9	6	11
92	10933	St.Gallen Stadt Kolumb/Heiligk	12.01.2020	Sonntag	1	60	29	22	13	12	13	31	28	42	86	118	161	187	197	233	221	304	276	192	178	108	76	50	20
93	10933	St.Gallen Stadt Kolumb/Heiligk	12.01.2020	Sonntag	2	59	31	16	23	22	15	33	40	65	131	141	182	188	200	249	217	236	189	134	115	104	85	48	26
94	10933	St.Gallen Stadt Kolumb/Heiligk	12.01.2020	Sonntag	4	9	5	3	1	1	1	1	4	8	5	7	15	19	18	16	21	18	15	10	19	10	9	7	1
95	10933	St.Gallen Stadt Kolumb/Heiligk	12.01.2020	Sonntag	5	6	5	4	1	0	1	5	1	6	6	11	15	14	10	18	18	23	19	19	14	13	7	5	3
100	10933	St.Gallen Stadt Kolumb/Heiligk	13.01.2020	Montag	1	16	3	6	5	14	53	170	278	206	234	265	296	250	264	244	292	432	473	288	202	143	85	68	35
101	10933	St.Gallen Stadt Kolumb/Heiligk	13.01.2020	Montag	2	17	3	6	2	28	75	350	408	265	240	240	263	276	318	294	291	348	361	256	154	119	72	60	38
102	10933	St.Gallen Stadt Kolumb/Heiligk	13.01.2020	Montag	4	2	0	0	1	3	4	23	25	10	14	20	29	16	22	29	24	28	39	18	9	14	3	4	3
103	10933	St.Gallen Stadt Kolumb/Heiligk	13.01.2020	Montag	5	2	0	0	0	0	1	8	14	10	11	15	13	14	16	22	25	30	24	17	10	11	8	6	3
108	10933	St.Gallen Stadt Kolumb/Heiligk	14.01.2020	Dienstag	1	10	9	6	8	15	46	158	285	227	224	219	269	228	275	250	311	422	439	310	198	156	109	73	38
109	10933	St.Gallen Stadt Kolumb/Heiligk	14.01.2020	Dienstag	2	11	9	2	6	19	72	335	420	290	241	246	274	269	314	278	289	296	317	270	182	114	80	76	33
110	10933	St.Gallen Stadt Kolumb/Heiligk	14.01.2020	Dienstag	4	1	0	0	2	1	4	26	25	17	16	16	20	22	24	18	30	27	31	27	11	12	2	4	5
111	10933	St.Gallen Stadt Kolumb/Heiligk	14.01.2020	Dienstag	5	1	0	0	1	0	1	5	15	15	13	17	15	16	11	26	18	38	27	15	13	14	7	4	6
116	10933	St.Gallen Stadt Kolumb/Heiligk	15.01.2020	Mittwoch	1	11	8	5	10	19	48	159	274	209	226	230	306	259	266	247	291	414	481	328	205	148	115	85	44
117	10933	St.Gallen Stadt Kolumb/Heiligk	15.01.2020	Mittwoch	2	11	9	2	4	27	71	342	387	258	262	249	292	262	321	299	265	334	354	253	163	110	90	74	39
118	10933	St.Gallen Stadt Kolumb/Heiligk	15.01.2020	Mittwoch	4	0	2	0	1	2	4	25	24	11	18	23	24	23	20	18	26	32	32	33	8	11	15	8	4
119	10933	St.Gallen Stadt Kolumb/Heiligk	15.01.2020	Mittwoch	5	2	2	0	0	0	2	3	16	18	13	17	14	16	19	20	13	25	26	22	19	8	10	4	6
124	10933	St.Gallen Stadt Kolumb/Heiligk	16.01.2020	Donnerstag	1	14	10	7	5	16	53	183	275	220	213	243	270	262	309	307	302	391	450	325	239	149	102	80	53
125	10933	St.Gallen Stadt Kolumb/Heiligk	16.01.2020	Donnerstag	2	13	6	11	7	20	74	335	414	279	281	234	297	274	302	299	324	301	353	279	193	123	94	88	51
126	10933	St.Gallen Stadt Kolumb/Heiligk	16.01.2020	Donnerstag	4	2	1	0	3	2	3	23	26	12	20	21	28	13	20	23	25	28	38	15	13	10	6	1	3
127	10933	St.Gallen Stadt Kolumb/Heiligk	16.01.2020	Donnerstag	5	1	1	0	0	0	1	5	15	18	13	14	21	16	22	15	17	22	20	23	10	9	11	10	3
132	10933	St.Gallen Stadt Kolumb/Heiligk	17.01.2020	Freitag	1	15	14	7	3	20	53	172	287	219	243	287	312	261	281	284	329	437	403	338	202	128	106	97	77
133	10933	St.Gallen Stadt Kolumb/Heiligk	17.01.2020	Freitag	2	20	17	5	7	26	70	306	401	300	306	284	298	264	319	280	321	318	414	374	173	102	98	102	95
134	10933	St.Gallen Stadt Kolumb/Heiligk	17.01.2020	Freitag	4	4	0	1	1	2	7	17	26	10	16	21	28	16	20	27	29	25	38	25	13	12	8	3	3
135	10933	St.Gallen Stadt Kolumb/Heiligk	17.01.2020	Freitag	5	1	3	1	0	0	0	5	14	12	19	12	34	14	20	19	18	28	28	26	9	12	8	9	8
140	10933	St.Gallen Stadt Kolumb/Heiligk	18.01.2020	Samstag	1	42	30	26	10	14	29	52	69	107	179	248	269	248	230	248	252	287	257	171	163	121	80	80	75
141	10933	St.Gallen Stadt Kolumb/Heiligk	18.01.2020	Samstag	2	43	28	31	16	9	34	66	91	177	238	278	283	243	279	289	270	249	249	188	124	92	84	117	79
142	10933	St.Gallen Stadt Kolumb/Heiligk	18.01.2020	Samstag	4	5	3	1	3	1	1	3	5	15	25	26	17	20	23	34	36	31	29	18	17	14	10	13	7
143	10933	St.Gallen Stadt Kolumb/Heiligk	18.01.2020	Samstag	5	3	4	0	2	1	2	4	3	12	16	26	18	12	21	23	13	14	24	18	9	11	7	5	5
148	10933	St.Gallen Stadt Kolumb/Heiligk	19.01.2020	Sonntag	1	49	26	20	16	13	13	23	27	65	78	132	245	180	154	193	195	231	206	171	164	115	72	45	44
149	10933	St.Gallen Stadt Kolumb/Heiligk	19.01.2020	Sonntag	2	51	26	25	17	16	16	36	45	121	160	169	187	162	158	227	183	212	231	190	136	97	63	47	33
150	10933	St.Gallen Stadt Kolumb/Heiligk	19.01.2020	Sonntag	4	3	1	2	1	0	1	0	3	8	14	20	24	13	14	23	10	16	21	13	14	12	9	6	1
151	10933	St.Gallen Stadt Kolumb/Heiligk	19.01.2020	Sonntag	5	3	1	3	2	1	1	1	5	6	12	21	28	12	14	13	16	11	26	16	10	14	9	9	3
156	10933	St.Gallen Stadt Kolumb/Heiligk	20.01.2020	Montag	1	7	8	2	3	21	45	189	298	236	221	265	306	266	296	273	321	380	475	284	205	144	109	78	32
157	10933	St.Gallen Stadt Kolumb/Heiligk	20.01.2020	Montag	2	10	3	7	6	27	61	356	392	329	240	289	283	270	308	279	275	329	390	279	165	125	98	64	31
158	10933	St.Gallen Stadt Kolumb/Heiligk	20.01.2020	Montag	4	1	0	1	2	6	4	19	23	22	22	23	38	30	32	21	43	62	38	18	10	12	8	5	1
159	10933	St.Gallen Stadt Kolumb/Heiligk	20.01.2020	Montag	5	1	0	0	1	0	2	8	24	13	21	18	15	14	14	16	27	25	20	28	15	9	6	5	3
164	10933	St.Gallen Stadt Kolumb/Heiligk	21.01.2020	Dienstag	1	11	2	7	4	20	54	176	291	247	214	232	273	253	265	257	317	459	477	309	197	131	105	75	39
165	10933	St.Gallen Stadt Kolumb/Heiligk	21.01.2020	Dienstag	2	12	2	7	8	27	78	354	423	302	239	233	292	265	300	284	280	344	362	300	166	116	99	62	35
166	10933	St.Gallen Stadt Kolumb/Heiligk	21.01.2020	Dienstag	4	2	0	0	1	5	4	12	27	13	19	36	41	39	43	57	42	55	49	31	7	17	8	6	3
167	10933	St.Gallen Stadt Kolumb/Heiligk	21.01.2020	Dienstag	5	0	1	0	0	1	2	9	13	18	11	13	19	20	19	19	32	30	28	31	12	11	4	2	5
172	10933	St.Gallen Stadt Kolumb/Heiligk	22.01.2020	Mittwoch	1	16	7	4	4	10	50	182	326	222	209	223	330	278	295	295	316	406	487	339	234	135	135	81	49
173	10933	St.Gallen Stadt Kolumb/Heiligk	22.01.2020	Mittwoch	2	11	5	4	6	19	71	358	402	296	274	239	272	273	380	294	307	332	359	290	202	116	102	63	33
174	10933	St.Gallen Stadt Kolumb/Heiligk	22.01.2020	Mittwoch	4	0	1	0	1	4	6	20	26	26	30	24	31	27	36	30	35	31	63	28	20	15	10	6	3
175	10933	St.Gallen Stadt Kolumb/Heiligk	22.01.2020	Mittwoch	5	0	0	1	1	0	0	6	13	16	17	20	26	20	19	15	19	21	20	22	26	13	10	6	3
180	10933	St.Gallen Stadt Kolumb/Heiligk	23.01.2020	Donnerstag	1	17	11	5	4	17	52	185	300	278	231	220	335	233	329	261	312	437	473	331	208	136	120	61	57
181	10933	St.Gallen Stadt Kolumb/Heiligk	23.01.2020	Donnerstag	2	13	8	4	6	28	74	364	417	302	260	263	292	280	331	297	302	327	344	286	204	154	94	85	35
182	10933	St.Gallen Stadt Kolumb/Heiligk	23.01.2020	Donnerstag	4	3	1	1	3	5	7	24	27	13	30	25	33	23	34	32	40	35	43	30	23	15	14	8	3
183	10933	St.Gallen Stadt Kolumb/Heiligk	23.01.2020	Donnerstag	5	1	1	1	0	1	1	5	14	10	22	19	19	16	18	14	20	21	22	30	14	11	7	5	2
188	10933	St.Gallen Stadt Kolumb/Heiligk	24.01.2020	Freitag	1	16	6	8	13	15	44	182	272	217	250	259	304	266	311	308	347	483	441	317	209	134	124	79	75
189	10933	St.Gallen Stadt Kolumb/Heiligk	24.01.2020	Freitag	2	23	9	5	13	20	72	336	361	317	280	302	313	249	346	308	350	372	351	258	207	131	123	109	81
190	10933	St.Gallen Stadt Kolumb/Heiligk	24.01.2020	Freitag	4	0	1	0	2	5	6	20	32	26	28	34	37	20	49	38	40	63	59	31	23	14	14	9	6
191	10933	St.Gallen Stadt Kolumb/Heiligk	24.01.2020	Freitag	5	4	0	0	0	0	0	12	21	19	20	13	32	16	23	23	33	40	39	20	22	11	9	5	4
196	10933	St.Gallen Stadt Kolumb/Heiligk	25.01.2020	Samstag	1	41	27	21	11	7	21	48	80	122	189	253	268	268	272	269	281	285	257	176	127	121	114	80	65
197	10933	St.Gallen Stadt Kolumb/Heiligk	25.01.2020	Samstag	2	41	23	25	12	9	39	78	103	197	258	352	308	279	271	309	304	273	223	193	114	114	86	86	79
198	10933	St.Gallen Stadt Kolumb/Heiligk	25.01.2020	Samstag	4	2	1	1	1	1	4	3	13	23	39	42	58	36	42	41	44	47	26	26	19	14	12	7	7
199	10933	St.Gallen Stadt Kolumb/Heiligk	25.01.2020	Samstag	5	7	1	5	0	1	1	1	4	10	14	23	25	15	12	17	17	23	18	21	7	17	7	5	7
204	10933	St.Gallen Stadt Kolumb/Heiligk	26.01.2020	Sonntag	1	49	40	15	15	11	17	24	36	54	84	145	175	174	142	217	239	251	200	174	135	115	68	55	34
205	10933	St.Gallen Stadt Kolumb/Heiligk	26.01.2020	Sonntag	2	50	46	21	21	16	14	48	63	78	154	158	180	192	210	230	207	193	187	161	148	108	82	45	35
206	10933	St.Gallen Stadt Kolumb/Heiligk	26.01.2020	Sonntag	4	5	2	1	1	1	1	2	5	15	14	13	16	17	17	24	20	25	20	12	6	16	7	10	1
207	10933	St.Gallen Stadt Kolumb/Heiligk	26.01.2020	Sonntag	5	6	3	1	0	0	0	2	4	4	7	16	12	6	15	16	14	18	21	15	14	12	10	7	3
212	10933	St.Gallen Stadt Kolumb/Heiligk	27.01.2020	Montag	1	8	3	9	7	19	56	162	249	204	207	232	302	225	260	283	297	412	415	263	174	117	94	61	34
213	10933	St.Gallen Stadt Kolumb/Heiligk	27.01.2020	Montag	2	11	6	7	3	27	81	311	357	247	238	260	266	271	301	281	271	307	353	211	155	94	86	56	40
214	10933	St.Gallen Stadt Kolumb/Heiligk	27.01.2020	Montag	4	0	1	1	2	3	5	22	17	21	24	26	25	41	32	27	30	44	51	27	18	2	7	7	2
215	10933	St.Gallen Stadt Kolumb/Heiligk	27.01.2020	Montag	5	0	1	1	2	1	1	3	12	20	11	17	20	20	13	23	18	33	28	25	14	16	9	7	3
220	10933	St.Gallen Stadt Kolumb/Heiligk	28.01.2020	Dienstag	1	15	6	2	4	20	54	168	247	172	208	254	260	228	268	232	273	385	414	276	185	113	83	56	31
221	10933	St.Gallen Stadt Kolumb/Heiligk	28.01.2020	Dienstag	2	13	8	7	8	25	83	317	368	237	210	243	239	226	290	310	291	293	301	247	166	105	106	58	26
222	10933	St.Gallen Stadt Kolumb/Heiligk	28.01.2020	Dienstag	4	2	0	1	1	1	6	27	21	16	25	30	26	30	21	31	32	39	53	36	14	8	2	3	2
223	10933	St.Gallen Stadt Kolumb/Heiligk	28.01.2020	Dienstag	5	2	1	0	2	0	3	3	7	7	14	15	21	16	17	20	14	27	35	22	10	6	0	6	2
228	10933	St.Gallen Stadt Kolumb/Heiligk	29.01.2020	Mittwoch	1	10	8	6	11	19	60	165	249	227	175	216	282	229	263	232	273	352	414	289	185	124	87	76	51
229	10933	St.Gallen Stadt Kolumb/Heiligk	29.01.2020	Mittwoch	2	18	10	6	7	32	92	307	379	259	224	244	253	245	287	297	238	285	332	245	142	109	76	67	38
230	10933	St.Gallen Stadt Kolumb/Heiligk	29.01.2020	Mittwoch	4	5	0	0	1	2	7	33	18	9	22	28	29	31	22	25	34	39	40	24	15	10	11	7	4
231	10933	St.Gallen Stadt Kolumb/Heiligk	29.01.2020	Mittwoch	5	5	2	0	1	0	2	7	7	15	10	16	15	18	12	21	20	25	41	26	13	7	3	6	8
236	10933	St.Gallen Stadt Kolumb/Heiligk	30.01.2020	Donnerstag	1	18	8	5	6	14	46	157	243	197	190	198	248	232	299	273	275	414	413	270	191	136	104	69	31
237	10933	St.Gallen Stadt Kolumb/Heiligk	30.01.2020	Donnerstag	2	13	6	13	5	19	77	294	369	256	240	249	266	229	335	310	263	295	337	241	161	126	85	53	25
238	10933	St.Gallen Stadt Kolumb/Heiligk	30.01.2020	Donnerstag	4	1	0	1	1	2	4	20	16	21	30	29	29	33	32	31	36	41	33	32	24	19	11	2	3
239	10933	St.Gallen Stadt Kolumb/Heiligk	30.01.2020	Donnerstag	5	0	2	1	1	0	1	5	13	15	12	20	27	12	17	16	24	26	39	15	10	13	6	10	2
244	10933	St.Gallen Stadt Kolumb/Heiligk	31.01.2020	Freitag	1	23	18	9	9	27	55	163	243	169	209	254	295	241	299	281	320	414	401	317	183	147	118	72	74
245	10933	St.Gallen Stadt Kolumb/Heiligk	31.01.2020	Freitag	2	21	10	4	4	19	74	295	343	244	258	278	292	273	290	282	326	349	325	252	162	101	108	81	55
246	10933	St.Gallen Stadt Kolumb/Heiligk	31.01.2020	Freitag	4	3	0	1	1	1	4	23	16	15	25	34	25	30	40	28	41	55	48	28	14	8	17	12	7
247	10933	St.Gallen Stadt Kolumb/Heiligk	31.01.2020	Freitag	5	5	1	0	0	0	1	2	12	19	16	26	20	15	17	22	25	28	29	34	9	13	8	9	10
252	10933	St.Gallen Stadt Kolumb/Heiligk	01.02.2020	Samstag	1	38	27	20	12	12	20	47	74	132	209	271	278	268	286	283	246	275	228	161	131	102	81	74	76
253	10933	St.Gallen Stadt Kolumb/Heiligk	01.02.2020	Samstag	2	39	24	17	12	10	36	74	97	176	263	320	305	267	266	285	240	235	210	158	122	98	95	80	75
254	10933	St.Gallen Stadt Kolumb/Heiligk	01.02.2020	Samstag	4	2	2	2	2	2	1	3	6	21	33	56	36	34	47	54	40	35	30	18	16	14	9	9	8
255	10933	St.Gallen Stadt Kolumb/Heiligk	01.02.2020	Samstag	5	6	1	6	1	0	0	1	4	9	17	23	27	14	24	30	19	23	15	8	21	10	6	4	9
260	10933	St.Gallen Stadt Kolumb/Heiligk	02.02.2020	Sonntag	1	37	29	21	9	23	15	27	26	49	75	139	162	157	178	187	181	192	228	160	160	103	74	51	38
261	10933	St.Gallen Stadt Kolumb/Heiligk	02.02.2020	Sonntag	2	45	30	20	15	20	17	43	33	67	149	135	165	163	202	194	197	191	188	141	101	122	79	44	35
262	10933	St.Gallen Stadt Kolumb/Heiligk	02.02.2020	Sonntag	4	2	2	4	2	1	2	1	4	5	7	14	15	8	18	19	27	11	15	15	7	19	4	8	2
263	10933	St.Gallen Stadt Kolumb/Heiligk	02.02.2020	Sonntag	5	2	4	8	2	1	0	0	1	5	7	11	11	7	12	13	14	16	21	15	12	13	8	6	2
268	10933	St.Gallen Stadt Kolumb/Heiligk	03.02.2020	Montag	1	14	5	5	7	18	42	189	266	202	217	227	289	257	294	243	277	434	442	326	211	130	105	83	31
269	10933	St.Gallen Stadt Kolumb/Heiligk	03.02.2020	Montag	2	15	3	4	7	34	97	319	412	300	248	239	291	240	335	285	300	290	346	228	180	117	98	63	38
270	10933	St.Gallen Stadt Kolumb/Heiligk	03.02.2020	Montag	4	2	1	0	2	6	4	27	28	17	24	35	43	34	24	34	33	37	43	27	11	13	8	7	1
271	10933	St.Gallen Stadt Kolumb/Heiligk	03.02.2020	Montag	5	0	1	0	2	1	1	6	16	20	20	27	19	18	20	19	15	23	31	23	14	10	9	5	3
276	10933	St.Gallen Stadt Kolumb/Heiligk	04.02.2020	Dienstag	1	12	7	7	9	19	47	194	253	246	194	242	285	249	283	271	279	411	433	288	237	131	115	72	37
277	10933	St.Gallen Stadt Kolumb/Heiligk	04.02.2020	Dienstag	2	14	6	6	8	27	84	319	408	291	240	245	251	217	303	266	265	303	324	288	204	113	102	74	38
278	10933	St.Gallen Stadt Kolumb/Heiligk	04.02.2020	Dienstag	4	1	2	1	2	3	6	31	25	27	22	44	47	22	33	23	41	51	26	37	23	13	7	1	1
279	10933	St.Gallen Stadt Kolumb/Heiligk	04.02.2020	Dienstag	5	1	1	1	0	1	1	6	10	15	16	25	24	12	18	29	25	33	29	19	12	8	8	5	1
284	10933	St.Gallen Stadt Kolumb/Heiligk	05.02.2020	Mittwoch	1	16	11	3	4	18	56	171	300	206	214	256	279	272	289	286	299	425	452	322	209	155	113	68	52
285	10933	St.Gallen Stadt Kolumb/Heiligk	05.02.2020	Mittwoch	2	22	7	6	3	32	83	334	406	338	288	240	299	251	347	288	305	338	371	279	200	122	100	85	43
286	10933	St.Gallen Stadt Kolumb/Heiligk	05.02.2020	Mittwoch	4	3	1	0	2	4	9	23	25	22	22	37	42	20	39	33	39	49	55	31	14	13	10	7	1
287	10933	St.Gallen Stadt Kolumb/Heiligk	05.02.2020	Mittwoch	5	2	1	0	0	0	1	12	13	16	19	22	18	19	25	17	22	29	24	28	20	8	10	3	3
292	10933	St.Gallen Stadt Kolumb/Heiligk	06.02.2020	Donnerstag	1	14	7	7	12	19	46	170	296	245	234	275	331	259	297	288	317	424	541	354	221	152	131	61	55
293	10933	St.Gallen Stadt Kolumb/Heiligk	06.02.2020	Donnerstag	2	19	7	9	8	19	90	329	407	339	285	275	276	238	347	317	322	321	355	327	194	126	99	65	49
294	10933	St.Gallen Stadt Kolumb/Heiligk	06.02.2020	Donnerstag	4	0	0	1	1	5	6	31	27	23	24	33	41	34	28	34	26	40	42	34	14	18	16	5	5
295	10933	St.Gallen Stadt Kolumb/Heiligk	06.02.2020	Donnerstag	5	4	0	1	1	1	1	8	14	15	24	14	27	27	19	20	16	31	37	23	14	9	8	3	6
300	10933	St.Gallen Stadt Kolumb/Heiligk	07.02.2020	Freitag	1	24	7	8	7	24	52	187	292	217	225	272	312	244	312	332	365	444	487	342	205	161	108	84	66
301	10933	St.Gallen Stadt Kolumb/Heiligk	07.02.2020	Freitag	2	19	8	5	8	22	77	307	386	334	280	319	283	297	329	337	328	378	412	294	211	122	93	103	71
302	10933	St.Gallen Stadt Kolumb/Heiligk	07.02.2020	Freitag	4	0	1	0	2	3	4	21	22	17	38	33	34	35	29	27	45	45	53	32	17	10	9	13	7
303	10933	St.Gallen Stadt Kolumb/Heiligk	07.02.2020	Freitag	5	1	1	0	1	1	1	7	18	20	28	13	26	11	18	23	25	30	28	31	17	17	14	7	6
308	10933	St.Gallen Stadt Kolumb/Heiligk	08.02.2020	Samstag	1	51	27	17	11	14	21	58	92	133	201	263	304	265	289	241	284	327	307	189	151	98	100	79	65
309	10933	St.Gallen Stadt Kolumb/Heiligk	08.02.2020	Samstag	2	47	24	11	16	13	35	74	101	195	281	289	307	271	285	322	261	300	235	202	136	112	114	95	65
310	10933	St.Gallen Stadt Kolumb/Heiligk	08.02.2020	Samstag	4	12	1	1	4	4	2	4	3	25	34	39	53	42	50	36	20	60	31	20	11	11	17	8	4
311	10933	St.Gallen Stadt Kolumb/Heiligk	08.02.2020	Samstag	5	5	4	0	2	1	0	3	5	11	15	24	13	17	21	19	19	23	26	11	9	7	11	7	7
316	10933	St.Gallen Stadt Kolumb/Heiligk	09.02.2020	Sonntag	1	47	37	19	14	15	12	36	41	50	87	139	202	204	191	232	208	261	212	165	120	129	74	35	34
317	10933	St.Gallen Stadt Kolumb/Heiligk	09.02.2020	Sonntag	2	47	30	27	18	14	13	43	53	94	138	146	215	208	233	195	207	241	206	174	122	112	66	47	29
318	10933	St.Gallen Stadt Kolumb/Heiligk	09.02.2020	Sonntag	4	3	3	3	0	0	0	1	4	8	6	18	15	9	15	12	21	20	20	22	18	11	5	11	2
319	10933	St.Gallen Stadt Kolumb/Heiligk	09.02.2020	Sonntag	5	4	4	2	1	0	0	0	2	4	6	7	12	12	7	8	14	22	25	15	17	11	5	4	2
324	10933	St.Gallen Stadt Kolumb/Heiligk	10.02.2020	Montag	1	15	5	10	7	22	47	193	289	245	210	206	275	235	260	250	307	394	449	326	198	124	109	58	31
325	10933	St.Gallen Stadt Kolumb/Heiligk	10.02.2020	Montag	2	15	3	2	1	26	85	321	434	298	237	233	256	257	324	308	272	332	372	270	151	100	83	62	33
326	10933	St.Gallen Stadt Kolumb/Heiligk	10.02.2020	Montag	4	0	1	0	2	1	6	18	25	19	22	28	37	25	26	32	27	38	29	24	17	4	7	4	3
327	10933	St.Gallen Stadt Kolumb/Heiligk	10.02.2020	Montag	5	2	0	0	1	0	1	7	13	15	9	27	22	18	22	16	26	15	22	18	14	7	6	4	3
332	10933	St.Gallen Stadt Kolumb/Heiligk	11.02.2020	Dienstag	1	15	7	7	6	12	51	181	297	220	208	273	292	253	278	255	295	418	450	313	220	150	120	92	35
333	10933	St.Gallen Stadt Kolumb/Heiligk	11.02.2020	Dienstag	2	9	12	11	5	19	85	336	394	312	249	251	299	238	340	269	287	355	346	284	190	135	102	57	41
334	10933	St.Gallen Stadt Kolumb/Heiligk	11.02.2020	Dienstag	4	1	1	2	2	0	4	22	24	36	27	47	43	26	36	30	39	40	49	28	14	14	13	4	2
335	10933	St.Gallen Stadt Kolumb/Heiligk	11.02.2020	Dienstag	5	2	0	1	0	0	2	6	21	25	14	25	24	20	17	17	24	32	31	23	24	10	5	6	2
340	10933	St.Gallen Stadt Kolumb/Heiligk	12.02.2020	Mittwoch	1	12	9	8	6	26	51	194	298	252	218	256	315	252	281	277	277	433	473	333	205	159	108	77	40
341	10933	St.Gallen Stadt Kolumb/Heiligk	12.02.2020	Mittwoch	2	17	6	2	6	26	77	347	421	324	283	253	265	261	338	308	316	307	356	286	190	104	100	73	47
342	10933	St.Gallen Stadt Kolumb/Heiligk	12.02.2020	Mittwoch	4	3	0	0	1	1	8	27	15	19	35	29	22	30	37	45	35	30	50	25	24	17	8	6	4
343	10933	St.Gallen Stadt Kolumb/Heiligk	12.02.2020	Mittwoch	5	4	0	1	1	1	4	2	13	13	20	22	20	15	18	20	14	25	30	26	18	10	6	7	2
348	10933	St.Gallen Stadt Kolumb/Heiligk	13.02.2020	Donnerstag	1	15	7	7	6	22	58	188	290	212	206	274	297	252	326	251	290	439	454	354	215	178	116	74	52
349	10933	St.Gallen Stadt Kolumb/Heiligk	13.02.2020	Donnerstag	2	15	3	4	7	20	74	340	414	312	270	263	285	240	340	307	301	344	373	318	199	122	102	66	46
350	10933	St.Gallen Stadt Kolumb/Heiligk	13.02.2020	Donnerstag	4	1	2	2	1	0	5	22	24	17	34	30	37	29	31	27	39	47	49	44	33	18	11	8	3
351	10933	St.Gallen Stadt Kolumb/Heiligk	13.02.2020	Donnerstag	5	1	1	0	1	2	3	7	17	18	12	18	19	14	14	20	20	26	34	17	13	10	9	7	2
356	10933	St.Gallen Stadt Kolumb/Heiligk	14.02.2020	Freitag	1	18	11	7	5	16	52	196	283	235	237	269	278	239	285	273	342	459	422	326	227	171	104	80	67
357	10933	St.Gallen Stadt Kolumb/Heiligk	14.02.2020	Freitag	2	17	7	6	12	22	71	305	409	299	276	324	323	281	307	305	299	370	356	268	196	174	115	90	76
358	10933	St.Gallen Stadt Kolumb/Heiligk	14.02.2020	Freitag	4	1	1	0	2	0	7	17	20	27	27	43	51	26	31	20	34	49	54	31	17	9	11	7	5
359	10933	St.Gallen Stadt Kolumb/Heiligk	14.02.2020	Freitag	5	1	0	0	0	0	2	5	15	18	11	18	23	15	18	25	19	28	30	23	21	7	5	7	4
364	10933	St.Gallen Stadt Kolumb/Heiligk	15.02.2020	Samstag	1	37	34	19	14	16	31	47	86	159	197	264	297	255	254	280	265	268	299	235	119	136	92	88	60
365	10933	St.Gallen Stadt Kolumb/Heiligk	15.02.2020	Samstag	2	54	26	18	21	12	41	67	106	194	270	301	336	259	309	291	262	282	214	184	132	112	110	115	81
366	10933	St.Gallen Stadt Kolumb/Heiligk	15.02.2020	Samstag	4	3	4	1	3	0	7	3	12	20	30	51	59	40	49	39	43	40	28	16	16	10	11	10	1
367	10933	St.Gallen Stadt Kolumb/Heiligk	15.02.2020	Samstag	5	4	4	1	4	0	1	4	7	17	15	22	22	18	16	20	25	23	21	17	8	9	6	8	6
372	10933	St.Gallen Stadt Kolumb/Heiligk	16.02.2020	Sonntag	1	35	27	20	19	13	17	29	38	62	106	171	241	165	192	221	225	242	261	196	157	121	64	43	37
373	10933	St.Gallen Stadt Kolumb/Heiligk	16.02.2020	Sonntag	2	52	31	11	17	15	18	41	44	107	169	156	197	180	187	256	210	191	250	162	132	101	78	45	37
374	10933	St.Gallen Stadt Kolumb/Heiligk	16.02.2020	Sonntag	4	6	3	2	3	0	0	0	4	8	12	16	16	21	15	19	27	6	27	14	10	12	9	6	6
375	10933	St.Gallen Stadt Kolumb/Heiligk	16.02.2020	Sonntag	5	3	3	4	2	1	0	1	2	3	10	15	17	9	14	9	17	13	20	20	14	13	7	3	2
380	10933	St.Gallen Stadt Kolumb/Heiligk	17.02.2020	Montag	1	9	11	3	5	14	62	201	312	234	219	255	285	253	318	284	326	407	473	314	197	136	106	71	31
381	10933	St.Gallen Stadt Kolumb/Heiligk	17.02.2020	Montag	2	14	7	4	6	25	76	342	404	325	268	261	274	291	311	303	290	329	354	254	183	124	81	47	38
382	10933	St.Gallen Stadt Kolumb/Heiligk	17.02.2020	Montag	4	2	1	0	1	3	7	22	20	25	23	30	40	20	36	34	22	46	26	20	10	12	6	8	1
383	10933	St.Gallen Stadt Kolumb/Heiligk	17.02.2020	Montag	5	3	2	0	0	0	1	6	18	15	13	22	26	15	25	24	26	25	26	15	6	5	10	6	2
388	10933	St.Gallen Stadt Kolumb/Heiligk	18.02.2020	Dienstag	1	21	4	5	8	14	48	174	323	208	208	256	324	253	271	261	281	404	519	330	231	140	112	70	53
389	10933	St.Gallen Stadt Kolumb/Heiligk	18.02.2020	Dienstag	2	13	6	0	10	21	88	330	400	323	273	241	279	286	311	314	297	355	362	263	176	147	91	71	49
390	10933	St.Gallen Stadt Kolumb/Heiligk	18.02.2020	Dienstag	4	2	1	0	1	3	7	22	26	17	25	39	42	31	39	15	28	48	45	30	15	16	10	4	4
391	10933	St.Gallen Stadt Kolumb/Heiligk	18.02.2020	Dienstag	5	3	0	0	1	0	0	7	16	19	14	17	21	15	18	12	14	31	38	25	19	11	7	6	1
396	10933	St.Gallen Stadt Kolumb/Heiligk	19.02.2020	Mittwoch	1	21	8	8	7	14	45	184	298	231	217	289	337	271	286	287	279	454	505	351	222	145	119	77	47
397	10933	St.Gallen Stadt Kolumb/Heiligk	19.02.2020	Mittwoch	2	21	5	4	6	21	80	339	412	314	257	253	290	295	330	285	305	345	371	267	194	141	112	68	51
398	10933	St.Gallen Stadt Kolumb/Heiligk	19.02.2020	Mittwoch	4	2	0	1	1	3	6	20	24	22	25	30	42	26	25	38	36	49	63	26	23	14	16	7	3
399	10933	St.Gallen Stadt Kolumb/Heiligk	19.02.2020	Mittwoch	5	2	0	0	1	1	0	6	14	14	16	15	16	18	15	18	25	30	35	22	17	13	4	0	6
404	10933	St.Gallen Stadt Kolumb/Heiligk	20.02.2020	Donnerstag	1	17	12	11	10	16	47	201	294	268	241	278	295	275	331	269	320	443	537	359	209	162	128	73	49
405	10933	St.Gallen Stadt Kolumb/Heiligk	20.02.2020	Donnerstag	2	19	7	10	10	17	77	343	403	338	304	255	291	259	383	311	301	327	367	292	195	124	108	70	37
406	10933	St.Gallen Stadt Kolumb/Heiligk	20.02.2020	Donnerstag	4	1	0	0	3	3	8	24	24	30	41	32	25	35	43	31	52	40	54	27	25	19	3	3	4
407	10933	St.Gallen Stadt Kolumb/Heiligk	20.02.2020	Donnerstag	5	1	0	0	4	2	2	7	13	17	26	26	19	14	29	25	14	39	42	28	14	10	10	3	4
412	10933	St.Gallen Stadt Kolumb/Heiligk	21.02.2020	Freitag	1	22	9	7	10	17	56	192	282	246	260	310	348	286	329	304	392	558	620	460	211	167	126	92	83
413	10933	St.Gallen Stadt Kolumb/Heiligk	21.02.2020	Freitag	2	24	9	9	11	20	77	326	379	349	303	331	298	301	346	348	339	408	398	318	208	136	111	84	86
414	10933	St.Gallen Stadt Kolumb/Heiligk	21.02.2020	Freitag	4	4	1	0	2	3	8	24	23	41	39	50	41	33	47	38	45	105	91	52	17	12	11	10	8
415	10933	St.Gallen Stadt Kolumb/Heiligk	21.02.2020	Freitag	5	1	1	0	0	2	1	12	14	20	26	38	29	17	17	27	28	48	32	33	21	13	10	5	5
420	10933	St.Gallen Stadt Kolumb/Heiligk	22.02.2020	Samstag	1	44	26	13	15	18	22	51	85	176	228	286	319	306	269	250	262	302	280	189	143	123	96	81	65
421	10933	St.Gallen Stadt Kolumb/Heiligk	22.02.2020	Samstag	2	41	36	11	19	10	33	89	106	187	279	294	339	278	303	313	281	301	253	177	122	106	90	88	72
422	10933	St.Gallen Stadt Kolumb/Heiligk	22.02.2020	Samstag	4	7	2	1	2	2	2	4	6	26	43	37	48	44	50	34	37	53	37	23	13	18	11	14	8
423	10933	St.Gallen Stadt Kolumb/Heiligk	22.02.2020	Samstag	5	5	2	2	1	5	0	4	5	11	26	23	21	20	15	17	16	17	30	15	21	9	12	11	3
428	10933	St.Gallen Stadt Kolumb/Heiligk	23.02.2020	Sonntag	1	43	39	20	11	14	14	37	41	68	105	146	194	220	179	214	225	249	229	183	172	106	83	48	25
429	10933	St.Gallen Stadt Kolumb/Heiligk	23.02.2020	Sonntag	2	54	31	27	13	18	23	41	41	70	161	174	185	193	196	228	226	202	218	175	127	95	74	44	24
430	10933	St.Gallen Stadt Kolumb/Heiligk	23.02.2020	Sonntag	4	5	1	2	1	4	2	2	1	12	8	19	16	23	16	23	34	31	37	27	15	9	8	5	0
431	10933	St.Gallen Stadt Kolumb/Heiligk	23.02.2020	Sonntag	5	4	3	1	3	0	2	1	2	10	14	15	17	19	8	15	13	14	14	14	15	14	4	7	2
436	10933	St.Gallen Stadt Kolumb/Heiligk	24.02.2020	Montag	1	17	10	5	7	25	51	193	313	206	229	251	323	252	281	261	284	429	493	337	222	149	96	77	41
437	10933	St.Gallen Stadt Kolumb/Heiligk	24.02.2020	Montag	2	14	10	3	6	27	76	339	421	334	245	276	283	265	366	298	278	331	376	302	171	136	90	54	36
438	10933	St.Gallen Stadt Kolumb/Heiligk	24.02.2020	Montag	4	1	1	1	1	2	7	24	20	17	30	40	29	26	31	23	24	40	38	25	16	10	14	3	3
439	10933	St.Gallen Stadt Kolumb/Heiligk	24.02.2020	Montag	5	0	1	0	0	1	1	9	16	15	17	18	21	12	28	14	15	25	26	26	12	10	8	3	5
444	10933	St.Gallen Stadt Kolumb/Heiligk	25.02.2020	Dienstag	1	12	6	8	11	14	58	203	326	239	244	250	314	238	308	266	286	444	468	347	207	146	121	76	44
445	10933	St.Gallen Stadt Kolumb/Heiligk	25.02.2020	Dienstag	2	15	11	7	6	23	74	343	400	318	296	254	302	267	311	300	297	370	385	269	208	118	91	68	44
446	10933	St.Gallen Stadt Kolumb/Heiligk	25.02.2020	Dienstag	4	2	1	1	2	2	8	22	21	27	32	31	52	38	45	28	43	38	67	24	18	10	7	5	5
447	10933	St.Gallen Stadt Kolumb/Heiligk	25.02.2020	Dienstag	5	3	0	0	1	1	1	10	19	22	17	13	14	14	22	13	26	26	45	21	10	12	3	5	4
452	10933	St.Gallen Stadt Kolumb/Heiligk	26.02.2020	Mittwoch	1	12	10	5	10	26	53	176	305	220	206	231	288	262	289	272	290	407	493	361	205	143	106	77	43
453	10933	St.Gallen Stadt Kolumb/Heiligk	26.02.2020	Mittwoch	2	15	8	6	6	31	87	346	426	282	260	240	282	247	317	307	305	340	329	299	218	135	103	66	48
454	10933	St.Gallen Stadt Kolumb/Heiligk	26.02.2020	Mittwoch	4	3	1	2	1	2	6	26	22	24	17	28	30	32	26	35	37	42	66	36	21	9	6	9	0
455	10933	St.Gallen Stadt Kolumb/Heiligk	26.02.2020	Mittwoch	5	1	2	1	1	1	1	6	12	13	18	14	19	16	21	24	18	26	36	32	17	15	10	4	4
460	10933	St.Gallen Stadt Kolumb/Heiligk	27.02.2020	Donnerstag	1	10	15	10	8	21	56	181	296	232	253	235	283	255	263	273	286	418	453	328	245	141	129	93	52
461	10933	St.Gallen Stadt Kolumb/Heiligk	27.02.2020	Donnerstag	2	20	8	4	8	28	88	353	412	318	272	304	265	264	325	297	264	310	367	300	210	141	97	82	50
462	10933	St.Gallen Stadt Kolumb/Heiligk	27.02.2020	Donnerstag	4	2	0	2	2	1	12	21	24	28	23	31	42	26	31	26	42	42	35	32	28	11	8	4	1
463	10933	St.Gallen Stadt Kolumb/Heiligk	27.02.2020	Donnerstag	5	1	0	1	1	0	0	5	14	17	23	19	20	19	9	15	24	21	31	20	14	9	9	8	5
468	10933	St.Gallen Stadt Kolumb/Heiligk	28.02.2020	Freitag	1	17	12	9	12	24	49	180	298	227	230	255	309	265	279	326	342	478	464	345	245	148	133	95	89
469	10933	St.Gallen Stadt Kolumb/Heiligk	28.02.2020	Freitag	2	15	9	7	6	30	82	320	421	289	289	287	308	285	370	366	336	404	392	302	209	131	115	84	86
470	10933	St.Gallen Stadt Kolumb/Heiligk	28.02.2020	Freitag	4	2	0	2	1	2	9	26	24	31	34	34	42	37	35	47	39	48	52	34	21	10	7	7	12
471	10933	St.Gallen Stadt Kolumb/Heiligk	28.02.2020	Freitag	5	1	1	0	0	1	2	10	17	22	24	21	26	16	17	24	30	32	34	27	26	9	8	10	6
476	10933	St.Gallen Stadt Kolumb/Heiligk	29.02.2020	Samstag	1	34	20	23	13	17	26	48	92	158	204	273	296	276	264	304	291	284	236	187	149	100	96	91	68
477	10933	St.Gallen Stadt Kolumb/Heiligk	29.02.2020	Samstag	2	34	21	19	11	26	38	70	118	220	272	315	318	284	332	324	304	262	249	184	122	101	92	96	81
478	10933	St.Gallen Stadt Kolumb/Heiligk	29.02.2020	Samstag	4	4	1	3	1	3	2	4	9	20	41	34	46	36	40	48	46	50	33	14	11	15	12	10	6
479	10933	St.Gallen Stadt Kolumb/Heiligk	29.02.2020	Samstag	5	6	0	0	1	2	0	4	5	11	17	29	29	23	13	28	26	28	27	19	9	9	9	4	3
484	10933	St.Gallen Stadt Kolumb/Heiligk	01.03.2020	Sonntag	1	52	32	20	10	16	17	23	23	60	87	161	224	198	187	209	249	254	265	201	157	111	70	49	35
485	10933	St.Gallen Stadt Kolumb/Heiligk	01.03.2020	Sonntag	2	62	31	25	24	14	22	41	31	72	155	173	196	187	205	234	248	204	211	186	141	116	89	45	26
486	10933	St.Gallen Stadt Kolumb/Heiligk	01.03.2020	Sonntag	4	8	1	0	2	1	3	3	5	5	12	17	22	20	22	19	28	18	19	22	18	20	8	5	1
487	10933	St.Gallen Stadt Kolumb/Heiligk	01.03.2020	Sonntag	5	8	5	0	2	0	1	1	2	4	14	7	20	19	15	10	19	19	12	18	22	9	6	2	2
492	10933	St.Gallen Stadt Kolumb/Heiligk	02.03.2020	Montag	1	10	7	3	6	11	55	186	306	241	225	240	323	279	283	276	283	407	446	306	187	156	104	67	35
493	10933	St.Gallen Stadt Kolumb/Heiligk	02.03.2020	Montag	2	9	8	2	3	26	66	341	417	309	265	262	299	265	351	311	320	312	371	270	193	110	91	49	35
494	10933	St.Gallen Stadt Kolumb/Heiligk	02.03.2020	Montag	4	2	2	0	1	5	7	23	33	18	35	26	41	30	26	29	33	48	43	27	14	9	12	2	3
495	10933	St.Gallen Stadt Kolumb/Heiligk	02.03.2020	Montag	5	0	0	0	0	1	3	10	14	15	17	22	16	17	16	22	26	24	27	19	12	15	8	5	4
500	10933	St.Gallen Stadt Kolumb/Heiligk	03.03.2020	Dienstag	1	9	5	4	6	11	53	199	297	217	221	244	314	270	261	259	309	398	478	309	242	125	113	70	36
501	10933	St.Gallen Stadt Kolumb/Heiligk	03.03.2020	Dienstag	2	5	7	1	7	26	70	324	428	283	257	255	294	257	324	282	306	329	347	313	190	114	101	74	32
502	10933	St.Gallen Stadt Kolumb/Heiligk	03.03.2020	Dienstag	4	2	2	0	2	1	5	18	23	23	39	25	38	18	38	30	29	47	41	27	18	9	9	6	5
503	10933	St.Gallen Stadt Kolumb/Heiligk	03.03.2020	Dienstag	5	3	1	0	0	1	2	9	17	21	15	19	17	11	16	12	24	24	37	26	22	14	0	2	2
508	10933	St.Gallen Stadt Kolumb/Heiligk	04.03.2020	Mittwoch	1	17	11	5	6	12	51	198	301	260	229	236	312	291	311	328	317	431	468	331	180	136	132	81	47
509	10933	St.Gallen Stadt Kolumb/Heiligk	04.03.2020	Mittwoch	2	13	10	10	7	21	68	346	395	309	238	282	300	297	322	308	340	383	348	286	196	118	111	83	33
510	10933	St.Gallen Stadt Kolumb/Heiligk	04.03.2020	Mittwoch	4	2	1	1	1	2	6	25	25	29	22	27	42	27	37	34	33	61	41	31	16	17	6	5	3
511	10933	St.Gallen Stadt Kolumb/Heiligk	04.03.2020	Mittwoch	5	2	0	0	1	0	0	11	12	13	21	13	20	21	20	23	17	27	34	33	16	12	8	6	3
516	10933	St.Gallen Stadt Kolumb/Heiligk	05.03.2020	Donnerstag	1	20	8	8	7	15	59	202	286	233	247	245	333	257	271	244	318	386	472	327	207	174	108	75	41
517	10933	St.Gallen Stadt Kolumb/Heiligk	05.03.2020	Donnerstag	2	12	14	12	5	23	68	326	429	327	263	271	289	272	310	331	300	332	376	313	183	122	98	73	36
518	10933	St.Gallen Stadt Kolumb/Heiligk	05.03.2020	Donnerstag	4	1	2	0	1	2	6	21	21	21	35	30	49	26	28	30	41	53	39	32	34	18	13	4	3
519	10933	St.Gallen Stadt Kolumb/Heiligk	05.03.2020	Donnerstag	5	2	3	1	1	1	0	7	10	22	16	10	19	18	19	15	14	29	27	27	25	9	6	3	2
524	10933	St.Gallen Stadt Kolumb/Heiligk	06.03.2020	Freitag	1	21	10	10	4	18	60	191	275	238	242	275	328	291	286	288	323	441	405	349	193	144	134	87	68
525	10933	St.Gallen Stadt Kolumb/Heiligk	06.03.2020	Freitag	2	13	13	10	10	26	77	321	405	308	272	289	284	294	335	337	338	387	331	288	180	118	114	106	62
526	10933	St.Gallen Stadt Kolumb/Heiligk	06.03.2020	Freitag	4	2	4	2	1	2	6	17	25	24	34	28	47	26	31	42	44	45	51	38	11	6	15	11	7
527	10933	St.Gallen Stadt Kolumb/Heiligk	06.03.2020	Freitag	5	2	1	0	0	2	1	8	22	19	21	14	25	17	23	21	17	24	21	31	17	13	7	9	8
532	10933	St.Gallen Stadt Kolumb/Heiligk	07.03.2020	Samstag	1	34	32	18	11	24	30	60	73	159	206	270	308	263	267	230	272	265	246	193	127	116	87	87	77
533	10933	St.Gallen Stadt Kolumb/Heiligk	07.03.2020	Samstag	2	36	30	21	13	15	38	68	98	239	282	285	265	253	297	302	278	287	201	190	118	116	78	107	91
534	10933	St.Gallen Stadt Kolumb/Heiligk	07.03.2020	Samstag	4	3	2	1	1	2	3	4	4	38	39	37	34	46	50	40	34	48	20	23	12	9	10	9	3
535	10933	St.Gallen Stadt Kolumb/Heiligk	07.03.2020	Samstag	5	1	3	0	2	2	0	3	6	22	12	22	20	20	15	25	24	19	25	23	10	9	9	9	3
540	10933	St.Gallen Stadt Kolumb/Heiligk	08.03.2020	Sonntag	1	38	18	24	14	16	13	30	31	68	120	168	238	211	195	208	227	251	184	196	155	124	76	44	38
541	10933	St.Gallen Stadt Kolumb/Heiligk	08.03.2020	Sonntag	2	40	41	28	19	19	17	42	62	144	145	154	178	185	211	212	244	219	192	156	134	114	77	46	35
542	10933	St.Gallen Stadt Kolumb/Heiligk	08.03.2020	Sonntag	4	6	8	3	5	0	1	1	2	9	12	14	18	26	17	18	12	21	18	20	13	14	9	13	5
543	10933	St.Gallen Stadt Kolumb/Heiligk	08.03.2020	Sonntag	5	6	2	0	0	1	1	1	2	6	11	16	15	15	19	17	16	16	18	18	14	10	3	7	7
548	10933	St.Gallen Stadt Kolumb/Heiligk	09.03.2020	Montag	1	17	10	5	4	16	57	193	296	225	224	230	289	262	289	262	282	409	479	298	185	147	100	64	43
549	10933	St.Gallen Stadt Kolumb/Heiligk	09.03.2020	Montag	2	7	9	4	4	24	69	312	397	330	242	254	299	253	312	282	292	328	325	271	181	118	92	61	41
550	10933	St.Gallen Stadt Kolumb/Heiligk	09.03.2020	Montag	4	0	2	0	2	2	7	22	26	13	39	38	37	23	28	38	37	50	44	25	16	11	11	6	3
551	10933	St.Gallen Stadt Kolumb/Heiligk	09.03.2020	Montag	5	2	0	0	0	0	4	7	19	18	19	26	17	26	22	18	17	29	33	24	15	5	13	1	3
556	10933	St.Gallen Stadt Kolumb/Heiligk	10.03.2020	Dienstag	1	6	6	7	5	19	50	188	294	209	256	251	269	217	265	267	260	422	449	312	204	130	79	72	48
557	10933	St.Gallen Stadt Kolumb/Heiligk	10.03.2020	Dienstag	2	18	7	8	8	20	76	326	411	286	254	266	276	263	328	296	278	333	353	308	155	102	88	79	30
558	10933	St.Gallen Stadt Kolumb/Heiligk	10.03.2020	Dienstag	4	5	2	0	3	0	5	25	26	23	38	31	48	27	35	38	40	55	47	37	15	7	9	5	2
559	10933	St.Gallen Stadt Kolumb/Heiligk	10.03.2020	Dienstag	5	1	0	0	0	0	3	8	15	28	15	17	30	13	15	17	23	23	27	24	14	10	7	2	4
564	10933	St.Gallen Stadt Kolumb/Heiligk	11.03.2020	Mittwoch	1	11	7	6	9	20	48	201	295	234	205	223	305	260	297	266	300	458	483	315	214	151	103	84	50
565	10933	St.Gallen Stadt Kolumb/Heiligk	11.03.2020	Mittwoch	2	17	9	2	5	17	72	362	401	276	249	246	298	275	328	304	350	323	378	281	177	120	91	64	37
566	10933	St.Gallen Stadt Kolumb/Heiligk	11.03.2020	Mittwoch	4	1	0	0	1	0	5	29	18	21	22	32	29	32	30	39	36	37	48	26	17	19	9	7	3
567	10933	St.Gallen Stadt Kolumb/Heiligk	11.03.2020	Mittwoch	5	0	0	1	1	0	1	12	16	8	23	16	19	21	23	33	12	28	36	21	13	9	6	1	4
572	10933	St.Gallen Stadt Kolumb/Heiligk	12.03.2020	Donnerstag	1	14	16	5	8	23	51	182	287	237	229	277	273	246	290	280	312	431	486	335	201	158	89	77	41
573	10933	St.Gallen Stadt Kolumb/Heiligk	12.03.2020	Donnerstag	2	7	5	3	7	22	62	346	440	299	270	254	289	273	344	316	312	322	391	283	178	141	103	77	30
574	10933	St.Gallen Stadt Kolumb/Heiligk	12.03.2020	Donnerstag	4	1	1	0	1	0	9	26	23	18	30	34	49	30	43	40	41	37	43	23	24	17	14	7	2
575	10933	St.Gallen Stadt Kolumb/Heiligk	12.03.2020	Donnerstag	5	1	0	0	1	0	3	8	14	17	25	22	19	20	25	18	19	32	30	14	17	10	7	6	2
580	10933	St.Gallen Stadt Kolumb/Heiligk	13.03.2020	Freitag	1	15	9	11	11	25	55	182	273	234	252	266	324	285	305	299	347	488	453	353	212	131	121	76	58
581	10933	St.Gallen Stadt Kolumb/Heiligk	13.03.2020	Freitag	2	18	10	6	9	14	74	329	390	315	273	330	314	320	338	333	360	383	397	351	178	121	99	87	54
582	10933	St.Gallen Stadt Kolumb/Heiligk	13.03.2020	Freitag	4	2	1	0	1	0	7	20	24	33	34	48	52	51	33	33	47	57	62	39	25	9	14	11	7
583	10933	St.Gallen Stadt Kolumb/Heiligk	13.03.2020	Freitag	5	0	1	1	0	1	2	11	13	21	22	20	30	11	16	23	22	31	35	37	24	16	5	9	4
588	10933	St.Gallen Stadt Kolumb/Heiligk	14.03.2020	Samstag	1	37	25	18	10	11	20	50	100	184	303	316	353	281	290	275	235	292	227	174	107	81	94	66	59
589	10933	St.Gallen Stadt Kolumb/Heiligk	14.03.2020	Samstag	2	52	25	7	14	10	22	75	135	237	312	327	356	294	299	281	267	275	175	145	116	100	88	84	73
590	10933	St.Gallen Stadt Kolumb/Heiligk	14.03.2020	Samstag	4	3	3	0	3	1	1	8	8	31	36	43	48	48	41	49	51	40	19	17	10	12	8	8	7
591	10933	St.Gallen Stadt Kolumb/Heiligk	14.03.2020	Samstag	5	5	2	1	1	0	0	2	2	14	27	31	24	19	26	25	17	26	28	23	8	7	15	5	4
596	10933	St.Gallen Stadt Kolumb/Heiligk	15.03.2020	Sonntag	1	26	32	11	8	11	14	28	31	44	109	181	174	193	222	195	245	231	208	163	128	111	61	46	23
597	10933	St.Gallen Stadt Kolumb/Heiligk	15.03.2020	Sonntag	2	42	23	16	9	7	11	40	42	64	111	178	158	169	223	242	222	254	201	164	125	116	53	42	16
598	10933	St.Gallen Stadt Kolumb/Heiligk	15.03.2020	Sonntag	4	7	4	2	1	1	0	0	4	6	20	15	19	22	14	19	24	21	20	17	18	12	11	1	3
599	10933	St.Gallen Stadt Kolumb/Heiligk	15.03.2020	Sonntag	5	6	1	2	1	0	0	1	2	2	13	13	21	15	13	20	16	14	19	15	8	13	8	3	1
604	10933	St.Gallen Stadt Kolumb/Heiligk	16.03.2020	Montag	1	16	4	6	3	19	54	200	299	259	236	238	310	309	299	280	320	414	439	320	172	96	50	45	22
605	10933	St.Gallen Stadt Kolumb/Heiligk	16.03.2020	Montag	2	9	6	6	7	19	76	339	426	314	266	290	321	267	351	329	301	341	326	260	160	94	71	38	41
606	10933	St.Gallen Stadt Kolumb/Heiligk	16.03.2020	Montag	4	1	3	0	1	3	6	18	27	30	30	45	33	37	27	47	33	45	45	42	10	15	8	3	2
607	10933	St.Gallen Stadt Kolumb/Heiligk	16.03.2020	Montag	5	0	0	0	0	2	1	8	11	18	22	13	20	23	19	17	18	30	24	29	13	2	7	5	4
612	10933	St.Gallen Stadt Kolumb/Heiligk	17.03.2020	Dienstag	1	14	8	7	2	18	51	168	300	215	204	262	261	244	275	249	255	400	454	228	139	73	49	35	16
613	10933	St.Gallen Stadt Kolumb/Heiligk	17.03.2020	Dienstag	2	16	5	4	9	24	59	320	358	262	227	263	260	234	269	281	281	330	294	212	141	62	58	26	18
614	10933	St.Gallen Stadt Kolumb/Heiligk	17.03.2020	Dienstag	4	0	1	0	1	1	3	23	27	21	22	30	26	26	24	19	32	48	32	16	11	3	4	6	1
615	10933	St.Gallen Stadt Kolumb/Heiligk	17.03.2020	Dienstag	5	1	0	1	0	1	1	5	18	15	14	23	16	16	15	15	20	26	19	21	16	8	2	5	3
620	10933	St.Gallen Stadt Kolumb/Heiligk	18.03.2020	Mittwoch	1	7	7	5	4	14	55	163	252	190	186	216	270	264	276	259	277	372	442	264	129	87	56	42	17
621	10933	St.Gallen Stadt Kolumb/Heiligk	18.03.2020	Mittwoch	2	9	2	5	10	18	69	304	350	220	221	239	259	244	296	251	254	324	340	209	128	69	61	41	18
622	10933	St.Gallen Stadt Kolumb/Heiligk	18.03.2020	Mittwoch	4	0	1	0	1	1	5	27	19	22	22	21	25	23	17	28	26	23	39	22	8	9	9	4	6
623	10933	St.Gallen Stadt Kolumb/Heiligk	18.03.2020	Mittwoch	5	0	1	0	0	1	0	7	10	6	22	18	10	10	13	12	26	14	31	19	6	11	5	0	5
628	10933	St.Gallen Stadt Kolumb/Heiligk	19.03.2020	Donnerstag	1	10	7	4	2	16	47	160	244	187	232	255	286	277	271	273	267	375	392	274	141	85	44	36	25
629	10933	St.Gallen Stadt Kolumb/Heiligk	19.03.2020	Donnerstag	2	14	5	9	7	21	61	288	322	253	228	272	259	253	295	280	298	267	345	231	158	75	46	34	15
630	10933	St.Gallen Stadt Kolumb/Heiligk	19.03.2020	Donnerstag	4	0	1	3	1	2	5	27	14	23	23	26	28	24	18	28	24	22	30	23	19	13	4	2	4
631	10933	St.Gallen Stadt Kolumb/Heiligk	19.03.2020	Donnerstag	5	1	0	1	0	1	1	3	6	12	14	20	16	15	15	16	13	19	37	27	16	12	2	3	3
636	10933	St.Gallen Stadt Kolumb/Heiligk	20.03.2020	Freitag	1	14	10	9	5	15	48	167	232	196	290	287	282	269	259	307	350	398	339	235	148	80	50	37	34
637	10933	St.Gallen Stadt Kolumb/Heiligk	20.03.2020	Freitag	2	10	3	8	5	18	64	311	313	251	262	275	263	244	305	289	297	302	315	194	139	80	54	46	14
638	10933	St.Gallen Stadt Kolumb/Heiligk	20.03.2020	Freitag	4	0	1	0	1	3	4	31	15	12	23	29	28	24	16	18	21	31	32	24	8	7	9	2	1
639	10933	St.Gallen Stadt Kolumb/Heiligk	20.03.2020	Freitag	5	0	1	0	1	0	0	5	7	12	8	20	17	19	14	13	28	19	19	18	10	5	3	4	6
644	10933	St.Gallen Stadt Kolumb/Heiligk	21.03.2020	Samstag	1	18	9	8	5	7	11	42	70	122	178	188	205	176	160	191	200	177	148	81	81	64	41	34	26
645	10933	St.Gallen Stadt Kolumb/Heiligk	21.03.2020	Samstag	2	14	10	9	3	10	33	62	80	135	170	214	238	179	163	185	205	193	147	108	67	72	44	44	28
646	10933	St.Gallen Stadt Kolumb/Heiligk	21.03.2020	Samstag	4	0	0	1	1	1	3	6	9	9	26	23	18	22	25	14	18	19	21	17	9	13	5	7	2
647	10933	St.Gallen Stadt Kolumb/Heiligk	21.03.2020	Samstag	5	2	1	0	0	1	2	1	5	7	11	18	17	15	14	19	12	15	12	11	11	7	6	2	6
652	10933	St.Gallen Stadt Kolumb/Heiligk	22.03.2020	Sonntag	1	20	13	8	5	4	6	32	27	27	55	75	79	73	109	135	149	153	119	119	91	65	32	24	22
653	10933	St.Gallen Stadt Kolumb/Heiligk	22.03.2020	Sonntag	2	14	13	10	3	5	11	35	24	34	53	59	94	81	97	147	145	154	138	109	86	69	40	20	12
654	10933	St.Gallen Stadt Kolumb/Heiligk	22.03.2020	Sonntag	4	1	1	1	0	0	0	0	0	2	8	6	6	10	10	10	15	14	15	10	10	7	5	2	0
655	10933	St.Gallen Stadt Kolumb/Heiligk	22.03.2020	Sonntag	5	4	2	1	0	0	0	1	1	1	6	4	11	4	9	9	11	10	17	12	9	3	2	2	2
660	10933	St.Gallen Stadt Kolumb/Heiligk	23.03.2020	Montag	1	6	3	3	2	18	43	173	243	164	176	195	235	233	241	249	233	347	388	232	98	70	38	29	18
661	10933	St.Gallen Stadt Kolumb/Heiligk	23.03.2020	Montag	2	6	5	5	4	15	59	303	346	186	182	204	234	206	260	251	245	275	295	175	91	66	37	33	14
662	10933	St.Gallen Stadt Kolumb/Heiligk	23.03.2020	Montag	4	2	1	0	1	0	8	16	18	12	12	22	21	20	22	19	20	26	28	18	9	4	1	2	0
663	10933	St.Gallen Stadt Kolumb/Heiligk	23.03.2020	Montag	5	0	0	0	0	0	0	6	14	9	13	11	17	10	18	21	25	22	21	19	7	4	2	1	0
668	10933	St.Gallen Stadt Kolumb/Heiligk	24.03.2020	Dienstag	1	11	6	4	3	15	43	153	250	151	164	213	255	234	252	231	264	349	355	232	120	65	43	36	20
669	10933	St.Gallen Stadt Kolumb/Heiligk	24.03.2020	Dienstag	2	3	7	4	6	18	65	299	309	200	205	221	217	225	272	242	251	281	277	181	115	74	51	25	22
670	10933	St.Gallen Stadt Kolumb/Heiligk	24.03.2020	Dienstag	4	0	3	1	1	0	8	23	18	15	17	16	26	22	22	20	29	26	30	14	7	5	5	3	4
671	10933	St.Gallen Stadt Kolumb/Heiligk	24.03.2020	Dienstag	5	1	0	0	0	0	4	11	5	8	21	19	19	14	21	15	20	15	25	25	14	8	3	2	1
676	10933	St.Gallen Stadt Kolumb/Heiligk	25.03.2020	Mittwoch	1	13	5	5	3	23	41	171	254	147	204	197	253	240	254	236	261	378	371	235	133	91	45	35	22
677	10933	St.Gallen Stadt Kolumb/Heiligk	25.03.2020	Mittwoch	2	7	1	6	7	16	74	306	311	198	226	209	254	236	310	246	259	303	274	204	110	80	47	39	22
678	10933	St.Gallen Stadt Kolumb/Heiligk	25.03.2020	Mittwoch	4	1	1	0	1	0	12	20	18	11	15	18	18	23	27	18	25	28	25	12	11	11	4	3	2
679	10933	St.Gallen Stadt Kolumb/Heiligk	25.03.2020	Mittwoch	5	1	0	1	0	0	3	9	7	10	17	22	21	15	17	20	22	25	26	19	14	9	3	3	2
684	10933	St.Gallen Stadt Kolumb/Heiligk	26.03.2020	Donnerstag	1	18	6	6	2	19	41	166	216	185	176	193	227	247	203	241	260	337	382	260	144	84	46	46	20
685	10933	St.Gallen Stadt Kolumb/Heiligk	26.03.2020	Donnerstag	2	6	2	7	5	22	55	289	299	211	196	219	220	237	256	243	236	288	293	212	139	76	63	39	16
686	10933	St.Gallen Stadt Kolumb/Heiligk	26.03.2020	Donnerstag	4	1	2	0	2	0	9	21	20	15	22	34	18	24	19	13	17	21	37	27	16	5	5	4	0
687	10933	St.Gallen Stadt Kolumb/Heiligk	26.03.2020	Donnerstag	5	1	1	0	0	0	3	8	9	15	15	14	23	16	12	19	18	24	32	25	13	9	4	8	0
692	10933	St.Gallen Stadt Kolumb/Heiligk	27.03.2020	Freitag	1	13	4	6	5	17	46	158	222	152	252	246	266	251	288	292	323	402	352	246	147	77	58	42	34
693	10933	St.Gallen Stadt Kolumb/Heiligk	27.03.2020	Freitag	2	10	3	8	7	18	65	291	320	209	200	241	252	255	297	306	280	310	296	203	129	80	57	46	29
694	10933	St.Gallen Stadt Kolumb/Heiligk	27.03.2020	Freitag	4	1	2	0	1	0	12	22	14	18	22	19	16	10	28	18	26	29	32	18	11	11	13	4	2
695	10933	St.Gallen Stadt Kolumb/Heiligk	27.03.2020	Freitag	5	1	0	1	0	2	2	7	12	11	28	18	17	11	16	18	26	28	33	19	18	8	10	6	5
700	10933	St.Gallen Stadt Kolumb/Heiligk	28.03.2020	Samstag	1	12	7	10	3	11	19	37	79	119	172	227	247	237	225	222	218	211	197	147	92	71	64	46	29
701	10933	St.Gallen Stadt Kolumb/Heiligk	28.03.2020	Samstag	2	23	9	8	9	6	32	55	105	125	196	265	283	214	244	278	251	241	194	136	107	71	59	43	20
702	10933	St.Gallen Stadt Kolumb/Heiligk	28.03.2020	Samstag	4	3	1	0	3	1	3	4	7	13	23	34	27	21	17	22	27	16	12	13	10	9	6	5	5
703	10933	St.Gallen Stadt Kolumb/Heiligk	28.03.2020	Samstag	5	1	0	0	2	3	2	4	5	7	14	24	12	17	12	16	17	17	15	18	5	7	12	6	2
708	10933	St.Gallen Stadt Kolumb/Heiligk	29.03.2020	Sonntag	1	17	0	14	8	9	5	19	14	24	45	73	114	102	101	140	120	109	125	111	95	65	39	27	15
709	10933	St.Gallen Stadt Kolumb/Heiligk	29.03.2020	Sonntag	2	21	0	12	9	6	10	24	21	24	63	88	110	105	90	140	117	118	97	97	93	70	48	32	15
710	10933	St.Gallen Stadt Kolumb/Heiligk	29.03.2020	Sonntag	4	2	0	1	1	0	0	0	3	3	4	9	9	11	6	19	6	11	15	9	9	6	6	3	3
711	10933	St.Gallen Stadt Kolumb/Heiligk	29.03.2020	Sonntag	5	1	0	1	1	1	0	1	2	3	1	3	11	15	3	11	15	12	8	13	15	10	6	1	2
716	10933	St.Gallen Stadt Kolumb/Heiligk	30.03.2020	Montag	1	5	4	4	6	19	45	177	225	167	159	175	201	243	217	215	212	307	344	209	132	78	41	43	18
717	10933	St.Gallen Stadt Kolumb/Heiligk	30.03.2020	Montag	2	3	8	3	9	31	71	283	316	201	176	182	184	216	265	217	223	232	258	168	106	67	49	36	21
718	10933	St.Gallen Stadt Kolumb/Heiligk	30.03.2020	Montag	4	1	0	0	1	3	9	16	22	18	10	20	14	18	28	16	18	27	15	19	8	10	5	3	6
719	10933	St.Gallen Stadt Kolumb/Heiligk	30.03.2020	Montag	5	0	4	0	1	3	2	6	17	13	15	16	19	16	9	11	17	16	31	17	10	7	7	3	4
724	10933	St.Gallen Stadt Kolumb/Heiligk	31.03.2020	Dienstag	1	12	7	8	3	11	44	191	213	190	175	208	263	228	245	242	259	360	421	221	116	78	50	44	20
725	10933	St.Gallen Stadt Kolumb/Heiligk	31.03.2020	Dienstag	2	6	3	8	9	20	63	303	320	199	190	217	228	232	277	255	277	308	298	194	115	94	39	37	16
726	10933	St.Gallen Stadt Kolumb/Heiligk	31.03.2020	Dienstag	4	0	1	0	2	3	7	23	19	10	14	26	15	20	16	15	13	32	27	16	12	15	6	9	1
727	10933	St.Gallen Stadt Kolumb/Heiligk	31.03.2020	Dienstag	5	2	1	1	1	1	0	6	11	9	17	16	15	14	18	17	20	23	40	15	9	9	4	5	2
732	10933	St.Gallen Stadt Kolumb/Heiligk	01.04.2020	Mittwoch	1	15	5	3	5	12	40	159	228	159	180	189	261	252	273	250	262	354	364	234	135	76	42	47	18
733	10933	St.Gallen Stadt Kolumb/Heiligk	01.04.2020	Mittwoch	2	11	3	5	7	18	67	288	321	203	206	221	226	216	282	253	270	305	286	184	141	79	55	35	21
734	10933	St.Gallen Stadt Kolumb/Heiligk	01.04.2020	Mittwoch	4	0	0	0	1	3	9	18	12	15	9	19	15	16	17	21	25	25	23	17	6	7	4	2	1
735	10933	St.Gallen Stadt Kolumb/Heiligk	01.04.2020	Mittwoch	5	3	2	0	1	2	0	5	12	7	6	22	16	14	16	22	16	29	23	26	11	7	3	1	2
740	10933	St.Gallen Stadt Kolumb/Heiligk	02.04.2020	Donnerstag	1	9	4	5	5	13	39	169	241	183	209	208	250	231	281	259	272	363	396	254	163	99	61	37	30
741	10933	St.Gallen Stadt Kolumb/Heiligk	02.04.2020	Donnerstag	2	11	6	5	9	22	60	288	317	222	194	262	250	231	268	264	267	321	315	217	142	109	59	37	20
742	10933	St.Gallen Stadt Kolumb/Heiligk	02.04.2020	Donnerstag	4	4	0	1	1	2	7	20	21	9	13	14	12	20	22	22	27	18	24	19	8	19	8	5	2
743	10933	St.Gallen Stadt Kolumb/Heiligk	02.04.2020	Donnerstag	5	1	0	0	0	2	2	8	12	6	9	21	15	18	15	13	27	26	34	19	17	14	4	2	1
748	10933	St.Gallen Stadt Kolumb/Heiligk	03.04.2020	Freitag	1	10	4	4	6	17	31	177	234	148	214	269	249	285	271	316	308	412	348	248	163	113	65	53	32
749	10933	St.Gallen Stadt Kolumb/Heiligk	03.04.2020	Freitag	2	16	4	4	10	17	68	277	303	227	222	264	240	266	309	291	283	350	308	187	149	95	81	48	28
750	10933	St.Gallen Stadt Kolumb/Heiligk	03.04.2020	Freitag	4	4	1	0	1	3	7	16	17	17	15	23	20	28	18	26	22	28	22	15	11	9	7	8	7
751	10933	St.Gallen Stadt Kolumb/Heiligk	03.04.2020	Freitag	5	0	1	0	0	2	2	6	11	12	8	21	17	11	13	19	20	24	28	18	14	10	10	7	6
756	10933	St.Gallen Stadt Kolumb/Heiligk	04.04.2020	Samstag	1	16	9	10	7	7	11	47	83	136	181	246	305	253	248	262	254	242	161	141	108	90	54	40	38
757	10933	St.Gallen Stadt Kolumb/Heiligk	04.04.2020	Samstag	2	9	10	11	7	10	27	67	68	127	193	272	279	244	251	255	242	255	169	134	122	95	64	47	37
758	10933	St.Gallen Stadt Kolumb/Heiligk	04.04.2020	Samstag	4	1	4	1	3	1	2	4	6	11	17	21	21	13	29	32	24	23	17	15	13	12	8	6	3
759	10933	St.Gallen Stadt Kolumb/Heiligk	04.04.2020	Samstag	5	5	0	0	1	2	1	0	5	9	7	15	24	15	25	29	25	29	11	19	18	11	8	5	4
764	10933	St.Gallen Stadt Kolumb/Heiligk	05.04.2020	Sonntag	1	21	16	10	3	3	4	25	18	37	52	91	122	145	164	147	162	178	159	153	104	111	62	31	19
765	10933	St.Gallen Stadt Kolumb/Heiligk	05.04.2020	Sonntag	2	27	18	7	8	2	11	36	20	48	64	95	128	135	164	189	193	190	176	145	111	85	51	31	14
766	10933	St.Gallen Stadt Kolumb/Heiligk	05.04.2020	Sonntag	4	4	1	1	0	0	0	1	4	8	9	13	17	14	16	10	17	12	10	22	11	13	6	5	2
767	10933	St.Gallen Stadt Kolumb/Heiligk	05.04.2020	Sonntag	5	0	3	1	0	0	0	0	3	2	7	9	12	9	12	13	4	16	22	26	15	13	10	5	2
772	10933	St.Gallen Stadt Kolumb/Heiligk	06.04.2020	Montag	1	5	6	5	3	17	45	161	219	175	201	243	246	253	234	249	282	389	411	264	145	87	61	43	21
773	10933	St.Gallen Stadt Kolumb/Heiligk	06.04.2020	Montag	2	6	9	5	5	24	67	293	317	210	215	222	264	217	273	285	277	272	330	234	157	70	49	31	26
774	10933	St.Gallen Stadt Kolumb/Heiligk	06.04.2020	Montag	4	2	3	1	1	0	7	26	11	8	18	20	15	16	12	21	12	25	32	12	14	5	3	3	2
775	10933	St.Gallen Stadt Kolumb/Heiligk	06.04.2020	Montag	5	1	2	1	0	0	2	6	10	9	16	18	12	10	12	25	16	20	36	15	18	9	1	7	2
780	10933	St.Gallen Stadt Kolumb/Heiligk	07.04.2020	Dienstag	1	13	3	6	1	15	43	166	253	177	199	264	261	236	244	277	289	415	387	234	143	105	70	52	29
781	10933	St.Gallen Stadt Kolumb/Heiligk	07.04.2020	Dienstag	2	8	3	6	3	28	67	292	318	214	237	258	258	235	280	287	255	314	314	218	139	106	62	35	27
782	10933	St.Gallen Stadt Kolumb/Heiligk	07.04.2020	Dienstag	4	1	1	2	1	0	8	22	12	12	15	17	14	22	16	24	22	25	31	14	7	6	3	4	1
783	10933	St.Gallen Stadt Kolumb/Heiligk	07.04.2020	Dienstag	5	0	0	0	0	0	2	8	7	11	10	10	20	10	9	19	24	19	25	24	14	10	2	1	2
788	10933	St.Gallen Stadt Kolumb/Heiligk	08.04.2020	Mittwoch	1	12	5	7	6	14	51	173	243	182	231	273	310	287	284	295	315	377	406	269	159	102	74	42	35
789	10933	St.Gallen Stadt Kolumb/Heiligk	08.04.2020	Mittwoch	2	13	3	6	4	28	69	286	332	244	244	263	285	304	303	326	306	308	357	199	169	119	74	35	20
790	10933	St.Gallen Stadt Kolumb/Heiligk	08.04.2020	Mittwoch	4	2	1	1	1	0	7	21	16	14	21	23	13	19	19	22	29	21	25	17	15	14	8	4	4
791	10933	St.Gallen Stadt Kolumb/Heiligk	08.04.2020	Mittwoch	5	0	0	0	0	0	3	9	6	16	14	21	23	14	18	16	22	22	33	30	17	10	8	5	5
796	10933	St.Gallen Stadt Kolumb/Heiligk	09.04.2020	Donnerstag	1	9	10	3	5	16	39	150	220	189	274	276	338	311	318	316	327	443	354	232	168	109	76	56	34
797	10933	St.Gallen Stadt Kolumb/Heiligk	09.04.2020	Donnerstag	2	12	5	6	10	25	62	264	321	256	270	299	306	291	314	351	359	360	292	225	164	111	73	53	25
798	10933	St.Gallen Stadt Kolumb/Heiligk	09.04.2020	Donnerstag	4	1	1	0	2	0	10	17	21	13	14	22	23	30	32	32	27	30	28	28	17	11	5	3	6
799	10933	St.Gallen Stadt Kolumb/Heiligk	09.04.2020	Donnerstag	5	1	0	0	0	1	2	10	9	10	22	14	12	23	25	22	19	35	33	31	15	19	7	5	4
804	10933	St.Gallen Stadt Kolumb/Heiligk	10.04.2020	Freitag	1	20	19	13	5	3	8	32	30	41	83	131	159	147	177	172	196	165	161	137	120	109	75	44	21
805	10933	St.Gallen Stadt Kolumb/Heiligk	10.04.2020	Freitag	2	20	6	8	10	2	14	40	31	55	101	127	151	149	169	209	197	193	169	136	148	111	67	52	30
806	10933	St.Gallen Stadt Kolumb/Heiligk	10.04.2020	Freitag	4	1	2	0	0	0	1	2	1	5	11	15	14	7	17	13	12	19	8	10	17	11	5	6	2
807	10933	St.Gallen Stadt Kolumb/Heiligk	10.04.2020	Freitag	5	5	0	3	2	0	1	1	3	6	4	11	13	13	17	18	10	7	9	20	20	15	7	6	0
812	10933	St.Gallen Stadt Kolumb/Heiligk	11.04.2020	Samstag	1	11	11	8	4	5	17	45	90	165	262	311	317	283	286	258	271	252	227	158	140	103	77	51	32
813	10933	St.Gallen Stadt Kolumb/Heiligk	11.04.2020	Samstag	2	23	6	7	6	7	23	58	123	190	283	325	305	295	286	318	252	256	205	154	134	108	76	66	38
814	10933	St.Gallen Stadt Kolumb/Heiligk	11.04.2020	Samstag	4	3	1	1	2	1	3	2	12	20	19	18	16	33	31	22	23	11	22	16	15	10	6	6	8
815	10933	St.Gallen Stadt Kolumb/Heiligk	11.04.2020	Samstag	5	0	2	0	0	1	0	3	5	13	18	14	22	20	23	23	13	21	19	17	11	9	6	7	0
820	10933	St.Gallen Stadt Kolumb/Heiligk	12.04.2020	Sonntag	1	18	11	8	5	5	4	26	34	51	99	151	153	145	141	163	195	176	148	143	112	84	67	34	27
821	10933	St.Gallen Stadt Kolumb/Heiligk	12.04.2020	Sonntag	2	29	14	10	1	7	12	37	38	48	94	118	152	154	171	176	185	181	184	144	118	82	65	38	29
822	10933	St.Gallen Stadt Kolumb/Heiligk	12.04.2020	Sonntag	4	1	5	0	0	0	0	1	4	4	10	12	12	12	19	15	15	16	16	19	11	10	4	7	3
823	10933	St.Gallen Stadt Kolumb/Heiligk	12.04.2020	Sonntag	5	4	8	0	1	0	0	0	2	5	10	10	9	8	8	4	16	14	6	18	14	6	7	2	4
828	10933	St.Gallen Stadt Kolumb/Heiligk	13.04.2020	Montag	1	23	7	3	6	1	7	28	26	44	78	111	135	136	189	183	196	191	179	140	121	94	69	33	23
829	10933	St.Gallen Stadt Kolumb/Heiligk	13.04.2020	Montag	2	19	6	9	3	2	7	32	25	54	90	135	146	146	159	187	207	207	163	145	125	90	60	36	15
830	10933	St.Gallen Stadt Kolumb/Heiligk	13.04.2020	Montag	4	3	1	0	0	0	0	0	0	5	9	10	10	17	13	22	22	12	12	17	10	17	4	5	0
831	10933	St.Gallen Stadt Kolumb/Heiligk	13.04.2020	Montag	5	2	1	0	0	1	0	3	1	4	4	9	15	11	15	12	21	17	23	18	15	9	8	2	0
836	10933	St.Gallen Stadt Kolumb/Heiligk	14.04.2020	Dienstag	1	10	3	3	1	14	49	162	236	175	220	279	261	239	247	273	262	395	417	238	140	96	55	29	23
837	10933	St.Gallen Stadt Kolumb/Heiligk	14.04.2020	Dienstag	2	11	2	4	5	27	77	300	321	214	246	247	268	241	287	281	269	341	318	230	112	85	58	43	20
838	10933	St.Gallen Stadt Kolumb/Heiligk	14.04.2020	Dienstag	4	0	1	0	1	3	6	20	15	7	16	17	12	20	21	32	16	28	24	13	12	11	3	10	1
839	10933	St.Gallen Stadt Kolumb/Heiligk	14.04.2020	Dienstag	5	0	0	0	1	2	2	7	8	13	18	18	15	14	11	16	13	23	21	21	18	11	13	3	2
844	10933	St.Gallen Stadt Kolumb/Heiligk	15.04.2020	Mittwoch	1	10	6	7	7	15	47	147	224	175	202	243	267	236	271	277	281	393	414	260	146	99	65	34	26
845	10933	St.Gallen Stadt Kolumb/Heiligk	15.04.2020	Mittwoch	2	14	1	8	12	16	75	290	336	232	236	238	252	233	312	275	286	307	338	210	132	91	70	40	28
846	10933	St.Gallen Stadt Kolumb/Heiligk	15.04.2020	Mittwoch	4	2	2	0	1	3	5	14	19	9	15	15	20	14	24	16	25	21	31	14	11	7	5	2	3
847	10933	St.Gallen Stadt Kolumb/Heiligk	15.04.2020	Mittwoch	5	3	0	0	0	2	4	7	12	7	18	15	13	15	18	25	14	33	35	28	15	10	12	4	2
852	10933	St.Gallen Stadt Kolumb/Heiligk	16.04.2020	Donnerstag	1	6	11	4	8	16	40	172	236	200	216	259	280	246	266	286	259	392	452	257	155	117	58	43	25
853	10933	St.Gallen Stadt Kolumb/Heiligk	16.04.2020	Donnerstag	2	10	3	8	7	21	70	290	323	235	225	257	272	271	310	288	290	292	334	208	165	107	71	52	22
854	10933	St.Gallen Stadt Kolumb/Heiligk	16.04.2020	Donnerstag	4	1	1	2	1	2	7	19	13	10	16	16	21	11	24	22	23	29	34	14	12	13	5	3	1
855	10933	St.Gallen Stadt Kolumb/Heiligk	16.04.2020	Donnerstag	5	0	1	2	0	2	1	4	8	9	16	17	14	17	12	14	11	31	27	15	19	17	5	2	5
860	10933	St.Gallen Stadt Kolumb/Heiligk	17.04.2020	Freitag	1	11	9	6	7	15	46	139	212	171	218	279	307	263	261	325	338	417	384	267	164	118	84	58	50
861	10933	St.Gallen Stadt Kolumb/Heiligk	17.04.2020	Freitag	2	11	8	3	8	20	71	267	286	209	254	267	309	263	273	319	348	338	308	228	175	141	83	49	31
862	10933	St.Gallen Stadt Kolumb/Heiligk	17.04.2020	Freitag	4	4	1	0	2	2	7	15	14	9	16	13	20	32	22	24	30	18	27	18	16	17	10	5	4
863	10933	St.Gallen Stadt Kolumb/Heiligk	17.04.2020	Freitag	5	1	0	0	0	2	1	5	9	13	16	15	30	16	20	24	18	39	33	18	17	10	8	6	5
868	10933	St.Gallen Stadt Kolumb/Heiligk	18.04.2020	Samstag	1	27	18	9	7	5	16	46	71	144	216	265	271	237	267	272	248	266	195	169	105	97	94	66	33
869	10933	St.Gallen Stadt Kolumb/Heiligk	18.04.2020	Samstag	2	27	20	7	6	9	32	62	87	151	198	263	294	230	250	299	292	264	189	172	129	114	79	54	32
870	10933	St.Gallen Stadt Kolumb/Heiligk	18.04.2020	Samstag	4	5	3	1	4	2	1	4	12	14	17	22	33	23	29	19	21	27	28	19	14	10	7	4	6
871	10933	St.Gallen Stadt Kolumb/Heiligk	18.04.2020	Samstag	5	3	5	4	0	1	1	3	4	11	17	17	25	29	14	11	15	23	25	9	9	7	5	4	2
876	10933	St.Gallen Stadt Kolumb/Heiligk	19.04.2020	Sonntag	1	30	15	11	5	2	7	23	20	42	92	138	139	179	179	177	171	185	193	150	114	137	87	52	20
877	10933	St.Gallen Stadt Kolumb/Heiligk	19.04.2020	Sonntag	2	34	12	11	10	6	13	29	25	43	99	119	160	161	171	189	210	214	188	148	136	99	58	37	23
878	10933	St.Gallen Stadt Kolumb/Heiligk	19.04.2020	Sonntag	4	2	2	2	1	1	2	1	1	2	13	8	16	14	13	13	23	17	17	15	17	10	6	2	3
879	10933	St.Gallen Stadt Kolumb/Heiligk	19.04.2020	Sonntag	5	2	3	1	1	0	1	2	2	3	3	6	7	12	10	14	8	9	22	8	8	9	7	7	1
884	10933	St.Gallen Stadt Kolumb/Heiligk	20.04.2020	Montag	1	9	7	5	2	16	39	176	195	202	178	203	265	212	258	250	280	380	389	244	141	117	88	51	28
885	10933	St.Gallen Stadt Kolumb/Heiligk	20.04.2020	Montag	2	10	6	7	5	23	54	324	337	200	214	225	247	231	283	249	281	321	300	192	123	93	64	40	17
886	10933	St.Gallen Stadt Kolumb/Heiligk	20.04.2020	Montag	4	0	0	1	1	0	6	23	11	16	10	18	11	18	18	17	23	19	33	19	11	12	7	5	0
887	10933	St.Gallen Stadt Kolumb/Heiligk	20.04.2020	Montag	5	0	1	0	0	0	3	6	8	16	10	18	12	13	16	15	14	26	15	23	11	11	10	9	0
892	10933	St.Gallen Stadt Kolumb/Heiligk	21.04.2020	Dienstag	1	8	7	5	5	12	36	180	246	190	179	202	276	241	258	237	283	398	420	269	151	95	76	55	35
893	10933	St.Gallen Stadt Kolumb/Heiligk	21.04.2020	Dienstag	2	8	8	2	9	18	75	317	334	236	221	250	283	233	296	256	301	296	304	212	125	97	75	44	20
894	10933	St.Gallen Stadt Kolumb/Heiligk	21.04.2020	Dienstag	4	2	1	0	1	1	7	15	16	13	11	20	21	25	24	22	17	17	16	18	11	7	18	6	2
895	10933	St.Gallen Stadt Kolumb/Heiligk	21.04.2020	Dienstag	5	0	2	1	0	1	2	5	6	10	12	19	21	20	13	13	21	33	24	20	17	8	6	8	1
900	10933	St.Gallen Stadt Kolumb/Heiligk	22.04.2020	Mittwoch	1	8	11	3	6	15	51	167	252	171	213	252	294	248	273	252	291	389	435	260	164	105	97	61	36
901	10933	St.Gallen Stadt Kolumb/Heiligk	22.04.2020	Mittwoch	2	10	5	7	6	18	78	321	343	233	247	254	253	235	341	308	268	327	336	235	130	107	82	65	21
902	10933	St.Gallen Stadt Kolumb/Heiligk	22.04.2020	Mittwoch	4	2	0	0	1	0	6	20	19	12	15	15	14	19	20	20	24	25	29	13	11	8	7	5	0
903	10933	St.Gallen Stadt Kolumb/Heiligk	22.04.2020	Mittwoch	5	0	0	1	0	2	2	11	7	8	11	15	19	15	10	15	21	32	24	17	13	12	8	6	3
908	10933	St.Gallen Stadt Kolumb/Heiligk	23.04.2020	Donnerstag	1	13	8	5	12	12	40	160	244	199	245	215	289	252	270	281	275	401	423	285	154	136	111	62	34
909	10933	St.Gallen Stadt Kolumb/Heiligk	23.04.2020	Donnerstag	2	15	7	5	9	17	69	311	359	232	215	274	279	260	314	263	273	326	335	222	173	113	101	47	32
910	10933	St.Gallen Stadt Kolumb/Heiligk	23.04.2020	Donnerstag	4	1	2	0	1	0	11	23	18	16	15	18	18	18	20	17	20	27	28	15	13	9	8	3	2
911	10933	St.Gallen Stadt Kolumb/Heiligk	23.04.2020	Donnerstag	5	0	0	0	1	2	5	7	11	6	16	17	16	7	12	20	8	28	24	22	12	14	10	7	3
916	10933	St.Gallen Stadt Kolumb/Heiligk	24.04.2020	Freitag	1	15	7	4	11	15	45	156	229	187	248	295	313	255	300	286	343	394	397	249	186	115	108	62	46
917	10933	St.Gallen Stadt Kolumb/Heiligk	24.04.2020	Freitag	2	9	4	8	9	16	65	310	323	247	273	288	311	266	306	322	325	347	300	238	186	134	86	67	50
918	10933	St.Gallen Stadt Kolumb/Heiligk	24.04.2020	Freitag	4	1	2	2	0	0	4	14	21	14	11	19	24	26	21	20	30	29	25	20	19	9	5	6	5
919	10933	St.Gallen Stadt Kolumb/Heiligk	24.04.2020	Freitag	5	1	0	0	1	1	4	7	6	12	12	22	19	20	13	18	20	28	26	17	16	3	11	5	7
924	10933	St.Gallen Stadt Kolumb/Heiligk	25.04.2020	Samstag	1	31	16	7	5	8	17	41	70	120	158	240	283	255	245	267	292	263	226	144	89	98	94	42	46
925	10933	St.Gallen Stadt Kolumb/Heiligk	25.04.2020	Samstag	2	19	13	9	6	7	24	64	77	142	206	258	284	269	244	310	276	260	210	145	109	102	86	59	43
926	10933	St.Gallen Stadt Kolumb/Heiligk	25.04.2020	Samstag	4	3	2	1	3	0	1	4	10	14	15	21	29	29	28	34	30	22	16	13	12	8	10	5	4
927	10933	St.Gallen Stadt Kolumb/Heiligk	25.04.2020	Samstag	5	1	2	0	1	1	1	4	3	6	12	17	20	21	16	26	16	17	19	13	11	15	6	9	4
932	10933	St.Gallen Stadt Kolumb/Heiligk	26.04.2020	Sonntag	1	28	23	11	2	1	9	24	21	34	66	106	118	116	157	183	207	182	159	180	137	118	83	47	28
933	10933	St.Gallen Stadt Kolumb/Heiligk	26.04.2020	Sonntag	2	32	13	13	8	5	15	25	31	42	86	115	140	115	156	184	199	205	177	173	147	115	65	33	21
934	10933	St.Gallen Stadt Kolumb/Heiligk	26.04.2020	Sonntag	4	3	0	1	1	1	2	0	1	5	8	13	17	13	11	15	17	19	13	12	14	10	2	6	2
935	10933	St.Gallen Stadt Kolumb/Heiligk	26.04.2020	Sonntag	5	3	0	2	2	0	2	4	2	2	4	4	12	10	6	13	13	10	12	17	21	10	8	7	3
940	10933	St.Gallen Stadt Kolumb/Heiligk	27.04.2020	Montag	1	8	6	3	9	15	59	167	276	201	212	271	265	296	282	287	310	420	445	272	172	104	83	36	34
941	10933	St.Gallen Stadt Kolumb/Heiligk	27.04.2020	Montag	2	12	3	4	8	25	56	316	369	305	234	276	271	264	321	329	298	360	369	234	159	128	111	51	30
942	10933	St.Gallen Stadt Kolumb/Heiligk	27.04.2020	Montag	4	1	0	0	1	5	6	22	18	13	16	23	14	28	25	29	24	32	35	21	11	12	8	5	3
943	10933	St.Gallen Stadt Kolumb/Heiligk	27.04.2020	Montag	5	2	0	0	0	0	4	10	6	12	13	18	16	15	18	22	23	15	24	11	14	18	8	10	6
948	10933	St.Gallen Stadt Kolumb/Heiligk	28.04.2020	Dienstag	1	9	4	4	10	20	49	173	252	203	221	241	286	261	239	281	288	404	433	293	177	103	59	50	30
949	10933	St.Gallen Stadt Kolumb/Heiligk	28.04.2020	Dienstag	2	9	10	2	9	24	69	327	348	243	284	260	253	262	321	294	281	327	359	257	162	110	87	62	32
950	10933	St.Gallen Stadt Kolumb/Heiligk	28.04.2020	Dienstag	4	1	1	0	1	3	6	22	17	17	15	18	11	19	20	25	26	23	34	27	7	15	4	2	5
951	10933	St.Gallen Stadt Kolumb/Heiligk	28.04.2020	Dienstag	5	1	2	0	0	1	1	8	6	17	14	17	14	15	19	12	10	23	22	22	13	11	5	9	4
956	10933	St.Gallen Stadt Kolumb/Heiligk	29.04.2020	Mittwoch	1	9	5	11	9	15	46	165	253	164	191	226	240	265	258	270	299	379	471	260	184	113	80	58	34
957	10933	St.Gallen Stadt Kolumb/Heiligk	29.04.2020	Mittwoch	2	13	9	7	13	27	53	320	354	244	247	247	246	239	325	302	281	323	350	243	163	87	68	50	34
958	10933	St.Gallen Stadt Kolumb/Heiligk	29.04.2020	Mittwoch	4	0	1	0	2	4	5	21	17	13	13	22	16	11	18	21	30	33	28	10	11	8	4	6	5
959	10933	St.Gallen Stadt Kolumb/Heiligk	29.04.2020	Mittwoch	5	3	1	0	1	0	3	9	8	11	11	25	20	17	17	15	17	21	29	22	11	13	4	3	5
964	10933	St.Gallen Stadt Kolumb/Heiligk	30.04.2020	Donnerstag	1	11	7	8	5	17	48	174	255	226	263	249	271	294	252	273	313	405	429	283	150	114	88	45	34
965	10933	St.Gallen Stadt Kolumb/Heiligk	30.04.2020	Donnerstag	2	17	5	6	9	22	67	307	378	270	257	268	288	247	324	288	296	336	319	268	160	89	67	49	31
966	10933	St.Gallen Stadt Kolumb/Heiligk	30.04.2020	Donnerstag	4	3	1	0	1	3	5	27	19	10	19	21	26	22	30	17	26	34	26	25	15	9	8	4	2
967	10933	St.Gallen Stadt Kolumb/Heiligk	30.04.2020	Donnerstag	5	0	1	0	0	2	3	11	10	12	22	18	20	12	21	23	27	20	25	24	16	15	10	6	1
972	10933	St.Gallen Stadt Kolumb/Heiligk	01.05.2020	Freitag	1	11	3	8	4	8	33	145	223	185	245	278	324	358	338	337	344	403	366	286	165	91	73	61	38
973	10933	St.Gallen Stadt Kolumb/Heiligk	01.05.2020	Freitag	2	17	8	7	10	16	49	308	319	226	285	304	320	307	343	358	339	358	302	257	163	104	78	47	44
974	10933	St.Gallen Stadt Kolumb/Heiligk	01.05.2020	Freitag	4	1	1	0	1	4	1	20	16	14	28	23	29	18	36	31	35	37	34	17	15	13	8	8	7
975	10933	St.Gallen Stadt Kolumb/Heiligk	01.05.2020	Freitag	5	1	1	0	0	1	2	8	10	11	16	24	18	23	24	28	19	28	25	25	16	9	9	10	7
980	10933	St.Gallen Stadt Kolumb/Heiligk	02.05.2020	Samstag	1	22	16	16	4	7	19	40	58	124	190	231	275	243	249	203	253	266	206	137	108	87	78	53	44
981	10933	St.Gallen Stadt Kolumb/Heiligk	02.05.2020	Samstag	2	24	22	8	8	12	25	51	89	140	196	260	322	250	237	281	305	272	200	137	119	77	62	61	44
982	10933	St.Gallen Stadt Kolumb/Heiligk	02.05.2020	Samstag	4	3	6	3	1	1	1	4	5	15	18	34	24	24	28	23	30	25	30	18	22	9	8	10	3
983	10933	St.Gallen Stadt Kolumb/Heiligk	02.05.2020	Samstag	5	3	3	6	0	0	1	3	5	9	16	24	18	17	24	13	20	23	20	9	17	12	6	6	4
988	10933	St.Gallen Stadt Kolumb/Heiligk	03.05.2020	Sonntag	1	33	25	6	8	6	6	29	22	44	92	122	148	156	164	207	215	194	190	143	147	118	79	56	36
989	10933	St.Gallen Stadt Kolumb/Heiligk	03.05.2020	Sonntag	2	40	33	12	12	8	8	24	33	50	85	123	155	149	183	232	209	186	216	168	132	117	104	52	25
990	10933	St.Gallen Stadt Kolumb/Heiligk	03.05.2020	Sonntag	4	8	3	2	2	0	0	0	4	6	4	12	8	11	23	21	17	15	20	16	13	12	8	10	1
991	10933	St.Gallen Stadt Kolumb/Heiligk	03.05.2020	Sonntag	5	4	2	1	2	0	0	1	1	3	4	5	15	9	15	10	18	21	17	11	14	17	5	11	4
996	10933	St.Gallen Stadt Kolumb/Heiligk	04.05.2020	Montag	1	11	12	0	4	25	42	183	250	190	235	243	283	258	287	302	294	403	438	295	148	131	85	66	41
997	10933	St.Gallen Stadt Kolumb/Heiligk	04.05.2020	Montag	2	21	9	6	5	21	56	349	359	248	216	268	265	238	329	301	305	303	350	241	161	126	85	61	32
998	10933	St.Gallen Stadt Kolumb/Heiligk	04.05.2020	Montag	4	7	1	0	2	1	9	26	19	9	16	26	19	19	25	20	20	32	39	19	14	9	5	3	5
999	10933	St.Gallen Stadt Kolumb/Heiligk	04.05.2020	Montag	5	1	1	0	0	2	2	10	7	10	15	16	13	18	8	17	12	23	13	25	10	8	8	8	5
1004	10933	St.Gallen Stadt Kolumb/Heiligk	05.05.2020	Dienstag	1	20	12	5	7	19	49	176	262	190	195	234	263	259	232	238	301	357	425	264	158	89	64	46	39
1005	10933	St.Gallen Stadt Kolumb/Heiligk	05.05.2020	Dienstag	2	22	7	3	12	23	68	331	353	243	227	244	250	261	309	279	272	308	320	213	130	108	64	45	34
1006	10933	St.Gallen Stadt Kolumb/Heiligk	05.05.2020	Dienstag	4	1	0	0	2	2	6	22	20	15	9	25	18	12	19	16	25	35	28	15	9	8	5	2	1
1007	10933	St.Gallen Stadt Kolumb/Heiligk	05.05.2020	Dienstag	5	0	0	1	0	2	4	9	11	8	17	8	19	14	15	12	18	22	23	22	13	7	7	6	2
1012	10933	St.Gallen Stadt Kolumb/Heiligk	06.05.2020	Mittwoch	1	10	11	7	7	20	51	160	255	191	226	238	258	292	274	261	356	416	427	270	183	129	88	81	42
1013	10933	St.Gallen Stadt Kolumb/Heiligk	06.05.2020	Mittwoch	2	11	5	5	8	16	66	334	369	216	267	278	257	290	317	302	304	324	327	302	171	120	106	74	43
1014	10933	St.Gallen Stadt Kolumb/Heiligk	06.05.2020	Mittwoch	4	1	0	0	0	1	4	24	19	9	20	24	23	18	24	20	21	29	22	29	11	13	12	8	5
1015	10933	St.Gallen Stadt Kolumb/Heiligk	06.05.2020	Mittwoch	5	1	0	2	1	2	4	14	5	13	16	9	18	12	16	21	20	21	25	21	13	8	9	10	2
1020	10933	St.Gallen Stadt Kolumb/Heiligk	07.05.2020	Donnerstag	1	13	7	9	7	16	56	189	292	204	260	248	308	293	301	270	299	434	446	329	193	164	134	65	31
1021	10933	St.Gallen Stadt Kolumb/Heiligk	07.05.2020	Donnerstag	2	10	14	7	9	22	63	329	366	280	261	272	288	269	313	334	309	334	371	297	142	169	123	69	42
1022	10933	St.Gallen Stadt Kolumb/Heiligk	07.05.2020	Donnerstag	4	1	2	1	2	2	6	29	19	11	20	22	23	18	22	26	18	23	37	25	13	12	9	5	3
1023	10933	St.Gallen Stadt Kolumb/Heiligk	07.05.2020	Donnerstag	5	0	0	2	0	2	8	10	8	7	16	14	28	16	19	10	23	19	41	22	22	9	9	6	1
1028	10933	St.Gallen Stadt Kolumb/Heiligk	08.05.2020	Freitag	1	26	8	9	5	17	55	171	235	205	264	250	289	298	327	297	373	427	406	262	209	144	87	64	45
1029	10933	St.Gallen Stadt Kolumb/Heiligk	08.05.2020	Freitag	2	23	7	11	10	17	68	328	325	265	297	267	324	262	332	354	336	350	345	292	184	135	83	79	54
1030	10933	St.Gallen Stadt Kolumb/Heiligk	08.05.2020	Freitag	4	5	1	0	1	0	6	21	22	24	23	22	25	28	30	30	28	33	37	31	16	13	4	2	1
1031	10933	St.Gallen Stadt Kolumb/Heiligk	08.05.2020	Freitag	5	1	0	0	1	2	3	8	7	10	16	15	16	16	20	22	20	21	20	25	14	16	10	4	6
1036	10933	St.Gallen Stadt Kolumb/Heiligk	09.05.2020	Samstag	1	29	17	16	14	11	21	38	83	143	218	294	336	288	289	244	272	252	245	163	119	96	118	103	50
1037	10933	St.Gallen Stadt Kolumb/Heiligk	09.05.2020	Samstag	2	41	20	13	12	7	35	73	95	162	264	333	328	302	294	354	319	294	225	171	140	119	113	84	50
1038	10933	St.Gallen Stadt Kolumb/Heiligk	09.05.2020	Samstag	4	4	3	0	2	1	1	8	6	16	32	26	35	45	37	34	26	32	23	25	17	23	14	11	7
1039	10933	St.Gallen Stadt Kolumb/Heiligk	09.05.2020	Samstag	5	2	1	1	2	5	1	1	6	5	24	26	26	23	25	22	28	20	19	16	11	13	19	13	7
1044	10933	St.Gallen Stadt Kolumb/Heiligk	10.05.2020	Sonntag	1	42	20	13	6	9	4	23	24	31	80	142	148	184	214	179	228	219	219	214	193	187	192	58	36
1045	10933	St.Gallen Stadt Kolumb/Heiligk	10.05.2020	Sonntag	2	29	20	11	9	5	7	32	30	54	103	130	173	190	216	219	230	214	229	155	172	167	120	68	29
1046	10933	St.Gallen Stadt Kolumb/Heiligk	10.05.2020	Sonntag	4	3	3	3	0	0	1	2	3	6	5	9	17	20	17	21	18	17	25	9	16	18	7	7	4
1047	10933	St.Gallen Stadt Kolumb/Heiligk	10.05.2020	Sonntag	5	0	2	5	0	2	2	1	2	2	1	15	12	16	14	8	14	16	11	17	21	29	14	3	3
1052	10933	St.Gallen Stadt Kolumb/Heiligk	11.05.2020	Montag	1	21	6	6	4	18	46	171	272	227	255	253	293	246	275	254	286	392	430	282	146	107	94	56	32
1053	10933	St.Gallen Stadt Kolumb/Heiligk	11.05.2020	Montag	2	17	7	3	10	27	61	348	386	282	253	277	282	241	339	274	245	324	327	220	138	109	90	60	28
1054	10933	St.Gallen Stadt Kolumb/Heiligk	11.05.2020	Montag	4	2	1	1	2	4	8	18	25	18	19	17	22	22	24	25	28	29	31	20	18	8	9	2	4
1055	10933	St.Gallen Stadt Kolumb/Heiligk	11.05.2020	Montag	5	1	0	1	0	3	2	7	13	11	14	16	18	20	18	19	17	24	30	30	8	7	13	11	3
1060	10933	St.Gallen Stadt Kolumb/Heiligk	12.05.2020	Dienstag	1	14	7	6	3	19	46	173	262	164	219	243	287	265	280	265	293	431	436	297	180	134	88	81	25
1061	10933	St.Gallen Stadt Kolumb/Heiligk	12.05.2020	Dienstag	2	10	7	3	11	24	60	339	364	229	244	257	263	242	310	292	325	309	317	243	156	138	107	74	32
1062	10933	St.Gallen Stadt Kolumb/Heiligk	12.05.2020	Dienstag	4	1	0	1	1	2	6	25	16	20	15	18	30	16	21	25	26	25	36	23	13	10	9	7	3
1063	10933	St.Gallen Stadt Kolumb/Heiligk	12.05.2020	Dienstag	5	1	0	0	0	2	3	6	11	18	23	13	16	15	23	6	20	13	33	34	18	14	12	10	1
1068	10933	St.Gallen Stadt Kolumb/Heiligk	13.05.2020	Mittwoch	1	13	10	4	7	12	43	179	252	200	229	232	300	280	260	278	309	400	431	302	182	138	89	80	43
1069	10933	St.Gallen Stadt Kolumb/Heiligk	13.05.2020	Mittwoch	2	7	4	4	8	19	72	354	397	270	236	263	262	280	313	331	277	298	325	232	169	113	106	89	21
1070	10933	St.Gallen Stadt Kolumb/Heiligk	13.05.2020	Mittwoch	4	1	1	0	1	3	11	22	24	14	20	28	17	14	19	24	37	27	27	24	17	9	7	9	3
1071	10933	St.Gallen Stadt Kolumb/Heiligk	13.05.2020	Mittwoch	5	0	0	0	0	1	4	9	9	8	14	26	21	19	8	20	21	27	28	24	10	4	11	8	1
1076	10933	St.Gallen Stadt Kolumb/Heiligk	14.05.2020	Donnerstag	1	18	6	3	5	14	49	170	247	236	242	251	282	282	309	292	316	373	468	292	206	121	97	59	37
1077	10933	St.Gallen Stadt Kolumb/Heiligk	14.05.2020	Donnerstag	2	9	8	9	12	22	51	351	400	282	233	277	265	284	341	314	300	322	326	260	184	135	134	79	41
1078	10933	St.Gallen Stadt Kolumb/Heiligk	14.05.2020	Donnerstag	4	2	2	1	1	3	3	22	33	18	21	20	19	13	28	21	35	29	39	20	15	12	14	7	3
1079	10933	St.Gallen Stadt Kolumb/Heiligk	14.05.2020	Donnerstag	5	1	3	0	2	2	1	7	9	21	16	11	16	13	18	24	28	24	27	21	22	15	7	6	6
1084	10933	St.Gallen Stadt Kolumb/Heiligk	15.05.2020	Freitag	1	12	9	6	9	22	45	165	247	200	239	259	306	256	309	316	355	390	376	295	207	126	108	71	44
1085	10933	St.Gallen Stadt Kolumb/Heiligk	15.05.2020	Freitag	2	18	4	10	6	24	60	322	360	268	267	299	287	293	326	308	325	344	305	271	174	111	94	76	48
1086	10933	St.Gallen Stadt Kolumb/Heiligk	15.05.2020	Freitag	4	3	0	0	1	2	4	22	22	23	25	17	26	15	32	23	29	31	35	25	18	10	13	8	6
1087	10933	St.Gallen Stadt Kolumb/Heiligk	15.05.2020	Freitag	5	1	1	0	2	1	1	7	11	15	22	18	22	6	17	28	23	22	27	30	20	12	13	9	5
1092	10933	St.Gallen Stadt Kolumb/Heiligk	16.05.2020	Samstag	1	41	21	15	12	13	19	47	77	125	198	267	277	282	279	273	272	268	254	173	146	122	95	70	63
1093	10933	St.Gallen Stadt Kolumb/Heiligk	16.05.2020	Samstag	2	50	26	14	7	14	35	67	91	171	220	290	301	288	290	313	270	280	231	179	134	107	84	79	70
1094	10933	St.Gallen Stadt Kolumb/Heiligk	16.05.2020	Samstag	4	8	5	1	3	0	0	6	10	14	24	28	34	19	36	38	29	29	15	13	22	13	6	8	4
1095	10933	St.Gallen Stadt Kolumb/Heiligk	16.05.2020	Samstag	5	5	3	1	4	1	1	3	7	9	18	15	20	22	18	17	32	27	27	12	13	16	8	8	6
1100	10933	St.Gallen Stadt Kolumb/Heiligk	17.05.2020	Sonntag	1	55	28	23	11	15	6	23	23	56	91	119	164	190	189	199	240	224	210	186	131	201	162	71	42
1101	10933	St.Gallen Stadt Kolumb/Heiligk	17.05.2020	Sonntag	2	54	41	14	14	11	12	28	30	76	106	141	147	180	201	242	215	223	200	153	147	140	140	70	40
1102	10933	St.Gallen Stadt Kolumb/Heiligk	17.05.2020	Sonntag	4	3	6	1	1	1	1	1	4	6	9	6	10	18	17	18	15	13	17	14	16	12	8	5	8
1103	10933	St.Gallen Stadt Kolumb/Heiligk	17.05.2020	Sonntag	5	9	10	2	2	2	1	0	3	6	6	8	11	6	11	17	8	17	11	15	16	19	16	5	4
1108	10933	St.Gallen Stadt Kolumb/Heiligk	18.05.2020	Montag	1	15	9	4	3	23	53	159	261	249	211	267	320	268	269	274	284	413	481	280	200	169	103	87	36
1109	10933	St.Gallen Stadt Kolumb/Heiligk	18.05.2020	Montag	2	20	9	10	6	34	59	328	389	276	247	298	304	251	339	320	317	316	340	307	168	159	126	91	26
1110	10933	St.Gallen Stadt Kolumb/Heiligk	18.05.2020	Montag	4	2	1	0	2	0	7	16	29	13	20	15	26	21	28	31	27	33	33	26	11	12	11	8	2
1111	10933	St.Gallen Stadt Kolumb/Heiligk	18.05.2020	Montag	5	0	0	1	0	3	3	7	12	18	7	11	27	13	20	16	16	13	30	18	7	14	8	10	3
1116	10933	St.Gallen Stadt Kolumb/Heiligk	19.05.2020	Dienstag	1	18	8	7	2	19	55	202	260	248	236	296	319	266	312	280	342	401	506	310	223	155	121	93	48
1117	10933	St.Gallen Stadt Kolumb/Heiligk	19.05.2020	Dienstag	2	17	5	4	9	21	79	344	376	295	298	295	310	268	344	299	320	332	347	314	206	141	123	99	40
1118	10933	St.Gallen Stadt Kolumb/Heiligk	19.05.2020	Dienstag	4	4	0	1	1	0	5	21	22	18	25	25	29	33	24	28	28	38	39	30	13	17	15	5	6
1119	10933	St.Gallen Stadt Kolumb/Heiligk	19.05.2020	Dienstag	5	2	0	0	0	4	5	8	18	10	19	27	20	19	15	19	25	19	31	23	19	12	11	8	4
1124	10933	St.Gallen Stadt Kolumb/Heiligk	20.05.2020	Mittwoch	1	19	7	12	6	23	54	187	270	256	273	294	326	318	310	296	376	458	421	295	213	156	109	81	44
1125	10933	St.Gallen Stadt Kolumb/Heiligk	20.05.2020	Mittwoch	2	21	5	9	10	27	75	337	399	305	308	336	322	295	357	334	332	392	345	273	201	157	114	52	65
1126	10933	St.Gallen Stadt Kolumb/Heiligk	20.05.2020	Mittwoch	4	1	0	1	1	0	7	24	28	23	22	38	28	26	31	26	36	57	38	26	13	13	6	17	6
1127	10933	St.Gallen Stadt Kolumb/Heiligk	20.05.2020	Mittwoch	5	1	0	0	1	2	5	10	10	12	25	22	22	19	41	30	20	26	26	24	15	6	15	14	4
1132	10933	St.Gallen Stadt Kolumb/Heiligk	21.05.2020	Donnerstag	1	49	18	9	4	6	9	28	39	68	118	143	207	179	192	186	191	224	206	171	156	133	125	83	58
1133	10933	St.Gallen Stadt Kolumb/Heiligk	21.05.2020	Donnerstag	2	58	15	13	10	8	22	38	53	99	147	191	177	176	163	232	201	233	212	190	165	158	119	74	39
1134	10933	St.Gallen Stadt Kolumb/Heiligk	21.05.2020	Donnerstag	4	6	3	1	1	0	1	1	4	13	14	21	14	13	14	17	15	28	23	11	16	12	10	12	5
1135	10933	St.Gallen Stadt Kolumb/Heiligk	21.05.2020	Donnerstag	5	2	3	1	0	0	0	2	3	5	9	14	16	8	5	18	14	21	19	18	18	13	16	8	1
1140	10933	St.Gallen Stadt Kolumb/Heiligk	22.05.2020	Freitag	1	34	9	13	5	11	35	83	142	194	288	319	360	289	275	301	359	347	312	246	169	145	101	83	57
1141	10933	St.Gallen Stadt Kolumb/Heiligk	22.05.2020	Freitag	2	45	11	10	11	9	38	137	195	261	315	335	345	286	278	356	307	319	303	226	178	136	104	85	49
1142	10933	St.Gallen Stadt Kolumb/Heiligk	22.05.2020	Freitag	4	5	0	0	4	0	1	12	22	25	28	38	32	27	28	35	35	53	34	16	21	17	13	7	11
1143	10933	St.Gallen Stadt Kolumb/Heiligk	22.05.2020	Freitag	5	1	0	0	0	1	0	7	6	17	18	25	26	17	22	15	20	26	34	21	13	19	11	11	6
1148	10933	St.Gallen Stadt Kolumb/Heiligk	23.05.2020	Samstag	1	38	26	17	9	11	12	41	77	144	208	281	306	262	236	226	250	228	186	128	120	84	90	74	54
1149	10933	St.Gallen Stadt Kolumb/Heiligk	23.05.2020	Samstag	2	47	32	22	10	10	27	60	99	166	257	294	296	277	298	262	264	197	181	141	102	98	81	75	64
1150	10933	St.Gallen Stadt Kolumb/Heiligk	23.05.2020	Samstag	4	3	4	2	1	1	0	3	10	17	29	30	34	45	38	27	32	45	17	17	12	10	11	12	8
1151	10933	St.Gallen Stadt Kolumb/Heiligk	23.05.2020	Samstag	5	1	3	2	1	3	0	2	5	7	10	15	16	20	19	23	20	25	21	12	14	9	9	4	10
1156	10933	St.Gallen Stadt Kolumb/Heiligk	24.05.2020	Sonntag	1	52	24	13	8	4	7	20	31	53	78	141	176	158	171	205	187	201	194	187	159	134	112	77	39
1157	10933	St.Gallen Stadt Kolumb/Heiligk	24.05.2020	Sonntag	2	45	34	19	9	4	10	29	43	49	115	145	161	172	189	188	202	204	188	163	151	144	114	83	39
1158	10933	St.Gallen Stadt Kolumb/Heiligk	24.05.2020	Sonntag	4	3	3	3	0	0	1	1	4	7	13	17	11	19	17	14	18	21	16	12	17	21	13	8	4
1159	10933	St.Gallen Stadt Kolumb/Heiligk	24.05.2020	Sonntag	5	4	1	1	0	0	0	4	3	4	11	10	16	9	6	16	15	17	18	9	20	14	10	6	5
1164	10933	St.Gallen Stadt Kolumb/Heiligk	25.05.2020	Montag	1	14	11	4	5	23	63	189	258	230	235	243	299	250	268	286	307	429	497	280	199	176	112	76	47
1165	10933	St.Gallen Stadt Kolumb/Heiligk	25.05.2020	Montag	2	25	7	8	7	26	82	319	371	278	258	293	250	232	287	317	284	324	345	254	170	128	123	96	43
1166	10933	St.Gallen Stadt Kolumb/Heiligk	25.05.2020	Montag	4	4	2	0	1	5	6	16	28	18	20	25	19	18	21	31	35	32	38	23	17	9	6	5	5
1167	10933	St.Gallen Stadt Kolumb/Heiligk	25.05.2020	Montag	5	1	0	1	1	2	4	11	8	23	17	29	19	22	20	23	18	27	34	20	14	14	11	9	1
1172	10933	St.Gallen Stadt Kolumb/Heiligk	26.05.2020	Dienstag	1	13	4	5	9	24	59	167	257	211	230	249	256	284	289	289	276	389	418	301	229	241	160	93	44
1173	10933	St.Gallen Stadt Kolumb/Heiligk	26.05.2020	Dienstag	2	14	3	12	14	27	82	320	347	254	255	258	282	241	333	308	295	318	341	257	191	150	173	108	53
1174	10933	St.Gallen Stadt Kolumb/Heiligk	26.05.2020	Dienstag	4	1	1	1	1	4	5	21	26	27	29	24	27	14	36	38	34	39	44	34	21	9	7	11	3
1175	10933	St.Gallen Stadt Kolumb/Heiligk	26.05.2020	Dienstag	5	1	0	1	0	2	3	10	9	24	18	17	13	15	19	30	17	23	22	27	15	17	12	7	4
1180	10933	St.Gallen Stadt Kolumb/Heiligk	27.05.2020	Mittwoch	1	16	12	6	7	24	50	160	244	235	247	259	319	281	289	286	320	391	463	323	334	274	209	114	49
1181	10933	St.Gallen Stadt Kolumb/Heiligk	27.05.2020	Mittwoch	2	17	10	6	10	36	77	333	368	282	299	263	300	278	325	323	300	319	357	251	197	175	166	139	60
1182	10933	St.Gallen Stadt Kolumb/Heiligk	27.05.2020	Mittwoch	4	0	1	0	1	4	6	23	26	23	29	28	35	25	24	29	26	35	53	28	21	12	10	12	8
1183	10933	St.Gallen Stadt Kolumb/Heiligk	27.05.2020	Mittwoch	5	1	2	0	0	1	1	8	15	18	21	31	30	15	19	17	21	22	37	26	23	18	15	7	1
1188	10933	St.Gallen Stadt Kolumb/Heiligk	28.05.2020	Donnerstag	1	27	7	4	6	19	58	170	243	256	272	232	284	254	316	282	336	382	459	310	221	199	150	87	58
1189	10933	St.Gallen Stadt Kolumb/Heiligk	28.05.2020	Donnerstag	2	25	10	9	14	31	72	321	397	306	266	271	277	270	329	319	332	336	367	349	186	185	218	134	53
1190	10933	St.Gallen Stadt Kolumb/Heiligk	28.05.2020	Donnerstag	4	5	0	1	1	4	6	19	29	13	22	38	32	20	33	36	43	29	55	40	17	22	14	7	6
1191	10933	St.Gallen Stadt Kolumb/Heiligk	28.05.2020	Donnerstag	5	3	1	2	0	0	4	10	12	16	23	22	34	17	23	24	25	35	33	27	16	12	10	10	3
1196	10933	St.Gallen Stadt Kolumb/Heiligk	29.05.2020	Freitag	1	31	11	9	2	23	49	163	259	256	258	273	317	278	304	343	361	396	361	275	221	155	112	76	70
1197	10933	St.Gallen Stadt Kolumb/Heiligk	29.05.2020	Freitag	2	37	21	11	12	26	69	321	329	272	304	334	344	268	349	376	343	354	370	269	196	158	108	76	72
1198	10933	St.Gallen Stadt Kolumb/Heiligk	29.05.2020	Freitag	4	2	2	0	1	3	3	11	22	19	22	38	27	23	35	38	38	42	52	43	21	31	18	10	6
1199	10933	St.Gallen Stadt Kolumb/Heiligk	29.05.2020	Freitag	5	3	1	4	0	2	3	6	10	19	20	22	25	15	25	21	22	29	19	19	25	17	12	11	7
1204	10933	St.Gallen Stadt Kolumb/Heiligk	30.05.2020	Samstag	1	41	20	11	17	19	14	59	73	149	243	307	300	269	234	272	282	288	224	186	137	129	92	87	66
1205	10933	St.Gallen Stadt Kolumb/Heiligk	30.05.2020	Samstag	2	52	28	15	7	10	30	68	117	201	286	327	305	284	333	297	307	300	225	201	155	141	100	81	64
1206	10933	St.Gallen Stadt Kolumb/Heiligk	30.05.2020	Samstag	4	9	2	1	2	1	1	11	9	25	20	43	27	37	45	38	28	36	24	21	16	9	10	6	4
1207	10933	St.Gallen Stadt Kolumb/Heiligk	30.05.2020	Samstag	5	4	3	2	2	3	2	4	3	12	14	28	25	22	19	21	17	32	17	14	16	15	13	7	5
1212	10933	St.Gallen Stadt Kolumb/Heiligk	31.05.2020	Sonntag	1	45	29	21	11	9	5	31	22	52	127	145	192	201	186	178	203	202	188	194	150	133	105	77	48
1213	10933	St.Gallen Stadt Kolumb/Heiligk	31.05.2020	Sonntag	2	57	37	16	8	8	9	39	38	57	138	172	183	166	192	206	217	236	175	181	150	136	128	89	56
1214	10933	St.Gallen Stadt Kolumb/Heiligk	31.05.2020	Sonntag	4	6	3	0	1	2	0	2	4	10	9	13	13	16	23	19	21	13	12	9	20	27	17	4	10
1215	10933	St.Gallen Stadt Kolumb/Heiligk	31.05.2020	Sonntag	5	3	3	1	3	2	0	0	3	6	11	8	10	8	12	13	15	22	13	17	11	13	18	5	3
1220	10933	St.Gallen Stadt Kolumb/Heiligk	01.06.2020	Montag	1	46	27	7	7	5	10	33	30	57	129	158	196	184	190	192	205	227	214	192	175	149	130	57	34
1221	10933	St.Gallen Stadt Kolumb/Heiligk	01.06.2020	Montag	2	35	17	7	5	11	7	30	44	79	132	155	195	184	206	241	203	206	230	198	153	170	121	67	40
1222	10933	St.Gallen Stadt Kolumb/Heiligk	01.06.2020	Montag	4	5	3	0	0	2	0	4	3	10	10	15	20	21	25	18	19	18	25	19	12	23	8	8	5
1223	10933	St.Gallen Stadt Kolumb/Heiligk	01.06.2020	Montag	5	2	2	2	0	1	0	1	1	3	11	9	19	15	16	6	12	12	21	25	17	13	10	6	7
1228	10933	St.Gallen Stadt Kolumb/Heiligk	02.06.2020	Dienstag	1	10	0	9	6	17	58	181	301	242	235	307	311	241	271	266	294	403	464	303	201	225	153	81	45
1229	10933	St.Gallen Stadt Kolumb/Heiligk	02.06.2020	Dienstag	2	16	6	7	4	33	91	332	388	302	258	308	282	293	302	292	303	323	368	268	192	144	149	112	53
1230	10933	St.Gallen Stadt Kolumb/Heiligk	02.06.2020	Dienstag	4	2	1	2	0	3	13	18	21	25	24	50	32	29	29	29	31	38	60	20	29	15	14	9	5
1231	10933	St.Gallen Stadt Kolumb/Heiligk	02.06.2020	Dienstag	5	1	0	5	0	0	1	9	17	18	22	31	20	22	20	15	13	29	35	29	17	16	14	8	2
1236	10933	St.Gallen Stadt Kolumb/Heiligk	03.06.2020	Mittwoch	1	15	6	11	5	17	53	192	269	240	235	260	272	277	276	294	289	403	473	337	197	171	121	92	41
1237	10933	St.Gallen Stadt Kolumb/Heiligk	03.06.2020	Mittwoch	2	19	11	8	9	24	74	365	385	276	264	290	291	271	327	308	304	339	327	279	197	146	139	120	41
1238	10933	St.Gallen Stadt Kolumb/Heiligk	03.06.2020	Mittwoch	4	2	0	1	1	3	8	22	27	20	18	32	24	29	42	28	40	42	45	28	25	16	2	9	4
1239	10933	St.Gallen Stadt Kolumb/Heiligk	03.06.2020	Mittwoch	5	2	2	0	1	0	4	11	9	16	23	20	19	16	18	35	24	21	23	22	26	18	8	9	2
1244	10933	St.Gallen Stadt Kolumb/Heiligk	04.06.2020	Donnerstag	1	22	3	7	6	16	65	196	272	244	235	252	290	248	273	254	289	429	446	307	187	174	112	86	46
1245	10933	St.Gallen Stadt Kolumb/Heiligk	04.06.2020	Donnerstag	2	17	9	7	8	25	81	347	398	288	235	295	289	265	326	295	308	308	331	291	173	175	150	121	51
1246	10933	St.Gallen Stadt Kolumb/Heiligk	04.06.2020	Donnerstag	4	1	0	1	0	0	8	20	29	21	24	33	34	24	36	29	33	39	58	33	30	18	9	10	3
1247	10933	St.Gallen Stadt Kolumb/Heiligk	04.06.2020	Donnerstag	5	3	1	0	1	1	2	5	15	18	22	24	19	12	28	18	25	42	35	22	14	17	5	7	3
1252	10933	St.Gallen Stadt Kolumb/Heiligk	05.06.2020	Freitag	1	19	5	11	6	17	54	178	256	208	227	262	286	252	303	295	356	411	414	305	207	132	108	66	73
1253	10933	St.Gallen Stadt Kolumb/Heiligk	05.06.2020	Freitag	2	27	5	11	10	23	77	333	361	289	277	324	282	274	321	346	330	361	367	257	210	139	97	83	62
1254	10933	St.Gallen Stadt Kolumb/Heiligk	05.06.2020	Freitag	4	0	0	2	0	0	8	27	20	21	27	36	36	18	30	25	40	52	60	35	23	17	11	9	4
1255	10933	St.Gallen Stadt Kolumb/Heiligk	05.06.2020	Freitag	5	3	0	0	0	1	4	10	9	15	19	21	30	14	21	16	32	24	27	27	19	14	11	2	5
1260	10933	St.Gallen Stadt Kolumb/Heiligk	06.06.2020	Samstag	1	43	20	18	7	16	19	49	84	141	225	277	334	267	246	276	259	275	200	161	128	109	99	85	81
1261	10933	St.Gallen Stadt Kolumb/Heiligk	06.06.2020	Samstag	2	60	22	18	13	13	30	81	104	206	252	319	315	299	306	297	287	275	195	143	135	101	95	88	82
1262	10933	St.Gallen Stadt Kolumb/Heiligk	06.06.2020	Samstag	4	4	4	5	5	1	2	7	9	15	26	34	38	42	31	35	33	34	24	20	11	12	10	9	9
1263	10933	St.Gallen Stadt Kolumb/Heiligk	06.06.2020	Samstag	5	6	3	0	1	2	2	1	4	8	18	25	24	24	23	22	18	30	16	17	17	14	12	8	5
1268	10933	St.Gallen Stadt Kolumb/Heiligk	07.06.2020	Sonntag	1	65	35	10	10	9	12	28	25	39	78	144	160	157	146	164	178	199	210	168	154	97	84	74	45
1269	10933	St.Gallen Stadt Kolumb/Heiligk	07.06.2020	Sonntag	2	68	36	20	16	11	15	31	37	81	104	145	165	134	152	155	177	178	172	147	131	134	89	73	38
1270	10933	St.Gallen Stadt Kolumb/Heiligk	07.06.2020	Sonntag	4	9	5	3	1	0	2	1	3	7	10	15	13	20	13	17	25	22	24	8	16	14	15	8	9
1271	10933	St.Gallen Stadt Kolumb/Heiligk	07.06.2020	Sonntag	5	3	1	2	0	0	1	4	2	5	3	18	10	9	19	17	17	6	17	15	13	6	7	17	3
1276	10933	St.Gallen Stadt Kolumb/Heiligk	08.06.2020	Montag	1	22	8	7	3	20	57	187	293	226	240	236	317	265	282	263	314	396	454	317	203	129	109	74	38
1277	10933	St.Gallen Stadt Kolumb/Heiligk	08.06.2020	Montag	2	20	13	8	15	30	76	340	406	269	239	264	274	252	313	306	290	316	378	278	188	134	99	102	36
1278	10933	St.Gallen Stadt Kolumb/Heiligk	08.06.2020	Montag	4	1	1	2	0	3	6	28	20	24	16	22	22	27	26	20	35	27	44	38	20	17	2	8	5
1279	10933	St.Gallen Stadt Kolumb/Heiligk	08.06.2020	Montag	5	0	0	1	0	0	2	10	18	21	23	17	22	23	21	24	24	28	27	15	16	11	6	7	4
1284	10933	St.Gallen Stadt Kolumb/Heiligk	09.06.2020	Dienstag	1	9	5	7	8	23	59	184	279	222	198	258	325	237	301	257	310	394	453	329	211	126	113	88	51
1285	10933	St.Gallen Stadt Kolumb/Heiligk	09.06.2020	Dienstag	2	22	16	9	15	35	87	351	368	275	277	277	276	279	305	320	313	332	329	243	206	136	129	116	60
1286	10933	St.Gallen Stadt Kolumb/Heiligk	09.06.2020	Dienstag	4	4	2	1	1	3	13	23	37	21	23	28	44	19	29	26	31	43	39	26	26	12	13	3	6
1287	10933	St.Gallen Stadt Kolumb/Heiligk	09.06.2020	Dienstag	5	4	0	0	0	0	1	7	13	20	12	21	19	14	26	19	16	26	27	22	17	13	12	8	1
1292	10933	St.Gallen Stadt Kolumb/Heiligk	10.06.2020	Mittwoch	1	17	8	13	4	23	57	182	272	248	204	248	268	289	304	282	290	406	477	343	195	160	105	76	44
1293	10933	St.Gallen Stadt Kolumb/Heiligk	10.06.2020	Mittwoch	2	18	10	9	12	34	66	341	377	249	243	242	269	270	343	291	319	312	374	275	196	151	91	71	43
1294	10933	St.Gallen Stadt Kolumb/Heiligk	10.06.2020	Mittwoch	4	0	1	1	1	3	4	25	24	19	18	16	32	14	16	38	29	36	47	31	21	14	9	2	7
1295	10933	St.Gallen Stadt Kolumb/Heiligk	10.06.2020	Mittwoch	5	1	0	1	0	0	4	10	16	22	14	15	25	15	20	30	21	26	38	19	10	16	10	11	2
1300	10933	St.Gallen Stadt Kolumb/Heiligk	11.06.2020	Donnerstag	1	15	5	2	7	20	53	175	263	214	232	291	302	273	297	275	331	390	490	314	212	172	131	77	58
1301	10933	St.Gallen Stadt Kolumb/Heiligk	11.06.2020	Donnerstag	2	15	8	12	10	35	73	335	400	278	255	277	293	288	274	319	308	344	344	330	215	157	136	92	42
1302	10933	St.Gallen Stadt Kolumb/Heiligk	11.06.2020	Donnerstag	4	2	0	1	1	5	4	27	31	24	24	33	34	23	28	28	32	34	49	26	28	23	19	12	7
1303	10933	St.Gallen Stadt Kolumb/Heiligk	11.06.2020	Donnerstag	5	5	1	1	1	0	5	12	14	15	25	17	28	16	22	26	36	32	29	18	11	14	16	6	3
1308	10933	St.Gallen Stadt Kolumb/Heiligk	12.06.2020	Freitag	1	24	12	13	8	14	50	177	279	257	251	296	312	283	315	356	364	418	400	277	211	167	124	90	74
1309	10933	St.Gallen Stadt Kolumb/Heiligk	12.06.2020	Freitag	2	23	11	12	8	27	70	297	370	338	289	316	320	266	354	332	329	364	341	331	193	149	144	89	83
1310	10933	St.Gallen Stadt Kolumb/Heiligk	12.06.2020	Freitag	4	2	2	2	1	3	1	29	22	22	26	34	34	25	20	42	32	28	35	36	19	14	15	8	9
1311	10933	St.Gallen Stadt Kolumb/Heiligk	12.06.2020	Freitag	5	5	1	2	3	0	1	9	13	21	22	17	23	14	15	23	21	27	21	15	14	14	13	5	7
1316	10933	St.Gallen Stadt Kolumb/Heiligk	13.06.2020	Samstag	1	52	39	12	12	15	18	55	78	177	227	319	279	287	263	272	277	294	233	197	138	102	83	81	58
1317	10933	St.Gallen Stadt Kolumb/Heiligk	13.06.2020	Samstag	2	62	36	11	13	15	34	71	126	202	263	313	299	281	290	304	259	267	246	190	120	110	87	82	69
1318	10933	St.Gallen Stadt Kolumb/Heiligk	13.06.2020	Samstag	4	4	1	0	2	1	3	4	13	20	23	23	24	37	42	30	22	23	26	22	16	8	8	10	6
1319	10933	St.Gallen Stadt Kolumb/Heiligk	13.06.2020	Samstag	5	1	7	2	3	2	0	3	4	8	19	19	19	31	21	17	19	24	26	22	11	12	5	5	9
1324	10933	St.Gallen Stadt Kolumb/Heiligk	14.06.2020	Sonntag	1	48	31	27	10	11	8	28	21	56	65	128	166	165	175	174	212	211	172	160	152	110	84	61	21
1325	10933	St.Gallen Stadt Kolumb/Heiligk	14.06.2020	Sonntag	2	65	39	20	14	8	8	42	21	85	109	126	158	150	177	202	176	196	203	147	164	114	81	43	31
1326	10933	St.Gallen Stadt Kolumb/Heiligk	14.06.2020	Sonntag	4	11	5	3	2	0	0	1	1	9	3	11	13	10	17	22	29	12	11	22	17	11	13	2	3
1327	10933	St.Gallen Stadt Kolumb/Heiligk	14.06.2020	Sonntag	5	4	3	4	2	1	0	0	3	3	9	11	13	10	21	21	24	14	16	17	19	7	10	4	1
1332	10933	St.Gallen Stadt Kolumb/Heiligk	15.06.2020	Montag	1	19	8	6	5	14	58	192	291	251	213	241	279	272	281	262	303	365	422	337	189	166	101	88	27
1333	10933	St.Gallen Stadt Kolumb/Heiligk	15.06.2020	Montag	2	13	4	3	3	26	91	323	368	314	279	264	266	277	316	294	297	319	356	281	183	133	112	80	31
1334	10933	St.Gallen Stadt Kolumb/Heiligk	15.06.2020	Montag	4	4	0	2	1	1	8	20	20	12	26	22	29	21	18	20	26	37	36	25	23	8	5	8	6
1335	10933	St.Gallen Stadt Kolumb/Heiligk	15.06.2020	Montag	5	0	0	1	0	0	2	10	13	19	19	16	19	15	18	26	21	24	24	25	7	6	10	6	2
1340	10933	St.Gallen Stadt Kolumb/Heiligk	16.06.2020	Dienstag	1	11	8	7	8	16	53	185	279	235	209	248	274	261	300	294	319	481	564	324	239	160	117	82	42
1341	10933	St.Gallen Stadt Kolumb/Heiligk	16.06.2020	Dienstag	2	16	9	12	5	27	77	345	376	287	238	251	291	255	306	296	308	329	341	305	193	155	108	96	45
1342	10933	St.Gallen Stadt Kolumb/Heiligk	16.06.2020	Dienstag	4	2	0	1	1	2	9	22	30	20	14	20	35	16	32	22	38	37	46	37	19	7	15	12	5
1343	10933	St.Gallen Stadt Kolumb/Heiligk	16.06.2020	Dienstag	5	1	2	2	0	2	3	9	14	22	19	27	19	18	15	26	26	26	25	16	20	11	10	4	3
1348	10933	St.Gallen Stadt Kolumb/Heiligk	17.06.2020	Mittwoch	1	17	8	6	6	14	54	191	296	218	225	232	306	265	292	278	320	418	451	315	222	168	113	75	41
1349	10933	St.Gallen Stadt Kolumb/Heiligk	17.06.2020	Mittwoch	2	24	15	9	5	26	100	340	382	267	252	250	270	304	338	324	281	329	353	280	220	149	113	70	52
1350	10933	St.Gallen Stadt Kolumb/Heiligk	17.06.2020	Mittwoch	4	2	0	1	1	1	10	25	27	23	27	30	38	22	23	28	26	33	42	28	28	32	16	10	4
1351	10933	St.Gallen Stadt Kolumb/Heiligk	17.06.2020	Mittwoch	5	4	0	1	1	1	2	15	14	13	16	16	21	8	19	29	25	31	25	18	22	14	16	9	4
1356	10933	St.Gallen Stadt Kolumb/Heiligk	18.06.2020	Donnerstag	1	18	13	5	7	17	51	184	269	240	226	264	317	284	301	295	274	436	453	328	215	198	153	110	82
1357	10933	St.Gallen Stadt Kolumb/Heiligk	18.06.2020	Donnerstag	2	24	8	6	12	24	70	322	396	320	262	286	251	246	346	299	331	350	371	250	211	143	104	87	40
1358	10933	St.Gallen Stadt Kolumb/Heiligk	18.06.2020	Donnerstag	4	5	1	1	1	3	10	20	25	19	22	33	25	19	36	33	32	33	43	33	24	15	11	8	4
1359	10933	St.Gallen Stadt Kolumb/Heiligk	18.06.2020	Donnerstag	5	1	2	0	2	0	1	9	14	21	17	14	17	13	29	21	18	34	35	24	9	18	13	7	3
1364	10933	St.Gallen Stadt Kolumb/Heiligk	19.06.2020	Freitag	1	33	13	9	10	27	46	182	257	226	238	280	304	275	282	299	320	420	416	311	233	153	136	105	72
1365	10933	St.Gallen Stadt Kolumb/Heiligk	19.06.2020	Freitag	2	22	9	8	7	27	80	320	367	302	270	290	286	287	319	328	328	392	356	320	190	153	115	99	62
1366	10933	St.Gallen Stadt Kolumb/Heiligk	19.06.2020	Freitag	4	0	1	1	2	2	10	22	34	21	26	27	31	23	28	28	35	69	90	36	22	17	15	10	3
1367	10933	St.Gallen Stadt Kolumb/Heiligk	19.06.2020	Freitag	5	5	1	2	1	0	3	7	14	18	29	20	28	22	13	20	26	42	36	22	23	10	11	9	8
1372	10933	St.Gallen Stadt Kolumb/Heiligk	20.06.2020	Samstag	1	43	26	15	8	13	19	56	83	148	239	284	281	272	269	258	264	287	277	192	143	133	115	92	78
1373	10933	St.Gallen Stadt Kolumb/Heiligk	20.06.2020	Samstag	2	58	27	14	8	13	23	79	112	198	280	344	309	256	280	302	273	307	224	192	132	134	128	108	81
1374	10933	St.Gallen Stadt Kolumb/Heiligk	20.06.2020	Samstag	4	8	3	2	2	2	2	7	16	22	25	33	36	21	27	36	29	34	31	20	15	13	8	15	5
1375	10933	St.Gallen Stadt Kolumb/Heiligk	20.06.2020	Samstag	5	4	4	1	3	2	0	3	5	13	17	28	21	20	24	21	21	32	25	15	13	13	9	14	6
1380	10933	St.Gallen Stadt Kolumb/Heiligk	21.06.2020	Sonntag	1	65	41	34	9	6	10	28	30	63	106	167	221	199	183	214	228	226	210	199	161	149	105	61	32
1381	10933	St.Gallen Stadt Kolumb/Heiligk	21.06.2020	Sonntag	2	54	38	21	11	13	13	32	54	109	152	170	174	202	213	225	222	223	210	178	139	132	104	62	27
1382	10933	St.Gallen Stadt Kolumb/Heiligk	21.06.2020	Sonntag	4	9	5	2	3	1	2	1	2	11	10	18	17	13	18	24	16	19	16	27	17	12	10	7	9
1383	10933	St.Gallen Stadt Kolumb/Heiligk	21.06.2020	Sonntag	5	9	3	2	2	2	0	0	3	9	7	5	17	18	11	12	17	19	17	15	18	15	7	6	6
1388	10933	St.Gallen Stadt Kolumb/Heiligk	22.06.2020	Montag	1	17	8	5	5	16	55	188	281	223	230	228	279	285	291	280	288	431	449	328	210	150	118	87	39
1389	10933	St.Gallen Stadt Kolumb/Heiligk	22.06.2020	Montag	2	13	6	7	4	27	75	335	413	294	263	271	261	239	320	276	316	339	361	266	208	148	97	82	42
1390	10933	St.Gallen Stadt Kolumb/Heiligk	22.06.2020	Montag	4	0	0	1	0	3	11	21	26	19	22	28	21	27	23	22	36	42	44	26	23	11	10	9	7
1391	10933	St.Gallen Stadt Kolumb/Heiligk	22.06.2020	Montag	5	1	0	0	0	0	2	9	15	20	16	15	35	18	30	14	27	32	27	22	22	9	13	11	1
1396	10933	St.Gallen Stadt Kolumb/Heiligk	23.06.2020	Dienstag	1	15	8	9	4	18	51	178	275	213	226	268	295	266	293	298	301	383	455	334	242	171	143	107	41
1397	10933	St.Gallen Stadt Kolumb/Heiligk	23.06.2020	Dienstag	2	15	8	10	7	29	73	343	362	312	266	267	252	280	349	313	270	357	322	330	217	171	113	98	45
1398	10933	St.Gallen Stadt Kolumb/Heiligk	23.06.2020	Dienstag	4	3	0	2	0	4	6	21	28	29	24	40	24	30	30	27	25	38	26	27	18	13	8	8	2
1399	10933	St.Gallen Stadt Kolumb/Heiligk	23.06.2020	Dienstag	5	1	1	1	0	0	2	10	20	15	17	24	15	19	20	12	23	34	20	18	11	10	9	8	0
1404	10933	St.Gallen Stadt Kolumb/Heiligk	24.06.2020	Mittwoch	1	22	7	4	9	20	54	182	243	238	225	232	329	275	280	294	320	425	460	346	236	167	134	91	41
1405	10933	St.Gallen Stadt Kolumb/Heiligk	24.06.2020	Mittwoch	2	13	9	3	6	28	75	341	386	289	241	296	251	279	326	290	313	326	379	292	246	162	138	81	53
1406	10933	St.Gallen Stadt Kolumb/Heiligk	24.06.2020	Mittwoch	4	3	1	1	1	3	10	23	21	19	26	38	28	17	26	26	34	26	38	27	27	16	11	8	3
1407	10933	St.Gallen Stadt Kolumb/Heiligk	24.06.2020	Mittwoch	5	1	0	0	2	0	2	11	10	10	22	26	15	12	14	19	14	35	27	31	19	15	22	10	5
1412	10933	St.Gallen Stadt Kolumb/Heiligk	25.06.2020	Donnerstag	1	20	17	10	3	16	65	188	289	210	236	269	336	269	301	270	328	422	438	343	226	212	204	128	84
1413	10933	St.Gallen Stadt Kolumb/Heiligk	25.06.2020	Donnerstag	2	19	10	9	7	28	83	320	400	299	284	271	318	252	325	304	388	409	367	338	230	178	153	99	54
1414	10933	St.Gallen Stadt Kolumb/Heiligk	25.06.2020	Donnerstag	4	4	3	2	0	4	8	19	30	27	24	23	27	21	27	25	28	26	47	31	23	22	18	11	6
1415	10933	St.Gallen Stadt Kolumb/Heiligk	25.06.2020	Donnerstag	5	2	1	0	0	0	3	10	16	15	24	13	18	16	24	19	24	30	37	19	22	23	16	11	7
1420	10933	St.Gallen Stadt Kolumb/Heiligk	26.06.2020	Freitag	1	37	23	4	13	26	64	174	241	237	266	285	333	295	316	332	372	420	458	331	233	149	117	74	94
1421	10933	St.Gallen Stadt Kolumb/Heiligk	26.06.2020	Freitag	2	26	15	6	8	31	74	306	349	342	302	315	321	278	319	333	329	381	382	289	205	121	115	98	67
1422	10933	St.Gallen Stadt Kolumb/Heiligk	26.06.2020	Freitag	4	3	2	1	0	4	11	17	31	15	31	37	41	27	23	41	32	34	50	22	28	18	10	9	9
1423	10933	St.Gallen Stadt Kolumb/Heiligk	26.06.2020	Freitag	5	3	2	0	1	2	1	7	25	19	23	18	24	25	16	16	19	27	34	30	23	15	12	6	8
1428	10933	St.Gallen Stadt Kolumb/Heiligk	27.06.2020	Samstag	1	43	29	12	15	18	24	36	89	161	203	269	303	285	276	283	301	278	294	191	168	128	112	85	84
1429	10933	St.Gallen Stadt Kolumb/Heiligk	27.06.2020	Samstag	2	52	36	17	15	16	35	82	116	188	236	288	327	269	297	282	277	243	210	158	149	139	117	120	91
1430	10933	St.Gallen Stadt Kolumb/Heiligk	27.06.2020	Samstag	4	5	3	2	2	4	5	4	17	18	16	26	25	28	35	34	27	23	26	19	16	18	9	12	8
1431	10933	St.Gallen Stadt Kolumb/Heiligk	27.06.2020	Samstag	5	3	2	2	3	0	1	2	7	15	14	34	24	17	23	21	25	14	22	9	24	18	17	10	8
1436	10933	St.Gallen Stadt Kolumb/Heiligk	28.06.2020	Sonntag	1	59	37	25	27	13	17	41	38	67	117	133	186	194	189	195	229	233	225	194	165	161	104	72	44
1437	10933	St.Gallen Stadt Kolumb/Heiligk	28.06.2020	Sonntag	2	55	41	14	18	21	19	44	40	71	134	170	181	154	214	216	233	208	206	164	169	147	90	51	36
1438	10933	St.Gallen Stadt Kolumb/Heiligk	28.06.2020	Sonntag	4	9	1	4	1	5	0	3	3	7	10	16	13	11	20	15	21	14	18	29	20	8	12	4	5
1439	10933	St.Gallen Stadt Kolumb/Heiligk	28.06.2020	Sonntag	5	4	0	2	4	4	1	3	2	5	6	9	10	16	18	11	14	25	26	28	14	17	15	7	5
1444	10933	St.Gallen Stadt Kolumb/Heiligk	29.06.2020	Montag	1	16	8	7	3	20	65	179	272	232	201	222	279	271	306	283	298	416	447	336	236	177	164	112	66
1445	10933	St.Gallen Stadt Kolumb/Heiligk	29.06.2020	Montag	2	19	9	4	5	22	85	322	360	294	267	280	262	256	343	298	300	319	351	270	208	127	92	86	38
1446	10933	St.Gallen Stadt Kolumb/Heiligk	29.06.2020	Montag	4	2	1	2	2	0	9	17	27	19	14	21	37	26	26	25	30	33	49	30	24	11	9	14	4
1447	10933	St.Gallen Stadt Kolumb/Heiligk	29.06.2020	Montag	5	2	0	0	0	1	5	11	17	20	15	23	20	19	22	26	15	24	30	33	24	10	9	7	5
1452	10933	St.Gallen Stadt Kolumb/Heiligk	30.06.2020	Dienstag	1	23	19	7	7	18	60	195	275	211	239	298	288	285	264	292	312	400	444	352	252	172	131	114	53
1453	10933	St.Gallen Stadt Kolumb/Heiligk	30.06.2020	Dienstag	2	10	9	7	9	27	75	312	372	337	270	270	285	279	314	315	307	320	385	269	217	156	131	115	51
1454	10933	St.Gallen Stadt Kolumb/Heiligk	30.06.2020	Dienstag	4	1	2	1	0	1	8	21	22	19	24	23	32	25	32	30	32	33	49	31	15	18	14	10	6
1455	10933	St.Gallen Stadt Kolumb/Heiligk	30.06.2020	Dienstag	5	0	2	0	0	1	2	10	16	10	20	18	22	12	19	22	17	36	31	22	18	18	11	8	4
