LNR;ORT-ID;BEZEICHNUNG;DATUM;WOCHENTAG;RI;1;2;3;4;5;6;7;8;9;10;11;12;13;14;15;16;17;18;19;20;21;22;23;24
0;10936;St.Gallen Stadt Burgstr. 59;01.01.2020;Mittwoch;1;76;63;76;38;27;29;16;17;21;23;46;39;53;85;91;88;112;118;86;91;81;61;40;24
1;10936;St.Gallen Stadt Burgstr. 59;01.01.2020;Mittwoch;2;52;66;54;31;29;28;17;22;19;28;48;49;61;71;97;101;116;108;90;79;66;51;35;21
2;10936;St.Gallen Stadt Burgstr. 59;02.01.2020;Donnerstag;1;15;4;4;14;12;14;28;48;66;72;113;121;120;165;185;172;187;173;137;117;69;68;63;35
3;10936;St.Gallen Stadt Burgstr. 59;02.01.2020;Donnerstag;2;20;6;6;9;18;14;29;43;63;79;116;154;156;178;218;209;166;202;134;113;74;74;44;27
4;10936;St.Gallen Stadt Burgstr. 59;03.01.2020;Freitag;1;30;16;13;15;17;55;40;69;87;107;151;195;151;204;213;215;242;212;189;149;82;67;68;50
5;10936;St.Gallen Stadt Burgstr. 59;03.01.2020;Freitag;2;19;17;13;5;15;24;33;102;101;125;132;185;155;177;211;226;236;219;165;132;87;86;50;39
6;10936;St.Gallen Stadt Burgstr. 59;04.01.2020;Samstag;1;38;27;16;19;17;29;22;27;51;77;123;165;156;169;208;198;189;141;108;112;96;76;65;80
7;10936;St.Gallen Stadt Burgstr. 59;04.01.2020;Samstag;2;41;25;20;18;20;17;29;55;76;113;124;177;163;220;222;228;200;160;117;108;89;71;73;55
8;10936;St.Gallen Stadt Burgstr. 59;05.01.2020;Sonntag;1;57;45;24;20;13;16;15;15;21;39;68;104;110;157;146;164;166;208;137;104;90;63;42;28
9;10936;St.Gallen Stadt Burgstr. 59;05.01.2020;Sonntag;2;38;24;19;14;18;13;15;21;47;59;101;117;118;131;167;146;152;155;96;99;71;57;40;32
10;10936;St.Gallen Stadt Burgstr. 59;06.01.2020;Montag;1;10;11;6;10;12;46;119;140;161;134;168;180;153;172;199;212;265;280;196;146;75;100;56;21
11;10936;St.Gallen Stadt Burgstr. 59;06.01.2020;Montag;2;12;11;8;5;17;35;89;217;176;144;159;161;153;190;173;190;235;255;178;130;89;85;46;25
12;10936;St.Gallen Stadt Burgstr. 59;07.01.2020;Dienstag;1;13;12;5;7;17;59;87;161;140;150;177;194;156;187;188;206;273;266;203;119;84;100;69;24
13;10936;St.Gallen Stadt Burgstr. 59;07.01.2020;Dienstag;2;20;8;6;6;11;28;101;195;186;137;167;156;150;202;192;193;205;228;178;124;98;62;43;26
14;10936;St.Gallen Stadt Burgstr. 59;08.01.2020;Mittwoch;1;12;6;2;10;12;59;105;144;141;127;161;225;182;187;233;205;290;318;207;145;102;108;64;38
15;10936;St.Gallen Stadt Burgstr. 59;08.01.2020;Mittwoch;2;20;4;9;5;8;38;88;210;179;138;156;199;153;222;197;199;235;282;193;131;96;90;50;23
16;10936;St.Gallen Stadt Burgstr. 59;09.01.2020;Donnerstag;1;9;12;10;10;17;54;98;149;156;154;150;196;163;206;192;210;245;301;186;158;112;104;69;34
17;10936;St.Gallen Stadt Burgstr. 59;09.01.2020;Donnerstag;2;12;4;15;4;8;32;99;196;201;147;179;168;156;211;190;173;204;310;189;134;99;74;65;38
18;10936;St.Gallen Stadt Burgstr. 59;10.01.2020;Freitag;1;15;8;2;9;15;58;76;142;145;149;168;216;192;224;210;220;285;321;225;159;88;92;102;67
19;10936;St.Gallen Stadt Burgstr. 59;10.01.2020;Freitag;2;18;5;14;7;12;29;96;191;164;158;176;199;170;209;215;185;223;248;203;130;97;103;75;48
20;10936;St.Gallen Stadt Burgstr. 59;11.01.2020;Samstag;1;46;32;22;15;16;24;31;42;84;131;161;228;239;205;206;219;195;191;163;123;87;67;82;72
21;10936;St.Gallen Stadt Burgstr. 59;11.01.2020;Samstag;2;36;28;20;14;12;15;39;57;84;147;175;214;232;257;192;238;229;156;135;121;83;80;68;60
22;10936;St.Gallen Stadt Burgstr. 59;12.01.2020;Sonntag;1;50;41;30;19;10;14;21;19;14;65;76;87;137;112;139;139;197;169;147;152;106;57;35;22
23;10936;St.Gallen Stadt Burgstr. 59;12.01.2020;Sonntag;2;40;35;27;18;11;18;20;24;34;60;103;99;140;144;157;167;162;129;112;104;97;45;49;20
24;10936;St.Gallen Stadt Burgstr. 59;13.01.2020;Montag;1;13;7;7;11;12;43;99;151;152;151;161;179;171;186;181;194;277;358;184;126;132;71;46;38
25;10936;St.Gallen Stadt Burgstr. 59;13.01.2020;Montag;2;13;5;8;8;12;42;94;236;158;144;162;165;148;221;198;196;217;259;171;143;84;84;50;28
26;10936;St.Gallen Stadt Burgstr. 59;14.01.2020;Dienstag;1;14;12;4;9;16;57;97;154;157;155;143;202;163;184;197;194;255;322;234;158;93;105;64;40
27;10936;St.Gallen Stadt Burgstr. 59;14.01.2020;Dienstag;2;14;11;8;7;12;31;83;212;163;146;168;151;151;201;197;180;206;241;205;145;110;82;54;20
28;10936;St.Gallen Stadt Burgstr. 59;15.01.2020;Mittwoch;1;13;9;8;9;17;62;101;153;143;135;158;199;209;213;201;196;280;316;212;136;106;94;60;38
29;10936;St.Gallen Stadt Burgstr. 59;15.01.2020;Mittwoch;2;20;10;8;5;14;40;103;211;172;144;152;197;158;213;218;206;214;279;199;141;96;96;68;22
30;10936;St.Gallen Stadt Burgstr. 59;16.01.2020;Donnerstag;1;18;7;9;12;15;51;102;137;160;146;174;193;190;205;195;204;253;308;199;191;116;102;81;39
31;10936;St.Gallen Stadt Burgstr. 59;16.01.2020;Donnerstag;2;15;9;15;6;13;45;92;199;172;158;181;209;146;197;192;198;214;276;217;165;120;81;58;34
32;10936;St.Gallen Stadt Burgstr. 59;17.01.2020;Freitag;1;18;9;8;11;18;55;92;158;166;160;190;209;189;218;212;224;305;260;242;181;99;86;101;76
33;10936;St.Gallen Stadt Burgstr. 59;17.01.2020;Freitag;2;18;18;8;6;14;35;119;211;195;156;170;216;176;205;211;211;238;319;412;162;98;101;84;57
34;10936;St.Gallen Stadt Burgstr. 59;18.01.2020;Samstag;1;46;39;15;17;20;25;18;34;64;127;174;215;214;185;222;228;183;192;132;104;79;59;88;76
35;10936;St.Gallen Stadt Burgstr. 59;18.01.2020;Samstag;2;27;20;22;20;19;18;27;66;99;132;200;221;201;224;252;232;200;190;138;115;90;74;78;75
36;10936;St.Gallen Stadt Burgstr. 59;19.01.2020;Sonntag;1;48;39;22;26;20;16;13;13;23;53;65;94;112;133;133;133;153;134;115;111;91;71;42;27
37;10936;St.Gallen Stadt Burgstr. 59;19.01.2020;Sonntag;2;47;32;11;23;16;11;19;20;41;71;77;111;118;132;140;113;146;139;107;107;83;61;36;16
38;10936;St.Gallen Stadt Burgstr. 59;20.01.2020;Montag;1;19;9;6;11;15;38;104;154;162;171;162;219;165;205;185;175;267;303;209;141;109;84;53;18
39;10936;St.Gallen Stadt Burgstr. 59;20.01.2020;Montag;2;11;7;12;0;18;38;97;232;205;167;168;191;163;190;168;174;195;259;204;141;106;92;55;20
40;10936;St.Gallen Stadt Burgstr. 59;21.01.2020;Dienstag;1;19;11;7;12;15;56;90;159;145;165;157;203;194;197;205;197;312;307;200;165;99;102;44;26
41;10936;St.Gallen Stadt Burgstr. 59;21.01.2020;Dienstag;2;20;4;11;2;13;36;95;207;202;135;183;188;171;190;182;186;229;266;221;153;104;76;59;24
42;10936;St.Gallen Stadt Burgstr. 59;22.01.2020;Mittwoch;1;16;9;3;6;20;61;86;129;161;136;162;205;192;205;198;216;297;270;247;159;119;118;70;37
43;10936;St.Gallen Stadt Burgstr. 59;22.01.2020;Mittwoch;2;14;7;10;4;13;36;92;194;188;133;161;182;159;219;183;183;210;303;184;144;83;86;48;29
44;10936;St.Gallen Stadt Burgstr. 59;23.01.2020;Donnerstag;1;16;8;5;7;12;58;96;143;156;146;164;194;175;199;200;181;267;284;197;149;120;111;82;32
45;10936;St.Gallen Stadt Burgstr. 59;23.01.2020;Donnerstag;2;13;7;10;5;10;40;88;194;196;124;179;184;166;186;163;181;217;281;201;150;109;111;75;36
46;10936;St.Gallen Stadt Burgstr. 59;24.01.2020;Freitag;1;25;16;5;11;15;55;100;151;178;144;183;219;178;211;248;239;335;294;216;169;114;94;95;65
47;10936;St.Gallen Stadt Burgstr. 59;24.01.2020;Freitag;2;23;6;12;9;17;36;93;183;211;170;170;195;188;244;193;234;238;270;214;164;115;96;96;68
48;10936;St.Gallen Stadt Burgstr. 59;25.01.2020;Samstag;1;64;29;18;24;12;21;21;44;82;126;187;193;165;191;191;193;200;165;101;84;76;84;81;56
49;10936;St.Gallen Stadt Burgstr. 59;25.01.2020;Samstag;2;45;33;23;22;11;16;34;58;88;135;184;209;205;191;205;209;200;163;123;100;87;80;66;47
50;10936;St.Gallen Stadt Burgstr. 59;26.01.2020;Sonntag;1;54;42;26;26;20;20;11;11;24;49;85;105;93;98;123;144;144;120;122;116;87;78;39;27
51;10936;St.Gallen Stadt Burgstr. 59;26.01.2020;Sonntag;2;51;31;27;21;18;11;29;22;32;70;83;98;117;119;133;133;134;137;134;110;91;50;48;23
52;10936;St.Gallen Stadt Burgstr. 59;27.01.2020;Montag;1;11;6;8;13;18;36;111;153;153;133;176;197;168;192;190;189;261;291;152;135;84;74;55;29
53;10936;St.Gallen Stadt Burgstr. 59;27.01.2020;Montag;2;9;9;14;6;12;36;97;206;156;164;163;172;162;204;210;200;205;210;178;112;91;65;44;22
54;10936;St.Gallen Stadt Burgstr. 59;28.01.2020;Dienstag;1;10;8;5;10;17;46;107;133;152;134;149;189;162;185;164;223;255;274;185;127;83;81;66;26
55;10936;St.Gallen Stadt Burgstr. 59;28.01.2020;Dienstag;2;14;9;11;4;7;36;93;196;155;158;170;187;128;196;183;172;191;233;176;135;87;68;44;25
56;10936;St.Gallen Stadt Burgstr. 59;29.01.2020;Mittwoch;1;16;8;9;17;16;59;104;149;153;148;188;200;152;175;230;200;239;273;185;117;95;83;42;20
57;10936;St.Gallen Stadt Burgstr. 59;29.01.2020;Mittwoch;2;19;6;11;15;13;38;105;188;158;144;174;195;146;173;188;212;196;241;169;124;103;75;36;24
58;10936;St.Gallen Stadt Burgstr. 59;30.01.2020;Donnerstag;1;21;8;5;8;19;48;92;147;139;138;183;181;213;192;177;205;218;283;184;167;99;75;65;26
59;10936;St.Gallen Stadt Burgstr. 59;30.01.2020;Donnerstag;2;19;8;14;7;8;38;82;193;161;133;149;163;153;194;173;182;184;235;178;133;119;75;54;32
60;10936;St.Gallen Stadt Burgstr. 59;31.01.2020;Freitag;1;27;13;7;13;18;53;103;138;147;134;165;245;168;201;183;227;258;280;195;158;95;83;81;37
61;10936;St.Gallen Stadt Burgstr. 59;31.01.2020;Freitag;2;18;12;14;12;14;40;92;178;156;136;191;210;164;197;208;226;217;219;165;129;106;87;63;76
62;10936;St.Gallen Stadt Burgstr. 59;01.02.2020;Samstag;1;53;32;20;33;16;18;25;28;63;117;185;187;163;201;182;191;182;207;122;93;73;66;68;63
63;10936;St.Gallen Stadt Burgstr. 59;01.02.2020;Samstag;2;47;30;20;25;22;18;28;54;99;130;200;231;188;247;213;218;184;163;121;114;77;80;70;48
64;10936;St.Gallen Stadt Burgstr. 59;02.02.2020;Sonntag;1;67;30;30;21;14;14;13;14;29;50;70;80;106;107;108;108;117;121;113;102;86;57;38;26
65;10936;St.Gallen Stadt Burgstr. 59;02.02.2020;Sonntag;2;51;30;17;15;12;17;21;24;34;68;89;102;91;113;129;119;122;141;114;112;84;52;44;29
66;10936;St.Gallen Stadt Burgstr. 59;03.02.2020;Montag;1;14;7;7;9;17;49;107;173;158;143;173;228;197;190;185;244;285;334;215;141;103;82;51;34
67;10936;St.Gallen Stadt Burgstr. 59;03.02.2020;Montag;2;11;7;6;4;10;44;90;238;190;149;173;203;169;208;208;218;230;268;210;137;99;106;40;22
68;10936;St.Gallen Stadt Burgstr. 59;04.02.2020;Dienstag;1;17;6;4;9;22;61;97;176;165;152;179;202;167;168;188;198;277;298;222;137;86;89;50;28
69;10936;St.Gallen Stadt Burgstr. 59;04.02.2020;Dienstag;2;11;13;7;7;10;44;97;231;188;166;166;189;155;190;195;202;230;288;231;126;112;83;39;19
70;10936;St.Gallen Stadt Burgstr. 59;05.02.2020;Mittwoch;1;18;7;7;9;17;49;97;133;154;141;158;216;193;204;222;220;276;362;229;157;99;107;67;31
71;10936;St.Gallen Stadt Burgstr. 59;05.02.2020;Mittwoch;2;13;6;10;8;14;39;97;225;176;146;179;216;164;231;201;212;217;278;208;152;106;105;43;33
72;10936;St.Gallen Stadt Burgstr. 59;06.02.2020;Donnerstag;1;13;7;13;9;13;46;100;159;193;120;169;219;228;205;187;189;271;280;237;177;116;94;69;35
73;10936;St.Gallen Stadt Burgstr. 59;06.02.2020;Donnerstag;2;18;6;10;7;12;38;93;213;207;140;168;184;140;186;179;180;206;264;212;168;104;103;56;34
74;10936;St.Gallen Stadt Burgstr. 59;07.02.2020;Freitag;1;19;8;7;10;18;54;102;148;152;163;186;220;206;233;200;225;301;308;257;168;87;71;80;56
75;10936;St.Gallen Stadt Burgstr. 59;07.02.2020;Freitag;2;20;12;7;6;7;38;83;213;177;163;181;214;181;210;218;188;246;225;226;143;106;89;70;70
76;10936;St.Gallen Stadt Burgstr. 59;08.02.2020;Samstag;1;46;30;20;26;14;24;20;52;84;120;157;244;210;173;205;199;154;198;134;104;96;60;68;65
77;10936;St.Gallen Stadt Burgstr. 59;08.02.2020;Samstag;2;47;32;22;14;11;22;25;79;105;143;189;209;202;204;234;192;207;181;123;120;91;86;80;55
78;10936;St.Gallen Stadt Burgstr. 59;09.02.2020;Sonntag;1;43;45;23;31;20;18;20;20;29;96;88;85;139;118;126;137;150;151;177;100;80;58;50;29
79;10936;St.Gallen Stadt Burgstr. 59;09.02.2020;Sonntag;2;44;45;24;18;28;10;25;24;46;94;86;108;141;121;126;137;164;130;150;101;72;62;44;19
80;10936;St.Gallen Stadt Burgstr. 59;10.02.2020;Montag;1;19;7;4;12;20;42;120;147;181;128;180;197;178;181;197;207;256;310;199;153;92;89;49;26
81;10936;St.Gallen Stadt Burgstr. 59;10.02.2020;Montag;2;8;11;7;3;12;37;93;268;212;164;168;193;163;221;164;189;234;275;206;133;93;105;29;19
82;10936;St.Gallen Stadt Burgstr. 59;11.02.2020;Dienstag;1;14;7;5;9;20;60;105;149;174;164;173;177;201;186;177;189;297;274;212;148;75;100;69;26
83;10936;St.Gallen Stadt Burgstr. 59;11.02.2020;Dienstag;2;12;10;8;9;15;43;99;224;182;154;156;194;167;220;188;185;237;266;199;139;116;99;39;27
84;10936;St.Gallen Stadt Burgstr. 59;12.02.2020;Mittwoch;1;15;6;5;10;19;54;109;154;189;140;185;204;184;192;202;196;284;336;204;148;123;75;52;29
85;10936;St.Gallen Stadt Burgstr. 59;12.02.2020;Mittwoch;2;14;8;11;6;14;40;107;213;179;142;188;183;174;208;184;229;236;270;192;134;121;89;49;22
86;10936;St.Gallen Stadt Burgstr. 59;13.02.2020;Donnerstag;1;18;7;7;10;24;62;101;142;148;140;182;205;187;198;192;206;279;252;188;184;121;96;68;44
87;10936;St.Gallen Stadt Burgstr. 59;13.02.2020;Donnerstag;2;17;6;10;3;13;28;105;225;171;159;185;191;154;202;184;197;236;291;187;178;133;93;43;27
88;10936;St.Gallen Stadt Burgstr. 59;14.02.2020;Freitag;1;29;10;8;15;20;59;94;164;166;158;177;223;186;226;214;236;297;245;232;156;86;79;79;65
89;10936;St.Gallen Stadt Burgstr. 59;14.02.2020;Freitag;2;27;12;9;2;13;37;97;227;186;174;176;193;192;218;179;209;217;254;230;140;116;74;83;48
90;10936;St.Gallen Stadt Burgstr. 59;15.02.2020;Samstag;1;28;36;23;24;18;20;21;46;71;122;171;213;217;198;204;205;188;171;132;117;90;67;82;73
91;10936;St.Gallen Stadt Burgstr. 59;15.02.2020;Samstag;2;26;43;20;13;17;13;27;53;120;142;185;206;216;232;232;233;196;158;125;98;93;95;69;47
92;10936;St.Gallen Stadt Burgstr. 59;16.02.2020;Sonntag;1;54;49;31;32;16;13;10;18;29;59;74;92;109;112;129;118;113;132;127;85;85;49;37;21
93;10936;St.Gallen Stadt Burgstr. 59;16.02.2020;Sonntag;2;49;33;22;20;16;13;12;21;41;63;84;93;134;126;139;121;108;109;116;81;84;53;31;22
94;10936;St.Gallen Stadt Burgstr. 59;17.02.2020;Montag;1;12;10;6;11;19;47;112;163;157;160;160;207;166;167;198;212;240;315;193;171;108;82;49;21
95;10936;St.Gallen Stadt Burgstr. 59;17.02.2020;Montag;2;9;5;5;4;15;41;85;243;188;161;168;173;155;226;179;201;193;292;186;141;92;107;43;21
96;10936;St.Gallen Stadt Burgstr. 59;18.02.2020;Dienstag;1;14;8;8;10;28;57;97;164;176;136;177;206;182;168;226;190;283;318;199;156;99;73;59;29
97;10936;St.Gallen Stadt Burgstr. 59;18.02.2020;Dienstag;2;11;9;7;6;13;42;95;215;205;149;172;186;163;185;198;193;212;256;199;136;105;86;48;28
98;10936;St.Gallen Stadt Burgstr. 59;19.02.2020;Mittwoch;1;14;9;9;10;15;58;106;148;148;140;178;213;186;209;212;201;263;337;193;151;145;85;61;36
99;10936;St.Gallen Stadt Burgstr. 59;19.02.2020;Mittwoch;2;17;11;8;8;16;38;110;230;191;165;174;197;157;194;204;208;212;258;181;145;110;92;49;30
100;10936;St.Gallen Stadt Burgstr. 59;20.02.2020;Donnerstag;1;13;13;9;12;21;55;95;188;146;125;175;230;156;189;163;206;247;302;222;155;93;106;55;31
101;10936;St.Gallen Stadt Burgstr. 59;20.02.2020;Donnerstag;2;23;9;8;7;13;34;103;217;229;210;202;168;151;211;202;190;233;247;199;151;125;88;55;32
102;10936;St.Gallen Stadt Burgstr. 59;21.02.2020;Freitag;1;32;15;6;14;20;54;85;158;167;142;170;214;171;190;194;252;292;273;230;163;97;71;83;54
103;10936;St.Gallen Stadt Burgstr. 59;21.02.2020;Freitag;2;23;24;14;7;17;29;98;227;199;152;173;186;189;222;198;197;212;217;202;143;103;86;88;37
104;10936;St.Gallen Stadt Burgstr. 59;22.02.2020;Samstag;1;38;31;21;23;13;25;26;37;82;119;173;204;200;206;178;180;204;160;130;110;98;66;71;62
105;10936;St.Gallen Stadt Burgstr. 59;22.02.2020;Samstag;2;39;37;15;15;17;16;43;61;121;139;177;198;210;230;216;205;170;150;163;106;102;76;73;57
106;10936;St.Gallen Stadt Burgstr. 59;23.02.2020;Sonntag;1;46;38;26;17;16;14;15;15;24;61;75;96;106;143;356;196;160;128;154;137;89;58;30;22
107;10936;St.Gallen Stadt Burgstr. 59;23.02.2020;Sonntag;2;46;44;20;17;9;14;23;25;36;60;92;94;112;198;337;156;134;124;143;94;76;57;28;17
108;10936;St.Gallen Stadt Burgstr. 59;24.02.2020;Montag;1;12;4;4;10;15;56;106;158;160;145;178;206;187;171;193;203;288;293;202;136;110;90;57;21
109;10936;St.Gallen Stadt Burgstr. 59;24.02.2020;Montag;2;10;3;8;7;7;41;90;238;236;180;196;213;196;247;230;254;246;281;218;155;111;102;52;26
110;10936;St.Gallen Stadt Burgstr. 59;25.02.2020;Dienstag;1;15;12;7;12;22;62;99;152;150;158;152;193;185;177;191;206;282;289;220;159;105;99;54;37
111;10936;St.Gallen Stadt Burgstr. 59;25.02.2020;Dienstag;2;14;16;11;8;16;43;129;261;225;202;219;199;194;261;240;253;271;289;252;175;115;89;58;32
112;10936;St.Gallen Stadt Burgstr. 59;26.02.2020;Mittwoch;1;16;10;4;11;23;63;112;147;147;161;161;207;173;205;219;189;274;291;220;157;114;73;54;38
113;10936;St.Gallen Stadt Burgstr. 59;26.02.2020;Mittwoch;2;20;12;17;6;24;46;128;248;240;191;212;202;188;239;229;268;233;259;258;173;124;81;51;38
114;10936;St.Gallen Stadt Burgstr. 59;27.02.2020;Donnerstag;1;13;6;5;13;16;57;101;149;172;153;143;218;176;191;207;208;258;254;196;164;93;97;70;30
115;10936;St.Gallen Stadt Burgstr. 59;27.02.2020;Donnerstag;2;16;6;13;13;18;38;114;255;236;187;216;238;164;255;247;246;259;288;261;197;124;116;64;45
116;10936;St.Gallen Stadt Burgstr. 59;28.02.2020;Freitag;1;19;7;9;13;16;68;96;159;173;157;196;252;200;214;237;210;301;310;228;173;123;95;77;66
117;10936;St.Gallen Stadt Burgstr. 59;28.02.2020;Freitag;2;19;14;11;11;21;40;111;269;247;208;239;257;234;294;251;274;287;266;281;209;150;130;100;67
118;10936;St.Gallen Stadt Burgstr. 59;29.02.2020;Samstag;1;35;25;25;16;23;25;28;38;86;145;159;229;200;204;204;202;194;174;127;92;87;61;65;58
119;10936;St.Gallen Stadt Burgstr. 59;29.02.2020;Samstag;2;32;44;27;32;20;22;51;74;144;176;224;233;260;257;290;251;232;215;148;130;93;95;87;68
120;10936;St.Gallen Stadt Burgstr. 59;01.03.2020;Sonntag;1;46;40;31;23;22;10;9;24;19;53;84;108;106;130;112;134;145;160;118;116;99;59;32;25
121;10936;St.Gallen Stadt Burgstr. 59;01.03.2020;Sonntag;2;61;61;38;27;17;26;26;31;38;72;105;135;145;167;167;190;166;157;149;137;89;67;55;29
122;10936;St.Gallen Stadt Burgstr. 59;02.03.2020;Montag;1;11;13;4;9;14;45;102;159;169;153;168;186;169;181;201;189;287;285;177;134;107;65;40;26
123;10936;St.Gallen Stadt Burgstr. 59;02.03.2020;Montag;2;19;3;10;5;13;43;136;269;248;214;195;235;209;284;242;246;248;286;207;166;116;84;54;21
124;10936;St.Gallen Stadt Burgstr. 59;03.03.2020;Dienstag;1;14;3;4;13;9;41;90;153;170;150;161;209;184;196;167;185;261;290;224;145;76;79;57;37
125;10936;St.Gallen Stadt Burgstr. 59;03.03.2020;Dienstag;2;19;7;14;9;7;49;144;266;235;212;234;226;187;265;229;259;242;288;236;178;127;87;61;22
126;10936;St.Gallen Stadt Burgstr. 59;04.03.2020;Mittwoch;1;14;9;11;8;12;37;96;129;151;171;153;218;161;181;180;235;259;287;231;156;114;77;57;30
127;10936;St.Gallen Stadt Burgstr. 59;04.03.2020;Mittwoch;2;17;11;11;9;9;47;131;246;254;171;205;238;199;273;225;258;286;292;225;170;143;90;70;26
128;10936;St.Gallen Stadt Burgstr. 59;05.03.2020;Donnerstag;1;17;8;6;7;14;38;99;170;169;160;166;211;173;210;167;190;237;292;197;129;119;85;81;42
129;10936;St.Gallen Stadt Burgstr. 59;05.03.2020;Donnerstag;2;19;12;11;14;17;47;126;255;243;191;214;248;199;271;202;236;271;282;251;190;125;107;81;32
130;10936;St.Gallen Stadt Burgstr. 59;06.03.2020;Freitag;1;15;10;9;4;14;37;85;154;181;190;160;244;184;212;202;207;326;266;215;169;95;72;85;55
131;10936;St.Gallen Stadt Burgstr. 59;06.03.2020;Freitag;2;17;19;9;12;11;45;141;238;259;207;228;252;196;256;238;280;287;266;236;187;139;105;79;53
132;10936;St.Gallen Stadt Burgstr. 59;07.03.2020;Samstag;1;39;36;24;29;9;26;29;36;102;126;167;211;231;206;194;191;226;165;115;115;65;62;66;59
133;10936;St.Gallen Stadt Burgstr. 59;07.03.2020;Samstag;2;57;45;36;28;22;22;41;81;136;177;209;253;270;258;259;266;250;194;149;127;96;77;70;52
134;10936;St.Gallen Stadt Burgstr. 59;08.03.2020;Sonntag;1;46;36;29;39;17;18;16;18;29;58;78;98;99;112;116;133;131;128;143;95;80;66;33;27
135;10936;St.Gallen Stadt Burgstr. 59;08.03.2020;Sonntag;2;56;63;40;29;35;16;24;28;47;91;117;157;143;178;158;179;164;150;131;124;90;62;44;32
136;10936;St.Gallen Stadt Burgstr. 59;09.03.2020;Montag;1;10;8;3;3;18;34;99;154;150;141;166;211;178;199;217;187;250;293;184;140;93;70;46;31
137;10936;St.Gallen Stadt Burgstr. 59;09.03.2020;Montag;2;6;12;10;7;18;40;134;274;251;199;178;211;190;279;250;267;254;242;197;155;117;122;51;30
138;10936;St.Gallen Stadt Burgstr. 59;10.03.2020;Dienstag;1;17;8;5;7;18;39;102;155;146;150;149;208;151;161;176;182;287;350;189;143;91;79;39;41
139;10936;St.Gallen Stadt Burgstr. 59;10.03.2020;Dienstag;2;17;9;8;10;18;46;142;247;242;187;214;223;203;241;242;235;282;282;225;175;118;89;61;28
140;10936;St.Gallen Stadt Burgstr. 59;11.03.2020;Mittwoch;1;9;5;7;7;23;35;114;154;146;153;179;222;168;204;173;202;271;324;197;145;100;72;70;41
141;10936;St.Gallen Stadt Burgstr. 59;11.03.2020;Mittwoch;2;20;14;16;11;27;36;131;253;247;182;206;244;194;261;231;231;255;276;231;166;122;83;54;31
142;10936;St.Gallen Stadt Burgstr. 59;12.03.2020;Donnerstag;1;18;12;11;8;20;33;109;138;156;145;164;223;168;187;203;178;258;280;214;145;91;93;76;35
143;10936;St.Gallen Stadt Burgstr. 59;12.03.2020;Donnerstag;2;21;8;12;7;17;45;127;231;227;200;178;248;186;244;240;230;238;256;258;176;122;97;64;39
144;10936;St.Gallen Stadt Burgstr. 59;13.03.2020;Freitag;1;14;10;9;8;15;40;88;147;165;150;220;234;203;199;211;207;312;295;257;159;101;71;71;48
145;10936;St.Gallen Stadt Burgstr. 59;13.03.2020;Freitag;2;27;9;12;12;21;45;134;243;253;211;217;246;240;271;253;240;261;285;279;178;142;103;70;53
146;10936;St.Gallen Stadt Burgstr. 59;14.03.2020;Samstag;1;46;36;17;26;12;22;21;53;99;140;163;234;200;200;209;187;173;123;93;83;74;52;62;49
147;10936;St.Gallen Stadt Burgstr. 59;14.03.2020;Samstag;2;36;43;24;16;13;16;32;70;154;187;276;262;264;243;270;233;201;165;129;103;91;66;61;51
148;10936;St.Gallen Stadt Burgstr. 59;15.03.2020;Sonntag;1;37;26;13;14;11;9;9;13;29;45;68;74;90;123;123;108;102;128;135;103;83;52;41;19
149;10936;St.Gallen Stadt Burgstr. 59;15.03.2020;Sonntag;2;60;32;25;20;22;12;23;24;33;75;88;102;132;155;134;153;171;134;140;116;92;59;35;25
150;10936;St.Gallen Stadt Burgstr. 59;16.03.2020;Montag;1;10;8;5;3;15;40;105;137;136;136;169;213;157;160;180;210;231;230;199;133;65;53;27;22
151;10936;St.Gallen Stadt Burgstr. 59;16.03.2020;Montag;2;21;11;6;6;14;57;141;258;237;188;207;226;188;246;257;258;252;249;240;133;104;67;39;23
152;10936;St.Gallen Stadt Burgstr. 59;17.03.2020;Dienstag;1;12;5;7;3;13;43;111;137;140;159;154;193;144;162;187;192;206;229;154;109;63;53;19;19
153;10936;St.Gallen Stadt Burgstr. 59;17.03.2020;Dienstag;2;19;8;12;5;9;45;131;237;224;186;173;170;161;234;201;193;197;230;184;99;78;59;27;19
154;10936;St.Gallen Stadt Burgstr. 59;18.03.2020;Mittwoch;1;8;5;6;4;17;38;97;141;118;130;144;185;149;150;170;184;211;255;135;90;54;53;35;15
155;10936;St.Gallen Stadt Burgstr. 59;18.03.2020;Mittwoch;2;19;5;9;7;14;43;138;223;171;193;173;174;157;211;221;221;204;231;160;124;81;58;28;17
156;10936;St.Gallen Stadt Burgstr. 59;19.03.2020;Donnerstag;1;5;3;5;4;14;28;107;117;135;107;143;173;143;133;151;149;208;223;152;98;68;43;30;15
157;10936;St.Gallen Stadt Burgstr. 59;19.03.2020;Donnerstag;2;18;4;13;7;19;46;125;197;169;173;169;185;164;205;184;192;197;224;174;107;65;47;33;17
158;10936;St.Gallen Stadt Burgstr. 59;20.03.2020;Freitag;1;11;4;1;7;14;36;82;133;116;142;132;189;164;158;171;173;188;194;125;110;60;59;33;26
159;10936;St.Gallen Stadt Burgstr. 59;20.03.2020;Freitag;2;17;6;8;6;18;40;123;211;188;208;165;167;167;229;195;168;166;193;136;112;67;43;28;25
160;10936;St.Gallen Stadt Burgstr. 59;21.03.2020;Samstag;1;14;8;4;3;6;16;23;35;61;95;99;117;142;145;145;127;123;98;65;73;42;32;30;30
161;10936;St.Gallen Stadt Burgstr. 59;21.03.2020;Samstag;2;19;11;12;3;4;15;33;44;79;93;132;156;155;151;149;142;140;101;80;60;58;49;39;27
162;10936;St.Gallen Stadt Burgstr. 59;22.03.2020;Sonntag;1;14;10;11;4;4;8;8;13;18;28;41;46;51;52;86;92;72;80;84;66;51;33;29;15
163;10936;St.Gallen Stadt Burgstr. 59;22.03.2020;Sonntag;2;22;10;8;8;2;4;22;16;16;35;36;66;55;74;86;128;97;97;92;86;50;44;28;13
164;10936;St.Gallen Stadt Burgstr. 59;23.03.2020;Montag;1;9;3;0;6;19;31;91;127;126;125;139;181;139;125;158;153;215;225;133;87;65;38;27;14
165;10936;St.Gallen Stadt Burgstr. 59;23.03.2020;Montag;2;12;10;6;2;10;30;118;208;135;132;133;122;149;168;149;164;176;156;123;80;55;45;23;13
166;10936;St.Gallen Stadt Burgstr. 59;24.03.2020;Dienstag;1;8;0;1;10;21;38;92;108;104;86;130;157;134;151;134;139;181;207;123;89;53;40;23;12
167;10936;St.Gallen Stadt Burgstr. 59;24.03.2020;Dienstag;2;14;7;4;5;10;31;109;164;119;131;111;133;133;162;151;147;162;175;139;75;54;38;22;12
168;10936;St.Gallen Stadt Burgstr. 59;25.03.2020;Mittwoch;1;11;4;3;7;20;45;95;131;110;111;138;162;134;139;140;165;209;242;141;95;58;38;21;16
169;10936;St.Gallen Stadt Burgstr. 59;25.03.2020;Mittwoch;2;9;6;6;11;15;40;114;157;121;134;138;122;128;170;146;169;187;187;116;81;67;34;27;14
170;10936;St.Gallen Stadt Burgstr. 59;26.03.2020;Donnerstag;1;10;4;3;9;18;41;89;136;113;99;129;181;149;135;147;155;189;220;134;118;46;45;36;15
171;10936;St.Gallen Stadt Burgstr. 59;26.03.2020;Donnerstag;2;8;3;6;7;15;31;110;164;114;129;128;151;146;166;164;153;169;185;147;104;68;59;36;15
172;10936;St.Gallen Stadt Burgstr. 59;27.03.2020;Freitag;1;6;9;4;9;16;40;81;135;98;113;150;173;153;185;189;158;226;215;136;115;63;42;35;28
173;10936;St.Gallen Stadt Burgstr. 59;27.03.2020;Freitag;2;12;5;6;8;11;29;96;172;123;149;137;150;146;175;166;175;193;170;133;100;71;55;38;24
174;10936;St.Gallen Stadt Burgstr. 59;28.03.2020;Samstag;1;9;6;7;6;14;19;33;37;56;102;134;123;147;155;136;164;138;133;102;66;62;55;32;20
175;10936;St.Gallen Stadt Burgstr. 59;28.03.2020;Samstag;2;30;9;11;3;12;14;47;52;75;92;135;151;143;188;190;146;147;114;87;78;62;54;31;25
176;10936;St.Gallen Stadt Burgstr. 59;29.03.2020;Sonntag;1;12;0;15;9;7;7;7;9;13;20;35;59;64;83;72;79;78;76;80;64;52;43;23;20
177;10936;St.Gallen Stadt Burgstr. 59;29.03.2020;Sonntag;2;10;0;14;7;6;8;11;11;15;29;35;55;68;79;89;89;99;91;83;70;51;49;22;17
178;10936;St.Gallen Stadt Burgstr. 59;30.03.2020;Montag;1;9;8;5;4;18;29;84;111;111;102;114;168;126;118;145;160;175;195;157;71;56;37;19;13
179;10936;St.Gallen Stadt Burgstr. 59;30.03.2020;Montag;2;11;6;6;8;14;31;96;178;113;131;126;137;109;164;158;143;161;151;136;86;54;38;28;18
180;10936;St.Gallen Stadt Burgstr. 59;31.03.2020;Dienstag;1;10;7;4;11;13;34;79;120;89;118;127;168;137;153;153;142;182;241;132;93;67;44;35;14
181;10936;St.Gallen Stadt Burgstr. 59;31.03.2020;Dienstag;2;11;8;8;2;8;28;105;166;130;124;126;159;128;153;159;150;156;176;143;94;77;49;30;14
182;10936;St.Gallen Stadt Burgstr. 59;01.04.2020;Mittwoch;1;12;4;5;5;12;42;80;131;94;122;131;164;141;161;131;154;193;213;137;102;49;42;36;21
183;10936;St.Gallen Stadt Burgstr. 59;01.04.2020;Mittwoch;2;11;6;7;3;11;33;103;171;125;115;112;141;134;163;142;147;172;176;133;74;69;55;37;25
184;10936;St.Gallen Stadt Burgstr. 59;02.04.2020;Donnerstag;1;12;7;1;6;11;39;74;130;101;109;144;172;145;144;136;166;200;223;137;113;56;44;38;14
185;10936;St.Gallen Stadt Burgstr. 59;02.04.2020;Donnerstag;2;14;7;5;3;8;27;90;157;127;108;128;137;139;160;158;158;148;182;148;118;75;45;28;17
186;10936;St.Gallen Stadt Burgstr. 59;03.04.2020;Freitag;1;11;5;2;8;7;41;82;122;111;157;131;212;159;154;151;191;223;206;136;109;71;64;51;27
187;10936;St.Gallen Stadt Burgstr. 59;03.04.2020;Freitag;2;11;11;9;2;7;29;95;168;126;133;140;148;179;193;171;165;201;171;135;121;76;71;44;29
188;10936;St.Gallen Stadt Burgstr. 59;04.04.2020;Samstag;1;16;6;5;8;7;23;22;36;53;74;152;149;149;143;146;134;132;121;108;86;66;48;40;25
189;10936;St.Gallen Stadt Burgstr. 59;04.04.2020;Samstag;2;20;15;7;9;7;11;31;48;68;112;142;162;155;161;160;180;147;119;103;74;60;61;49;31
190;10936;St.Gallen Stadt Burgstr. 59;05.04.2020;Sonntag;1;12;10;9;6;5;11;12;7;16;31;60;50;70;87;76;87;99;89;83;95;71;53;31;17
191;10936;St.Gallen Stadt Burgstr. 59;05.04.2020;Sonntag;2;19;13;7;5;3;7;22;9;29;40;48;85;86;83;91;99;106;102;90;91;70;41;29;21
192;10936;St.Gallen Stadt Burgstr. 59;06.04.2020;Montag;1;6;7;4;7;10;38;87;134;116;97;137;169;170;135;144;168;192;217;125;74;72;49;28;15
193;10936;St.Gallen Stadt Burgstr. 59;06.04.2020;Montag;2;15;4;10;4;8;31;116;162;111;136;135;166;131;191;161;150;139;191;116;85;68;43;28;18
194;10936;St.Gallen Stadt Burgstr. 59;07.04.2020;Dienstag;1;9;6;1;11;10;49;80;111;94;118;137;178;173;159;141;167;205;248;136;110;81;46;40;17
195;10936;St.Gallen Stadt Burgstr. 59;07.04.2020;Dienstag;2;12;3;6;4;7;25;108;178;121;121;122;147;140;202;163;166;159;190;160;103;76;54;25;21
196;10936;St.Gallen Stadt Burgstr. 59;08.04.2020;Mittwoch;1;15;3;6;9;19;36;89;140;109;116;134;176;160;162;173;170;250;234;145;108;64;50;36;12
197;10936;St.Gallen Stadt Burgstr. 59;08.04.2020;Mittwoch;2;11;4;7;9;8;23;116;164;126;142;141;156;174;167;146;171;186;192;147;110;85;46;28;21
198;10936;St.Gallen Stadt Burgstr. 59;09.04.2020;Donnerstag;1;8;7;8;7;16;50;88;137;124;120;156;194;167;172;183;199;242;205;142;98;71;59;39;24
199;10936;St.Gallen Stadt Burgstr. 59;09.04.2020;Donnerstag;2;14;6;7;2;10;25;94;164;161;140;168;182;159;200;191;212;209;212;180;129;84;52;32;30
200;10936;St.Gallen Stadt Burgstr. 59;10.04.2020;Freitag;1;19;17;8;2;0;12;12;19;22;30;68;67;74;79;94;90;86;117;73;77;72;60;44;26
201;10936;St.Gallen Stadt Burgstr. 59;10.04.2020;Freitag;2;12;10;5;1;4;6;16;11;22;44;60;83;86;88;92;117;89;127;90;74;66;74;44;28
202;10936;St.Gallen Stadt Burgstr. 59;11.04.2020;Samstag;1;20;17;6;8;10;32;27;52;57;102;161;171;185;170;162;171;121;109;105;79;79;57;44;21
203;10936;St.Gallen Stadt Burgstr. 59;11.04.2020;Samstag;2;24;19;11;8;8;14;31;48;73;128;178;185;191;219;209;218;170;120;104;85;74;66;46;31
204;10936;St.Gallen Stadt Burgstr. 59;12.04.2020;Sonntag;1;19;10;5;3;8;6;8;9;21;39;51;71;77;74;74;77;83;131;92;96;76;57;39;24
205;10936;St.Gallen Stadt Burgstr. 59;12.04.2020;Sonntag;2;20;13;6;5;3;7;14;14;24;56;57;75;96;102;85;107;111;93;92;85;87;66;40;30
206;10936;St.Gallen Stadt Burgstr. 59;13.04.2020;Montag;1;19;11;4;0;2;8;7;13;26;38;62;64;80;83;98;107;116;94;92;116;64;47;31;19
207;10936;St.Gallen Stadt Burgstr. 59;13.04.2020;Montag;2;22;8;5;0;3;8;14;10;22;43;64;68;94;117;98;119;90;106;92;80;64;55;27;26
208;10936;St.Gallen Stadt Burgstr. 59;14.04.2020;Dienstag;1;14;8;4;6;10;42;83;129;111;110;143;170;164;162;174;167;205;246;140;119;61;48;29;21
209;10936;St.Gallen Stadt Burgstr. 59;14.04.2020;Dienstag;2;17;8;4;4;9;31;104;174;121;141;126;161;152;178;147;169;187;194;136;102;66;54;31;20
210;10936;St.Gallen Stadt Burgstr. 59;15.04.2020;Mittwoch;1;14;11;1;9;11;42;93;107;121;126;149;160;143;158;165;161;217;241;164;85;75;57;35;25
211;10936;St.Gallen Stadt Burgstr. 59;15.04.2020;Mittwoch;2;17;11;6;3;9;31;93;182;115;124;157;150;151;181;152;168;152;188;148;85;70;57;34;24
212;10936;St.Gallen Stadt Burgstr. 59;16.04.2020;Donnerstag;1;13;7;2;12;11;48;95;125;102;123;134;185;154;150;166;134;191;248;149;103;79;44;37;17
213;10936;St.Gallen Stadt Burgstr. 59;16.04.2020;Donnerstag;2;16;6;7;4;11;23;103;147;133;133;135;155;126;173;177;165;166;202;132;87;79;54;23;20
214;10936;St.Gallen Stadt Burgstr. 59;17.04.2020;Freitag;1;15;5;4;12;12;43;87;127;131;133;153;189;185;166;189;170;231;235;152;104;109;66;39;31
215;10936;St.Gallen Stadt Burgstr. 59;17.04.2020;Freitag;2;10;6;8;6;6;29;101;169;142;137;161;171;173;191;216;164;228;163;169;141;112;61;42;35
216;10936;St.Gallen Stadt Burgstr. 59;18.04.2020;Samstag;1;20;9;16;8;4;36;38;55;43;88;143;151;152;154;171;158;133;123;91;99;76;66;34;25
217;10936;St.Gallen Stadt Burgstr. 59;18.04.2020;Samstag;2;21;21;9;9;10;12;27;47;71;96;156;167;187;178;194;183;168;131;103;93;70;69;49;38
218;10936;St.Gallen Stadt Burgstr. 59;19.04.2020;Sonntag;1;32;17;8;5;4;12;11;10;22;44;68;63;73;64;87;92;107;111;91;84;79;89;22;14
219;10936;St.Gallen Stadt Burgstr. 59;19.04.2020;Sonntag;2;30;13;9;5;6;4;18;12;18;43;65;67;87;106;95;104;93;111;116;90;98;61;34;12
220;10936;St.Gallen Stadt Burgstr. 59;20.04.2020;Montag;1;13;3;4;8;8;40;101;113;116;117;165;177;142;155;151;167;195;248;180;90;78;41;42;17
221;10936;St.Gallen Stadt Burgstr. 59;20.04.2020;Montag;2;15;2;5;4;10;32;98;155;144;135;139;133;148;166;155;168;156;186;144;88;73;42;32;25
222;10936;St.Gallen Stadt Burgstr. 59;21.04.2020;Dienstag;1;11;4;5;9;16;48;94;129;129;118;114;184;157;164;145;157;217;277;158;98;80;46;35;25
223;10936;St.Gallen Stadt Burgstr. 59;21.04.2020;Dienstag;2;8;7;9;9;5;31;105;184;157;143;150;162;120;161;161;162;190;187;129;102;76;49;38;17
224;10936;St.Gallen Stadt Burgstr. 59;22.04.2020;Mittwoch;1;7;5;4;6;16;52;99;120;129;120;147;187;147;160;187;170;229;277;167;105;76;70;42;28
225;10936;St.Gallen Stadt Burgstr. 59;22.04.2020;Mittwoch;2;12;6;3;2;10;36;111;169;139;134;127;148;141;177;173;163;167;195;133;104;90;56;35;22
226;10936;St.Gallen Stadt Burgstr. 59;23.04.2020;Donnerstag;1;16;8;5;7;14;50;99;139;120;125;148;193;155;150;171;165;192;258;153;118;85;84;48;25
227;10936;St.Gallen Stadt Burgstr. 59;23.04.2020;Donnerstag;2;15;11;8;9;7;31;119;157;130;147;152;145;143;201;162;169;181;206;170;114;90;62;48;11
228;10936;St.Gallen Stadt Burgstr. 59;24.04.2020;Freitag;1;17;4;7;8;12;49;81;128;125;134;174;178;167;178;170;186;240;261;149;119;76;72;45;35
229;10936;St.Gallen Stadt Burgstr. 59;24.04.2020;Freitag;2;13;8;8;3;10;23;100;173;123;103;160;173;163;189;161;215;231;225;165;105;90;57;68;32
230;10936;St.Gallen Stadt Burgstr. 59;25.04.2020;Samstag;1;22;16;10;2;8;17;34;31;71;105;115;139;176;155;194;166;150;146;128;71;54;76;53;23
231;10936;St.Gallen Stadt Burgstr. 59;25.04.2020;Samstag;2;20;19;13;6;10;11;26;45;77;117;151;164;179;193;205;237;221;137;99;90;82;74;49;37
232;10936;St.Gallen Stadt Burgstr. 59;26.04.2020;Sonntag;1;30;18;8;6;6;7;10;13;16;53;101;89;122;109;134;139;181;143;140;128;115;87;34;22
233;10936;St.Gallen Stadt Burgstr. 59;26.04.2020;Sonntag;2;32;18;6;9;3;5;17;17;23;62;97;55;42;70;76;77;91;99;78;101;84;64;37;23
234;10936;St.Gallen Stadt Burgstr. 59;27.04.2020;Montag;1;8;8;5;10;12;46;101;143;120;151;174;209;167;158;173;205;253;324;158;94;57;53;51;25
235;10936;St.Gallen Stadt Burgstr. 59;27.04.2020;Montag;2;10;7;3;2;10;35;129;203;141;158;178;178;178;216;209;203;226;243;188;104;77;58;48;28
236;10936;St.Gallen Stadt Burgstr. 59;28.04.2020;Dienstag;1;14;2;3;10;10;46;104;135;120;142;163;185;161;141;167;198;211;330;163;105;94;49;42;17
237;10936;St.Gallen Stadt Burgstr. 59;28.04.2020;Dienstag;2;13;6;7;1;11;40;123;203;157;145;174;180;187;185;171;221;196;245;159;109;82;57;32;25
238;10936;St.Gallen Stadt Burgstr. 59;29.04.2020;Mittwoch;1;10;1;2;8;13;42;102;135;133;132;137;205;165;154;154;201;235;280;165;113;90;54;49;21
239;10936;St.Gallen Stadt Burgstr. 59;29.04.2020;Mittwoch;2;13;3;8;5;8;36;118;216;154;150;176;160;154;188;185;223;185;224;158;116;83;58;44;27
240;10936;St.Gallen Stadt Burgstr. 59;30.04.2020;Donnerstag;1;8;3;6;9;8;55;97;139;109;132;156;187;180;162;175;196;224;294;178;119;74;70;51;22
241;10936;St.Gallen Stadt Burgstr. 59;30.04.2020;Donnerstag;2;16;8;8;5;10;28;105;188;137;184;194;147;169;210;192;166;204;206;152;110;81;79;56;33
242;10936;St.Gallen Stadt Burgstr. 59;01.05.2020;Freitag;1;13;6;5;7;9;43;91;135;111;146;204;193;207;199;187;201;243;244;147;100;69;61;52;34
243;10936;St.Gallen Stadt Burgstr. 59;01.05.2020;Freitag;2;23;7;6;8;7;18;104;171;143;160;211;212;203;234;194;232;258;246;180;103;84;64;65;51
244;10936;St.Gallen Stadt Burgstr. 59;02.05.2020;Samstag;1;18;14;15;8;7;15;27;43;43;96;119;143;176;162;196;198;174;155;118;91;61;57;52;36
245;10936;St.Gallen Stadt Burgstr. 59;02.05.2020;Samstag;2;27;21;14;4;11;11;43;53;77;103;153;191;172;183;236;243;223;148;88;93;85;58;46;49
246;10936;St.Gallen Stadt Burgstr. 59;03.05.2020;Sonntag;1;27;18;14;5;2;5;12;8;22;39;53;63;87;93;105;122;113;118;109;102;92;85;50;27
247;10936;St.Gallen Stadt Burgstr. 59;03.05.2020;Sonntag;2;38;24;10;6;4;6;21;14;29;50;80;72;68;102;133;134;142;134;108;94;87;69;48;28
248;10936;St.Gallen Stadt Burgstr. 59;04.05.2020;Montag;1;12;5;6;6;9;55;104;147;121;128;177;210;155;179;172;179;265;295;161;95;74;58;38;29
249;10936;St.Gallen Stadt Burgstr. 59;04.05.2020;Montag;2;15;7;9;2;9;37;118;207;159;157;154;172;172;204;176;210;224;237;154;102;79;62;43;20
250;10936;St.Gallen Stadt Burgstr. 59;05.05.2020;Dienstag;1;12;5;4;7;12;48;102;156;146;123;152;170;174;167;191;180;243;299;150;107;68;51;33;27
251;10936;St.Gallen Stadt Burgstr. 59;05.05.2020;Dienstag;2;13;7;7;6;15;34;117;200;154;155;141;166;184;200;208;175;196;209;156;123;77;49;33;23
252;10936;St.Gallen Stadt Burgstr. 59;06.05.2020;Mittwoch;1;17;3;6;8;15;51;99;167;126;107;149;177;170;153;186;189;204;305;166;125;82;53;43;24
253;10936;St.Gallen Stadt Burgstr. 59;06.05.2020;Mittwoch;2;13;3;9;4;11;37;112;200;146;143;139;153;179;186;197;200;180;256;154;123;92;75;47;24
254;10936;St.Gallen Stadt Burgstr. 59;07.05.2020;Donnerstag;1;9;6;4;7;11;51;93;129;133;131;156;196;180;183;215;186;232;309;167;116;90;74;52;35
255;10936;St.Gallen Stadt Burgstr. 59;07.05.2020;Donnerstag;2;16;9;9;5;14;34;108;189;149;128;162;169;172;213;198;172;214;231;200;125;112;76;41;31
256;10936;St.Gallen Stadt Burgstr. 59;08.05.2020;Freitag;1;12;10;8;7;12;38;98;140;132;122;172;206;196;208;188;199;268;241;162;133;83;58;58;37
257;10936;St.Gallen Stadt Burgstr. 59;08.05.2020;Freitag;2;13;9;13;5;11;37;111;196;148;170;177;192;199;217;215;214;191;223;170;129;93;75;61;33
258;10936;St.Gallen Stadt Burgstr. 59;09.05.2020;Samstag;1;34;16;15;13;7;15;27;32;91;95;129;175;177;165;150;194;173;153;112;95;75;66;59;47
259;10936;St.Gallen Stadt Burgstr. 59;09.05.2020;Samstag;2;31;22;15;11;8;10;37;59;95;137;158;193;209;204;222;244;166;153;102;106;95;73;66;45
260;10936;St.Gallen Stadt Burgstr. 59;10.05.2020;Sonntag;1;34;19;11;4;4;7;7;17;16;33;72;73;88;91;103;93;148;130;117;122;108;79;53;15
261;10936;St.Gallen Stadt Burgstr. 59;10.05.2020;Sonntag;2;49;18;17;9;5;9;11;19;29;38;68;86;98;119;129;125;150;155;116;111;125;81;60;23
262;10936;St.Gallen Stadt Burgstr. 59;11.05.2020;Montag;1;10;6;3;7;13;47;107;163;158;136;176;230;183;177;206;193;262;300;177;123;80;46;35;20
263;10936;St.Gallen Stadt Burgstr. 59;11.05.2020;Montag;2;11;4;4;6;12;40;116;218;189;149;179;204;197;221;239;208;222;245;185;118;88;67;51;20
264;10936;St.Gallen Stadt Burgstr. 59;12.05.2020;Dienstag;1;8;8;4;7;14;46;106;155;152;140;163;189;151;194;193;217;276;278;165;144;78;66;45;26
265;10936;St.Gallen Stadt Burgstr. 59;12.05.2020;Dienstag;2;15;7;9;3;9;36;124;224;157;150;184;197;176;190;219;230;212;237;185;126;89;63;40;21
266;10936;St.Gallen Stadt Burgstr. 59;13.05.2020;Mittwoch;1;11;7;13;10;16;46;81;149;141;127;158;198;207;172;205;220;254;312;183;153;75;46;42;32
267;10936;St.Gallen Stadt Burgstr. 59;13.05.2020;Mittwoch;2;18;4;12;4;14;36;112;244;169;138;163;203;174;226;235;234;236;247;201;142;111;63;37;26
268;10936;St.Gallen Stadt Burgstr. 59;14.05.2020;Donnerstag;1;9;5;2;11;18;47;100;161;125;147;163;179;175;197;193;214;279;270;187;145;91;75;56;25
269;10936;St.Gallen Stadt Burgstr. 59;14.05.2020;Donnerstag;2;15;3;12;5;10;35;129;237;166;178;174;210;181;210;186;233;239;234;175;151;150;139;42;33
270;10936;St.Gallen Stadt Burgstr. 59;15.05.2020;Freitag;1;21;8;9;8;13;53;97;141;151;170;192;232;189;193;215;350;292;274;210;132;103;65;52;38
271;10936;St.Gallen Stadt Burgstr. 59;15.05.2020;Freitag;2;19;11;11;4;11;34;106;212;180;186;197;216;191;228;233;276;255;231;181;164;125;96;60;35
272;10936;St.Gallen Stadt Burgstr. 59;16.05.2020;Samstag;1;33;12;13;11;5;20;30;36;95;100;163;208;195;229;196;203;172;159;113;110;71;61;56;51
273;10936;St.Gallen Stadt Burgstr. 59;16.05.2020;Samstag;2;46;26;13;9;3;14;30;62;105;150;203;261;256;262;253;259;252;153;146;105;80;62;66;68
274;10936;St.Gallen Stadt Burgstr. 59;17.05.2020;Sonntag;1;46;29;23;11;10;8;11;20;23;35;48;77;90;92;107;109;116;146;113;110;84;65;48;34
275;10936;St.Gallen Stadt Burgstr. 59;17.05.2020;Sonntag;2;48;18;14;13;6;6;20;19;38;36;69;88;94;126;149;129;125;107;124;143;96;88;45;32
276;10936;St.Gallen Stadt Burgstr. 59;18.05.2020;Montag;1;13;5;5;8;13;43;106;161;148;137;155;224;191;185;192;203;261;307;161;127;78;74;41;27
277;10936;St.Gallen Stadt Burgstr. 59;18.05.2020;Montag;2;22;7;8;2;9;35;117;254;171;176;194;194;174;226;219;230;227;239;200;131;116;77;36;29
278;10936;St.Gallen Stadt Burgstr. 59;19.05.2020;Dienstag;1;12;4;6;5;13;47;109;150;148;160;167;184;186;210;197;221;289;300;186;127;98;84;65;33
279;10936;St.Gallen Stadt Burgstr. 59;19.05.2020;Dienstag;2;16;5;9;3;9;44;110;229;163;163;176;214;172;201;204;200;216;250;209;138;134;70;61;32
280;10936;St.Gallen Stadt Burgstr. 59;20.05.2020;Mittwoch;1;17;8;5;6;14;57;103;164;151;173;191;247;179;210;225;225;284;295;199;133;78;61;66;36
281;10936;St.Gallen Stadt Burgstr. 59;20.05.2020;Mittwoch;2;12;10;7;3;8;41;101;219;214;185;170;205;179;243;239;218;260;284;210;143;111;78;62;47
282;10936;St.Gallen Stadt Burgstr. 59;21.05.2020;Donnerstag;1;41;16;14;7;3;6;8;24;39;66;91;80;97;86;100;83;105;124;120;109;95;70;70;38
283;10936;St.Gallen Stadt Burgstr. 59;21.05.2020;Donnerstag;2;41;17;13;7;3;7;16;27;46;76;94;113;124;131;137;101;123;125;104;106;94;80;50;39
284;10936;St.Gallen Stadt Burgstr. 59;22.05.2020;Freitag;1;17;13;3;9;12;43;37;90;123;140;171;223;174;192;240;226;223;245;164;122;90;73;70;45
285;10936;St.Gallen Stadt Burgstr. 59;22.05.2020;Freitag;2;26;17;9;1;7;28;60;125;149;184;212;224;201;239;281;225;240;207;191;131;97;90;69;38
286;10936;St.Gallen Stadt Burgstr. 59;23.05.2020;Samstag;1;32;19;15;9;12;18;22;40;85;107;159;188;169;182;196;184;169;141;87;70;67;47;61;39
287;10936;St.Gallen Stadt Burgstr. 59;23.05.2020;Samstag;2;33;17;17;13;7;10;41;52;79;122;197;239;220;246;240;228;217;138;114;103;83;80;64;45
288;10936;St.Gallen Stadt Burgstr. 59;24.05.2020;Sonntag;1;35;25;8;5;6;7;11;15;22;48;67;86;104;102;121;105;118;136;111;129;114;77;54;26
289;10936;St.Gallen Stadt Burgstr. 59;24.05.2020;Sonntag;2;31;23;13;4;5;7;15;15;31;55;77;103;95;119;133;123;129;135;157;109;100;84;55;26
290;10936;St.Gallen Stadt Burgstr. 59;25.05.2020;Montag;1;19;7;9;6;16;41;104;164;170;139;177;211;178;180;200;236;258;309;186;120;97;68;37;28
291;10936;St.Gallen Stadt Burgstr. 59;25.05.2020;Montag;2;14;10;5;7;13;35;99;248;167;144;167;182;176;236;218;201;220;216;196;139;94;90;52;33
292;10936;St.Gallen Stadt Burgstr. 59;26.05.2020;Dienstag;1;9;4;4;4;18;44;100;158;152;132;155;214;186;194;210;201;259;310;195;133;120;85;59;31
293;10936;St.Gallen Stadt Burgstr. 59;26.05.2020;Dienstag;2;7;6;5;2;11;45;106;208;158;171;185;189;156;230;215;197;211;234;193;123;116;102;68;41
294;10936;St.Gallen Stadt Burgstr. 59;27.05.2020;Mittwoch;1;12;7;2;10;17;51;100;156;141;159;156;256;188;188;185;188;268;334;193;115;91;93;64;36
295;10936;St.Gallen Stadt Burgstr. 59;27.05.2020;Mittwoch;2;17;7;5;6;14;36;97;220;176;171;193;189;150;243;229;202;216;237;185;141;127;99;62;34
296;10936;St.Gallen Stadt Burgstr. 59;28.05.2020;Donnerstag;1;19;6;5;8;18;46;106;169;157;172;185;219;170;194;202;224;285;335;201;149;108;83;56;40
297;10936;St.Gallen Stadt Burgstr. 59;28.05.2020;Donnerstag;2;26;7;9;7;11;32;112;213;198;167;175;211;169;224;207;220;249;266;240;167;131;156;111;35
298;10936;St.Gallen Stadt Burgstr. 59;29.05.2020;Freitag;1;18;14;4;8;14;49;95;147;172;168;185;226;205;226;244;270;283;286;202;153;101;78;65;41
299;10936;St.Gallen Stadt Burgstr. 59;29.05.2020;Freitag;2;18;16;12;3;7;43;114;197;200;179;192;242;218;254;241;226;243;254;231;138;118;98;70;47
300;10936;St.Gallen Stadt Burgstr. 59;30.05.2020;Samstag;1;32;17;10;11;13;24;26;51;80;145;181;213;199;185;236;176;197;167;116;83;91;79;46;48
301;10936;St.Gallen Stadt Burgstr. 59;30.05.2020;Samstag;2;38;20;10;8;12;13;40;59;106;164;220;242;271;247;267;228;211;166;139;91;112;97;55;50
302;10936;St.Gallen Stadt Burgstr. 59;31.05.2020;Sonntag;1;48;26;12;7;6;8;5;19;26;48;74;82;102;82;101;98;106;126;112;104;96;66;57;41
303;10936;St.Gallen Stadt Burgstr. 59;31.05.2020;Sonntag;2;38;25;15;7;4;12;20;21;37;71;77;88;128;121;145;136;140;108;121;109;108;90;63;38
304;10936;St.Gallen Stadt Burgstr. 59;01.06.2020;Montag;1;35;20;7;6;2;7;12;18;32;60;79;75;82;90;98;103;127;111;129;116;110;67;41;21
305;10936;St.Gallen Stadt Burgstr. 59;01.06.2020;Montag;2;40;24;15;8;9;4;16;24;45;79;80;99;116;129;142;116;113;111;135;108;99;77;33;24
306;10936;St.Gallen Stadt Burgstr. 59;02.06.2020;Dienstag;1;17;9;8;10;11;42;115;145;151;144;173;202;173;169;173;211;244;324;212;134;87;72;77;27
307;10936;St.Gallen Stadt Burgstr. 59;02.06.2020;Dienstag;2;15;9;6;0;14;42;113;214;199;174;174;187;203;223;209;201;226;228;204;115;115;76;58;24
308;10936;St.Gallen Stadt Burgstr. 59;03.06.2020;Mittwoch;1;11;8;5;15;16;45;94;163;144;153;154;197;163;187;194;201;276;267;223;151;103;57;65;27
309;10936;St.Gallen Stadt Burgstr. 59;03.06.2020;Mittwoch;2;19;6;7;4;13;42;122;211;167;167;165;206;159;232;211;230;210;239;223;149;136;118;55;26
310;10936;St.Gallen Stadt Burgstr. 59;04.06.2020;Donnerstag;1;19;6;7;8;13;45;103;166;161;168;200;212;174;192;190;246;274;295;219;144;87;72;50;29
311;10936;St.Gallen Stadt Burgstr. 59;04.06.2020;Donnerstag;2;16;9;12;4;13;44;108;208;180;181;175;209;142;213;243;214;241;267;197;133;134;142;114;40
312;10936;St.Gallen Stadt Burgstr. 59;05.06.2020;Freitag;1;16;3;5;12;15;41;102;152;167;168;217;220;212;207;202;235;284;265;208;125;115;72;72;50
313;10936;St.Gallen Stadt Burgstr. 59;05.06.2020;Freitag;2;13;10;11;7;12;37;113;221;180;205;210;241;200;245;244;241;239;235;217;147;144;109;75;49
314;10936;St.Gallen Stadt Burgstr. 59;06.06.2020;Samstag;1;35;16;19;17;7;16;23;44;81;152;190;198;174;220;198;197;231;151;111;81;83;69;60;50
315;10936;St.Gallen Stadt Burgstr. 59;06.06.2020;Samstag;2;43;15;15;10;9;17;39;49;104;162;240;232;274;241;287;261;255;157;125;97;98;84;48;55
316;10936;St.Gallen Stadt Burgstr. 59;07.06.2020;Sonntag;1;58;33;16;15;10;9;6;11;18;53;66;81;83;68;115;90;106;96;97;88;103;69;60;34
317;10936;St.Gallen Stadt Burgstr. 59;07.06.2020;Sonntag;2;49;29;19;8;6;6;17;20;31;43;101;84;103;103;122;106;121;130;110;102;120;85;82;39
318;10936;St.Gallen Stadt Burgstr. 59;08.06.2020;Montag;1;14;10;6;10;25;42;108;175;143;150;180;211;207;218;217;223;309;307;184;162;92;56;48;36
319;10936;St.Gallen Stadt Burgstr. 59;08.06.2020;Montag;2;17;14;8;6;12;41;117;229;166;181;175;190;172;204;203;226;221;237;196;150;106;115;82;32
320;10936;St.Gallen Stadt Burgstr. 59;09.06.2020;Dienstag;1;13;13;12;10;15;50;105;175;162;139;148;190;171;202;163;215;301;345;213;143;108;112;77;42
321;10936;St.Gallen Stadt Burgstr. 59;09.06.2020;Dienstag;2;22;9;11;7;13;44;124;203;187;165;163;168;143;191;196;252;235;252;233;148;93;144;94;43
322;10936;St.Gallen Stadt Burgstr. 59;10.06.2020;Mittwoch;1;20;9;10;7;27;42;95;169;149;140;181;217;189;185;183;212;317;339;212;164;100;105;59;27
323;10936;St.Gallen Stadt Burgstr. 59;10.06.2020;Mittwoch;2;24;8;13;4;19;41;127;237;167;159;197;206;164;226;229;230;241;257;216;161;115;90;49;28
324;10936;St.Gallen Stadt Burgstr. 59;11.06.2020;Donnerstag;1;16;7;1;7;15;38;106;153;158;147;167;198;183;218;209;224;279;290;225;155;124;101;65;52
325;10936;St.Gallen Stadt Burgstr. 59;11.06.2020;Donnerstag;2;23;6;8;8;10;44;92;215;181;174;184;202;170;212;209;223;256;257;237;187;125;124;57;48
326;10936;St.Gallen Stadt Burgstr. 59;12.06.2020;Freitag;1;30;13;4;5;15;43;106;139;163;144;185;215;189;202;181;216;319;250;146;143;93;85;74;51
327;10936;St.Gallen Stadt Burgstr. 59;12.06.2020;Freitag;2;29;7;6;5;5;42;115;213;184;169;185;219;182;201;194;210;223;227;235;163;102;98;76;62
328;10936;St.Gallen Stadt Burgstr. 59;13.06.2020;Samstag;1;57;29;17;18;6;26;22;42;90;130;169;195;206;193;191;193;195;152;148;88;81;57;63;50
329;10936;St.Gallen Stadt Burgstr. 59;13.06.2020;Samstag;2;53;24;16;10;8;21;29;60;105;164;193;233;250;217;232;205;217;152;132;101;100;59;71;54
330;10936;St.Gallen Stadt Burgstr. 59;14.06.2020;Sonntag;1;52;33;8;14;6;7;15;12;19;47;67;79;87;91;103;111;105;109;113;108;95;51;38;21
331;10936;St.Gallen Stadt Burgstr. 59;14.06.2020;Sonntag;2;52;28;21;13;8;10;18;16;25;59;65;94;108;106;116;111;111;116;123;123;91;60;40;24
332;10936;St.Gallen Stadt Burgstr. 59;15.06.2020;Montag;1;12;9;3;9;14;35;122;147;174;144;174;198;173;168;169;205;249;327;191;124;78;77;52;24
333;10936;St.Gallen Stadt Burgstr. 59;15.06.2020;Montag;2;10;6;6;1;12;38;124;213;178;180;172;180;131;192;207;208;255;197;228;130;95;89;43;22
334;10936;St.Gallen Stadt Burgstr. 59;16.06.2020;Dienstag;1;15;8;5;9;14;50;90;162;140;135;166;191;178;174;177;212;244;283;204;154;100;108;56;27
335;10936;St.Gallen Stadt Burgstr. 59;16.06.2020;Dienstag;2;9;5;10;1;10;48;118;230;192;142;156;211;160;198;185;196;228;219;206;156;100;85;48;28
336;10936;St.Gallen Stadt Burgstr. 59;17.06.2020;Mittwoch;1;12;8;5;15;15;54;100;147;160;153;177;228;169;218;207;195;294;300;196;152;117;93;56;35
337;10936;St.Gallen Stadt Burgstr. 59;17.06.2020;Mittwoch;2;10;6;9;3;12;51;123;201;195;149;190;205;185;201;209;199;219;254;187;140;104;91;73;30
338;10936;St.Gallen Stadt Burgstr. 59;18.06.2020;Donnerstag;1;17;13;6;10;18;48;99;151;154;167;171;223;170;193;193;224;261;380;189;153;110;72;79;37
339;10936;St.Gallen Stadt Burgstr. 59;18.06.2020;Donnerstag;2;12;3;9;5;14;42;115;202;187;170;196;186;162;234;205;220;241;261;203;179;122;93;60;41
340;10936;St.Gallen Stadt Burgstr. 59;19.06.2020;Freitag;1;23;13;9;9;14;46;99;146;168;159;188;245;190;184;218;253;258;269;188;144;93;79;75;46
341;10936;St.Gallen Stadt Burgstr. 59;19.06.2020;Freitag;2;18;13;8;7;12;39;111;210;214;175;201;225;212;207;197;212;215;239;200;130;113;102;76;56
342;10936;St.Gallen Stadt Burgstr. 59;20.06.2020;Samstag;1;69;25;17;18;12;16;31;50;111;121;152;222;171;200;212;182;181;141;124;100;80;68;71;60
343;10936;St.Gallen Stadt Burgstr. 59;20.06.2020;Samstag;2;55;29;17;8;11;18;29;70;120;149;199;215;231;202;232;194;197;136;136;117;79;83;62;60
344;10936;St.Gallen Stadt Burgstr. 59;21.06.2020;Sonntag;1;63;28;7;9;6;6;10;13;26;48;60;81;77;83;90;104;117;128;139;90;92;82;50;33
345;10936;St.Gallen Stadt Burgstr. 59;21.06.2020;Sonntag;2;45;31;14;7;13;6;13;22;37;63;73;107;121;117;132;131;116;113;118;97;96;68;58;30
346;10936;St.Gallen Stadt Burgstr. 59;22.06.2020;Montag;1;15;8;4;8;17;41;105;147;165;161;164;208;171;201;198;227;283;328;218;150;96;95;77;32
347;10936;St.Gallen Stadt Burgstr. 59;22.06.2020;Montag;2;13;8;5;2;13;34;112;223;206;173;170;169;140;235;215;224;220;206;196;168;106;90;65;32
348;10936;St.Gallen Stadt Burgstr. 59;23.06.2020;Dienstag;1;21;11;6;6;15;50;93;158;174;178;160;200;164;183;186;208;262;336;213;151;102;98;64;30
349;10936;St.Gallen Stadt Burgstr. 59;23.06.2020;Dienstag;2;15;5;8;2;13;44;111;229;245;169;175;190;172;237;198;224;200;235;210;163;107;97;63;35
350;10936;St.Gallen Stadt Burgstr. 59;24.06.2020;Mittwoch;1;15;13;5;6;14;53;93;153;147;163;184;228;184;196;202;219;269;298;201;153;112;127;80;38
351;10936;St.Gallen Stadt Burgstr. 59;24.06.2020;Mittwoch;2;14;7;8;4;15;37;113;226;193;172;157;199;158;220;201;236;229;221;208;151;107;93;61;43
352;10936;St.Gallen Stadt Burgstr. 59;25.06.2020;Donnerstag;1;20;5;5;8;16;57;103;146;162;154;164;229;184;202;186;316;301;310;215;195;127;118;88;49
353;10936;St.Gallen Stadt Burgstr. 59;25.06.2020;Donnerstag;2;15;4;9;4;17;40;103;226;232;177;181;197;160;219;212;300;293;237;239;183;110;110;81;39
354;10936;St.Gallen Stadt Burgstr. 59;26.06.2020;Freitag;1;27;15;10;9;18;54;111;165;184;170;202;256;202;223;243;259;291;260;212;165;104;77;104;59
355;10936;St.Gallen Stadt Burgstr. 59;26.06.2020;Freitag;2;19;15;8;8;13;42;117;213;204;170;218;242;204;226;249;241;216;249;230;160;112;97;74;67
356;10936;St.Gallen Stadt Burgstr. 59;27.06.2020;Samstag;1;57;34;12;19;20;22;31;40;82;145;160;200;221;176;205;179;190;186;133;108;96;79;76;65
357;10936;St.Gallen Stadt Burgstr. 59;27.06.2020;Samstag;2;36;23;24;21;20;20;46;66;111;154;202;217;226;222;209;188;224;165;128;99;92;84;79;66
358;10936;St.Gallen Stadt Burgstr. 59;28.06.2020;Sonntag;1;51;56;35;25;16;11;9;21;33;49;84;78;111;96;131;136;124;105;98;104;121;88;50;29
359;10936;St.Gallen Stadt Burgstr. 59;28.06.2020;Sonntag;2;71;50;29;21;19;18;20;14;38;77;75;98;106;111;136;131;105;119;137;119;116;76;35;22
360;10936;St.Gallen Stadt Burgstr. 59;29.06.2020;Montag;1;13;10;8;5;12;47;103;154;145;160;171;220;183;192;201;215;295;346;202;170;126;95;58;37
361;10936;St.Gallen Stadt Burgstr. 59;29.06.2020;Montag;2;19;7;8;4;13;36;123;231;194;179;180;189;164;226;243;218;245;222;215;146;114;111;55;30
362;10936;St.Gallen Stadt Burgstr. 59;30.06.2020;Dienstag;1;13;9;5;8;17;51;94;140;152;165;175;230;185;188;195;194;280;326;213;185;102;108;77;39
363;10936;St.Gallen Stadt Burgstr. 59;30.06.2020;Dienstag;2;19;4;9;5;14;33;126;239;188;169;188;185;181;209;200;234;198;225;232;149;129;91;72;29
