LNR;ORT-ID;BEZEICHNUNG;DATUM;WOCHENTAG;RI;1;2;3;4;5;6;7;8;9;10;11;12;13;14;15;16;17;18;19;20;21;22;23;24
0;10917;St.Gallen Stadt Mühlegg;01.01.2020;Mittwoch;1;35;54;35;28;15;13;17;19;17;21;38;47;49;75;78;83;99;94;71;48;39;34;25;14
1;10917;St.Gallen Stadt Mühlegg;01.01.2020;Mittwoch;2;40;49;30;26;16;10;11;15;16;26;41;44;46;53;82;80;100;76;68;41;30;34;20;11
2;10917;St.Gallen Stadt Mühlegg;02.01.2020;Donnerstag;1;7;8;2;2;1;13;19;40;45;64;94;114;106;121;164;129;121;116;94;73;52;41;33;25
3;10917;St.Gallen Stadt Mühlegg;02.01.2020;Donnerstag;2;8;4;2;2;3;10;41;47;79;81;102;83;74;119;152;145;143;96;68;47;32;27;30;15
4;10917;St.Gallen Stadt Mühlegg;03.01.2020;Freitag;1;14;4;3;1;8;12;27;44;54;70;90;130;110;105;136;131;140;161;138;64;44;29;45;30
5;10917;St.Gallen Stadt Mühlegg;03.01.2020;Freitag;2;8;2;3;2;6;19;58;84;76;102;125;109;109;122;132;104;103;98;58;60;43;30;24;27
6;10917;St.Gallen Stadt Mühlegg;04.01.2020;Samstag;1;23;7;9;4;7;10;18;25;45;86;87;139;127;134;124;116;149;125;74;43;50;32;38;35
7;10917;St.Gallen Stadt Mühlegg;04.01.2020;Samstag;2;24;7;1;3;6;8;24;31;83;111;123;117;94;102;128;106;99;89;48;41;35;43;30;33
8;10917;St.Gallen Stadt Mühlegg;05.01.2020;Sonntag;1;25;15;19;9;10;12;13;13;18;48;81;92;110;141;126;134;108;96;80;76;52;37;21;14
9;10917;St.Gallen Stadt Mühlegg;05.01.2020;Sonntag;2;23;9;7;3;6;10;19;22;39;52;85;78;87;117;131;148;143;101;65;77;35;22;12;12
10;10917;St.Gallen Stadt Mühlegg;06.01.2020;Montag;1;5;3;3;3;7;12;41;78;90;85;116;135;123;107;134;117;153;241;180;104;70;41;36;17
11;10917;St.Gallen Stadt Mühlegg;06.01.2020;Montag;2;5;2;2;3;6;39;123;170;139;116;98;108;85;146;104;118;134;126;110;65;51;26;16;10
12;10917;St.Gallen Stadt Mühlegg;07.01.2020;Dienstag;1;15;2;3;2;4;19;45;91;97;85;124;114;105;103;99;125;144;241;160;106;70;66;52;22
13;10917;St.Gallen Stadt Mühlegg;07.01.2020;Dienstag;2;7;2;2;7;9;29;118;178;133;111;104;105;92;136;113;104;124;112;107;84;40;32;30;15
14;10917;St.Gallen Stadt Mühlegg;08.01.2020;Mittwoch;1;8;5;4;2;2;15;35;101;86;86;106;141;113;113;97;136;169;232;156;101;72;62;45;22
15;10917;St.Gallen Stadt Mühlegg;08.01.2020;Mittwoch;2;8;3;3;4;8;29;123;180;132;128;95;124;91;138;123;121;146;126;101;76;40;28;27;10
16;10917;St.Gallen Stadt Mühlegg;09.01.2020;Donnerstag;1;9;3;3;1;5;14;41;91;102;89;115;143;121;108;109;135;182;273;170;120;67;55;66;31
17;10917;St.Gallen Stadt Mühlegg;09.01.2020;Donnerstag;2;8;4;5;3;6;31;121;191;128;114;111;105;85;149;131;116;177;213;96;93;56;37;21;19
18;10917;St.Gallen Stadt Mühlegg;10.01.2020;Freitag;1;12;4;1;2;8;16;41;91;93;99;150;138;117;117;129;141;197;262;152;104;88;36;61;44
19;10917;St.Gallen Stadt Mühlegg;10.01.2020;Freitag;2;7;3;2;5;13;24;111;175;165;116;114;109;94;135;125;127;130;120;106;89;49;37;40;45
20;10917;St.Gallen Stadt Mühlegg;11.01.2020;Samstag;1;30;26;14;7;10;8;19;30;55;100;112;167;170;126;151;138;138;148;88;55;55;50;44;35
21;10917;St.Gallen Stadt Mühlegg;11.01.2020;Samstag;2;22;17;0;9;7;13;28;48;110;131;151;124;102;129;99;131;135;106;71;65;52;52;31;31
22;10917;St.Gallen Stadt Mühlegg;12.01.2020;Sonntag;1;36;26;12;12;12;8;13;11;24;42;69;97;118;177;144;144;121;121;89;65;42;33;27;14
23;10917;St.Gallen Stadt Mühlegg;12.01.2020;Sonntag;2;26;19;6;3;14;6;12;19;43;49;57;105;76;147;133;164;159;124;59;54;39;26;22;10
24;10917;St.Gallen Stadt Mühlegg;13.01.2020;Montag;1;8;2;4;2;6;17;47;96;90;81;108;138;102;94;113;107;176;224;193;101;85;58;43;20
25;10917;St.Gallen Stadt Mühlegg;13.01.2020;Montag;2;6;1;4;3;4;37;131;188;136;101;97;83;77;129;101;126;121;120;95;82;43;36;22;19
26;10917;St.Gallen Stadt Mühlegg;14.01.2020;Dienstag;1;10;4;3;3;5;20;43;112;107;72;103;133;114;124;103;107;156;239;166;116;74;61;60;23
27;10917;St.Gallen Stadt Mühlegg;14.01.2020;Dienstag;2;8;3;4;12;7;38;123;191;139;104;103;99;70;128;124;104;136;133;87;82;49;30;21;27
28;10917;St.Gallen Stadt Mühlegg;15.01.2020;Mittwoch;1;11;4;1;2;7;15;41;86;89;84;132;150;126;139;127;129;174;227;145;113;74;66;62;23
29;10917;St.Gallen Stadt Mühlegg;15.01.2020;Mittwoch;2;15;3;4;4;6;32;128;180;142;102;105;113;98;135;158;145;149;127;96;81;49;37;29;14
30;10917;St.Gallen Stadt Mühlegg;16.01.2020;Donnerstag;1;13;4;0;7;4;15;47;133;176;150;179;179;147;126;128;146;169;218;160;112;87;72;53;33
31;10917;St.Gallen Stadt Mühlegg;16.01.2020;Donnerstag;2;9;3;3;8;7;36;133;232;319;240;176;129;93;142;102;129;137;125;113;103;48;36;28;13
32;10917;St.Gallen Stadt Mühlegg;17.01.2020;Freitag;1;14;3;6;3;11;22;35;92;113;105;126;155;139;154;125;148;201;224;255;139;60;63;51;43
33;10917;St.Gallen Stadt Mühlegg;17.01.2020;Freitag;2;9;3;4;5;6;32;107;178;165;121;132;111;97;158;122;145;150;125;118;77;64;42;57;39
34;10917;St.Gallen Stadt Mühlegg;18.01.2020;Samstag;1;36;20;15;9;5;14;11;28;53;102;123;152;124;102;124;144;161;136;82;75;52;34;43;41
35;10917;St.Gallen Stadt Mühlegg;18.01.2020;Samstag;2;20;16;6;14;5;12;23;61;97;128;126;138;111;122;124;119;95;86;75;43;53;50;49;41
36;10917;St.Gallen Stadt Mühlegg;19.01.2020;Sonntag;1;39;29;18;8;12;9;10;9;24;54;57;85;95;94;99;108;108;106;77;80;46;34;27;14
37;10917;St.Gallen Stadt Mühlegg;19.01.2020;Sonntag;2;22;16;8;5;5;8;16;19;38;67;85;86;76;89;95;109;116;91;68;62;49;35;19;6
38;10917;St.Gallen Stadt Mühlegg;20.01.2020;Montag;1;9;4;4;0;8;19;52;101;102;100;107;125;123;100;117;113;142;228;184;121;78;60;56;20
39;10917;St.Gallen Stadt Mühlegg;20.01.2020;Montag;2;7;3;7;1;12;28;148;183;155;112;116;100;94;141;98;123;118;113;99;84;44;31;25;10
40;10917;St.Gallen Stadt Mühlegg;21.01.2020;Dienstag;1;12;2;5;3;6;19;42;114;95;91;114;146;120;114;121;133;143;211;202;109;78;63;53;26
41;10917;St.Gallen Stadt Mühlegg;21.01.2020;Dienstag;2;10;5;4;2;5;30;141;177;154;114;103;120;92;139;107;105;140;128;101;73;54;40;23;13
42;10917;St.Gallen Stadt Mühlegg;22.01.2020;Mittwoch;1;10;3;1;0;7;17;47;100;95;76;117;160;124;106;117;130;162;229;182;93;82;65;47;32
43;10917;St.Gallen Stadt Mühlegg;22.01.2020;Mittwoch;2;9;3;5;3;6;28;134;175;148;116;103;104;99;138;116;126;161;121;103;66;37;37;27;19
44;10917;St.Gallen Stadt Mühlegg;23.01.2020;Donnerstag;1;12;6;5;1;3;16;48;104;89;104;112;145;107;112;110;131;158;205;212;115;81;63;56;35
45;10917;St.Gallen Stadt Mühlegg;23.01.2020;Donnerstag;2;6;5;3;2;6;34;107;165;144;117;108;117;83;136;101;114;133;141;115;78;51;31;30;15
46;10917;St.Gallen Stadt Mühlegg;24.01.2020;Freitag;1;20;7;4;0;4;20;50;86;111;94;120;164;123;137;142;180;210;222;169;111;45;58;45;31
47;10917;St.Gallen Stadt Mühlegg;24.01.2020;Freitag;2;12;5;4;2;7;28;110;174;129;121;113;106;109;148;121;172;154;139;97;73;51;44;39;23
48;10917;St.Gallen Stadt Mühlegg;25.01.2020;Samstag;1;24;24;15;10;4;16;19;35;69;103;129;164;116;112;141;133;132;121;94;67;38;29;35;40
49;10917;St.Gallen Stadt Mühlegg;25.01.2020;Samstag;2;16;13;7;7;7;12;30;64;86;133;135;128;124;111;134;116;114;81;78;58;40;31;36;27
50;10917;St.Gallen Stadt Mühlegg;26.01.2020;Sonntag;1;28;15;9;18;10;11;16;11;22;42;53;70;95;130;144;117;93;86;115;63;47;27;24;13
51;10917;St.Gallen Stadt Mühlegg;26.01.2020;Sonntag;2;18;11;7;10;11;10;16;13;31;47;72;65;90;90;104;145;148;99;55;49;36;29;10;8
52;10917;St.Gallen Stadt Mühlegg;27.01.2020;Montag;1;13;4;1;0;6;15;36;74;127;95;95;113;83;157;218;125;143;196;127;94;60;40;30;18
53;10917;St.Gallen Stadt Mühlegg;27.01.2020;Montag;2;6;3;1;1;4;26;109;126;71;92;84;98;76;53;3;87;127;105;77;49;40;20;16;10
54;10917;St.Gallen Stadt Mühlegg;28.01.2020;Dienstag;1;8;3;1;2;6;17;45;103;197;93;81;167;105;82;85;98;130;198;131;67;65;49;31;19
55;10917;St.Gallen Stadt Mühlegg;28.01.2020;Dienstag;2;6;1;2;1;5;25;112;130;1;112;99;26;82;125;86;99;96;101;65;57;31;25;19;8
56;10917;St.Gallen Stadt Mühlegg;29.01.2020;Mittwoch;1;9;5;4;2;8;21;43;78;67;74;96;113;104;99;106;103;137;164;137;88;66;47;46;21
57;10917;St.Gallen Stadt Mühlegg;29.01.2020;Mittwoch;2;5;4;5;5;8;24;109;107;101;107;93;97;78;135;103;85;96;83;84;66;38;37;18;10
58;10917;St.Gallen Stadt Mühlegg;30.01.2020;Donnerstag;1;13;5;3;3;7;14;41;84;87;86;85;122;95;106;99;119;119;178;148;107;60;72;49;21
59;10917;St.Gallen Stadt Mühlegg;30.01.2020;Donnerstag;2;6;3;3;3;4;24;92;144;108;107;84;99;78;119;126;107;105;101;74;75;36;30;23;13
60;10917;St.Gallen Stadt Mühlegg;31.01.2020;Freitag;1;12;8;6;2;7;17;35;89;75;94;88;109;124;100;109;116;147;187;118;90;55;35;45;37
61;10917;St.Gallen Stadt Mühlegg;31.01.2020;Freitag;2;5;6;8;2;6;28;86;131;111;108;109;117;104;119;110;110;109;120;89;73;42;31;27;27
62;10917;St.Gallen Stadt Mühlegg;01.02.2020;Samstag;1;21;14;12;11;6;12;14;42;54;86;128;131;131;121;136;125;144;115;58;71;45;42;36;39
63;10917;St.Gallen Stadt Mühlegg;01.02.2020;Samstag;2;14;9;6;5;5;10;19;47;74;120;119;119;112;108;118;128;92;83;64;64;52;37;28;17
64;10917;St.Gallen Stadt Mühlegg;02.02.2020;Sonntag;1;30;13;22;10;7;8;10;12;21;58;52;71;88;101;97;105;94;73;78;77;62;39;31;10
65;10917;St.Gallen Stadt Mühlegg;02.02.2020;Sonntag;2;21;9;5;3;4;7;9;11;37;66;75;78;80;84;91;93;109;89;65;52;48;27;14;7
66;10917;St.Gallen Stadt Mühlegg;03.02.2020;Montag;1;7;6;2;1;5;13;42;85;100;83;107;115;126;122;113;124;148;230;172;120;64;52;47;29
67;10917;St.Gallen Stadt Mühlegg;03.02.2020;Montag;2;6;3;3;3;13;28;119;164;152;121;93;99;97;144;126;126;119;107;106;70;51;37;22;13
68;10917;St.Gallen Stadt Mühlegg;04.02.2020;Dienstag;1;11;8;4;2;6;16;43;122;104;82;107;134;94;108;95;101;135;229;198;121;69;58;48;16
69;10917;St.Gallen Stadt Mühlegg;04.02.2020;Dienstag;2;6;1;4;3;16;28;123;176;130;99;87;116;91;149;99;91;112;113;95;82;52;40;24;13
70;10917;St.Gallen Stadt Mühlegg;05.02.2020;Mittwoch;1;8;6;4;1;5;17;48;111;103;100;105;141;131;95;119;139;155;225;148;106;65;75;64;20
71;10917;St.Gallen Stadt Mühlegg;05.02.2020;Mittwoch;2;9;2;3;5;9;34;123;183;150;96;103;107;89;153;114;87;132;125;116;75;48;41;23;8
72;10917;St.Gallen Stadt Mühlegg;06.02.2020;Donnerstag;1;11;3;4;1;3;13;40;115;90;98;100;151;122;129;99;111;147;212;180;106;87;51;39;32
73;10917;St.Gallen Stadt Mühlegg;06.02.2020;Donnerstag;2;7;2;3;3;7;27;119;192;131;108;112;107;115;149;126;91;131;131;112;91;51;33;27;31
74;10917;St.Gallen Stadt Mühlegg;07.02.2020;Freitag;1;14;4;3;2;5;21;53;108;97;99;129;145;129;139;125;146;174;235;165;104;52;54;65;51
75;10917;St.Gallen Stadt Mühlegg;07.02.2020;Freitag;2;5;3;3;3;10;30;120;172;148;99;100;131;93;147;146;126;135;130;104;83;39;37;49;22
76;10917;St.Gallen Stadt Mühlegg;08.02.2020;Samstag;1;23;13;14;6;12;8;20;41;68;91;132;148;133;111;133;138;154;134;87;66;47;42;39;34
77;10917;St.Gallen Stadt Mühlegg;08.02.2020;Samstag;2;22;14;8;8;5;7;33;55;86;132;131;135;126;137;124;145;126;105;80;73;42;48;35;27
78;10917;St.Gallen Stadt Mühlegg;09.02.2020;Sonntag;1;31;20;21;8;11;10;18;14;26;45;57;114;123;118;126;123;89;101;160;96;49;30;22;10
79;10917;St.Gallen Stadt Mühlegg;09.02.2020;Sonntag;2;21;12;7;12;8;9;10;25;37;68;101;102;86;97;154;162;136;94;69;62;54;22;13;8
80;10917;St.Gallen Stadt Mühlegg;10.02.2020;Montag;1;8;2;3;0;5;15;38;113;82;75;99;120;115;92;103;127;180;252;186;113;61;60;39;21
81;10917;St.Gallen Stadt Mühlegg;10.02.2020;Montag;2;3;4;6;3;9;33;128;180;140;96;71;104;74;146;109;96;107;124;85;82;53;19;31;7
82;10917;St.Gallen Stadt Mühlegg;11.02.2020;Dienstag;1;8;1;2;1;10;14;44;99;93;102;114;152;105;101;82;114;139;230;163;116;84;64;50;24
83;10917;St.Gallen Stadt Mühlegg;11.02.2020;Dienstag;2;6;2;6;2;4;37;130;196;140;104;93;98;79;129;106;98;108;135;109;81;51;33;30;11
84;10917;St.Gallen Stadt Mühlegg;12.02.2020;Mittwoch;1;7;6;0;0;9;16;38;103;90;80;107;136;123;119;107;125;153;224;155;118;67;54;64;23
85;10917;St.Gallen Stadt Mühlegg;12.02.2020;Mittwoch;2;6;3;5;3;7;34;122;175;152;110;98;105;100;132;131;136;137;100;93;79;43;37;28;15
86;10917;St.Gallen Stadt Mühlegg;13.02.2020;Donnerstag;1;13;7;1;2;8;15;39;94;97;92;106;151;102;111;125;119;179;228;181;122;72;73;43;28
87;10917;St.Gallen Stadt Mühlegg;13.02.2020;Donnerstag;2;5;5;4;2;6;28;128;194;121;118;121;112;78;142;113;116;124;115;112;91;57;41;24;18
88;10917;St.Gallen Stadt Mühlegg;14.02.2020;Freitag;1;18;9;3;1;8;15;44;95;95;104;94;157;131;125;118;151;206;213;189;108;76;54;58;67
89;10917;St.Gallen Stadt Mühlegg;14.02.2020;Freitag;2;8;4;3;3;12;23;106;185;154;131;104;118;96;146;124;126;129;127;127;89;53;42;40;31
90;10917;St.Gallen Stadt Mühlegg;15.02.2020;Samstag;1;25;29;12;9;10;9;31;43;59;91;105;141;148;138;162;145;130;154;119;51;61;45;47;35
91;10917;St.Gallen Stadt Mühlegg;15.02.2020;Samstag;2;22;9;9;8;9;10;31;66;103;122;137;138;144;126;113;124;108;86;117;64;53;52;44;34
92;10917;St.Gallen Stadt Mühlegg;16.02.2020;Sonntag;1;30;27;11;14;5;7;13;21;31;60;62;79;79;101;105;115;102;113;81;63;45;39;30;10
93;10917;St.Gallen Stadt Mühlegg;16.02.2020;Sonntag;2;25;19;4;5;5;7;17;21;46;62;102;95;81;98;108;101;115;124;82;65;38;33;16;7
94;10917;St.Gallen Stadt Mühlegg;17.02.2020;Montag;1;10;4;4;0;6;13;52;112;82;81;111;147;119;119;106;130;155;236;164;110;74;50;57;21
95;10917;St.Gallen Stadt Mühlegg;17.02.2020;Montag;2;5;3;4;2;7;27;116;196;140;116;102;98;95;143;114;100;128;131;94;78;49;28;22;11
96;10917;St.Gallen Stadt Mühlegg;18.02.2020;Dienstag;1;9;7;2;2;10;18;43;103;97;97;103;130;126;106;108;108;143;234;186;115;85;69;44;18
97;10917;St.Gallen Stadt Mühlegg;18.02.2020;Dienstag;2;5;3;4;3;12;29;128;190;138;98;123;98;82;141;121;105;127;123;83;81;50;32;35;17
98;10917;St.Gallen Stadt Mühlegg;19.02.2020;Mittwoch;1;13;5;1;2;4;24;45;111;99;92;128;142;134;106;124;135;154;234;174;88;79;65;69;20
99;10917;St.Gallen Stadt Mühlegg;19.02.2020;Mittwoch;2;6;3;4;1;8;33;126;200;161;104;97;123;101;160;99;116;134;139;103;86;42;30;23;21
100;10917;St.Gallen Stadt Mühlegg;20.02.2020;Donnerstag;1;11;5;0;1;8;15;47;112;101;92;128;130;151;101;92;123;152;202;187;100;86;66;35;34
101;10917;St.Gallen Stadt Mühlegg;20.02.2020;Donnerstag;2;8;4;3;5;7;32;113;182;154;129;94;109;94;127;132;98;130;137;111;88;71;40;32;20
102;10917;St.Gallen Stadt Mühlegg;21.02.2020;Freitag;1;17;10;2;2;6;18;48;106;102;91;118;160;130;121;131;137;174;243;157;119;81;50;50;48
103;10917;St.Gallen Stadt Mühlegg;21.02.2020;Freitag;2;12;3;4;5;8;33;117;182;157;109;124;107;89;143;127;142;136;178;130;79;60;40;53;38
104;10917;St.Gallen Stadt Mühlegg;22.02.2020;Samstag;1;36;28;20;5;16;10;23;34;46;102;124;172;131;143;129;146;126;135;91;67;49;39;40;33
105;10917;St.Gallen Stadt Mühlegg;22.02.2020;Samstag;2;26;22;13;5;5;11;21;61;108;144;121;129;126;114;108;110;125;123;96;61;44;41;37;30
106;10917;St.Gallen Stadt Mühlegg;23.02.2020;Sonntag;1;38;27;15;14;4;7;15;15;24;49;59;88;92;87;83;95;101;96;131;80;65;46;18;13
107;10917;St.Gallen Stadt Mühlegg;23.02.2020;Sonntag;2;22;10;13;9;1;4;16;16;39;56;77;68;72;94;144;123;107;90;78;60;39;36;16;5
108;10917;St.Gallen Stadt Mühlegg;24.02.2020;Montag;1;13;2;2;2;4;13;42;89;103;73;118;133;122;123;104;120;156;227;176;103;87;61;48;21
109;10917;St.Gallen Stadt Mühlegg;24.02.2020;Montag;2;6;3;6;3;5;29;113;186;152;116;111;91;85;154;116;115;151;139;93;88;57;31;25;10
110;10917;St.Gallen Stadt Mühlegg;25.02.2020;Dienstag;1;9;3;2;1;4;16;55;89;104;91;124;147;113;116;118;120;148;234;187;122;61;68;53;21
111;10917;St.Gallen Stadt Mühlegg;25.02.2020;Dienstag;2;9;0;4;3;3;34;134;189;142;143;93;109;101;152;111;87;121;118;102;77;52;33;34;9
112;10917;St.Gallen Stadt Mühlegg;26.02.2020;Mittwoch;1;11;4;3;1;7;18;47;89;83;83;87;145;135;108;118;120;148;211;212;117;71;51;49;24
113;10917;St.Gallen Stadt Mühlegg;26.02.2020;Mittwoch;2;8;4;4;3;7;37;120;180;139;104;99;109;84;144;113;116;132;136;93;76;53;34;13;15
114;10917;St.Gallen Stadt Mühlegg;27.02.2020;Donnerstag;1;10;4;5;2;8;18;48;103;100;94;120;148;110;102;78;95;159;216;145;110;65;56;58;36
115;10917;St.Gallen Stadt Mühlegg;27.02.2020;Donnerstag;2;5;2;5;4;7;29;116;194;117;120;101;100;92;133;90;94;119;119;90;84;57;33;33;20
116;10917;St.Gallen Stadt Mühlegg;28.02.2020;Freitag;1;25;2;1;1;7;19;50;108;97;98;133;130;126;115;105;175;167;233;157;100;70;46;46;47
117;10917;St.Gallen Stadt Mühlegg;28.02.2020;Freitag;2;11;5;2;4;10;27;111;195;152;122;114;119;108;141;118;143;154;136;92;60;49;38;30;23
118;10917;St.Gallen Stadt Mühlegg;29.02.2020;Samstag;1;33;21;13;15;6;11;15;32;64;73;120;128;131;126;161;145;174;124;78;68;49;34;37;40
119;10917;St.Gallen Stadt Mühlegg;29.02.2020;Samstag;2;11;8;14;8;7;11;21;68;77;163;142;127;105;126;144;126;114;102;69;55;46;24;37;29
120;10917;St.Gallen Stadt Mühlegg;02.03.2020;Montag;1;11;3;4;0;8;12;43;110;95;95;115;146;102;126;108;127;138;207;162;95;69;50;41;18
121;10917;St.Gallen Stadt Mühlegg;02.03.2020;Montag;2;8;2;2;2;7;26;103;201;130;115;109;105;83;136;98;97;120;104;91;61;43;35;9;9
122;10917;St.Gallen Stadt Mühlegg;03.03.2020;Dienstag;1;13;3;2;2;1;16;42;103;87;85;110;140;109;103;115;103;144;232;152;101;58;52;42;25
123;10917;St.Gallen Stadt Mühlegg;03.03.2020;Dienstag;2;7;2;3;3;5;29;113;174;140;99;106;96;87;149;106;99;113;122;96;67;38;30;20;11
124;10917;St.Gallen Stadt Mühlegg;04.03.2020;Mittwoch;1;15;2;2;3;2;14;42;94;105;70;96;143;131;119;116;144;154;226;162;88;75;44;43;21
125;10917;St.Gallen Stadt Mühlegg;04.03.2020;Mittwoch;2;7;2;2;4;8;26;116;175;145;126;107;99;120;133;129;114;139;127;111;70;40;21;14;17
126;10917;St.Gallen Stadt Mühlegg;05.03.2020;Donnerstag;1;11;5;2;1;2;13;36;139;104;84;126;120;99;102;99;106;161;221;137;110;69;62;43;24
127;10917;St.Gallen Stadt Mühlegg;05.03.2020;Donnerstag;2;4;2;2;3;7;21;113;188;153;121;117;97;91;134;106;90;115;142;87;75;45;37;16;16
128;10917;St.Gallen Stadt Mühlegg;06.03.2020;Freitag;1;13;3;5;2;8;15;41;97;86;101;113;108;153;104;120;147;190;205;164;112;43;44;45;35
129;10917;St.Gallen Stadt Mühlegg;06.03.2020;Freitag;2;6;2;3;3;10;23;96;161;138;135;117;111;107;139;128;128;109;109;119;70;49;42;39;27
130;10917;St.Gallen Stadt Mühlegg;07.03.2020;Samstag;1;27;16;6;14;7;17;19;32;57;87;97;132;126;104;137;135;148;134;82;55;41;27;42;43
131;10917;St.Gallen Stadt Mühlegg;07.03.2020;Samstag;2;9;12;4;9;5;11;35;59;84;135;115;124;99;130;114;133;114;89;62;51;39;46;24;26
132;10917;St.Gallen Stadt Mühlegg;08.03.2020;Sonntag;1;23;20;12;9;10;9;9;16;31;51;92;82;89;111;135;125;113;85;77;69;54;35;21;10
133;10917;St.Gallen Stadt Mühlegg;08.03.2020;Sonntag;2;18;6;9;8;9;5;10;22;43;46;87;96;87;88;117;122;130;100;69;71;53;30;18;7
134;10917;St.Gallen Stadt Mühlegg;09.03.2020;Montag;1;6;2;0;2;3;8;35;94;79;99;120;133;121;96;124;137;143;221;142;113;69;50;30;18
135;10917;St.Gallen Stadt Mühlegg;09.03.2020;Montag;2;5;1;1;5;5;20;112;185;131;112;109;90;89;119;128;95;111;104;99;65;45;28;15;9
136;10917;St.Gallen Stadt Mühlegg;10.03.2020;Dienstag;1;9;5;3;1;3;17;40;107;113;104;109;125;110;114;110;114;140;227;163;124;60;49;46;14
137;10917;St.Gallen Stadt Mühlegg;10.03.2020;Dienstag;2;6;1;3;5;5;25;118;188;129;103;109;95;76;125;101;102;99;115;101;63;38;32;24;14
138;10917;St.Gallen Stadt Mühlegg;11.03.2020;Mittwoch;1;13;4;5;1;1;14;43;108;110;103;111;143;130;121;124;132;165;194;155;95;56;47;41;16
139;10917;St.Gallen Stadt Mühlegg;11.03.2020;Mittwoch;2;4;2;2;3;5;26;105;193;144;128;123;109;99;161;114;111;140;128;85;65;46;34;29;13
140;10917;St.Gallen Stadt Mühlegg;12.03.2020;Donnerstag;1;10;5;2;1;5;16;38;106;111;85;109;130;116;113;109;108;164;208;152;107;61;53;34;32
141;10917;St.Gallen Stadt Mühlegg;12.03.2020;Donnerstag;2;9;3;3;3;5;20;114;197;143;109;104;98;102;151;91;96;99;137;105;75;55;39;23;19
142;10917;St.Gallen Stadt Mühlegg;13.03.2020;Freitag;1;12;6;3;2;7;12;38;97;101;107;128;144;140;104;101;122;181;236;154;113;58;47;42;28
143;10917;St.Gallen Stadt Mühlegg;13.03.2020;Freitag;2;9;3;2;5;6;24;102;167;138;124;126;128;94;140;149;132;129;148;96;70;40;45;25;19
144;10917;St.Gallen Stadt Mühlegg;14.03.2020;Samstag;1;19;18;7;10;7;10;19;40;66;98;142;153;127;121;141;133;144;105;67;37;22;38;30;29
145;10917;St.Gallen Stadt Mühlegg;14.03.2020;Samstag;2;15;9;6;5;7;8;21;72;98;131;124;144;115;126;112;112;79;92;71;42;23;23;27;24
146;10917;St.Gallen Stadt Mühlegg;15.03.2020;Sonntag;1;21;20;10;9;2;4;11;20;26;55;73;98;86;92;131;105;100;105;87;63;36;22;20;12
147;10917;St.Gallen Stadt Mühlegg;15.03.2020;Sonntag;2;17;5;2;2;2;4;8;23;30;58;73;86;66;110;121;98;119;128;96;51;33;22;17;10
148;10917;St.Gallen Stadt Mühlegg;16.03.2020;Montag;1;9;2;3;0;3;11;40;115;107;100;126;137;122;119;150;135;149;196;167;104;53;38;31;9
149;10917;St.Gallen Stadt Mühlegg;16.03.2020;Montag;2;6;4;2;6;4;28;100;168;146;126;96;109;112;149;134;130;127;137;92;63;43;29;12;12
150;10917;St.Gallen Stadt Mühlegg;17.03.2020;Dienstag;1;11;2;3;0;3;14;35;100;75;103;89;97;112;95;94;130;147;242;135;80;29;18;17;10
151;10917;St.Gallen Stadt Mühlegg;17.03.2020;Dienstag;2;4;3;3;5;5;23;92;182;118;110;84;99;86;103;80;90;125;137;65;57;30;15;9;5
152;10917;St.Gallen Stadt Mühlegg;18.03.2020;Mittwoch;1;6;2;2;0;2;18;38;99;85;99;114;125;106;116;117;109;145;209;133;70;35;18;13;8
153;10917;St.Gallen Stadt Mühlegg;18.03.2020;Mittwoch;2;4;2;2;4;5;23;87;163;107;96;121;103;96;113;105;89;121;127;83;56;32;23;8;7
154;10917;St.Gallen Stadt Mühlegg;19.03.2020;Donnerstag;1;5;6;2;0;1;12;43;111;85;109;110;120;112;108;117;132;136;177;134;74;36;18;20;9
155;10917;St.Gallen Stadt Mühlegg;19.03.2020;Donnerstag;2;5;4;2;3;6;19;89;150;111;102;116;105;104;120;120;107;126;130;88;55;34;18;11;8
156;10917;St.Gallen Stadt Mühlegg;20.03.2020;Freitag;1;4;6;3;3;3;13;40;84;87;119;114;129;137;124;130;115;152;160;109;56;45;23;10;15
157;10917;St.Gallen Stadt Mühlegg;20.03.2020;Freitag;2;4;3;2;6;6;18;84;147;142;138;110;89;97;155;126;113;109;107;62;55;22;22;11;11
158;10917;St.Gallen Stadt Mühlegg;21.03.2020;Samstag;1;8;7;2;3;3;9;11;37;55;64;78;95;90;75;72;99;77;67;46;38;22;12;6;11
159;10917;St.Gallen Stadt Mühlegg;21.03.2020;Samstag;2;6;3;3;6;4;9;19;37;62;62;98;88;79;78;74;75;63;55;38;26;25;14;12;9
160;10917;St.Gallen Stadt Mühlegg;22.03.2020;Sonntag;1;6;3;5;2;1;3;9;19;19;31;25;58;47;59;54;82;86;77;48;38;27;12;7;4
161;10917;St.Gallen Stadt Mühlegg;22.03.2020;Sonntag;2;6;4;3;0;1;4;11;14;25;33;40;35;48;57;54;66;88;71;49;37;20;21;9;4
162;10917;St.Gallen Stadt Mühlegg;23.03.2020;Montag;1;7;3;1;2;3;12;32;99;70;93;89;110;106;103;95;90;133;173;104;60;27;15;10;8
163;10917;St.Gallen Stadt Mühlegg;23.03.2020;Montag;2;4;0;1;4;6;25;73;139;103;87;91;89;85;103;96;92;102;107;71;31;16;12;10;7
164;10917;St.Gallen Stadt Mühlegg;24.03.2020;Dienstag;1;4;6;4;0;3;19;38;84;77;90;73;115;92;94;129;106;118;168;124;60;20;27;10;7
165;10917;St.Gallen Stadt Mühlegg;24.03.2020;Dienstag;2;6;1;2;5;10;17;81;126;84;90;82;89;80;125;97;102;107;116;69;41;20;14;5;6
166;10917;St.Gallen Stadt Mühlegg;26.03.2020;Donnerstag;1;7;4;2;1;5;11;33;93;72;79;95;93;104;89;98;119;129;164;101;67;41;21;13;12
167;10917;St.Gallen Stadt Mühlegg;26.03.2020;Donnerstag;2;4;1;4;3;4;17;77;121;107;84;78;85;92;105;112;122;107;102;70;41;26;15;8;5
168;10917;St.Gallen Stadt Mühlegg;27.03.2020;Freitag;1;10;2;4;2;3;12;43;86;67;105;93;118;112;118;117;117;130;175;110;63;33;18;19;5
169;10917;St.Gallen Stadt Mühlegg;27.03.2020;Freitag;2;6;0;4;4;7;17;78;128;97;83;89;85;86;114;125;108;129;103;60;52;22;21;12;10
170;10917;St.Gallen Stadt Mühlegg;28.03.2020;Samstag;1;8;5;3;2;1;11;14;33;42;74;101;107;125;100;143;99;93;101;56;37;26;29;17;16
171;10917;St.Gallen Stadt Mühlegg;28.03.2020;Samstag;2;4;4;3;4;4;10;15;38;67;90;90;126;86;107;118;92;118;90;57;39;29;32;18;10
172;10917;St.Gallen Stadt Mühlegg;29.03.2020;Sonntag;1;7;0;5;8;3;6;7;12;12;31;54;60;54;58;89;67;50;57;29;34;18;15;13;5
173;10917;St.Gallen Stadt Mühlegg;29.03.2020;Sonntag;2;12;0;6;2;2;4;9;9;18;28;48;60;64;75;74;63;51;50;24;42;20;15;9;9
174;10917;St.Gallen Stadt Mühlegg;30.03.2020;Montag;1;6;5;2;1;9;12;29;97;87;69;67;87;103;76;87;97;109;173;113;56;40;22;11;5
175;10917;St.Gallen Stadt Mühlegg;30.03.2020;Montag;2;4;2;1;5;9;25;64;152;97;81;74;70;75;110;78;70;85;84;56;29;27;19;8;8
176;10917;St.Gallen Stadt Mühlegg;01.04.2020;Mittwoch;1;6;4;1;1;2;14;42;85;75;83;81;118;125;94;112;131;137;225;116;61;37;18;11;6
177;10917;St.Gallen Stadt Mühlegg;01.04.2020;Mittwoch;2;5;0;2;1;9;16;89;132;88;81;102;97;118;129;79;98;125;128;65;62;29;24;10;5
178;10917;St.Gallen Stadt Mühlegg;02.04.2020;Donnerstag;1;4;5;1;1;3;12;44;88;80;75;94;102;124;114;129;110;161;252;122;65;34;20;15;8
179;10917;St.Gallen Stadt Mühlegg;02.04.2020;Donnerstag;2;6;2;3;3;6;16;76;140;95;96;90;102;82;105;101;113;128;145;70;54;44;17;17;7
180;10917;St.Gallen Stadt Mühlegg;03.04.2020;Freitag;1;10;2;2;1;3;12;34;115;101;114;98;137;128;102;115;140;164;218;107;73;38;32;19;9
181;10917;St.Gallen Stadt Mühlegg;03.04.2020;Freitag;2;6;0;6;2;7;23;66;132;112;99;125;96;95;147;102;125;134;108;83;64;45;22;10;8
182;10917;St.Gallen Stadt Mühlegg;04.04.2020;Samstag;1;8;7;2;5;1;11;17;36;51;80;118;120;100;103;113;90;102;87;62;61;35;27;23;10
183;10917;St.Gallen Stadt Mühlegg;04.04.2020;Samstag;2;12;4;3;4;6;7;13;45;72;85;132;101;106;110;102;100;104;86;64;43;34;24;20;18
184;10917;St.Gallen Stadt Mühlegg;06.04.2020;Montag;1;5;1;3;1;5;11;42;82;82;92;97;108;115;128;111;115;129;247;117;59;30;23;14;12
185;10917;St.Gallen Stadt Mühlegg;06.04.2020;Montag;2;3;3;1;6;4;19;81;133;101;104;103;115;82;136;109;111;134;156;88;61;27;20;13;10
186;10917;St.Gallen Stadt Mühlegg;07.04.2020;Dienstag;1;4;7;2;1;3;17;43;81;93;91;95;113;128;98;122;129;153;226;127;71;44;25;15;7
187;10917;St.Gallen Stadt Mühlegg;07.04.2020;Dienstag;2;6;2;4;3;5;16;86;134;112;118;126;133;110;147;108;112;135;165;92;55;39;28;14;7
188;10917;St.Gallen Stadt Mühlegg;08.04.2020;Mittwoch;1;3;2;2;3;1;15;40;91;101;117;145;122;129;139;125;138;178;273;165;72;32;26;22;12
189;10917;St.Gallen Stadt Mühlegg;08.04.2020;Mittwoch;2;5;1;5;5;5;22;88;152;139;122;153;132;119;144;145;134;162;163;99;74;47;23;15;6
190;10917;St.Gallen Stadt Mühlegg;09.04.2020;Donnerstag;1;5;4;3;1;1;16;46;92;120;125;136;161;178;140;129;167;222;274;114;72;50;27;16;14
191;10917;St.Gallen Stadt Mühlegg;09.04.2020;Donnerstag;2;5;1;2;3;6;17;74;153;126;136;153;152;142;171;131;172;160;113;107;67;47;33;19;16
192;10917;St.Gallen Stadt Mühlegg;10.04.2020;Freitag;1;9;2;2;0;0;5;10;16;27;60;59;72;68;91;76;80;82;74;60;67;33;26;22;10
193;10917;St.Gallen Stadt Mühlegg;10.04.2020;Freitag;2;10;7;0;3;0;6;13;18;30;46;76;68;63;74;80;91;94;90;69;54;52;26;19;13
194;10917;St.Gallen Stadt Mühlegg;11.04.2020;Samstag;1;3;6;1;0;2;16;12;39;87;116;143;124;118;131;141;135;111;96;90;54;41;30;22;17
195;10917;St.Gallen Stadt Mühlegg;11.04.2020;Samstag;2;5;2;4;2;5;8;13;57;85;122;140;147;120;111;144;110;111;119;87;75;50;35;25;13
196;10917;St.Gallen Stadt Mühlegg;12.04.2020;Sonntag;1;12;7;3;3;4;7;9;19;36;53;77;76;66;58;86;95;97;89;45;53;28;28;21;15
197;10917;St.Gallen Stadt Mühlegg;12.04.2020;Sonntag;2;7;5;4;1;1;6;8;19;27;50;78;68;73;73;71;89;104;87;65;55;43;27;17;14
198;10917;St.Gallen Stadt Mühlegg;13.04.2020;Montag;1;6;5;0;0;1;5;10;11;28;47;65;64;72;68;85;92;93;85;65;47;39;26;15;9
199;10917;St.Gallen Stadt Mühlegg;13.04.2020;Montag;2;10;6;2;0;0;4;11;17;36;55;78;88;70;73;88;81;112;77;52;53;44;20;12;5
200;10917;St.Gallen Stadt Mühlegg;14.04.2020;Dienstag;1;7;3;2;1;1;12;50;111;120;133;124;137;131;129;162;150;206;291;188;96;34;28;16;14
201;10917;St.Gallen Stadt Mühlegg;14.04.2020;Dienstag;2;5;1;0;3;6;16;87;166;153;147;135;116;124;156;172;159;175;193;145;68;43;23;16;16
202;10917;St.Gallen Stadt Mühlegg;15.04.2020;Mittwoch;1;6;3;1;4;6;20;62;133;114;107;148;137;141;155;140;149;186;247;146;97;54;32;17;12
203;10917;St.Gallen Stadt Mühlegg;15.04.2020;Mittwoch;2;8;5;3;3;7;25;110;179;156;124;139;134;125;146;159;184;183;188;131;77;55;41;16;10
204;10917;St.Gallen Stadt Mühlegg;16.04.2020;Donnerstag;1;6;4;1;1;8;13;62;134;107;129;156;155;126;154;132;145;195;264;192;96;55;34;32;12
205;10917;St.Gallen Stadt Mühlegg;16.04.2020;Donnerstag;2;9;3;3;2;11;28;94;160;155;139;145;162;126;169;143;145;177;193;128;84;63;38;20;15
206;10917;St.Gallen Stadt Mühlegg;17.04.2020;Freitag;1;12;3;4;3;5;11;61;107;107;132;141;178;164;135;167;175;215;267;189;96;59;39;25;16
207;10917;St.Gallen Stadt Mühlegg;17.04.2020;Freitag;2;8;5;4;5;7;20;97;162;164;141;178;155;142;189;172;181;188;183;121;96;72;40;26;23
208;10917;St.Gallen Stadt Mühlegg;09.05.2020;Samstag;1;16;16;6;5;4;14;27;55;82;141;142;161;147;149;165;147;142;133;92;87;49;53;31;32
209;10917;St.Gallen Stadt Mühlegg;09.05.2020;Samstag;2;18;13;8;4;5;7;25;65;107;150;157;165;146;141;156;155;148;126;99;73;79;66;42;24
210;10917;St.Gallen Stadt Mühlegg;10.05.2020;Sonntag;1;19;15;13;4;1;7;12;12;37;53;77;83;104;109;151;128;125;110;103;86;92;62;31;15
211;10917;St.Gallen Stadt Mühlegg;10.05.2020;Sonntag;2;15;17;8;1;4;4;13;15;41;59;79;102;103;114;130;128;155;120;102;104;89;79;39;9
212;10917;St.Gallen Stadt Mühlegg;11.05.2020;Montag;1;11;1;2;1;4;17;67;115;119;111;116;156;126;127;137;137;161;267;186;93;51;28;31;10
213;10917;St.Gallen Stadt Mühlegg;11.05.2020;Montag;2;7;2;2;6;7;22;160;193;148;133;122;115;124;160;133;113;135;134;91;54;38;29;18;6
214;10917;St.Gallen Stadt Mühlegg;12.05.2020;Dienstag;1;9;5;2;1;2;18;58;124;90;122;113;126;129;153;130;142;182;268;176;97;67;47;26;15
215;10917;St.Gallen Stadt Mühlegg;12.05.2020;Dienstag;2;5;2;6;5;9;21;126;210;121;117;105;112;111;170;141;127;159;177;98;77;35;33;17;12
216;10917;St.Gallen Stadt Mühlegg;13.05.2020;Mittwoch;1;11;3;2;2;0;21;54;145;122;117;116;169;156;138;129;158;199;305;205;98;59;54;29;14
217;10917;St.Gallen Stadt Mühlegg;13.05.2020;Mittwoch;2;6;0;3;3;7;37;119;203;159;125;116;133;117;164;153;139;149;123;87;76;52;33;24;7
218;10917;St.Gallen Stadt Mühlegg;14.05.2020;Donnerstag;1;5;8;2;2;3;20;67;151;126;102;154;170;130;134;160;136;219;274;196;115;78;78;53;24
219;10917;St.Gallen Stadt Mühlegg;14.05.2020;Donnerstag;2;6;4;3;4;8;27;137;215;152;117;130;120;105;164;143;154;134;160;97;61;51;41;32;11
220;10917;St.Gallen Stadt Mühlegg;15.05.2020;Freitag;1;9;6;1;3;5;19;61;113;112;108;134;164;143;146;152;201;257;307;194;104;80;40;40;30
221;10917;St.Gallen Stadt Mühlegg;15.05.2020;Freitag;2;7;4;3;6;10;30;121;201;137;138;163;136;120;157;174;163;142;145;115;74;43;44;33;22
222;10917;St.Gallen Stadt Mühlegg;16.05.2020;Samstag;1;12;9;1;7;4;11;21;37;69;110;136;166;153;143;149;150;155;135;90;64;51;46;49;35
223;10917;St.Gallen Stadt Mühlegg;16.05.2020;Samstag;2;18;13;3;5;7;13;21;62;98;148;159;160;134;149;132;158;119;100;79;58;57;47;64;30
224;10917;St.Gallen Stadt Mühlegg;17.05.2020;Sonntag;1;25;12;9;7;1;5;16;18;38;52;82;90;91;101;115;84;102;124;95;78;64;73;26;19
225;10917;St.Gallen Stadt Mühlegg;17.05.2020;Sonntag;2;26;5;10;2;3;3;15;25;33;61;81;77;103;100;99;111;122;125;100;85;67;81;31;15
226;10917;St.Gallen Stadt Mühlegg;18.05.2020;Montag;1;15;2;2;1;3;19;49;128;115;124;148;176;148;160;144;164;215;336;189;139;105;59;41;19
227;10917;St.Gallen Stadt Mühlegg;18.05.2020;Montag;2;4;7;7;6;5;32;144;213;187;177;160;181;136;200;196;182;216;192;149;111;94;61;34;24
228;10917;St.Gallen Stadt Mühlegg;19.05.2020;Dienstag;1;10;3;3;2;2;24;64;131;119;130;152;178;158;149;128;188;236;303;208;125;71;65;50;21
229;10917;St.Gallen Stadt Mühlegg;19.05.2020;Dienstag;2;8;2;3;12;11;37;132;193;147;149;113;147;122;177;143;156;188;188;130;88;68;60;29;11
230;10917;St.Gallen Stadt Mühlegg;20.05.2020;Mittwoch;1;9;5;3;1;3;22;59;124;136;147;142;180;162;173;165;179;227;294;195;117;82;46;36;21
231;10917;St.Gallen Stadt Mühlegg;20.05.2020;Mittwoch;2;7;2;2;5;10;30;149;211;194;167;137;176;143;163;184;181;179;157;139;94;56;56;40;27
232;10917;St.Gallen Stadt Mühlegg;21.05.2020;Donnerstag;1;24;9;5;7;3;9;13;25;47;66;94;96;86;94;98;126;107;113;89;64;58;48;40;21
233;10917;St.Gallen Stadt Mühlegg;21.05.2020;Donnerstag;2;23;11;4;6;0;5;12;34;56;78;97;112;107;103;103;101;109;135;118;76;59;60;35;19
234;10917;St.Gallen Stadt Mühlegg;22.05.2020;Freitag;1;13;7;2;4;3;17;29;69;100;114;141;213;157;133;149;168;159;159;142;94;62;57;45;24
235;10917;St.Gallen Stadt Mühlegg;22.05.2020;Freitag;2;14;7;2;6;6;22;55;103;156;156;162;139;117;146;159;152;129;136;118;75;49;49;48;26
236;10917;St.Gallen Stadt Mühlegg;23.05.2020;Samstag;1;31;17;6;5;5;10;17;35;58;85;137;153;125;125;128;110;122;128;73;56;36;35;16;30
237;10917;St.Gallen Stadt Mühlegg;23.05.2020;Samstag;2;26;21;9;9;7;8;24;53;91;129;138;109;124;136;112;104;98;85;55;55;34;38;26;25
238;10917;St.Gallen Stadt Mühlegg;24.05.2020;Sonntag;1;22;6;8;3;3;4;14;16;30;51;85;77;79;103;110;88;130;102;94;68;67;44;27;12
239;10917;St.Gallen Stadt Mühlegg;24.05.2020;Sonntag;2;23;10;7;4;3;4;10;17;28;39;87;85;87;97;113;95;109;126;97;84;74;40;28;13
240;10917;St.Gallen Stadt Mühlegg;25.05.2020;Montag;1;5;1;3;2;2;19;44;122;122;106;132;145;146;154;151;141;201;260;204;118;64;70;43;21
241;10917;St.Gallen Stadt Mühlegg;25.05.2020;Montag;2;10;3;4;6;12;24;130;201;176;170;116;125;111;175;162;119;145;157;101;66;63;54;30;14
242;10917;St.Gallen Stadt Mühlegg;26.05.2020;Dienstag;1;5;6;3;1;2;17;57;126;103;119;125;156;133;138;139;148;208;305;204;107;81;79;46;18
243;10917;St.Gallen Stadt Mühlegg;26.05.2020;Dienstag;2;8;2;4;9;11;30;137;184;149;135;145;121;120;140;150;154;152;177;107;126;139;83;45;6
244;10917;St.Gallen Stadt Mühlegg;27.05.2020;Mittwoch;1;12;3;1;2;5;19;61;128;127;119;154;149;176;161;140;146;221;284;209;118;88;97;55;23
245;10917;St.Gallen Stadt Mühlegg;27.05.2020;Mittwoch;2;10;4;1;6;9;30;129;219;170;150;138;144;147;161;129;154;177;161;118;156;144;144;64;19
246;10917;St.Gallen Stadt Mühlegg;28.05.2020;Donnerstag;1;9;6;3;1;5;17;68;139;111;129;129;139;153;146;131;158;207;327;249;124;94;103;68;33
247;10917;St.Gallen Stadt Mühlegg;28.05.2020;Donnerstag;2;7;6;2;6;12;26;127;212;160;154;141;133;131;159;145;132;174;193;134;87;65;48;42;19
248;10917;St.Gallen Stadt Mühlegg;29.05.2020;Freitag;1;15;7;0;3;4;13;53;135;133;135;163;209;189;142;158;168;216;314;206;139;75;60;44;43
249;10917;St.Gallen Stadt Mühlegg;29.05.2020;Freitag;2;8;9;4;4;9;21;126;207;180;174;159;137;146;161;168;158;206;171;119;107;63;74;44;31
250;10917;St.Gallen Stadt Mühlegg;30.05.2020;Samstag;1;38;11;5;5;6;9;23;46;52;122;130;184;177;152;153;144;141;137;95;66;48;45;42;39
251;10917;St.Gallen Stadt Mühlegg;30.05.2020;Samstag;2;21;12;5;4;7;11;23;81;131;164;161;144;140;138;162;124;105;105;102;67;74;44;42;36
252;10917;St.Gallen Stadt Mühlegg;31.05.2020;Sonntag;1;27;18;7;7;4;7;13;21;26;58;76;68;86;113;105;115;102;99;95;76;72;44;36;35
253;10917;St.Gallen Stadt Mühlegg;31.05.2020;Sonntag;2;42;15;3;8;4;5;10;17;42;68;99;92;85;91;84;117;119;113;93;81;70;49;40;34
254;10917;St.Gallen Stadt Mühlegg;01.06.2020;Montag;1;17;15;2;6;3;6;13;18;34;68;79;97;90;97;104;145;121;101;96;74;73;53;30;15
255;10917;St.Gallen Stadt Mühlegg;01.06.2020;Montag;2;17;12;2;5;2;3;12;26;51;79;87;77;89;108;98;117;122;141;107;90;80;43;23;12
256;10917;St.Gallen Stadt Mühlegg;02.06.2020;Dienstag;1;10;4;3;1;6;16;60;136;114;128;131;163;134;146;156;166;203;375;204;132;101;74;43;13
257;10917;St.Gallen Stadt Mühlegg;02.06.2020;Dienstag;2;7;3;2;4;10;28;142;217;150;136;127;112;115;153;151;150;167;194;136;100;71;68;53;13
258;10917;St.Gallen Stadt Mühlegg;03.06.2020;Mittwoch;1;13;5;2;4;2;23;58;132;105;116;113;162;175;177;161;180;175;290;216;117;91;74;54;17
259;10917;St.Gallen Stadt Mühlegg;03.06.2020;Mittwoch;2;6;5;0;6;10;21;153;210;174;135;121;133;136;173;155;166;197;186;140;79;55;63;35;10
260;10917;St.Gallen Stadt Mühlegg;04.06.2020;Donnerstag;1;6;6;3;2;3;16;61;126;143;100;136;174;143;135;123;146;220;317;251;116;84;103;70;31
261;10917;St.Gallen Stadt Mühlegg;04.06.2020;Donnerstag;2;9;3;6;3;10;27;154;216;164;121;139;111;116;167;147;124;127;162;106;77;46;42;30;13
262;10917;St.Gallen Stadt Mühlegg;05.06.2020;Freitag;1;12;5;5;0;3;18;60;116;113;90;139;165;176;131;138;164;252;291;228;120;79;44;40;27
263;10917;St.Gallen Stadt Mühlegg;05.06.2020;Freitag;2;7;4;2;5;9;20;138;220;171;141;129;140;119;165;146;160;150;133;133;82;61;42;35;25
264;10917;St.Gallen Stadt Mühlegg;06.06.2020;Samstag;1;25;10;11;7;3;9;18;41;60;90;128;176;135;146;158;151;157;166;106;70;44;47;37;30
265;10917;St.Gallen Stadt Mühlegg;06.06.2020;Samstag;2;18;14;4;6;4;11;25;57;112;132;179;153;142;141;163;135;111;95;69;64;50;37;40;28
266;10917;St.Gallen Stadt Mühlegg;07.06.2020;Sonntag;1;39;17;4;9;2;6;16;15;28;35;62;69;75;63;84;94;89;114;95;76;54;43;34;14
267;10917;St.Gallen Stadt Mühlegg;07.06.2020;Sonntag;2;26;12;4;3;7;6;8;18;20;62;66;75;72;85;78;90;86;80;70;68;75;39;17;15
268;10917;St.Gallen Stadt Mühlegg;08.06.2020;Montag;1;11;4;1;6;4;21;58;125;120;106;122;148;129;135;133;124;215;321;238;123;63;51;58;26
269;10917;St.Gallen Stadt Mühlegg;08.06.2020;Montag;2;6;6;3;8;9;30;149;220;162;148;123;119;114;180;143;138;150;161;115;89;41;45;26;14
270;10917;St.Gallen Stadt Mühlegg;09.06.2020;Dienstag;1;11;2;3;3;7;15;76;122;109;93;138;150;133;138;118;124;217;306;229;128;70;65;63;20
271;10917;St.Gallen Stadt Mühlegg;09.06.2020;Dienstag;2;9;5;1;6;9;28;149;228;159;126;129;135;103;147;130;143;157;141;118;87;46;44;42;15
272;10917;St.Gallen Stadt Mühlegg;10.06.2020;Mittwoch;1;9;4;4;3;5;15;48;116;121;123;134;164;158;134;137;148;204;307;320;132;85;47;52;22
273;10917;St.Gallen Stadt Mühlegg;10.06.2020;Mittwoch;2;4;3;2;7;11;27;139;214;150;146;138;131;97;180;135;155;139;155;120;106;66;36;35;15
274;10917;St.Gallen Stadt Mühlegg;11.06.2020;Donnerstag;1;9;3;3;3;4;21;50;128;110;116;135;139;157;151;141;137;230;330;251;120;83;87;71;21
275;10917;St.Gallen Stadt Mühlegg;11.06.2020;Donnerstag;2;10;1;2;8;7;25;143;239;137;127;152;107;132;155;152;153;170;168;123;85;69;64;28;20
276;10917;St.Gallen Stadt Mühlegg;12.06.2020;Freitag;1;12;3;4;3;7;15;55;131;111;116;147;168;163;194;215;213;239;286;239;155;83;60;61;51
277;10917;St.Gallen Stadt Mühlegg;12.06.2020;Freitag;2;14;5;6;9;7;23;131;208;163;139;148;135;116;158;160;181;177;172;156;97;67;69;65;37
278;10917;St.Gallen Stadt Mühlegg;13.06.2020;Samstag;1;40;21;6;4;12;9;21;47;77;117;116;171;178;125;138;167;129;146;116;56;41;36;36;30
279;10917;St.Gallen Stadt Mühlegg;13.06.2020;Samstag;2;20;13;11;6;8;9;23;67;113;164;160;149;112;128;144;171;140;106;81;56;48;35;37;31
280;10917;St.Gallen Stadt Mühlegg;14.06.2020;Sonntag;1;35;17;6;9;2;5;12;13;24;57;52;79;83;86;113;100;102;116;89;75;43;42;29;11
281;10917;St.Gallen Stadt Mühlegg;14.06.2020;Sonntag;2;16;19;3;7;4;3;17;21;38;58;66;79;95;91;102;96;107;94;61;57;61;31;14;12
282;10917;St.Gallen Stadt Mühlegg;15.06.2020;Montag;1;9;6;0;1;3;16;66;108;111;109;128;144;130;131;137;140;176;301;241;116;76;44;37;21
283;10917;St.Gallen Stadt Mühlegg;15.06.2020;Montag;2;4;1;3;6;12;26;145;209;160;134;130;123;108;152;128;137;115;149;103;76;54;43;19;10
284;10917;St.Gallen Stadt Mühlegg;16.06.2020;Dienstag;1;8;4;0;1;3;21;63;98;128;110;131;160;133;128;111;150;194;281;213;125;75;66;56;24
285;10917;St.Gallen Stadt Mühlegg;16.06.2020;Dienstag;2;5;2;0;6;10;25;148;222;156;137;120;133;105;150;142;151;166;191;105;99;49;43;23;19
286;10917;St.Gallen Stadt Mühlegg;17.06.2020;Mittwoch;1;10;4;3;2;5;18;59;115;109;102;132;186;166;156;125;142;252;315;278;129;65;53;53;23
287;10917;St.Gallen Stadt Mühlegg;17.06.2020;Mittwoch;2;9;2;1;6;9;25;142;213;130;124;135;115;121;159;158;130;148;172;119;79;52;53;34;21
288;10917;St.Gallen Stadt Mühlegg;18.06.2020;Donnerstag;1;17;2;6;2;5;17;58;131;123;109;130;153;145;132;141;152;203;307;176;123;87;68;54;36
289;10917;St.Gallen Stadt Mühlegg;18.06.2020;Donnerstag;2;7;4;3;9;10;35;132;224;164;138;118;156;109;171;129;137;151;178;137;102;59;50;34;20
290;10917;St.Gallen Stadt Mühlegg;19.06.2020;Freitag;1;18;3;2;2;4;16;60;118;115;134;129;185;161;117;177;127;194;253;212;118;84;50;45;43
291;10917;St.Gallen Stadt Mühlegg;19.06.2020;Freitag;2;8;1;2;6;8;24;127;206;171;158;157;140;124;142;144;150;131;133;110;87;53;53;47;29
292;10917;St.Gallen Stadt Mühlegg;20.06.2020;Samstag;1;42;13;7;5;5;5;21;61;65;104;133;147;136;133;144;131;154;149;91;59;62;38;48;50
293;10917;St.Gallen Stadt Mühlegg;20.06.2020;Samstag;2;26;9;9;6;4;6;25;61;114;163;144;151;123;140;127;133;98;107;69;63;52;49;33;31
294;10917;St.Gallen Stadt Mühlegg;21.06.2020;Sonntag;1;40;17;13;6;3;6;9;10;48;56;67;78;70;102;110;118;123;115;103;78;46;48;25;18
295;10917;St.Gallen Stadt Mühlegg;21.06.2020;Sonntag;2;24;17;6;3;4;7;10;25;44;65;85;84;87;114;105;98;125;88;95;72;49;41;26;8
296;10917;St.Gallen Stadt Mühlegg;22.06.2020;Montag;1;9;7;2;3;1;17;62;117;105;92;120;159;132;128;125;137;204;286;259;123;63;56;51;15
297;10917;St.Gallen Stadt Mühlegg;22.06.2020;Montag;2;5;4;4;11;9;26;141;211;154;129;121;140;103;149;105;147;143;164;120;89;58;49;26;17
298;10917;St.Gallen Stadt Mühlegg;23.06.2020;Dienstag;1;10;6;3;1;1;19;64;132;125;117;118;153;166;132;136;129;208;314;238;125;81;70;58;23
299;10917;St.Gallen Stadt Mühlegg;23.06.2020;Dienstag;2;10;2;2;9;6;27;147;241;166;145;135;113;128;171;131;138;186;191;153;99;91;68;50;23
300;10917;St.Gallen Stadt Mühlegg;24.06.2020;Mittwoch;1;6;3;4;3;1;20;53;113;136;128;131;181;162;159;170;130;190;331;225;121;106;66;57;30
301;10917;St.Gallen Stadt Mühlegg;24.06.2020;Mittwoch;2;8;1;2;7;7;33;147;213;149;142;145;140;127;164;174;147;183;166;160;116;91;73;42;21
302;10917;St.Gallen Stadt Mühlegg;25.06.2020;Donnerstag;1;11;2;3;0;6;17;50;139;145;110;134;173;131;149;148;221;226;305;273;151;116;60;65;39
303;10917;St.Gallen Stadt Mühlegg;25.06.2020;Donnerstag;2;10;3;3;8;10;28;152;211;170;132;155;123;147;182;143;112;184;183;164;115;86;84;59;29
304;10917;St.Gallen Stadt Mühlegg;26.06.2020;Freitag;1;15;6;4;2;3;15;61;121;119;110;152;186;173;152;143;186;255;302;220;131;84;52;39;34
305;10917;St.Gallen Stadt Mühlegg;26.06.2020;Freitag;2;9;4;4;5;8;25;135;202;176;146;145;146;128;167;178;191;167;175;122;73;53;57;60;29
306;10917;St.Gallen Stadt Mühlegg;27.06.2020;Samstag;1;20;17;14;8;7;6;21;47;76;103;119;158;167;156;159;139;183;181;115;65;74;52;50;38
307;10917;St.Gallen Stadt Mühlegg;27.06.2020;Samstag;2;21;18;8;12;14;9;30;81;121;131;164;177;136;165;119;143;143;85;97;57;68;70;44;48
308;10917;St.Gallen Stadt Mühlegg;28.06.2020;Sonntag;1;33;24;14;13;11;10;15;25;30;58;60;102;81;93;107;124;110;100;122;68;62;44;30;16
309;10917;St.Gallen Stadt Mühlegg;28.06.2020;Sonntag;2;35;13;12;5;11;6;15;28;43;74;84;88;94;105;118;118;115;108;83;79;67;39;14;11
310;10917;St.Gallen Stadt Mühlegg;29.06.2020;Montag;1;9;5;4;3;2;19;53;110;115;103;104;163;151;122;120;174;218;302;232;149;86;58;47;27
311;10917;St.Gallen Stadt Mühlegg;29.06.2020;Montag;2;7;6;2;9;4;33;157;233;173;122;122;113;112;147;120;123;135;168;124;61;60;62;29;15
312;10917;St.Gallen Stadt Mühlegg;30.06.2020;Dienstag;1;11;3;1;4;1;21;58;124;129;112;145;168;134;137;113;154;204;299;270;146;98;57;42;31
313;10917;St.Gallen Stadt Mühlegg;30.06.2020;Dienstag;2;7;1;1;7;3;32;142;236;174;158;135;132;101;174;162;150;172;199;141;115;73;74;34;16
314;10917;St.Gallen Stadt Mühlegg;01.07.2020;Mittwoch;1;10;3;4;2;3;20;59;120;122;126;141;192;134;163;143;191;228;338;262;118;87;75;57;21
315;10917;St.Gallen Stadt Mühlegg;01.07.2020;Mittwoch;2;9;2;2;11;9;35;156;216;190;138;149;143;131;207;172;154;173;226;135;85;70;53;36;18
316;10917;St.Gallen Stadt Mühlegg;02.07.2020;Donnerstag;1;13;2;3;2;3;18;72;137;118;119;134;179;167;139;133;155;215;285;226;130;85;76;50;25
317;10917;St.Gallen Stadt Mühlegg;02.07.2020;Donnerstag;2;11;2;3;8;8;31;169;231;198;134;139;137;124;181;158;133;158;191;134;87;47;42;34;27
318;10917;St.Gallen Stadt Mühlegg;03.07.2020;Freitag;1;15;8;2;5;6;19;57;135;126;109;163;188;163;139;156;188;224;235;226;112;76;0;0;0
319;10917;St.Gallen Stadt Mühlegg;03.07.2020;Freitag;2;11;5;4;9;7;30;129;213;166;149;138;179;136;165;160;172;176;187;117;74;63;0;0;0
320;10917;St.Gallen Stadt Mühlegg;07.07.2020;Dienstag;1;12;9;4;1;4;16;48;128;104;115;124;159;125;137;118;134;187;268;194;126;53;54;44;24
321;10917;St.Gallen Stadt Mühlegg;07.07.2020;Dienstag;2;6;6;4;11;8;27;134;180;153;139;131;130;100;135;159;171;162;158;126;99;69;68;54;18
322;10917;St.Gallen Stadt Mühlegg;08.07.2020;Mittwoch;1;7;2;4;1;2;19;59;110;93;121;117;150;123;132;129;106;194;218;182;127;63;60;49;28
323;10917;St.Gallen Stadt Mühlegg;08.07.2020;Mittwoch;2;9;2;3;7;11;30;113;152;167;130;123;123;121;163;129;138;147;183;142;104;78;62;45;14
324;10917;St.Gallen Stadt Mühlegg;09.07.2020;Donnerstag;1;9;3;3;1;5;25;56;107;98;118;102;136;148;152;128;148;184;242;168;119;85;57;48;23
325;10917;St.Gallen Stadt Mühlegg;09.07.2020;Donnerstag;2;11;2;2;6;11;27;119;181;130;126;130;125;128;162;117;110;154;177;155;103;82;54;45;22
326;10917;St.Gallen Stadt Mühlegg;10.07.2020;Freitag;1;16;5;1;3;4;19;58;118;106;131;148;163;162;142;147;168;180;200;150;91;64;47;48;38
327;10917;St.Gallen Stadt Mühlegg;10.07.2020;Freitag;2;12;6;4;11;10;25;112;173;133;157;175;160;106;149;165;163;154;168;103;54;46;38;50;22
328;10917;St.Gallen Stadt Mühlegg;11.07.2020;Samstag;1;28;16;6;6;7;10;20;45;61;85;108;149;116;131;109;137;145;135;94;58;40;40;39;25
329;10917;St.Gallen Stadt Mühlegg;11.07.2020;Samstag;2;15;10;6;2;13;9;32;46;88;134;120;147;121;136;130;103;110;60;86;50;32;35;34;25
330;10917;St.Gallen Stadt Mühlegg;12.07.2020;Sonntag;1;24;22;9;11;6;11;13;21;30;38;80;79;68;87;93;88;130;114;100;81;73;44;39;21
331;10917;St.Gallen Stadt Mühlegg;12.07.2020;Sonntag;2;8;10;6;6;9;8;17;31;42;60;66;78;79;90;92;110;111;126;100;95;71;61;23;14
332;10917;St.Gallen Stadt Mühlegg;13.07.2020;Montag;1;10;4;3;2;2;16;44;105;95;92;111;144;129;135;119;134;177;247;143;94;57;58;38;18
333;10917;St.Gallen Stadt Mühlegg;13.07.2020;Montag;2;7;5;3;8;9;24;95;145;121;127;119;124;110;143;131;118;141;157;98;80;56;48;25;20
334;10917;St.Gallen Stadt Mühlegg;14.07.2020;Dienstag;1;9;2;3;3;3;11;45;111;103;125;113;147;125;131;121;136;172;232;150;95;60;57;34;22
335;10917;St.Gallen Stadt Mühlegg;14.07.2020;Dienstag;2;5;3;0;7;11;21;107;158;133;127;147;131;102;143;133;134;138;179;118;83;69;46;25;16
336;10917;St.Gallen Stadt Mühlegg;15.07.2020;Mittwoch;1;10;2;2;3;3;14;40;100;90;110;107;149;115;111;127;144;193;258;174;80;53;46;47;26
337;10917;St.Gallen Stadt Mühlegg;15.07.2020;Mittwoch;2;3;2;2;5;7;34;104;168;118;144;137;134;110;139;127;123;134;142;109;81;38;28;18;16
338;10917;St.Gallen Stadt Mühlegg;16.07.2020;Donnerstag;1;7;4;6;3;4;12;38;94;112;87;124;131;118;111;110;142;152;222;168;87;55;51;61;23
339;10917;St.Gallen Stadt Mühlegg;16.07.2020;Donnerstag;2;6;1;0;7;8;22;108;145;126;132;121;114;94;126;129;138;125;124;96;74;43;22;35;19
340;10917;St.Gallen Stadt Mühlegg;17.07.2020;Freitag;1;12;2;3;4;3;11;40;99;102;107;142;141;118;116;146;120;204;217;150;91;71;47;35;43
341;10917;St.Gallen Stadt Mühlegg;17.07.2020;Freitag;2;9;2;3;7;9;16;90;142;142;126;171;143;107;148;154;147;126;135;102;98;55;41;35;27
342;10917;St.Gallen Stadt Mühlegg;18.07.2020;Samstag;1;25;14;8;9;3;8;17;38;71;101;129;144;139;130;121;123;129;114;83;71;58;43;52;47
343;10917;St.Gallen Stadt Mühlegg;18.07.2020;Samstag;2;18;14;8;3;8;14;21;52;95;141;152;132;117;115;118;93;121;90;86;62;59;51;36;31
344;10917;St.Gallen Stadt Mühlegg;19.07.2020;Sonntag;1;24;15;18;5;3;8;10;19;40;46;84;87;87;81;90;85;98;101;90;73;55;37;24;10
345;10917;St.Gallen Stadt Mühlegg;19.07.2020;Sonntag;2;24;7;8;6;6;5;13;27;42;83;93;97;79;81;94;95;85;126;99;86;61;46;24;9
346;10917;St.Gallen Stadt Mühlegg;20.07.2020;Montag;1;8;3;4;3;3;16;46;80;70;106;108;112;117;113;123;139;152;224;153;115;76;58;42;22
347;10917;St.Gallen Stadt Mühlegg;20.07.2020;Montag;2;7;3;2;6;6;28;98;122;109;119;118;110;93;111;114;105;143;143;124;113;77;54;39;13
348;10917;St.Gallen Stadt Mühlegg;21.07.2020;Dienstag;1;7;5;2;2;6;15;50;79;84;98;83;135;129;118;89;114;156;235;174;93;62;55;44;18
349;10917;St.Gallen Stadt Mühlegg;21.07.2020;Dienstag;2;5;6;4;7;6;24;101;113;117;120;135;117;110;130;116;107;126;147;105;76;52;47;39;16
350;10917;St.Gallen Stadt Mühlegg;22.07.2020;Mittwoch;1;8;5;2;4;3;17;40;83;61;84;123;113;120;114;113;146;178;190;159;90;63;44;59;32
351;10917;St.Gallen Stadt Mühlegg;22.07.2020;Mittwoch;2;8;3;1;9;7;29;100;113;112;117;116;129;119;118;136;101;139;148;91;87;51;54;24;24
352;10917;St.Gallen Stadt Mühlegg;23.07.2020;Donnerstag;1;12;9;1;3;7;15;42;103;69;103;132;143;108;110;135;116;162;239;143;104;62;47;40;24
353;10917;St.Gallen Stadt Mühlegg;23.07.2020;Donnerstag;2;4;7;0;10;8;17;95;136;107;123;114;121;99;133;119;129;126;158;109;78;58;56;34;13
354;10917;St.Gallen Stadt Mühlegg;24.07.2020;Freitag;1;10;4;4;7;4;15;43;88;95;94;132;136;107;109;139;141;222;193;148;93;62;36;36;35
355;10917;St.Gallen Stadt Mühlegg;24.07.2020;Freitag;2;6;3;2;9;10;16;81;112;116;131;125;138;91;131;138;139;147;105;108;57;60;46;46;26
356;10917;St.Gallen Stadt Mühlegg;25.07.2020;Samstag;1;27;15;6;4;3;7;13;34;64;87;114;145;124;111;127;125;124;130;89;63;44;53;39;33
357;10917;St.Gallen Stadt Mühlegg;25.07.2020;Samstag;2;13;2;3;3;6;8;30;61;88;120;129;130;112;110;90;105;98;108;86;78;51;57;46;30
358;10917;St.Gallen Stadt Mühlegg;26.07.2020;Sonntag;1;21;20;10;10;8;6;9;14;22;43;61;76;94;87;90;97;81;107;91;65;78;45;31;16
359;10917;St.Gallen Stadt Mühlegg;26.07.2020;Sonntag;2;28;15;2;4;13;4;13;19;33;45;82;70;65;84;99;87;105;70;82;73;70;53;27;10
360;10917;St.Gallen Stadt Mühlegg;27.07.2020;Montag;1;9;3;5;2;3;17;34;81;73;97;135;119;117;131;115;130;133;183;149;92;60;51;29;21
361;10917;St.Gallen Stadt Mühlegg;27.07.2020;Montag;2;8;1;1;8;8;23;93;116;128;115;127;94;102;116;113;116;133;142;129;104;68;56;38;17
362;10917;St.Gallen Stadt Mühlegg;28.07.2020;Dienstag;1;10;3;2;4;3;14;41;86;93;103;115;150;106;120;139;122;166;213;146;55;42;51;32;15
363;10917;St.Gallen Stadt Mühlegg;28.07.2020;Dienstag;2;6;5;5;7;9;18;104;117;127;118;132;114;97;105;127;139;123;132;98;84;39;44;26;13
364;10917;St.Gallen Stadt Mühlegg;29.07.2020;Mittwoch;1;11;4;2;3;3;12;36;76;74;99;112;148;132;124;121;141;172;204;180;105;64;56;38;25
365;10917;St.Gallen Stadt Mühlegg;29.07.2020;Mittwoch;2;9;3;2;9;8;24;98;115;118;131;136;110;94;119;112;120;145;139;128;96;66;73;27;17
366;10917;St.Gallen Stadt Mühlegg;30.07.2020;Donnerstag;1;13;5;5;2;4;15;37;73;89;112;122;135;115;129;123;104;161;193;163;132;62;49;42;34
367;10917;St.Gallen Stadt Mühlegg;30.07.2020;Donnerstag;2;12;1;2;9;8;30;89;126;121;133;141;128;86;139;116;113;124;143;117;115;80;67;34;22
368;10917;St.Gallen Stadt Mühlegg;31.07.2020;Freitag;1;16;3;7;2;7;15;41;82;124;141;176;148;137;125;151;157;199;169;138;77;62;52;58;48
369;10917;St.Gallen Stadt Mühlegg;31.07.2020;Freitag;2;10;1;3;7;11;26;83;131;142;140;162;141;137;134;141;157;129;142;122;82;82;55;47;33
370;10917;St.Gallen Stadt Mühlegg;01.08.2020;Samstag;1;21;22;14;6;9;8;10;16;57;78;87;109;109;93;99;86;90;112;81;68;55;65;60;64
371;10917;St.Gallen Stadt Mühlegg;01.08.2020;Samstag;2;20;11;9;4;10;8;17;29;56;88;95;111;90;100;87;97;131;102;70;36;41;47;72;80
372;10917;St.Gallen Stadt Mühlegg;02.08.2020;Sonntag;1;33;19;11;6;5;6;6;10;36;56;60;81;87;92;90;77;108;98;72;54;64;44;28;17
373;10917;St.Gallen Stadt Mühlegg;02.08.2020;Sonntag;2;53;9;4;5;6;7;13;17;31;59;77;79;78;101;92;84;112;109;68;57;48;35;18;6
374;10917;St.Gallen Stadt Mühlegg;03.08.2020;Montag;1;8;6;1;4;3;14;42;99;80;93;123;125;135;109;122;150;173;268;182;99;59;52;33;19
375;10917;St.Gallen Stadt Mühlegg;03.08.2020;Montag;2;6;2;3;9;1;21;128;154;133;127;121;118;91;140;154;128;153;155;123;54;46;29;22;12
376;10917;St.Gallen Stadt Mühlegg;04.08.2020;Dienstag;1;11;2;6;4;4;18;42;79;107;100;112;141;124;127;125;140;203;295;238;93;80;63;39;22
377;10917;St.Gallen Stadt Mühlegg;04.08.2020;Dienstag;2;5;6;3;12;5;21;110;160;140;140;130;127;123;141;141;145;148;162;88;80;56;49;28;9
378;10917;St.Gallen Stadt Mühlegg;05.08.2020;Mittwoch;1;10;3;2;4;5;19;37;94;91;95;114;138;142;110;148;142;211;272;184;131;74;54;53;24
379;10917;St.Gallen Stadt Mühlegg;05.08.2020;Mittwoch;2;7;1;2;8;8;22;112;153;156;125;128;127;96;167;131;129;143;157;114;86;78;57;42;16
380;10917;St.Gallen Stadt Mühlegg;06.08.2020;Donnerstag;1;15;4;6;6;1;19;44;105;93;111;143;146;121;128;136;117;200;269;181;122;88;84;66;98
381;10917;St.Gallen Stadt Mühlegg;06.08.2020;Donnerstag;2;12;4;2;10;4;34;115;182;141;146;153;120;124;141;113;112;153;178;152;100;78;56;44;19
382;10917;St.Gallen Stadt Mühlegg;07.08.2020;Freitag;1;42;19;8;13;13;45;51;117;121;114;134;180;154;142;150;178;217;270;161;120;64;67;49;30
383;10917;St.Gallen Stadt Mühlegg;07.08.2020;Freitag;2;11;4;2;9;11;31;112;166;155;148;165;119;116;150;157;143;176;192;135;87;83;62;52;40
384;10917;St.Gallen Stadt Mühlegg;08.08.2020;Samstag;1;24;15;15;8;10;11;22;39;74;145;348;386;358;372;329;345;319;322;252;218;165;133;119;107
385;10917;St.Gallen Stadt Mühlegg;08.08.2020;Samstag;2;31;16;10;5;10;10;24;58;108;175;216;203;181;187;199;158;164;162;151;135;122;80;78;56
386;10917;St.Gallen Stadt Mühlegg;09.08.2020;Sonntag;1;67;50;42;28;20;24;69;91;166;206;262;310;249;270;260;232;253;247;226;219;166;119;61;33
387;10917;St.Gallen Stadt Mühlegg;09.08.2020;Sonntag;2;52;16;14;8;9;12;30;30;72;117;131;150;139;135;145;151;170;182;185;134;129;84;64;47
388;10917;St.Gallen Stadt Mühlegg;10.08.2020;Montag;1;22;13;7;6;3;19;62;123;100;128;132;162;128;148;142;157;223;350;302;151;81;76;31;11
389;10917;St.Gallen Stadt Mühlegg;10.08.2020;Montag;2;21;6;2;11;14;27;168;221;168;142;126;141;99;158;139;159;148;212;129;121;88;57;49;18
390;10917;St.Gallen Stadt Mühlegg;11.08.2020;Dienstag;1;12;2;1;3;2;23;68;135;130;138;130;161;135;136;147;152;214;307;298;136;95;57;41;28
391;10917;St.Gallen Stadt Mühlegg;11.08.2020;Dienstag;2;7;0;2;10;6;30;161;244;175;144;146;112;137;165;138;147;174;216;144;115;81;80;48;21
392;10917;St.Gallen Stadt Mühlegg;12.08.2020;Mittwoch;1;9;5;2;1;4;18;71;133;157;130;151;199;168;165;155;124;223;288;234;133;85;61;52;32
393;10917;St.Gallen Stadt Mühlegg;12.08.2020;Mittwoch;2;6;9;6;9;10;35;168;223;171;176;145;159;148;174;176;134;186;203;162;104;82;67;49;18
394;10917;St.Gallen Stadt Mühlegg;13.08.2020;Donnerstag;1;13;3;2;3;3;21;54;129;107;121;137;156;126;125;123;167;217;295;166;129;87;73;61;27
395;10917;St.Gallen Stadt Mühlegg;13.08.2020;Donnerstag;2;8;3;5;7;10;30;160;230;192;146;133;124;116;166;136;142;152;186;141;80;63;57;51;26
396;10917;St.Gallen Stadt Mühlegg;14.08.2020;Freitag;1;19;6;2;3;8;17;70;132;127;112;151;185;148;132;154;213;214;294;198;153;87;48;52;48
397;10917;St.Gallen Stadt Mühlegg;14.08.2020;Freitag;2;10;7;4;8;15;27;159;223;167;147;145;134;120;166;162;173;169;158;116;103;55;60;34;40
398;10917;St.Gallen Stadt Mühlegg;15.08.2020;Samstag;1;38;18;13;14;2;10;17;44;91;111;131;188;176;121;164;142;169;158;114;88;85;62;52;45
399;10917;St.Gallen Stadt Mühlegg;15.08.2020;Samstag;2;29;10;5;8;5;10;31;72;119;186;165;156;141;120;150;137;129;126;106;75;56;78;61;44
400;10917;St.Gallen Stadt Mühlegg;16.08.2020;Sonntag;1;36;23;13;11;3;7;16;22;42;59;89;110;97;93;133;100;110;103;89;77;68;44;44;20
401;10917;St.Gallen Stadt Mühlegg;16.08.2020;Sonntag;2;45;18;9;5;2;8;21;22;58;84;91;88;91;99;103;128;179;109;65;90;74;46;20;8
402;10917;St.Gallen Stadt Mühlegg;17.08.2020;Montag;1;7;8;1;6;4;18;59;132;118;88;137;158;111;122;118;152;182;239;187;115;95;64;55;28
403;10917;St.Gallen Stadt Mühlegg;17.08.2020;Montag;2;6;6;3;7;9;30;157;240;159;122;123;129;106;143;116;128;155;164;124;77;62;42;28;17
404;10917;St.Gallen Stadt Mühlegg;18.08.2020;Dienstag;1;7;4;2;5;1;16;57;124;134;94;118;144;136;137;101;150;184;245;208;130;88;59;58;27
405;10917;St.Gallen Stadt Mühlegg;18.08.2020;Dienstag;2;7;5;3;8;9;35;153;222;171;117;136;144;94;184;131;127;151;159;125;78;54;41;39;14
406;10917;St.Gallen Stadt Mühlegg;19.08.2020;Mittwoch;1;13;6;3;1;5;16;53;132;110;100;116;171;151;138;160;132;197;218;193;131;74;70;79;31
407;10917;St.Gallen Stadt Mühlegg;19.08.2020;Mittwoch;2;8;3;3;8;8;34;145;212;153;134;126;135;118;157;136;140;166;172;151;107;58;45;36;10
408;10917;St.Gallen Stadt Mühlegg;20.08.2020;Donnerstag;1;16;1;1;2;6;13;59;118;118;111;128;167;139;141;118;155;186;276;208;171;107;64;92;55
409;10917;St.Gallen Stadt Mühlegg;20.08.2020;Donnerstag;2;7;2;3;9;9;26;148;217;184;144;130;140;115;162;125;149;147;188;156;134;84;63;41;32
410;10917;St.Gallen Stadt Mühlegg;21.08.2020;Freitag;1;17;7;2;1;5;12;59;127;112;127;152;161;179;134;156;171;226;244;193;133;82;76;61;46
411;10917;St.Gallen Stadt Mühlegg;21.08.2020;Freitag;2;9;6;5;7;11;26;143;215;170;134;140;141;121;159;160;158;170;177;163;120;90;74;70;33
412;10917;St.Gallen Stadt Mühlegg;22.08.2020;Samstag;1;26;22;14;9;6;10;23;59;86;136;141;184;154;134;120;135;152;128;100;71;62;56;33;48
413;10917;St.Gallen Stadt Mühlegg;22.08.2020;Samstag;2;24;14;7;15;8;9;32;80;130;156;185;159;123;112;128;131;125;116;113;76;43;43;50;38
414;10917;St.Gallen Stadt Mühlegg;23.08.2020;Sonntag;1;28;30;13;14;7;10;9;23;37;90;73;83;82;82;92;107;106;135;105;84;63;38;22;20
415;10917;St.Gallen Stadt Mühlegg;23.08.2020;Sonntag;2;21;22;5;11;9;11;19;29;46;78;92;105;87;87;65;103;119;151;87;81;61;28;17;14
416;10917;St.Gallen Stadt Mühlegg;24.08.2020;Montag;1;6;3;4;1;3;12;62;123;110;99;120;150;133;127;120;133;167;206;192;135;96;66;58;24
417;10917;St.Gallen Stadt Mühlegg;24.08.2020;Montag;2;5;5;5;10;14;32;129;208;165;110;101;126;105;140;128;128;142;147;103;102;60;43;28;18
418;10917;St.Gallen Stadt Mühlegg;25.08.2020;Dienstag;1;13;2;4;3;5;15;62;119;136;109;147;151;128;113;130;131;207;255;193;139;104;73;76;37
419;10917;St.Gallen Stadt Mühlegg;25.08.2020;Dienstag;2;8;2;4;10;18;30;147;213;171;149;145;128;99;161;104;142;161;152;135;113;69;47;47;17
420;10917;St.Gallen Stadt Mühlegg;26.08.2020;Mittwoch;1;14;2;2;4;2;15;58;122;104;115;117;177;136;152;127;145;211;232;186;143;91;70;66;33
421;10917;St.Gallen Stadt Mühlegg;26.08.2020;Mittwoch;2;8;1;3;7;12;29;140;204;154;133;104;139;121;160;126;147;151;166;142;100;72;49;59;23
422;10917;St.Gallen Stadt Mühlegg;27.08.2020;Donnerstag;1;15;3;5;4;4;15;55;116;136;95;133;181;132;158;132;155;166;247;182;148;92;70;66;31
423;10917;St.Gallen Stadt Mühlegg;27.08.2020;Donnerstag;2;14;3;4;11;17;26;135;219;165;128;114;136;125;147;139;122;150;161;144;97;81;54;42;21
424;10917;St.Gallen Stadt Mühlegg;28.08.2020;Freitag;1;18;2;4;5;2;13;54;119;118;119;147;180;165;143;132;165;194;211;194;107;78;56;43;37
425;10917;St.Gallen Stadt Mühlegg;28.08.2020;Freitag;2;12;3;7;6;11;25;144;216;173;154;155;131;116;160;170;151;143;167;137;75;59;46;38;24
426;10917;St.Gallen Stadt Mühlegg;29.08.2020;Samstag;1;27;20;12;10;4;11;14;37;77;113;135;168;166;122;134;148;141;162;114;80;51;32;59;39
427;10917;St.Gallen Stadt Mühlegg;29.08.2020;Samstag;2;18;6;8;6;9;8;31;73;121;159;182;167;126;142;147;140;106;111;88;48;47;49;33;40
428;10917;St.Gallen Stadt Mühlegg;30.08.2020;Sonntag;1;38;19;13;8;4;10;16;23;33;48;59;74;87;87;90;104;94;126;86;89;65;33;25;12
429;10917;St.Gallen Stadt Mühlegg;30.08.2020;Sonntag;2;20;13;7;6;2;7;14;19;44;80;82;69;82;77;74;86;94;102;70;81;56;31;18;13
430;10917;St.Gallen Stadt Mühlegg;31.08.2020;Montag;1;9;0;5;4;0;13;63;117;125;97;131;134;123;115;134;140;164;246;195;111;101;61;51;19
431;10917;St.Gallen Stadt Mühlegg;31.08.2020;Montag;2;5;2;5;8;8;37;132;223;173;122;105;114;91;148;136;138;136;148;99;82;77;29;19;14
432;10917;St.Gallen Stadt Mühlegg;01.09.2020;Dienstag;1;12;4;3;5;3;20;50;115;112;98;145;167;133;129;112;148;169;255;189;128;94;54;45;30
433;10917;St.Gallen Stadt Mühlegg;01.09.2020;Dienstag;2;8;4;4;8;10;28;127;210;147;118;120;124;117;149;115;126;142;149;91;79;55;33;19;19
434;10917;St.Gallen Stadt Mühlegg;02.09.2020;Mittwoch;1;15;1;3;4;4;17;58;126;106;105;142;161;149;148;142;136;192;253;199;129;94;69;54;29
435;10917;St.Gallen Stadt Mühlegg;02.09.2020;Mittwoch;2;4;2;4;8;5;31;140;183;174;131;111;115;123;166;170;162;194;164;132;96;70;36;38;12
436;10917;St.Gallen Stadt Mühlegg;03.09.2020;Donnerstag;1;18;4;2;4;0;14;59;112;122;95;126;161;116;135;118;155;176;248;229;127;108;63;47;32
437;10917;St.Gallen Stadt Mühlegg;03.09.2020;Donnerstag;2;8;2;5;6;5;29;131;210;151;129;106;124;99;145;143;114;141;198;134;122;63;37;28;19
438;10917;St.Gallen Stadt Mühlegg;04.09.2020;Freitag;1;9;2;2;5;4;22;58;110;119;113;134;176;128;138;139;196;201;252;204;128;101;70;66;45
439;10917;St.Gallen Stadt Mühlegg;04.09.2020;Freitag;2;6;3;3;10;8;28;134;186;166;149;138;103;114;155;152;150;142;152;135;88;66;58;51;38
440;10917;St.Gallen Stadt Mühlegg;05.09.2020;Samstag;1;34;17;13;10;7;8;22;43;89;113;129;182;139;144;129;132;173;138;125;85;74;47;52;33
441;10917;St.Gallen Stadt Mühlegg;05.09.2020;Samstag;2;24;13;8;8;8;9;27;54;135;154;131;124;128;136;125;130;122;103;85;74;38;40;49;58
442;10917;St.Gallen Stadt Mühlegg;06.09.2020;Sonntag;1;38;30;13;12;10;13;11;14;48;62;74;88;76;84;85;107;106;119;83;73;43;29;21;11
443;10917;St.Gallen Stadt Mühlegg;06.09.2020;Sonntag;2;29;33;9;6;12;8;12;19;38;91;70;83;92;80;83;99;98;80;77;50;47;25;13;6
444;10917;St.Gallen Stadt Mühlegg;07.09.2020;Montag;1;10;5;5;3;1;20;58;117;110;117;116;145;135;133;114;159;175;253;187;118;113;71;46;25
445;10917;St.Gallen Stadt Mühlegg;07.09.2020;Montag;2;9;3;4;7;7;38;138;199;147;132;109;138;94;151;112;127;138;135;107;92;59;45;21;5
446;10917;St.Gallen Stadt Mühlegg;08.09.2020;Dienstag;1;11;4;3;4;2;21;57;110;110;106;120;141;128;113;108;149;149;243;192;127;82;57;45;23
447;10917;St.Gallen Stadt Mühlegg;08.09.2020;Dienstag;2;6;3;5;6;9;35;141;200;161;107;101;116;97;134;152;134;140;179;107;81;66;48;28;14
448;10917;St.Gallen Stadt Mühlegg;09.09.2020;Mittwoch;1;16;3;2;3;5;15;62;126;102;101;133;163;144;139;139;166;163;243;271;210;94;66;57;24
449;10917;St.Gallen Stadt Mühlegg;09.09.2020;Mittwoch;2;9;2;4;8;7;34;129;190;145;131;117;115;99;165;127;124;155;185;162;104;65;53;32;17
450;10917;St.Gallen Stadt Mühlegg;10.09.2020;Donnerstag;1;10;2;1;4;5;17;74;142;100;96;146;153;143;143;134;140;169;229;189;112;108;75;61;33
451;10917;St.Gallen Stadt Mühlegg;10.09.2020;Donnerstag;2;4;1;3;8;12;22;112;196;167;128;113;115;103;147;136;121;151;161;137;85;50;42;38;11
452;10917;St.Gallen Stadt Mühlegg;11.09.2020;Freitag;1;20;5;1;2;5;18;56;133;121;126;137;160;162;130;161;156;214;227;173;135;80;66;66;45
453;10917;St.Gallen Stadt Mühlegg;11.09.2020;Freitag;2;9;2;3;6;8;33;107;185;149;168;127;120;110;155;131;120;168;174;115;90;63;51;33;33
454;10917;St.Gallen Stadt Mühlegg;12.09.2020;Samstag;1;32;25;8;8;6;12;21;52;63;103;133;149;140;123;169;146;143;144;97;68;57;63;49;40
455;10917;St.Gallen Stadt Mühlegg;12.09.2020;Samstag;2;18;5;6;5;9;8;33;69;109;139;138;130;130;128;135;112;111;117;99;62;57;52;39;23
456;10917;St.Gallen Stadt Mühlegg;13.09.2020;Sonntag;1;29;24;12;12;4;12;12;22;40;74;81;91;107;109;122;119;96;126;108;98;64;49;24;23
457;10917;St.Gallen Stadt Mühlegg;13.09.2020;Sonntag;2;19;12;5;5;3;11;19;27;45;66;83;95;96;119;99;99;140;127;99;93;53;35;14;9
458;10917;St.Gallen Stadt Mühlegg;14.09.2020;Montag;1;11;1;3;4;2;16;63;133;113;116;134;154;114;135;152;135;192;246;175;135;82;49;44;18
459;10917;St.Gallen Stadt Mühlegg;14.09.2020;Montag;2;6;1;3;8;6;32;127;184;159;131;122;119;114;136;121;131;148;176;116;86;49;37;21;8
460;10917;St.Gallen Stadt Mühlegg;15.09.2020;Dienstag;1;7;2;3;3;5;18;63;114;125;113;117;153;131;163;162;147;181;291;207;135;83;61;57;18
461;10917;St.Gallen Stadt Mühlegg;15.09.2020;Dienstag;2;4;3;2;6;6;36;129;187;148;121;119;126;104;152;113;146;147;165;138;95;59;38;39;19
462;10917;St.Gallen Stadt Mühlegg;16.09.2020;Mittwoch;1;7;5;2;4;4;20;67;114;117;123;136;169;137;134;139;163;177;255;201;133;94;51;53;29
463;10917;St.Gallen Stadt Mühlegg;16.09.2020;Mittwoch;2;10;1;3;8;7;38;119;204;138;142;126;137;125;148;142;125;136;176;138;124;64;54;37;15
464;10917;St.Gallen Stadt Mühlegg;17.09.2020;Donnerstag;1;8;1;2;8;2;15;67;127;121;105;123;136;146;121;111;152;158;244;167;129;107;70;61;26
465;10917;St.Gallen Stadt Mühlegg;17.09.2020;Donnerstag;2;8;2;3;11;9;30;145;198;184;124;118;108;103;144;138;130;134;182;164;98;51;56;30;24
466;10917;St.Gallen Stadt Mühlegg;18.09.2020;Freitag;1;14;6;2;5;5;15;66;115;120;107;53;135;185;150;154;150;210;270;210;126;82;37;50;44
467;10917;St.Gallen Stadt Mühlegg;18.09.2020;Freitag;2;12;2;4;9;9;35;128;196;163;134;213;162;77;167;104;139;169;168;148;80;73;41;39;40
468;10917;St.Gallen Stadt Mühlegg;19.09.2020;Samstag;1;25;15;17;8;4;9;25;46;74;95;115;144;153;126;141;151;150;137;96;81;55;47;47;30
469;10917;St.Gallen Stadt Mühlegg;19.09.2020;Samstag;2;16;7;9;6;6;10;25;75;109;142;137;155;121;116;127;117;134;108;107;65;59;54;42;31
470;10917;St.Gallen Stadt Mühlegg;20.09.2020;Sonntag;1;25;23;15;11;3;10;9;19;54;61;87;95;95;113;110;104;144;115;104;89;68;44;28;11
471;10917;St.Gallen Stadt Mühlegg;20.09.2020;Sonntag;2;26;14;9;7;6;5;15;18;42;95;82;94;99;92;108;126;130;113;111;85;74;35;17;9
472;10917;St.Gallen Stadt Mühlegg;21.09.2020;Montag;1;9;3;4;6;1;16;56;115;93;84;121;130;138;121;103;138;155;209;191;115;83;58;40;21
473;10917;St.Gallen Stadt Mühlegg;21.09.2020;Montag;2;9;3;6;6;8;36;142;204;151;117;77;138;80;139;116;135;137;152;99;91;51;28;19;11
474;10917;St.Gallen Stadt Mühlegg;22.09.2020;Dienstag;1;7;5;1;3;2;14;57;120;111;115;118;153;119;126;119;131;185;243;188;140;79;61;42;26
475;10917;St.Gallen Stadt Mühlegg;22.09.2020;Dienstag;2;9;1;5;7;12;31;138;194;155;123;124;122;110;149;128;144;156;147;120;83;64;40;12;18
476;10917;St.Gallen Stadt Mühlegg;23.09.2020;Mittwoch;1;8;3;1;3;2;15;58;113;106;113;119;174;156;134;126;135;167;218;220;126;90;50;44;26
477;10917;St.Gallen Stadt Mühlegg;23.09.2020;Mittwoch;2;8;1;5;6;8;34;131;198;122;139;107;135;104;133;121;132;165;162;117;97;51;39;30;17
478;10917;St.Gallen Stadt Mühlegg;24.09.2020;Donnerstag;1;11;7;3;4;1;12;67;130;133;99;129;152;117;149;115;137;172;242;180;149;94;62;52;36
479;10917;St.Gallen Stadt Mühlegg;24.09.2020;Donnerstag;2;10;2;6;8;10;29;136;185;179;118;131;136;84;142;145;144;171;153;136;93;61;40;45;17
480;10917;St.Gallen Stadt Mühlegg;25.09.2020;Freitag;1;14;9;2;3;4;12;51;122;111;116;159;171;139;137;152;162;179;233;169;109;72;58;52;34
481;10917;St.Gallen Stadt Mühlegg;25.09.2020;Freitag;2;12;3;9;7;8;35;116;202;154;144;148;132;90;172;135;152;138;131;125;74;51;56;35;33
482;10917;St.Gallen Stadt Mühlegg;26.09.2020;Samstag;1;28;23;6;11;8;10;17;28;56;101;119;140;170;133;146;112;127;136;96;69;45;42;48;38
483;10917;St.Gallen Stadt Mühlegg;26.09.2020;Samstag;2;15;13;5;7;13;7;28;61;89;143;157;146;123;129;133;102;104;86;79;42;51;33;26;23
484;10917;St.Gallen Stadt Mühlegg;27.09.2020;Sonntag;1;32;15;8;9;5;10;13;13;32;59;78;118;96;113;102;108;105;110;99;81;55;34;24;14
485;10917;St.Gallen Stadt Mühlegg;27.09.2020;Sonntag;2;22;12;6;5;4;6;19;22;42;78;90;104;78;84;110;123;124;119;68;72;51;34;25;5
486;10917;St.Gallen Stadt Mühlegg;28.09.2020;Montag;1;9;4;2;1;4;12;42;98;103;102;95;140;113;128;126;142;137;203;175;105;66;46;51;23
487;10917;St.Gallen Stadt Mühlegg;28.09.2020;Montag;2;5;1;2;7;10;27;115;126;140;124;100;108;114;134;115;122;137;142;93;88;48;30;23;8
488;10917;St.Gallen Stadt Mühlegg;29.09.2020;Dienstag;1;12;5;3;2;2;16;47;116;131;108;111;123;122;140;121;129;143;206;166;96;67;43;67;27
489;10917;St.Gallen Stadt Mühlegg;29.09.2020;Dienstag;2;4;3;3;9;9;23;118;187;206;137;126;132;109;132;109;132;119;126;91;67;49;26;28;22
490;10917;St.Gallen Stadt Mühlegg;01.10.2020;Donnerstag;1;8;3;1;3;3;15;44;102;101;97;119;129;101;105;132;124;161;196;139;104;58;49;38;19
491;10917;St.Gallen Stadt Mühlegg;01.10.2020;Donnerstag;2;11;1;4;8;13;25;105;168;140;122;118;103;113;119;122;130;123;125;105;86;45;23;27;14
492;10917;St.Gallen Stadt Mühlegg;02.10.2020;Freitag;1;9;2;3;2;5;15;47;102;100;97;110;156;119;122;129;133;171;208;148;87;66;37;42;30
493;10917;St.Gallen Stadt Mühlegg;02.10.2020;Freitag;2;7;1;2;6;13;23;105;147;133;118;130;142;101;135;112;120;129;113;111;66;66;35;37;21
494;10917;St.Gallen Stadt Mühlegg;03.10.2020;Samstag;1;14;16;8;8;5;8;18;29;56;89;111;122;112;119;134;137;151;150;109;77;36;32;25;32
495;10917;St.Gallen Stadt Mühlegg;03.10.2020;Samstag;2;15;13;4;7;9;7;30;49;82;125;135;106;115;108;125;129;111;117;89;55;34;42;51;35
496;10917;St.Gallen Stadt Mühlegg;04.10.2020;Sonntag;1;29;20;16;9;14;9;12;8;37;52;65;94;82;90;130;108;91;113;117;68;48;45;15;10
497;10917;St.Gallen Stadt Mühlegg;04.10.2020;Sonntag;2;23;21;9;4;10;6;13;15;56;57;77;76;84;110;129;115;115;96;73;65;48;27;16;14
498;10917;St.Gallen Stadt Mühlegg;05.10.2020;Montag;1;7;3;3;1;2;16;43;89;96;90;111;136;115;106;113;132;154;210;128;94;56;38;40;16
499;10917;St.Gallen Stadt Mühlegg;05.10.2020;Montag;2;7;2;2;9;7;27;101;148;131;117;153;132;98;120;117;106;119;134;92;57;37;20;16;8
500;10917;St.Gallen Stadt Mühlegg;06.10.2020;Dienstag;1;11;3;5;2;5;16;40;99;80;88;108;107;115;107;129;129;161;209;170;96;58;59;53;17
501;10917;St.Gallen Stadt Mühlegg;06.10.2020;Dienstag;2;6;3;3;10;13;27;113;144;131;96;119;132;108;123;116;96;129;137;101;74;47;26;21;16
502;10917;St.Gallen Stadt Mühlegg;07.10.2020;Mittwoch;1;8;8;3;2;1;17;44;103;96;94;115;134;115;139;115;124;167;193;158;86;55;43;46;31
503;10917;St.Gallen Stadt Mühlegg;07.10.2020;Mittwoch;2;7;4;3;7;6;32;98;137;149;136;120;108;97;132;140;115;120;147;91;78;33;22;19;13
504;10917;St.Gallen Stadt Mühlegg;09.10.2020;Freitag;1;19;0;3;3;3;14;45;97;101;93;126;131;127;128;124;143;156;183;141;87;58;54;38;26
505;10917;St.Gallen Stadt Mühlegg;09.10.2020;Freitag;2;5;2;5;9;5;23;80;146;126;115;113;150;110;140;108;114;164;129;111;93;46;41;28;14
506;10917;St.Gallen Stadt Mühlegg;10.10.2020;Samstag;1;19;14;7;11;4;8;21;29;52;76;99;120;110;92;135;123;132;122;69;48;52;39;25;30
507;10917;St.Gallen Stadt Mühlegg;10.10.2020;Samstag;2;14;13;10;6;7;11;26;45;80;126;117;104;121;99;120;113;79;78;59;60;39;36;28;25
508;10917;St.Gallen Stadt Mühlegg;11.10.2020;Sonntag;1;34;17;6;11;7;7;10;13;27;47;49;113;105;107;102;105;107;96;81;61;58;37;21;11
509;10917;St.Gallen Stadt Mühlegg;11.10.2020;Sonntag;2;16;11;3;6;8;3;12;14;37;59;86;94;78;110;111;118;102;89;69;64;54;29;13;11
510;10917;St.Gallen Stadt Mühlegg;12.10.2020;Montag;1;7;1;4;4;1;16;43;98;99;86;185;141;115;119;128;217;172;220;183;111;53;45;38;19
511;10917;St.Gallen Stadt Mühlegg;12.10.2020;Montag;2;6;2;2;8;9;27;106;148;139;113;110;111;86;128;142;118;127;137;82;60;32;35;20;10
512;10917;St.Gallen Stadt Mühlegg;13.10.2020;Dienstag;1;11;2;3;4;2;16;45;112;94;99;120;141;120;128;142;134;178;236;174;117;56;47;29;24
513;10917;St.Gallen Stadt Mühlegg;13.10.2020;Dienstag;2;5;1;4;9;7;25;116;171;156;137;116;139;100;135;121;120;170;123;112;70;42;35;39;12
514;10917;St.Gallen Stadt Mühlegg;14.10.2020;Mittwoch;1;10;2;3;3;2;14;48;98;231;217;102;148;127;106;0;4;157;206;163;113;66;44;44;16
515;10917;St.Gallen Stadt Mühlegg;14.10.2020;Mittwoch;2;8;0;4;5;11;24;100;161;108;104;145;146;100;149;282;287;173;150;94;73;36;36;21;11
516;10917;St.Gallen Stadt Mühlegg;15.10.2020;Donnerstag;1;10;5;3;3;2;14;42;83;189;103;171;158;124;135;125;139;169;231;175;116;71;60;48;28
517;10917;St.Gallen Stadt Mühlegg;15.10.2020;Donnerstag;2;6;3;2;7;3;29;109;210;193;149;142;128;119;154;141;124;148;122;110;92;36;34;25;10
518;10917;St.Gallen Stadt Mühlegg;16.10.2020;Freitag;1;22;4;2;7;4;11;43;108;122;122;132;144;144;137;142;151;215;235;173;96;65;48;59;44
519;10917;St.Gallen Stadt Mühlegg;16.10.2020;Freitag;2;10;4;3;5;8;28;104;146;157;144;161;123;97;134;133;142;147;140;108;77;38;37;27;24
520;10917;St.Gallen Stadt Mühlegg;17.10.2020;Samstag;1;24;18;12;7;3;8;16;39;59;87;129;109;146;140;133;142;144;131;84;81;47;37;30;47
521;10917;St.Gallen Stadt Mühlegg;17.10.2020;Samstag;2;19;9;6;5;7;14;27;49;80;130;141;122;119;129;134;132;107;99;80;68;40;35;36;30
522;10917;St.Gallen Stadt Mühlegg;18.10.2020;Sonntag;1;24;35;9;10;1;7;10;15;40;57;74;87;94;116;116;126;115;101;96;66;48;35;18;9
523;10917;St.Gallen Stadt Mühlegg;18.10.2020;Sonntag;2;21;22;5;11;1;3;18;20;40;70;109;83;87;113;107;120;110;125;67;74;42;25;16;9
524;10917;St.Gallen Stadt Mühlegg;19.10.2020;Montag;1;10;4;1;1;1;13;48;115;148;114;121;137;138;103;130;133;174;235;201;114;68;53;40;19
525;10917;St.Gallen Stadt Mühlegg;19.10.2020;Montag;2;4;1;5;6;6;33;132;197;161;130;120;120;108;136;114;130;144;159;105;78;51;25;19;9
526;10917;St.Gallen Stadt Mühlegg;20.10.2020;Dienstag;1;9;2;1;5;1;14;55;121;119;108;115;139;147;136;129;141;183;227;192;126;69;62;43;10
527;10917;St.Gallen Stadt Mühlegg;20.10.2020;Dienstag;2;5;1;4;6;9;29;151;198;161;127;136;129;110;156;131;128;141;122;114;86;52;42;28;12
528;10917;St.Gallen Stadt Mühlegg;21.10.2020;Mittwoch;1;10;1;3;3;4;14;48;120;115;127;129;167;162;147;160;146;171;226;190;110;74;50;43;24
529;10917;St.Gallen Stadt Mühlegg;21.10.2020;Mittwoch;2;4;2;6;5;9;36;137;193;157;148;133;116;131;171;128;143;162;157;121;72;50;41;23;8
530;10917;St.Gallen Stadt Mühlegg;22.10.2020;Donnerstag;1;6;3;2;4;2;15;57;124;130;120;125;135;151;134;129;165;179;239;188;109;91;61;36;29
531;10917;St.Gallen Stadt Mühlegg;22.10.2020;Donnerstag;2;4;5;6;7;9;30;137;205;171;131;130;129;111;159;138;144;154;153;142;75;68;45;27;14
532;10917;St.Gallen Stadt Mühlegg;23.10.2020;Freitag;1;12;6;2;2;1;17;43;120;128;120;152;169;143;134;129;146;185;231;180;116;68;46;47;31
533;10917;St.Gallen Stadt Mühlegg;23.10.2020;Freitag;2;8;6;6;6;8;33;132;180;163;142;151;136;121;162;134;151;156;141;100;86;47;26;33;16
534;10917;St.Gallen Stadt Mühlegg;24.10.2020;Samstag;1;16;12;6;6;3;8;21;42;60;110;142;156;155;162;157;153;182;161;104;61;44;45;35;25
535;10917;St.Gallen Stadt Mühlegg;24.10.2020;Samstag;2;17;12;4;5;6;9;23;70;90;132;165;139;133;153;140;143;101;121;113;61;45;40;40;31
536;10917;St.Gallen Stadt Mühlegg;25.10.2020;Sonntag;1;26;24;7;4;2;7;9;18;53;70;107;118;126;130;142;144;124;126;74;55;35;30;13;7
537;10917;St.Gallen Stadt Mühlegg;25.10.2020;Sonntag;2;28;15;6;3;3;5;14;28;57;92;85;109;98;102;116;168;168;144;80;47;41;36;16;8
538;10917;St.Gallen Stadt Mühlegg;26.10.2020;Montag;1;6;2;1;2;2;12;48;115;129;79;111;137;125;115;93;130;160;200;185;110;73;37;34;16
539;10917;St.Gallen Stadt Mühlegg;26.10.2020;Montag;2;6;4;3;7;9;33;145;185;158;122;116;106;93;144;122;106;107;130;104;68;48;24;13;8
540;10917;St.Gallen Stadt Mühlegg;27.10.2020;Dienstag;1;0;0;0;0;0;0;0;0;0;0;0;0;0;0;0;0;0;0;0;0;0;0;0;0
541;10917;St.Gallen Stadt Mühlegg;27.10.2020;Dienstag;2;0;0;0;0;0;0;0;0;0;0;0;0;0;0;0;0;0;0;0;0;0;0;0;0
542;10917;St.Gallen Stadt Mühlegg;07.11.2020;Samstag;1;22;6;6;5;4;10;16;31;62;94;121;150;174;147;176;168;144;119;107;49;52;27;33;45
543;10917;St.Gallen Stadt Mühlegg;07.11.2020;Samstag;2;14;3;4;4;10;11;29;54;105;150;123;117;121;138;146;136;174;144;81;52;50;31;31;34
544;10917;St.Gallen Stadt Mühlegg;08.11.2020;Sonntag;1;29;14;8;4;0;7;11;15;25;81;91;113;111;138;126;98;112;86;76;60;40;28;20;16
545;10917;St.Gallen Stadt Mühlegg;08.11.2020;Sonntag;2;25;11;3;3;2;7;15;13;38;69;80;90;101;144;141;126;157;112;74;50;34;28;18;12
546;10917;St.Gallen Stadt Mühlegg;09.11.2020;Montag;1;7;3;1;2;5;16;46;119;120;122;121;151;127;137;141;152;161;224;183;89;73;46;20;9
547;10917;St.Gallen Stadt Mühlegg;09.11.2020;Montag;2;10;3;3;7;7;35;129;205;171;131;128;121;96;158;135;158;161;161;90;64;40;20;16;8
548;10917;St.Gallen Stadt Mühlegg;10.11.2020;Dienstag;1;8;0;2;2;3;13;47;133;131;98;118;158;114;117;141;132;189;254;184;111;58;42;27;11
549;10917;St.Gallen Stadt Mühlegg;10.11.2020;Dienstag;2;4;2;4;6;8;29;126;216;152;123;122;128;76;147;126;133;161;155;84;72;60;30;20;13
550;10917;St.Gallen Stadt Mühlegg;11.11.2020;Mittwoch;1;7;1;2;2;2;14;41;138;104;108;125;167;160;149;163;150;189;234;168;91;63;54;22;13
551;10917;St.Gallen Stadt Mühlegg;11.11.2020;Mittwoch;2;8;0;4;6;9;22;134;199;153;133;142;137;132;189;140;125;201;187;84;68;41;37;21;10
552;10917;St.Gallen Stadt Mühlegg;12.11.2020;Donnerstag;1;6;1;2;0;4;16;56;140;122;123;138;153;135;150;142;138;141;233;171;115;73;54;34;22
553;10917;St.Gallen Stadt Mühlegg;12.11.2020;Donnerstag;2;3;0;3;5;9;28;142;195;154;135;121;132;121;168;136;122;163;136;96;62;41;35;20;14
554;10917;St.Gallen Stadt Mühlegg;13.11.2020;Freitag;1;8;6;3;5;5;12;39;125;120;109;141;190;157;133;164;163;209;223;170;104;53;48;47;28
555;10917;St.Gallen Stadt Mühlegg;13.11.2020;Freitag;2;5;6;2;5;7;33;120;194;130;154;128;149;113;162;144;179;192;164;116;65;39;36;35;25
556;10917;St.Gallen Stadt Mühlegg;14.11.2020;Samstag;1;17;6;4;7;3;11;14;46;73;103;167;181;144;137;154;146;147;151;77;50;39;33;30;40
557;10917;St.Gallen Stadt Mühlegg;14.11.2020;Samstag;2;16;2;2;2;5;16;36;57;122;157;147;139;134;146;134;138;137;119;81;61;50;39;31;24
558;10917;St.Gallen Stadt Mühlegg;15.11.2020;Sonntag;1;20;17;13;5;3;6;11;16;36;68;96;105;120;146;144;133;107;89;80;37;44;25;19;14
559;10917;St.Gallen Stadt Mühlegg;15.11.2020;Sonntag;2;19;11;4;2;5;6;11;16;35;65;76;92;89;116;132;140;183;110;64;46;48;23;17;9
560;10917;St.Gallen Stadt Mühlegg;16.11.2020;Montag;1;7;2;2;2;1;11;48;129;112;94;123;144;116;130;131;120;169;252;144;107;63;53;33;16
561;10917;St.Gallen Stadt Mühlegg;16.11.2020;Montag;2;7;3;3;8;10;22;128;183;134;132;120;113;99;138;115;125;153;169;108;63;46;23;18;7
562;10917;St.Gallen Stadt Mühlegg;17.11.2020;Dienstag;1;7;4;2;4;0;18;48;102;118;134;133;150;137;151;136;139;160;233;164;107;73;39;33;19
563;10917;St.Gallen Stadt Mühlegg;17.11.2020;Dienstag;2;5;2;2;8;8;29;132;216;159;136;126;149;94;147;120;144;171;115;95;84;45;38;18;10
564;10917;St.Gallen Stadt Mühlegg;18.11.2020;Mittwoch;1;8;1;3;2;3;17;46;126;116;122;138;184;160;171;143;149;205;223;176;95;51;44;44;20
565;10917;St.Gallen Stadt Mühlegg;18.11.2020;Mittwoch;2;6;3;3;6;10;32;134;181;140;141;134;123;124;166;127;171;200;179;128;73;41;36;20;18
566;10917;St.Gallen Stadt Mühlegg;19.11.2020;Donnerstag;1;7;3;3;3;4;13;50;130;135;118;119;147;113;126;121;130;148;202;174;138;71;64;33;28
567;10917;St.Gallen Stadt Mühlegg;19.11.2020;Donnerstag;2;7;6;4;5;8;34;132;176;169;110;144;119;103;159;131;97;138;144;103;80;47;32;23;16
568;10917;St.Gallen Stadt Mühlegg;20.11.2020;Freitag;1;9;10;4;2;1;16;40;105;129;118;156;155;158;134;147;156;198;227;232;87;59;41;44;36
569;10917;St.Gallen Stadt Mühlegg;20.11.2020;Freitag;2;10;6;1;4;8;30;129;187;168;126;126;132;111;151;148;148;155;115;101;64;68;35;37;38
570;10917;St.Gallen Stadt Mühlegg;21.11.2020;Samstag;1;25;11;5;6;2;7;19;35;64;92;155;166;160;146;142;172;140;143;84;62;49;27;42;43
571;10917;St.Gallen Stadt Mühlegg;21.11.2020;Samstag;2;14;7;7;3;4;9;33;55;103;137;148;172;133;138;141;125;149;102;68;57;55;29;43;24
572;10917;St.Gallen Stadt Mühlegg;22.11.2020;Sonntag;1;21;11;13;6;5;7;12;14;29;54;86;125;93;105;120;118;110;102;77;52;43;24;16;12
573;10917;St.Gallen Stadt Mühlegg;22.11.2020;Sonntag;2;13;11;7;8;4;5;14;16;37;64;85;104;99;113;111;137;132;105;73;45;39;16;26;10
574;10917;St.Gallen Stadt Mühlegg;23.11.2020;Montag;1;5;3;4;5;1;13;53;109;109;101;133;157;110;130;154;161;169;228;178;102;66;43;28;16
575;10917;St.Gallen Stadt Mühlegg;23.11.2020;Montag;2;5;3;3;7;8;30;131;178;137;136;139;114;105;145;130;134;157;131;107;72;44;32;11;12
576;10917;St.Gallen Stadt Mühlegg;24.11.2020;Dienstag;1;9;1;6;4;5;20;41;118;124;103;126;139;118;145;140;157;135;200;199;98;67;40;32;16
577;10917;St.Gallen Stadt Mühlegg;24.11.2020;Dienstag;2;4;2;4;7;12;34;132;193;154;130;111;124;124;127;133;171;112;114;81;64;53;31;16;17
578;10917;St.Gallen Stadt Mühlegg;25.11.2020;Mittwoch;1;11;4;3;8;3;16;36;128;114;117;137;162;160;138;175;134;165;231;164;92;62;51;26;19
579;10917;St.Gallen Stadt Mühlegg;25.11.2020;Mittwoch;2;4;1;3;7;9;29;118;173;169;130;121;129;109;181;158;138;162;168;99;66;51;34;17;14
580;10917;St.Gallen Stadt Mühlegg;26.11.2020;Donnerstag;1;11;2;6;3;4;13;51;144;122;100;143;158;150;141;145;153;170;208;196;119;75;56;36;19
581;10917;St.Gallen Stadt Mühlegg;26.11.2020;Donnerstag;2;6;3;5;7;7;31;116;200;166;140;140;145;105;160;138;145;181;169;105;76;44;35;26;17
582;10917;St.Gallen Stadt Mühlegg;27.11.2020;Freitag;1;12;5;4;7;1;16;45;122;108;120;142;185;158;154;129;188;180;206;183;103;77;40;41;42
583;10917;St.Gallen Stadt Mühlegg;27.11.2020;Freitag;2;6;4;3;6;9;26;113;177;163;126;129;158;123;185;157;140;188;169;108;59;61;30;33;32
584;10917;St.Gallen Stadt Mühlegg;28.11.2020;Samstag;1;21;12;5;7;3;10;14;35;68;95;150;172;135;143;136;154;129;151;98;64;38;46;27;54
585;10917;St.Gallen Stadt Mühlegg;28.11.2020;Samstag;2;17;5;2;4;4;12;23;47;98;159;139;138;115;130;107;147;95;81;72;54;38;39;35;28
586;10917;St.Gallen Stadt Mühlegg;29.11.2020;Sonntag;1;26;27;6;8;5;7;9;15;34;45;69;79;97;106;95;103;128;97;69;78;44;26;23;11
587;10917;St.Gallen Stadt Mühlegg;29.11.2020;Sonntag;2;24;11;6;7;5;6;12;25;41;50;71;88;83;82;107;95;111;87;71;62;38;23;23;8
588;10917;St.Gallen Stadt Mühlegg;30.11.2020;Montag;1;6;2;3;5;4;11;42;128;126;98;137;146;130;117;130;166;177;248;202;117;74;48;32;18
589;10917;St.Gallen Stadt Mühlegg;30.11.2020;Montag;2;9;1;3;7;8;27;123;181;146;130;124;115;117;156;138;161;148;153;116;62;51;38;18;12
590;10917;St.Gallen Stadt Mühlegg;01.12.2020;Dienstag;1;10;5;3;4;4;13;42;116;126;90;136;136;127;97;104;132;161;236;203;114;67;34;30;20
591;10917;St.Gallen Stadt Mühlegg;01.12.2020;Dienstag;2;8;2;2;8;7;26;131;201;134;121;109;122;100;122;116;118;128;105;100;70;45;22;18;17
592;10917;St.Gallen Stadt Mühlegg;02.12.2020;Mittwoch;1;10;3;2;0;3;20;41;107;106;111;109;163;158;149;113;140;161;249;177;101;66;44;36;19
593;10917;St.Gallen Stadt Mühlegg;02.12.2020;Mittwoch;2;7;2;2;8;7;28;125;176;144;130;132;119;120;148;144;127;135;133;108;77;47;25;30;13
594;10917;St.Gallen Stadt Mühlegg;03.12.2020;Donnerstag;1;5;4;2;5;4;24;41;123;101;100;127;141;150;146;137;151;177;233;177;121;76;49;37;27
595;10917;St.Gallen Stadt Mühlegg;03.12.2020;Donnerstag;2;5;2;2;8;9;31;121;204;162;116;110;125;93;170;143;164;168;136;94;65;57;32;33;11
596;10917;St.Gallen Stadt Mühlegg;04.12.2020;Freitag;1;9;5;2;2;9;17;39;139;92;118;143;185;144;149;147;185;181;222;184;96;80;39;41;43
597;10917;St.Gallen Stadt Mühlegg;04.12.2020;Freitag;2;6;3;1;4;6;27;118;188;138;145;125;153;116;155;130;149;155;144;111;86;48;33;31;29
598;10917;St.Gallen Stadt Mühlegg;05.12.2020;Samstag;1;26;15;4;8;12;13;17;35;50;94;122;152;136;138;160;146;156;144;86;62;36;40;45;40
599;10917;St.Gallen Stadt Mühlegg;05.12.2020;Samstag;2;13;9;3;6;11;16;25;57;92;132;147;152;125;132;146;103;118;90;71;56;41;42;29;32
600;10917;St.Gallen Stadt Mühlegg;06.12.2020;Sonntag;1;19;14;11;2;17;10;18;16;44;53;57;62;67;94;97;88;73;78;71;63;51;36;25;11
601;10917;St.Gallen Stadt Mühlegg;06.12.2020;Sonntag;2;23;13;14;6;10;9;14;23;41;52;67;75;78;75;81;87;106;98;67;67;39;34;24;6
602;10917;St.Gallen Stadt Mühlegg;07.12.2020;Montag;1;11;1;2;6;15;19;52;103;97;98;106;116;112;101;116;143;128;223;161;92;68;37;24;15
603;10917;St.Gallen Stadt Mühlegg;07.12.2020;Montag;2;10;3;2;11;16;35;116;149;135;108;104;103;80;107;130;107;143;133;100;63;32;32;12;10
604;10917;St.Gallen Stadt Mühlegg;08.12.2020;Dienstag;1;11;3;4;5;5;16;47;121;105;99;121;149;122;132;107;145;181;212;194;103;69;39;29;18
605;10917;St.Gallen Stadt Mühlegg;08.12.2020;Dienstag;2;5;2;4;10;5;32;110;166;139;125;135;130;107;135;131;132;131;120;94;60;68;25;14;13
606;10917;St.Gallen Stadt Mühlegg;09.12.2020;Mittwoch;1;10;5;4;6;10;23;40;107;109;115;106;140;141;132;104;124;174;211;160;92;51;43;29;15
607;10917;St.Gallen Stadt Mühlegg;09.12.2020;Mittwoch;2;6;2;4;5;12;32;120;162;138;131;112;135;97;116;116;121;144;136;78;49;34;33;13;15
608;10917;St.Gallen Stadt Mühlegg;10.12.2020;Donnerstag;1;13;4;2;6;7;18;49;134;97;101;110;146;104;127;105;112;158;212;181;114;73;50;33;24
609;10917;St.Gallen Stadt Mühlegg;10.12.2020;Donnerstag;2;5;3;3;11;12;34;106;180;152;132;110;130;104;124;105;122;130;131;93;62;43;36;22;13
610;10917;St.Gallen Stadt Mühlegg;11.12.2020;Freitag;1;10;8;1;7;3;18;47;120;114;88;148;165;137;130;138;159;177;187;192;103;52;37;40;45
611;10917;St.Gallen Stadt Mühlegg;11.12.2020;Freitag;2;6;3;4;9;11;31;111;178;160;145;134;147;103;140;135;137;139;118;108;77;41;38;32;30
612;10917;St.Gallen Stadt Mühlegg;12.12.2020;Samstag;1;16;14;7;3;2;8;15;25;58;99;133;141;140;147;154;123;147;124;84;58;31;31;29;27
613;10917;St.Gallen Stadt Mühlegg;12.12.2020;Samstag;2;14;7;4;3;2;12;19;50;84;111;155;146;126;141;139;121;87;93;69;50;40;30;28;19
614;10917;St.Gallen Stadt Mühlegg;13.12.2020;Sonntag;1;14;11;3;5;2;9;11;12;24;32;43;68;77;109;111;94;95;91;65;50;33;35;15;12
615;10917;St.Gallen Stadt Mühlegg;13.12.2020;Sonntag;2;16;6;4;3;0;6;14;11;22;31;50;71;60;96;120;109;93;92;59;43;40;23;13;10
616;10917;St.Gallen Stadt Mühlegg;14.12.2020;Montag;1;6;4;5;3;3;11;39;126;107;99;120;160;133;123;116;147;180;223;149;117;39;15;18;10
617;10917;St.Gallen Stadt Mühlegg;14.12.2020;Montag;2;3;1;4;7;6;28;123;186;142;143;117;122;96;163;109;125;148;110;76;54;34;23;12;6
618;10917;St.Gallen Stadt Mühlegg;15.12.2020;Dienstag;1;4;3;2;3;2;18;40;113;113;107;116;151;119;130;127;133;167;221;177;118;48;34;26;17
619;10917;St.Gallen Stadt Mühlegg;15.12.2020;Dienstag;2;4;2;4;7;6;26;122;185;147;116;96;146;112;138;143;130;151;106;60;60;47;28;18;6
620;10917;St.Gallen Stadt Mühlegg;16.12.2020;Mittwoch;1;5;5;3;1;1;17;47;121;132;113;151;182;140;171;145;191;172;239;189;124;40;35;24;18
621;10917;St.Gallen Stadt Mühlegg;16.12.2020;Mittwoch;2;8;3;4;7;5;31;110;188;157;147;149;141;124;143;148;160;171;155;92;68;25;37;16;19
622;10917;St.Gallen Stadt Mühlegg;17.12.2020;Donnerstag;1;10;6;1;3;3;14;47;125;121;109;151;136;137;137;139;173;173;238;176;129;63;34;28;14
623;10917;St.Gallen Stadt Mühlegg;17.12.2020;Donnerstag;2;9;4;4;10;8;29;120;189;148;155;124;161;97;176;149;148;166;131;93;69;31;23;20;10
624;10917;St.Gallen Stadt Mühlegg;18.12.2020;Freitag;1;8;6;0;3;2;20;40;119;118;129;159;176;151;158;174;183;212;240;207;130;58;33;26;23
625;10917;St.Gallen Stadt Mühlegg;18.12.2020;Freitag;2;4;4;3;6;4;34;97;178;161;178;140;165;108;154;158;173;178;147;109;64;57;25;29;25
626;10917;St.Gallen Stadt Mühlegg;19.12.2020;Samstag;1;14;16;7;7;3;9;17;28;68;109;149;162;152;154;190;157;165;113;92;62;39;30;30;15
627;10917;St.Gallen Stadt Mühlegg;19.12.2020;Samstag;2;8;8;11;4;8;7;27;56;118;155;140;155;142;138;133;142;143;88;76;43;39;32;34;16
628;10917;St.Gallen Stadt Mühlegg;20.12.2020;Sonntag;1;10;12;6;4;3;6;12;16;36;49;89;89;96;115;134;107;99;87;62;46;31;21;15;6
629;10917;St.Gallen Stadt Mühlegg;20.12.2020;Sonntag;2;11;8;4;5;2;10;19;21;24;73;68;76;81;102;133;126;149;95;54;45;36;22;13;5
630;10917;St.Gallen Stadt Mühlegg;21.12.2020;Montag;1;7;3;3;3;2;22;34;86;101;108;141;138;139;120;136;168;171;196;163;107;47;26;23;13
631;10917;St.Gallen Stadt Mühlegg;21.12.2020;Montag;2;6;2;2;5;11;28;80;134;127;147;140;146;123;148;119;118;160;113;80;55;41;23;18;8
632;10917;St.Gallen Stadt Mühlegg;22.12.2020;Dienstag;1;12;3;2;3;4;18;39;71;89;111;141;165;128;125;148;167;203;223;156;82;37;38;25;15
633;10917;St.Gallen Stadt Mühlegg;22.12.2020;Dienstag;2;13;1;6;5;7;29;74;133;137;146;156;132;94;142;152;166;165;134;90;62;32;32;27;11
634;10917;St.Gallen Stadt Mühlegg;23.12.2020;Mittwoch;1;5;1;5;4;3;16;31;90;104;126;171;163;179;137;166;205;185;202;142;82;43;25;29;19
635;10917;St.Gallen Stadt Mühlegg;23.12.2020;Mittwoch;2;5;0;6;1;10;25;61;138;153;149;170;148;128;141;156;166;162;129;83;55;44;26;29;18
636;10917;St.Gallen Stadt Mühlegg;24.12.2020;Donnerstag;1;18;6;6;4;1;13;30;68;88;119;177;205;172;169;151;180;173;145;59;28;25;34;54;63
637;10917;St.Gallen Stadt Mühlegg;24.12.2020;Donnerstag;2;12;4;4;1;5;16;45;108;111;144;167;173;149;134;133;147;134;99;41;32;25;42;68;70
638;10917;St.Gallen Stadt Mühlegg;25.12.2020;Freitag;1;43;15;7;7;4;6;7;9;11;33;56;73;65;83;93;98;76;63;57;34;34;46;48;32
639;10917;St.Gallen Stadt Mühlegg;25.12.2020;Freitag;2;35;14;3;4;4;6;9;11;15;24;50;64;70;73;84;106;97;64;42;41;31;39;37;28
640;10917;St.Gallen Stadt Mühlegg;26.12.2020;Samstag;1;17;11;4;2;1;8;8;17;33;37;58;81;97;106;147;131;102;76;61;43;38;29;26;27
641;10917;St.Gallen Stadt Mühlegg;26.12.2020;Samstag;2;20;6;4;3;3;6;11;21;24;44;50;59;82;102;121;132;140;67;56;52;44;37;26;24
642;10917;St.Gallen Stadt Mühlegg;27.12.2020;Sonntag;1;10;11;6;6;3;9;10;11;18;45;60;72;76;97;136;78;118;77;51;34;39;27;21;17
643;10917;St.Gallen Stadt Mühlegg;27.12.2020;Sonntag;2;11;3;2;4;3;5;13;20;21;26;65;60;61;84;115;148;124;81;49;48;41;20;21;16
644;10917;St.Gallen Stadt Mühlegg;28.12.2020;Montag;1;5;2;3;3;2;15;22;48;50;73;112;108;108;116;120;116;138;127;107;64;38;20;19;16
645;10917;St.Gallen Stadt Mühlegg;28.12.2020;Montag;2;7;4;5;4;5;16;44;71;90;96;120;104;85;110;136;105;92;96;66;47;33;26;18;11
646;10917;St.Gallen Stadt Mühlegg;29.12.2020;Dienstag;1;11;3;4;1;4;16;26;39;52;79;108;121;113;135;131;118;157;146;117;58;43;25;17;11
647;10917;St.Gallen Stadt Mühlegg;29.12.2020;Dienstag;2;11;3;4;2;6;18;50;70;70;93;127;103;99;122;126;125;142;94;58;42;39;32;19;9
648;10917;St.Gallen Stadt Mühlegg;30.12.2020;Mittwoch;1;14;7;7;2;7;17;27;43;49;82;124;136;115;119;133;133;172;157;129;71;35;31;22;21
649;10917;St.Gallen Stadt Mühlegg;30.12.2020;Mittwoch;2;12;5;4;5;5;16;50;59;89;119;123;115;98;137;128;141;140;129;78;44;47;16;18;19
650;10917;St.Gallen Stadt Mühlegg;31.12.2020;Donnerstag;1;16;5;2;6;6;16;26;47;60;94;127;140;142;140;141;127;111;101;93;50;23;21;19;39
651;10917;St.Gallen Stadt Mühlegg;31.12.2020;Donnerstag;2;10;2;2;3;9;18;37;57;74;113;126;114;120;108;130;121;95;85;71;47;36;20;14;18
