LNR;ORT-ID;BEZEICHNUNG;DATUM;WOCHENTAG;RI;1;2;3;4;5;6;7;8;9;10;11;12;13;14;15;16;17;18;19;20;21;22;23;24
0;10944;St.Gallen Stadt St.Josefen-Str;01.01.2020;Mittwoch;1;38;77;46;34;15;15;35;27;34;45;87;97;94;154;132;108;131;78;77;64;46;25;26;14
1;10944;St.Gallen Stadt St.Josefen-Str;01.01.2020;Mittwoch;2;57;73;50;41;21;17;21;16;20;27;43;56;77;114;128;160;170;136;73;79;67;39;31;12
2;10944;St.Gallen Stadt St.Josefen-Str;02.01.2020;Donnerstag;1;9;1;1;1;9;18;58;113;115;139;176;166;171;217;215;168;188;151;113;88;60;46;27;20
3;10944;St.Gallen Stadt St.Josefen-Str;02.01.2020;Donnerstag;2;8;6;2;0;9;7;30;46;62;87;124;154;181;190;221;226;224;247;153;94;80;54;59;39
4;10944;St.Gallen Stadt St.Josefen-Str;03.01.2020;Freitag;1;12;11;4;5;12;32;108;208;173;149;206;166;144;233;231;233;231;182;178;100;81;54;50;20
5;10944;St.Gallen Stadt St.Josefen-Str;03.01.2020;Freitag;2;20;6;5;2;9;15;46;69;105;110;139;195;189;255;236;248;269;282;196;121;79;57;69;51
6;10944;St.Gallen Stadt St.Josefen-Str;04.01.2020;Samstag;1;21;12;16;10;4;17;33;48;107;156;188;197;170;193;210;187;165;134;124;97;60;58;55;46
7;10944;St.Gallen Stadt St.Josefen-Str;04.01.2020;Samstag;2;33;22;14;12;10;7;18;36;86;97;170;201;169;178;210;185;232;168;110;81;72;74;69;67
8;10944;St.Gallen Stadt St.Josefen-Str;05.01.2020;Sonntag;1;25;18;18;18;11;18;29;34;66;107;136;142;151;205;191;150;182;138;88;98;58;47;23;12
9;10944;St.Gallen Stadt St.Josefen-Str;05.01.2020;Sonntag;2;40;31;17;16;13;10;18;25;39;66;73;149;156;185;183;193;215;187;94;98;77;35;26;18
10;10944;St.Gallen Stadt St.Josefen-Str;06.01.2020;Montag;1;6;4;2;5;10;57;262;472;246;176;167;174;180;306;193;194;236;297;170;123;80;58;47;14
11;10944;St.Gallen Stadt St.Josefen-Str;06.01.2020;Montag;2;8;10;2;3;11;28;140;168;137;141;176;221;211;222;172;224;345;508;290;157;111;75;68;19
12;10944;St.Gallen Stadt St.Josefen-Str;07.01.2020;Dienstag;1;6;4;5;5;10;50;279;460;281;174;203;208;201;255;185;196;239;289;197;129;85;48;50;14
13;10944;St.Gallen Stadt St.Josefen-Str;07.01.2020;Dienstag;2;11;8;4;2;8;30;146;171;129;138;183;256;224;190;173;215;374;507;315;161;94;90;78;42
14;10944;St.Gallen Stadt St.Josefen-Str;08.01.2020;Mittwoch;1;9;9;2;5;9;61;270;459;286;180;169;201;199;300;223;214;250;328;203;136;87;67;43;23
15;10944;St.Gallen Stadt St.Josefen-Str;08.01.2020;Mittwoch;2;12;5;1;2;13;24;154;191;138;145;184;276;271;207;229;241;345;520;280;217;145;111;73;38
16;10944;St.Gallen Stadt St.Josefen-Str;09.01.2020;Donnerstag;1;10;6;2;7;9;48;268;477;282;189;186;180;208;301;197;207;243;319;229;162;86;79;64;31
17;10944;St.Gallen Stadt St.Josefen-Str;09.01.2020;Donnerstag;2;15;6;2;4;12;30;143;174;163;131;187;270;229;214;222;251;365;544;290;163;129;140;100;38
18;10944;St.Gallen Stadt St.Josefen-Str;10.01.2020;Freitag;1;13;9;2;11;12;51;245;453;235;226;184;242;210;263;234;196;274;264;228;144;82;76;45;40
19;10944;St.Gallen Stadt St.Josefen-Str;10.01.2020;Freitag;2;16;7;3;3;10;26;137;186;164;169;182;289;244;218;216;239;376;441;289;164;102;74;85;70
20;10944;St.Gallen Stadt St.Josefen-Str;11.01.2020;Samstag;1;26;16;11;17;19;20;43;99;137;212;235;241;149;224;210;187;165;150;137;75;70;55;58;52
21;10944;St.Gallen Stadt St.Josefen-Str;11.01.2020;Samstag;2;62;23;16;15;14;17;27;53;98;125;185;203;223;176;212;212;226;190;160;99;94;75;66;61
22;10944;St.Gallen Stadt St.Josefen-Str;12.01.2020;Sonntag;1;51;44;37;18;17;11;17;31;68;107;143;169;171;154;182;194;179;121;107;103;73;44;35;14
23;10944;St.Gallen Stadt St.Josefen-Str;12.01.2020;Sonntag;2;47;45;30;14;18;11;15;24;34;61;113;139;146;179;190;176;210;184;134;122;74;74;22;12
24;10944;St.Gallen Stadt St.Josefen-Str;13.01.2020;Montag;1;7;1;1;6;9;62;293;489;286;169;178;166;200;292;198;198;246;290;190;132;67;61;42;16
25;10944;St.Gallen Stadt St.Josefen-Str;13.01.2020;Montag;2;7;3;2;3;9;28;158;192;163;148;183;223;224;220;176;254;349;557;283;160;122;94;69;27
26;10944;St.Gallen Stadt St.Josefen-Str;14.01.2020;Dienstag;1;6;1;5;5;12;57;296;494;274;181;155;191;187;305;227;212;269;313;223;132;90;65;44;15
27;10944;St.Gallen Stadt St.Josefen-Str;14.01.2020;Dienstag;2;6;2;2;3;11;31;157;180;159;139;175;268;224;224;206;240;364;541;324;165;134;107;72;32
28;10944;St.Gallen Stadt St.Josefen-Str;15.01.2020;Mittwoch;1;9;5;3;6;9;61;280;522;287;179;167;195;193;272;234;220;260;302;217;143;77;56;53;16
29;10944;St.Gallen Stadt St.Josefen-Str;15.01.2020;Mittwoch;2;15;6;3;2;11;23;148;192;168;144;158;281;256;212;209;255;368;525;315;194;122;128;75;40
30;10944;St.Gallen Stadt St.Josefen-Str;16.01.2020;Donnerstag;1;13;5;3;4;9;50;276;495;274;185;199;223;179;329;196;202;272;323;208;145;93;76;46;33
31;10944;St.Gallen Stadt St.Josefen-Str;16.01.2020;Donnerstag;2;10;4;3;4;9;36;151;174;151;144;190;281;245;213;217;224;357;528;291;184;129;132;99;48
32;10944;St.Gallen Stadt St.Josefen-Str;17.01.2020;Freitag;1;12;5;4;5;8;60;242;461;275;204;196;221;192;303;237;207;319;312;353;140;92;84;80;55
33;10944;St.Gallen Stadt St.Josefen-Str;17.01.2020;Freitag;2;16;8;3;3;11;26;143;190;177;175;223;286;235;243;230;272;389;618;443;167;112;74;109;84
34;10944;St.Gallen Stadt St.Josefen-Str;18.01.2020;Samstag;1;32;22;13;11;18;17;42;80;144;246;247;223;181;210;224;175;173;159;140;64;64;70;46;46
35;10944;St.Gallen Stadt St.Josefen-Str;18.01.2020;Samstag;2;51;27;18;7;11;12;22;55;80;150;206;231;220;192;172;188;241;219;162;93;76;77;63;72
36;10944;St.Gallen Stadt St.Josefen-Str;19.01.2020;Sonntag;1;41;23;34;16;13;14;30;31;74;126;114;134;136;148;148;151;163;152;91;101;72;34;37;16
37;10944;St.Gallen Stadt St.Josefen-Str;19.01.2020;Sonntag;2;50;31;25;15;18;15;12;19;35;61;97;135;133;154;134;170;191;163;133;138;90;52;33;18
38;10944;St.Gallen Stadt St.Josefen-Str;20.01.2020;Montag;1;6;2;2;4;14;55;264;491;306;189;175;193;188;281;200;184;252;312;183;124;59;70;44;14
39;10944;St.Gallen Stadt St.Josefen-Str;20.01.2020;Montag;2;7;6;1;2;8;29;162;207;165;150;152;243;229;197;172;217;361;503;311;191;104;91;60;31
40;10944;St.Gallen Stadt St.Josefen-Str;21.01.2020;Dienstag;1;4;5;5;4;10;66;287;477;291;175;179;197;189;291;213;199;258;289;216;120;69;57;46;12
41;10944;St.Gallen Stadt St.Josefen-Str;21.01.2020;Dienstag;2;9;5;4;3;10;37;152;185;168;111;195;268;233;203;194;234;382;532;323;180;115;96;74;24
42;10944;St.Gallen Stadt St.Josefen-Str;22.01.2020;Mittwoch;1;14;2;3;5;9;63;269;480;279;183;179;203;202;296;212;219;223;341;177;143;82;58;46;27
43;10944;St.Gallen Stadt St.Josefen-Str;22.01.2020;Mittwoch;2;15;4;4;3;16;25;154;219;166;125;147;269;260;200;215;241;381;501;269;171;127;105;85;53
44;10944;St.Gallen Stadt St.Josefen-Str;23.01.2020;Donnerstag;1;14;2;2;2;11;57;280;467;290;193;172;185;204;287;204;193;245;302;218;142;84;69;52;28
45;10944;St.Gallen Stadt St.Josefen-Str;23.01.2020;Donnerstag;2;10;9;2;5;12;29;142;171;150;148;176;252;230;214;203;247;382;462;318;178;119;118;82;52
46;10944;St.Gallen Stadt St.Josefen-Str;24.01.2020;Freitag;1;21;3;5;9;16;64;246;426;302;201;193;203;200;305;226;227;278;308;226;148;74;57;63;40
47;10944;St.Gallen Stadt St.Josefen-Str;24.01.2020;Freitag;2;23;4;3;5;13;34;141;176;162;162;196;262;233;259;229;306;399;461;267;158;86;67;84;68
48;10944;St.Gallen Stadt St.Josefen-Str;25.01.2020;Samstag;1;28;16;13;21;12;16;51;83;135;201;209;199;175;218;187;186;182;142;107;67;52;48;48;35
49;10944;St.Gallen Stadt St.Josefen-Str;25.01.2020;Samstag;2;40;24;17;20;12;8;21;49;96;139;180;212;187;188;195;194;190;185;104;86;63;63;71;45
50;10944;St.Gallen Stadt St.Josefen-Str;26.01.2020;Sonntag;1;31;13;20;14;12;15;25;35;63;118;129;145;165;175;159;165;152;128;103;95;71;38;31;9
51;10944;St.Gallen Stadt St.Josefen-Str;26.01.2020;Sonntag;2;45;23;20;17;15;11;17;22;26;58;104;135;144;157;178;152;175;162;128;109;75;51;38;19
52;10944;St.Gallen Stadt St.Josefen-Str;27.01.2020;Montag;1;6;5;1;2;11;48;241;368;260;164;178;202;156;268;209;205;222;243;158;115;71;61;18;14
53;10944;St.Gallen Stadt St.Josefen-Str;27.01.2020;Montag;2;12;6;2;3;15;28;144;175;157;120;167;211;204;195;188;207;334;466;227;135;87;80;47;23
54;10944;St.Gallen Stadt St.Josefen-Str;28.01.2020;Dienstag;1;7;4;1;4;11;48;235;396;200;170;159;168;162;234;179;167;213;226;159;112;60;44;39;11
55;10944;St.Gallen Stadt St.Josefen-Str;28.01.2020;Dienstag;2;12;2;1;5;9;30;134;174;133;133;138;202;193;187;164;175;294;449;242;139;95;60;61;25
56;10944;St.Gallen Stadt St.Josefen-Str;29.01.2020;Mittwoch;1;4;4;3;8;8;51;242;351;221;161;144;174;162;242;206;180;206;255;195;124;56;51;42;15
57;10944;St.Gallen Stadt St.Josefen-Str;29.01.2020;Mittwoch;2;9;5;4;3;13;29;133;154;124;113;160;234;206;204;171;180;306;418;229;149;93;90;67;28
58;10944;St.Gallen Stadt St.Josefen-Str;30.01.2020;Donnerstag;1;9;1;4;7;10;58;228;377;249;175;179;179;175;265;186;208;202;283;182;109;96;58;46;22
59;10944;St.Gallen Stadt St.Josefen-Str;30.01.2020;Donnerstag;2;10;6;3;3;10;30;140;152;147;162;167;235;194;187;202;222;318;415;256;135;101;93;94;32
60;10944;St.Gallen Stadt St.Josefen-Str;31.01.2020;Freitag;1;9;7;2;6;10;58;222;349;246;170;182;205;161;282;226;202;242;236;215;107;93;77;49;43
61;10944;St.Gallen Stadt St.Josefen-Str;31.01.2020;Freitag;2;20;8;2;2;9;32;135;167;151;131;186;236;246;217;214;271;303;389;206;146;105;70;63;61
62;10944;St.Gallen Stadt St.Josefen-Str;01.02.2020;Samstag;1;17;23;18;15;9;19;50;74;140;178;217;221;180;204;207;179;154;159;122;102;94;80;57;49
63;10944;St.Gallen Stadt St.Josefen-Str;01.02.2020;Samstag;2;29;27;23;20;15;13;23;53;71;142;221;212;226;228;219;222;213;201;143;104;83;51;57;44
64;10944;St.Gallen Stadt St.Josefen-Str;02.02.2020;Sonntag;1;23;27;17;15;11;13;28;24;49;108;126;141;130;151;174;164;147;174;112;97;77;42;30;16
65;10944;St.Gallen Stadt St.Josefen-Str;02.02.2020;Sonntag;2;40;38;29;20;12;12;14;12;55;87;105;155;165;146;187;156;177;151;113;100;83;52;33;20
66;10944;St.Gallen Stadt St.Josefen-Str;03.02.2020;Montag;1;8;4;2;5;21;61;291;478;276;167;202;169;191;267;202;189;223;285;207;118;66;63;42;11
67;10944;St.Gallen Stadt St.Josefen-Str;03.02.2020;Montag;2;6;5;1;5;21;34;157;186;149;140;173;239;223;188;173;243;322;503;286;167;108;84;66;25
68;10944;St.Gallen Stadt St.Josefen-Str;04.02.2020;Dienstag;1;7;4;6;7;11;50;309;476;212;177;166;180;181;275;197;179;233;282;200;134;90;64;55;25
69;10944;St.Gallen Stadt St.Josefen-Str;04.02.2020;Dienstag;2;13;4;4;3;11;40;147;171;154;108;160;248;213;176;161;247;345;516;340;183;130;85;66;19
70;10944;St.Gallen Stadt St.Josefen-Str;05.02.2020;Mittwoch;1;8;6;7;3;11;57;276;516;429;211;181;188;189;276;247;208;243;314;224;139;103;60;58;17
71;10944;St.Gallen Stadt St.Josefen-Str;05.02.2020;Mittwoch;2;19;3;8;2;11;29;154;171;155;140;184;266;244;208;220;234;331;531;288;191;127;127;81;44
72;10944;St.Gallen Stadt St.Josefen-Str;06.02.2020;Donnerstag;1;9;4;4;5;12;46;279;501;275;178;187;199;173;300;203;226;266;311;259;174;89;67;54;24
73;10944;St.Gallen Stadt St.Josefen-Str;06.02.2020;Donnerstag;2;12;5;6;3;15;30;149;175;175;134;204;273;239;243;215;234;357;531;319;188;120;97;97;44
74;10944;St.Gallen Stadt St.Josefen-Str;07.02.2020;Freitag;1;13;5;5;7;17;50;258;486;296;200;235;229;207;303;259;250;285;282;269;169;97;69;53;33
75;10944;St.Gallen Stadt St.Josefen-Str;07.02.2020;Freitag;2;16;8;5;3;18;32;143;170;162;154;198;286;272;239;250;276;376;480;300;185;97;85;88;64
76;10944;St.Gallen Stadt St.Josefen-Str;08.02.2020;Samstag;1;28;17;15;12;20;27;48;115;164;216;211;250;196;235;260;195;187;185;186;93;76;74;69;51
77;10944;St.Gallen Stadt St.Josefen-Str;08.02.2020;Samstag;2;51;34;21;12;18;14;37;76;88;163;185;258;248;232;253;230;254;232;156;99;81;82;61;70
78;10944;St.Gallen Stadt St.Josefen-Str;09.02.2020;Sonntag;1;44;14;18;18;11;19;28;34;59;126;152;165;155;212;172;209;226;152;128;98;69;40;27;7
79;10944;St.Gallen Stadt St.Josefen-Str;09.02.2020;Sonntag;2;34;27;22;19;19;11;13;49;48;106;129;164;205;193;199;200;169;190;183;99;91;37;30;20
80;10944;St.Gallen Stadt St.Josefen-Str;10.02.2020;Montag;1;8;3;0;4;13;55;287;507;258;160;163;164;167;277;203;152;219;293;233;126;78;52;42;12
81;10944;St.Gallen Stadt St.Josefen-Str;10.02.2020;Montag;2;5;3;1;3;11;31;167;202;175;140;149;242;193;190;196;192;353;484;289;166;95;94;68;28
82;10944;St.Gallen Stadt St.Josefen-Str;11.02.2020;Dienstag;1;10;4;4;6;15;51;276;498;290;175;165;184;192;283;203;202;266;291;202;139;72;67;59;20
83;10944;St.Gallen Stadt St.Josefen-Str;11.02.2020;Dienstag;2;11;6;3;3;14;34;152;193;148;119;170;238;241;210;187;226;382;519;307;137;132;101;66;34
84;10944;St.Gallen Stadt St.Josefen-Str;12.02.2020;Mittwoch;1;9;5;3;4;15;51;270;476;269;192;185;189;196;286;219;209;221;317;225;138;75;68;54;24
85;10944;St.Gallen Stadt St.Josefen-Str;12.02.2020;Mittwoch;2;12;5;3;2;15;26;149;208;162;135;175;282;244;209;218;242;316;529;311;182;134;102;74;39
86;10944;St.Gallen Stadt St.Josefen-Str;13.02.2020;Donnerstag;1;8;4;5;5;14;50;277;472;301;215;192;204;198;293;264;203;232;329;225;127;87;65;46;19
87;10944;St.Gallen Stadt St.Josefen-Str;13.02.2020;Donnerstag;2;18;1;4;4;14;38;161;176;167;136;223;249;258;226;208;250;376;527;278;171;125;105;78;36
88;10944;St.Gallen Stadt St.Josefen-Str;14.02.2020;Freitag;1;18;4;2;10;12;59;270;439;263;200;217;221;186;282;198;206;277;279;239;137;91;67;66;61
89;10944;St.Gallen Stadt St.Josefen-Str;14.02.2020;Freitag;2;23;6;5;5;12;36;144;174;161;162;190;291;214;191;223;280;413;467;305;177;109;84;87;55
90;10944;St.Gallen Stadt St.Josefen-Str;15.02.2020;Samstag;1;29;22;14;9;7;22;56;107;171;246;221;245;259;219;236;186;180;203;196;124;91;69;56;47
91;10944;St.Gallen Stadt St.Josefen-Str;15.02.2020;Samstag;2;36;25;12;11;12;7;59;80;88;138;176;252;254;226;224;208;256;260;157;101;67;66;70;57
92;10944;St.Gallen Stadt St.Josefen-Str;16.02.2020;Sonntag;1;24;27;14;19;11;17;29;40;82;126;132;159;148;184;164;167;167;161;147;128;94;47;25;14
93;10944;St.Gallen Stadt St.Josefen-Str;16.02.2020;Sonntag;2;56;36;23;17;14;9;34;39;40;84;124;174;178;160;166;181;184;181;146;98;84;49;24;16
94;10944;St.Gallen Stadt St.Josefen-Str;17.02.2020;Montag;1;8;1;0;5;12;57;307;513;275;201;195;175;195;290;200;187;242;299;206;134;76;60;53;6
95;10944;St.Gallen Stadt St.Josefen-Str;17.02.2020;Montag;2;10;2;0;3;9;36;161;209;168;149;189;267;223;209;194;222;349;513;296;146;125;92;70;24
96;10944;St.Gallen Stadt St.Josefen-Str;18.02.2020;Dienstag;1;8;4;5;3;16;67;299;504;277;169;198;189;169;305;215;241;270;322;202;133;88;63;61;19
97;10944;St.Gallen Stadt St.Josefen-Str;18.02.2020;Dienstag;2;13;2;3;1;11;28;163;182;164;126;199;259;233;206;232;238;396;548;345;188;141;103;70;27
98;10944;St.Gallen Stadt St.Josefen-Str;19.02.2020;Mittwoch;1;14;6;3;7;12;66;300;489;280;185;187;180;190;313;204;228;247;337;241;129;97;60;51;23
99;10944;St.Gallen Stadt St.Josefen-Str;19.02.2020;Mittwoch;2;15;3;1;6;9;25;163;197;159;141;167;270;283;224;226;246;347;572;306;203;128;116;74;53
100;10944;St.Gallen Stadt St.Josefen-Str;20.02.2020;Donnerstag;1;9;6;5;6;13;66;284;501;266;207;175;200;196;291;243;214;241;310;256;139;100;69;62;36
101;10944;St.Gallen Stadt St.Josefen-Str;20.02.2020;Donnerstag;2;14;5;1;7;15;29;167;192;148;156;186;262;238;233;208;268;382;533;296;178;143;123;79;57
102;10944;St.Gallen Stadt St.Josefen-Str;21.02.2020;Freitag;1;13;12;9;9;10;45;268;422;300;198;194;229;189;279;245;221;280;327;299;144;102;78;98;70
103;10944;St.Gallen Stadt St.Josefen-Str;21.02.2020;Freitag;2;32;19;7;6;14;26;145;170;185;158;174;270;237;244;245;256;385;500;369;179;103;90;104;91
104;10944;St.Gallen Stadt St.Josefen-Str;22.02.2020;Samstag;1;35;20;20;12;8;17;51;98;173;230;230;222;209;227;234;177;179;201;161;105;62;56;58;47
105;10944;St.Gallen Stadt St.Josefen-Str;22.02.2020;Samstag;2;61;35;27;17;11;7;25;54;93;152;218;215;227;239;216;220;246;246;164;117;75;57;71;73
106;10944;St.Gallen Stadt St.Josefen-Str;23.02.2020;Sonntag;1;29;27;32;14;10;14;28;37;77;138;108;153;173;254;152;170;137;110;204;125;68;45;27;10
107;10944;St.Gallen Stadt St.Josefen-Str;23.02.2020;Sonntag;2;49;31;40;20;18;6;17;18;34;71;112;169;158;157;170;218;202;178;189;116;74;45;25;14
108;10944;St.Gallen Stadt St.Josefen-Str;24.02.2020;Montag;1;6;4;1;5;9;61;296;512;294;194;190;187;167;317;227;199;231;306;230;134;76;70;29;14
109;10944;St.Gallen Stadt St.Josefen-Str;24.02.2020;Montag;2;6;2;1;3;11;32;173;192;175;147;194;272;219;234;218;249;373;562;315;173;119;97;81;31
110;10944;St.Gallen Stadt St.Josefen-Str;25.02.2020;Dienstag;1;9;3;4;5;10;66;322;529;290;198;183;187;179;292;223;199;261;311;235;142;73;56;53;14
111;10944;St.Gallen Stadt St.Josefen-Str;25.02.2020;Dienstag;2;13;6;3;4;9;32;166;196;176;141;169;268;241;214;229;241;347;538;315;195;133;120;82;32
112;10944;St.Gallen Stadt St.Josefen-Str;26.02.2020;Mittwoch;1;10;1;5;3;24;66;296;479;250;173;181;175;185;304;211;211;213;353;279;143;78;58;53;21
113;10944;St.Gallen Stadt St.Josefen-Str;26.02.2020;Mittwoch;2;21;4;5;3;13;30;141;202;160;110;172;257;257;235;211;229;310;534;344;187;103;105;87;39
114;10944;St.Gallen Stadt St.Josefen-Str;27.02.2020;Donnerstag;1;6;7;5;4;12;61;296;500;234;199;174;191;194;311;170;194;220;283;252;113;103;70;45;22
115;10944;St.Gallen Stadt St.Josefen-Str;27.02.2020;Donnerstag;2;11;6;4;3;11;32;157;174;145;160;190;247;264;191;189;210;344;514;324;199;119;109;74;47
116;10944;St.Gallen Stadt St.Josefen-Str;28.02.2020;Freitag;1;24;7;4;6;15;64;297;465;256;194;201;219;230;303;231;235;270;298;231;142;103;66;78;43
117;10944;St.Gallen Stadt St.Josefen-Str;28.02.2020;Freitag;2;12;5;3;2;14;31;147;174;157;160;190;282;282;234;222;272;370;475;296;154;105;78;79;58
118;10944;St.Gallen Stadt St.Josefen-Str;29.02.2020;Samstag;1;27;14;15;15;10;20;57;91;178;231;264;231;196;232;215;195;179;182;122;84;74;58;52;37
119;10944;St.Gallen Stadt St.Josefen-Str;29.02.2020;Samstag;2;45;26;17;15;17;8;27;67;99;175;217;223;239;208;220;207;242;216;162;113;76;53;51;46
120;10944;St.Gallen Stadt St.Josefen-Str;01.03.2020;Sonntag;1;29;28;22;14;17;6;23;27;67;119;122;124;147;190;197;167;177;169;110;108;79;38;22;12
121;10944;St.Gallen Stadt St.Josefen-Str;01.03.2020;Sonntag;2;46;25;25;25;16;13;16;25;36;53;123;150;174;159;175;195;220;223;113;110;87;45;23;20
122;10944;St.Gallen Stadt St.Josefen-Str;02.03.2020;Montag;1;6;5;3;4;7;57;306;502;269;184;210;187;190;307;233;210;248;303;204;127;88;53;41;14
123;10944;St.Gallen Stadt St.Josefen-Str;02.03.2020;Montag;2;10;2;2;3;9;31;177;203;168;147;179;257;221;219;196;261;362;573;286;145;111;85;66;40
124;10944;St.Gallen Stadt St.Josefen-Str;03.03.2020;Dienstag;1;7;2;6;4;11;48;303;503;256;192;202;198;189;323;200;189;271;309;222;130;90;76;52;16
125;10944;St.Gallen Stadt St.Josefen-Str;03.03.2020;Dienstag;2;13;3;5;2;11;38;157;218;163;135;188;278;231;194;211;262;367;563;328;163;150;96;72;35
126;10944;St.Gallen Stadt St.Josefen-Str;04.03.2020;Mittwoch;1;10;1;3;8;7;46;301;510;267;219;184;194;210;330;238;225;254;324;242;154;78;63;55;19
127;10944;St.Gallen Stadt St.Josefen-Str;04.03.2020;Mittwoch;2;11;3;3;5;11;32;181;231;154;138;183;283;269;222;217;237;344;550;284;207;125;102;85;48
128;10944;St.Gallen Stadt St.Josefen-Str;05.03.2020;Donnerstag;1;8;4;2;6;9;52;311;521;285;179;201;177;206;272;191;200;252;294;213;145;109;69;44;21
129;10944;St.Gallen Stadt St.Josefen-Str;05.03.2020;Donnerstag;2;13;8;4;2;10;37;165;200;154;166;209;279;220;189;189;232;317;554;315;192;101;107;70;35
130;10944;St.Gallen Stadt St.Josefen-Str;06.03.2020;Freitag;1;14;7;1;7;9;61;293;463;251;193;200;219;195;285;229;224;277;250;251;132;99;80;62;45
131;10944;St.Gallen Stadt St.Josefen-Str;06.03.2020;Freitag;2;15;8;2;6;16;38;159;172;191;155;203;268;261;214;223;242;393;460;278;164;104;83;88;61
132;10944;St.Gallen Stadt St.Josefen-Str;07.03.2020;Samstag;1;14;21;19;14;7;19;41;99;153;218;225;224;194;236;211;150;172;144;139;83;66;48;58;46
133;10944;St.Gallen Stadt St.Josefen-Str;07.03.2020;Samstag;2;32;29;16;16;12;7;32;68;85;140;204;206;222;175;178;180;211;197;142;87;68;67;60;64
134;10944;St.Gallen Stadt St.Josefen-Str;08.03.2020;Sonntag;1;26;19;12;11;22;14;33;39;66;101;122;141;135;187;194;163;169;149;110;99;73;44;29;8
135;10944;St.Gallen Stadt St.Josefen-Str;08.03.2020;Sonntag;2;38;29;21;14;26;12;14;30;52;66;108;156;138;156;192;167;188;191;136;122;81;47;27;13
136;10944;St.Gallen Stadt St.Josefen-Str;09.03.2020;Montag;1;4;4;1;3;8;60;310;581;265;188;186;178;175;286;194;207;245;291;210;111;73;60;44;14
137;10944;St.Gallen Stadt St.Josefen-Str;09.03.2020;Montag;2;5;4;2;2;7;39;170;195;166;144;180;233;247;198;177;209;349;536;313;163;96;78;74;17
138;10944;St.Gallen Stadt St.Josefen-Str;10.03.2020;Dienstag;1;8;2;1;6;8;58;318;549;276;186;207;180;169;297;205;204;243;356;232;139;72;53;48;18
139;10944;St.Gallen Stadt St.Josefen-Str;10.03.2020;Dienstag;2;14;4;3;2;11;35;169;190;173;155;207;260;233;216;227;220;368;581;309;166;124;84;75;22
140;10944;St.Gallen Stadt St.Josefen-Str;11.03.2020;Mittwoch;1;4;4;3;6;9;60;302;530;264;179;180;198;208;270;252;233;262;320;247;169;79;63;47;18
141;10944;St.Gallen Stadt St.Josefen-Str;11.03.2020;Mittwoch;2;7;5;1;4;7;38;171;193;178;150;193;253;249;230;214;260;366;575;292;212;111;93;89;29
142;10944;St.Gallen Stadt St.Josefen-Str;12.03.2020;Donnerstag;1;8;3;2;5;13;56;301;535;281;185;174;215;182;296;209;214;230;333;234;151;91;67;43;16
143;10944;St.Gallen Stadt St.Josefen-Str;12.03.2020;Donnerstag;2;12;5;2;3;17;35;185;187;172;171;198;220;257;214;228;251;390;533;338;153;125;102;91;32
144;10944;St.Gallen Stadt St.Josefen-Str;13.03.2020;Freitag;1;20;7;2;6;10;51;287;461;261;223;220;177;189;296;236;241;271;320;241;146;73;66;49;36
145;10944;St.Gallen Stadt St.Josefen-Str;13.03.2020;Freitag;2;21;7;4;4;12;40;145;181;172;157;191;270;261;217;257;279;397;500;285;159;96;68;87;45
146;10944;St.Gallen Stadt St.Josefen-Str;14.03.2020;Samstag;1;32;14;17;14;11;19;44;88;162;221;231;222;184;198;219;160;186;159;111;79;61;46;59;33
147;10944;St.Gallen Stadt St.Josefen-Str;14.03.2020;Samstag;2;34;30;14;12;8;9;19;58;108;156;223;230;235;212;220;206;190;168;108;81;56;43;54;36
148;10944;St.Gallen Stadt St.Josefen-Str;15.03.2020;Sonntag;1;24;17;8;11;10;12;30;35;47;99;117;142;139;171;194;171;192;174;108;100;71;42;21;13
149;10944;St.Gallen Stadt St.Josefen-Str;15.03.2020;Sonntag;2;36;30;16;18;6;6;14;26;41;73;111;143;148;161;165;168;207;167;131;95;68;43;19;15
150;10944;St.Gallen Stadt St.Josefen-Str;16.03.2020;Montag;1;3;2;4;5;13;60;312;437;267;193;195;182;196;296;198;207;242;303;205;96;64;49;41;12
151;10944;St.Gallen Stadt St.Josefen-Str;16.03.2020;Montag;2;5;6;2;3;12;36;169;195;188;132;207;246;253;239;215;223;366;480;297;162;80;57;43;20
152;10944;St.Gallen Stadt St.Josefen-Str;17.03.2020;Dienstag;1;7;5;3;4;12;70;291;392;238;178;162;160;166;254;191;203;225;261;150;81;45;36;20;6
153;10944;St.Gallen Stadt St.Josefen-Str;17.03.2020;Dienstag;2;11;6;3;3;12;42;165;195;145;153;158;245;247;203;187;220;296;428;223;101;60;46;29;16
154;10944;St.Gallen Stadt St.Josefen-Str;18.03.2020;Mittwoch;1;7;4;5;5;13;53;273;385;184;171;164;189;194;271;209;212;215;255;158;98;41;26;20;6
155;10944;St.Gallen Stadt St.Josefen-Str;18.03.2020;Mittwoch;2;7;6;2;2;11;42;152;179;169;148;196;246;248;224;212;204;330;408;208;115;50;37;23;12
156;10944;St.Gallen Stadt St.Josefen-Str;19.03.2020;Donnerstag;1;7;5;3;3;8;56;236;355;193;166;193;174;185;247;155;196;214;405;155;91;49;35;25;5
157;10944;St.Gallen Stadt St.Josefen-Str;19.03.2020;Donnerstag;2;12;4;1;3;12;39;147;150;144;127;195;230;222;192;186;209;292;438;215;98;71;39;18;11
158;10944;St.Gallen Stadt St.Josefen-Str;20.03.2020;Freitag;1;5;6;1;7;9;52;232;329;202;177;185;189;167;236;193;206;232;227;122;70;43;39;26;12
159;10944;St.Gallen Stadt St.Josefen-Str;20.03.2020;Freitag;2;6;1;4;4;8;39;159;146;144;180;199;226;230;195;210;246;294;312;173;84;44;40;27;20
160;10944;St.Gallen Stadt St.Josefen-Str;21.03.2020;Samstag;1;9;2;4;4;4;18;42;67;90;98;137;123;131;131;116;131;117;90;73;50;26;33;18;14
161;10944;St.Gallen Stadt St.Josefen-Str;21.03.2020;Samstag;2;9;6;7;4;7;7;28;41;73;96;127;131;160;133;116;110;121;116;70;39;28;20;10;26
162;10944;St.Gallen Stadt St.Josefen-Str;22.03.2020;Sonntag;1;9;4;2;1;2;6;25;16;21;38;59;83;82;84;106;130;129;111;83;45;54;28;22;14
163;10944;St.Gallen Stadt St.Josefen-Str;22.03.2020;Sonntag;2;11;4;3;3;2;4;23;16;27;49;71;78;77;97;117;124;114;94;65;72;49;26;15;8
164;10944;St.Gallen Stadt St.Josefen-Str;23.03.2020;Montag;1;3;3;2;4;6;52;265;329;159;144;147;145;172;225;167;148;236;231;133;73;40;30;20;8
165;10944;St.Gallen Stadt St.Josefen-Str;23.03.2020;Montag;2;6;5;0;1;9;36;172;184;128;127;169;204;203;172;170;186;257;344;183;78;50;38;18;9
166;10944;St.Gallen Stadt St.Josefen-Str;24.03.2020;Dienstag;1;9;3;2;5;9;52;256;330;152;128;149;133;157;218;186;153;244;245;126;79;46;28;20;4
167;10944;St.Gallen Stadt St.Josefen-Str;24.03.2020;Dienstag;2;8;2;2;1;13;34;145;151;119;121;141;183;215;164;205;210;267;362;207;85;52;41;22;11
168;10944;St.Gallen Stadt St.Josefen-Str;25.03.2020;Mittwoch;1;6;3;4;4;9;68;250;316;169;135;142;153;165;234;199;155;225;223;125;85;37;29;21;5
169;10944;St.Gallen Stadt St.Josefen-Str;25.03.2020;Mittwoch;2;7;2;2;3;9;44;146;162;111;124;168;199;233;196;177;213;277;344;169;101;54;34;21;7
170;10944;St.Gallen Stadt St.Josefen-Str;26.03.2020;Donnerstag;1;8;4;2;5;7;51;237;333;141;139;149;161;171;219;178;183;196;211;133;73;36;34;16;7
171;10944;St.Gallen Stadt St.Josefen-Str;26.03.2020;Donnerstag;2;7;1;1;2;9;36;152;132;109;119;152;206;219;172;200;210;256;334;184;79;54;36;30;10
172;10944;St.Gallen Stadt St.Josefen-Str;27.03.2020;Freitag;1;5;12;2;5;10;51;225;327;183;156;166;178;171;252;174;205;247;218;148;95;43;37;24;18
173;10944;St.Gallen Stadt St.Josefen-Str;27.03.2020;Freitag;2;6;5;1;2;10;36;147;159;131;134;170;227;205;189;231;257;275;279;185;98;55;36;26;17
174;10944;St.Gallen Stadt St.Josefen-Str;28.03.2020;Samstag;1;14;3;2;5;7;22;35;78;97;129;163;184;130;162;178;170;179;128;86;54;46;45;18;10
175;10944;St.Gallen Stadt St.Josefen-Str;28.03.2020;Samstag;2;8;5;3;4;6;10;34;44;79;130;159;182;171;180;196;187;183;131;95;49;49;30;25;16
176;10944;St.Gallen Stadt St.Josefen-Str;29.03.2020;Sonntag;1;15;0;7;2;5;11;19;18;15;42;58;108;105;96;105;84;96;88;60;49;42;28;14;9
177;10944;St.Gallen Stadt St.Josefen-Str;29.03.2020;Sonntag;2;15;0;8;4;4;2;9;19;16;47;72;85;106;103;99;78;87;108;69;47;52;21;14;14
178;10944;St.Gallen Stadt St.Josefen-Str;30.03.2020;Montag;1;6;1;3;7;10;54;231;298;173;107;141;134;146;213;154;141;186;187;123;71;39;18;23;10
179;10944;St.Gallen Stadt St.Josefen-Str;30.03.2020;Montag;2;4;6;2;1;10;36;135;152;117;118;126;164;185;145;150;161;235;321;171;75;47;30;29;14
180;10944;St.Gallen Stadt St.Josefen-Str;31.03.2020;Dienstag;1;2;1;1;5;9;49;235;326;171;130;156;152;169;251;177;175;218;229;153;73;48;36;32;13
181;10944;St.Gallen Stadt St.Josefen-Str;31.03.2020;Dienstag;2;9;3;1;2;8;36;132;151;118;136;129;190;189;175;191;188;263;362;199;99;44;31;27;16
182;10944;St.Gallen Stadt St.Josefen-Str;01.04.2020;Mittwoch;1;5;4;1;3;15;55;236;315;163;128;153;153;165;250;193;172;228;246;122;79;44;36;32;12
183;10944;St.Gallen Stadt St.Josefen-Str;01.04.2020;Mittwoch;2;6;3;1;1;8;31;135;171;125;103;183;214;221;198;170;205;294;354;169;80;51;38;27;14
184;10944;St.Gallen Stadt St.Josefen-Str;02.04.2020;Donnerstag;1;6;3;4;3;6;50;228;300;173;127;152;165;170;246;186;196;226;231;156;70;73;20;25;14
185;10944;St.Gallen Stadt St.Josefen-Str;02.04.2020;Donnerstag;2;10;3;4;1;10;34;140;161;130;135;167;234;223;188;198;216;275;331;193;93;62;41;21;14
186;10944;St.Gallen Stadt St.Josefen-Str;03.04.2020;Freitag;1;7;4;1;3;9;50;218;279;179;164;167;175;168;243;230;239;285;225;144;85;74;46;26;17
187;10944;St.Gallen Stadt St.Josefen-Str;03.04.2020;Freitag;2;8;2;2;2;13;37;138;137;127;164;174;221;227;207;239;256;304;286;176;105;48;37;30;20
188;10944;St.Gallen Stadt St.Josefen-Str;04.04.2020;Samstag;1;8;9;2;4;7;25;47;59;96;137;161;179;145;203;130;177;183;125;112;83;79;33;24;14
189;10944;St.Gallen Stadt St.Josefen-Str;04.04.2020;Samstag;2;13;7;3;3;7;7;28;37;75;122;153;199;174;189;167;169;139;138;86;64;60;34;19;19
190;10944;St.Gallen Stadt St.Josefen-Str;05.04.2020;Sonntag;1;13;7;1;3;3;9;20;16;25;59;71;96;114;133;143;122;173;159;104;90;69;29;17;4
191;10944;St.Gallen Stadt St.Josefen-Str;05.04.2020;Sonntag;2;19;6;5;0;4;6;12;12;30;52;91;110;130;145;153;128;132;126;100;62;50;38;10;9
192;10944;St.Gallen Stadt St.Josefen-Str;06.04.2020;Montag;1;3;3;2;3;15;48;238;321;161;150;148;166;170;233;161;177;237;245;152;76;54;26;23;7
193;10944;St.Gallen Stadt St.Josefen-Str;06.04.2020;Montag;2;3;0;1;1;12;45;141;160;139;127;157;225;219;183;210;178;269;354;213;98;53;26;15;7
194;10944;St.Gallen Stadt St.Josefen-Str;07.04.2020;Dienstag;1;6;3;2;8;15;46;257;300;174;183;168;176;149;243;230;200;246;253;151;93;62;34;26;10
195;10944;St.Gallen Stadt St.Josefen-Str;07.04.2020;Dienstag;2;6;3;1;1;9;38;142;150;122;168;177;210;216;206;209;230;273;381;201;120;63;38;31;10
196;10944;St.Gallen Stadt St.Josefen-Str;08.04.2020;Mittwoch;1;9;3;3;5;12;47;245;329;192;176;185;189;174;269;230;172;256;238;166;93;61;37;22;11
197;10944;St.Gallen Stadt St.Josefen-Str;08.04.2020;Mittwoch;2;8;3;2;1;13;40;130;184;176;148;204;240;220;220;234;231;300;342;215;113;56;43;27;10
198;10944;St.Gallen Stadt St.Josefen-Str;09.04.2020;Donnerstag;1;10;4;4;4;10;49;213;320;188;210;186;206;166;260;228;252;250;215;134;102;69;36;34;19
199;10944;St.Gallen Stadt St.Josefen-Str;09.04.2020;Donnerstag;2;9;3;1;4;13;37;135;147;135;173;193;252;238;218;266;276;364;284;177;94;77;39;30;22
200;10944;St.Gallen Stadt St.Josefen-Str;10.04.2020;Freitag;1;10;10;3;2;5;8;20;22;42;80;96;121;108;138;133;129;162;140;110;76;54;56;24;35
201;10944;St.Gallen Stadt St.Josefen-Str;10.04.2020;Freitag;2;20;7;5;2;3;6;12;28;40;65;135;117;125;129;141;156;134;121;97;72;62;38;29;18
202;10944;St.Gallen Stadt St.Josefen-Str;11.04.2020;Samstag;1;12;4;4;4;6;22;32;54;101;167;213;222;190;196;202;182;207;138;132;108;82;46;37;32
203;10944;St.Gallen Stadt St.Josefen-Str;11.04.2020;Samstag;2;11;8;5;2;5;9;23;43;97;171;222;237;204;202;234;195;187;163;118;83;75;48;27;25
204;10944;St.Gallen Stadt St.Josefen-Str;12.04.2020;Sonntag;1;10;9;6;0;6;7;27;23;33;84;89;116;107;124;141;159;166;134;111;84;64;43;28;16
205;10944;St.Gallen Stadt St.Josefen-Str;12.04.2020;Sonntag;2;10;11;7;2;2;6;20;30;43;72;114;134;121;136;164;177;153;138;113;58;57;36;33;14
206;10944;St.Gallen Stadt St.Josefen-Str;13.04.2020;Montag;1;10;5;2;3;3;10;20;17;41;74;101;102;132;126;125;129;151;144;118;92;68;30;22;12
207;10944;St.Gallen Stadt St.Josefen-Str;13.04.2020;Montag;2;9;6;4;0;4;6;7;18;37;57;108;134;134;145;175;141;146;124;100;71;57;34;22;14
208;10944;St.Gallen Stadt St.Josefen-Str;14.04.2020;Dienstag;1;4;2;2;6;9;54;241;315;150;153;148;173;176;243;189;183;207;223;164;87;51;41;25;6
209;10944;St.Gallen Stadt St.Josefen-Str;14.04.2020;Dienstag;2;6;3;4;2;7;43;152;131;114;154;142;230;215;215;185;223;258;352;204;110;46;36;22;13
210;10944;St.Gallen Stadt St.Josefen-Str;15.04.2020;Mittwoch;1;8;2;1;10;9;43;239;318;164;175;179;185;162;258;217;172;243;240;151;93;65;38;26;12
211;10944;St.Gallen Stadt St.Josefen-Str;15.04.2020;Mittwoch;2;8;3;3;4;15;33;143;140;114;158;162;277;205;223;219;225;313;363;222;98;70;43;21;15
212;10944;St.Gallen Stadt St.Josefen-Str;16.04.2020;Donnerstag;1;10;4;2;5;8;46;233;313;178;171;180;175;156;249;217;219;242;278;163;108;64;34;38;21
213;10944;St.Gallen Stadt St.Josefen-Str;16.04.2020;Donnerstag;2;12;3;1;5;9;42;129;156;120;136;173;222;232;229;213;231;275;388;206;123;67;47;36;14
214;10944;St.Gallen Stadt St.Josefen-Str;17.04.2020;Freitag;1;12;3;2;5;10;43;221;285;196;202;194;160;171;261;247;239;284;232;168;101;70;46;38;23
215;10944;St.Gallen Stadt St.Josefen-Str;17.04.2020;Freitag;2;16;2;1;1;14;30;150;163;141;155;192;238;263;213;243;291;299;337;201;107;62;37;35;21
216;10944;St.Gallen Stadt St.Josefen-Str;18.04.2020;Samstag;1;9;5;5;4;6;26;33;68;103;161;218;204;176;185;187;175;174;163;121;100;75;47;34;35
217;10944;St.Gallen Stadt St.Josefen-Str;18.04.2020;Samstag;2;16;10;7;5;8;6;31;49;92;136;201;191;220;187;212;180;175;156;119;91;62;36;26;34
218;10944;St.Gallen Stadt St.Josefen-Str;19.04.2020;Sonntag;1;14;6;5;3;2;8;19;22;37;81;106;108;122;145;140;157;166;129;121;108;64;51;12;12
219;10944;St.Gallen Stadt St.Josefen-Str;19.04.2020;Sonntag;2;16;12;5;3;3;6;16;17;45;69;92;170;103;152;163;153;158;142;112;96;48;35;31;9
220;10944;St.Gallen Stadt St.Josefen-Str;20.04.2020;Montag;1;6;2;1;3;8;41;249;394;168;150;162;176;158;250;185;186;244;264;140;93;72;29;14;10
221;10944;St.Gallen Stadt St.Josefen-Str;20.04.2020;Montag;2;10;2;3;4;12;44;164;190;138;124;159;226;215;181;185;204;305;407;198;92;74;46;24;15
222;10944;St.Gallen Stadt St.Josefen-Str;21.04.2020;Dienstag;1;6;2;4;3;7;51;257;349;188;161;160;170;175;257;199;203;242;275;153;88;62;40;32;13
223;10944;St.Gallen Stadt St.Josefen-Str;21.04.2020;Dienstag;2;12;2;5;2;11;40;158;162;130;161;141;248;245;199;206;198;340;417;230;113;69;52;31;17
224;10944;St.Gallen Stadt St.Josefen-Str;22.04.2020;Mittwoch;1;7;4;3;5;14;54;258;348;173;168;179;186;168;239;213;205;274;285;162;105;67;45;28;14
225;10944;St.Gallen Stadt St.Josefen-Str;22.04.2020;Mittwoch;2;9;3;2;4;13;46;137;158;133;143;153;223;243;225;230;231;333;403;226;115;67;59;25;14
226;10944;St.Gallen Stadt St.Josefen-Str;23.04.2020;Donnerstag;1;4;4;3;3;8;56;238;358;170;188;181;172;184;260;187;206;233;291;160;87;83;49;41;16
227;10944;St.Gallen Stadt St.Josefen-Str;23.04.2020;Donnerstag;2;11;5;3;2;11;50;154;146;153;138;183;225;214;208;211;245;296;394;204;150;83;63;38;23
228;10944;St.Gallen Stadt St.Josefen-Str;24.04.2020;Freitag;1;6;4;2;3;10;55;244;315;189;190;198;220;184;263;238;224;284;247;162;114;68;53;38;30
229;10944;St.Gallen Stadt St.Josefen-Str;24.04.2020;Freitag;2;9;7;3;1;14;47;160;172;152;159;190;284;242;250;242;268;329;354;208;124;74;50;43;30
230;10944;St.Gallen Stadt St.Josefen-Str;25.04.2020;Samstag;1;14;14;1;6;9;19;41;44;107;149;216;217;189;184;192;206;175;169;127;79;62;39;30;30
231;10944;St.Gallen Stadt St.Josefen-Str;25.04.2020;Samstag;2;17;11;3;6;6;6;25;51;88;144;189;229;190;211;222;193;187;170;108;62;58;30;30;23
232;10944;St.Gallen Stadt St.Josefen-Str;26.04.2020;Sonntag;1;25;13;7;6;4;7;26;19;29;68;95;105;127;153;173;163;160;141;126;100;73;48;23;13
233;10944;St.Gallen Stadt St.Josefen-Str;26.04.2020;Sonntag;2;23;14;11;6;5;7;15;23;34;61;87;111;139;142;181;158;163;145;124;106;66;41;23;11
234;10944;St.Gallen Stadt St.Josefen-Str;27.04.2020;Montag;1;3;0;0;3;6;62;264;360;194;165;181;199;191;256;233;219;251;262;168;103;80;54;33;13
235;10944;St.Gallen Stadt St.Josefen-Str;27.04.2020;Montag;2;5;0;2;2;11;40;149;179;144;138;176;249;223;213;219;247;336;447;250;122;78;59;31;14
236;10944;St.Gallen Stadt St.Josefen-Str;28.04.2020;Dienstag;1;6;4;1;6;8;62;279;384;233;171;163;170;209;267;194;205;245;235;155;96;57;39;21;17
237;10944;St.Gallen Stadt St.Josefen-Str;28.04.2020;Dienstag;2;10;6;0;4;8;45;163;205;165;151;155;264;238;175;184;238;346;423;229;116;75;35;33;16
238;10944;St.Gallen Stadt St.Josefen-Str;29.04.2020;Mittwoch;1;5;4;2;4;17;62;282;371;206;173;176;176;186;300;182;198;233;312;160;101;71;46;31;8
239;10944;St.Gallen Stadt St.Josefen-Str;29.04.2020;Mittwoch;2;6;3;3;2;13;43;167;166;163;150;189;227;280;208;214;227;357;423;238;136;76;53;33;17
240;10944;St.Gallen Stadt St.Josefen-Str;30.04.2020;Donnerstag;1;4;3;1;3;6;54;282;370;215;185;187;187;193;278;211;216;257;260;159;102;67;38;24;18
241;10944;St.Gallen Stadt St.Josefen-Str;30.04.2020;Donnerstag;2;9;3;3;2;11;47;165;163;135;156;189;261;244;206;221;247;324;416;240;136;75;41;39;14
242;10944;St.Gallen Stadt St.Josefen-Str;01.05.2020;Freitag;1;11;1;4;3;13;54;250;312;241;217;214;221;210;304;254;245;271;244;139;87;68;49;32;25
243;10944;St.Gallen Stadt St.Josefen-Str;01.05.2020;Freitag;2;18;4;3;2;9;42;151;155;177;191;210;269;287;236;241;277;308;309;216;106;60;45;35;26
244;10944;St.Gallen Stadt St.Josefen-Str;02.05.2020;Samstag;1;30;10;2;7;8;21;46;83;95;162;167;213;163;192;201;170;169;154;81;69;50;50;29;34
245;10944;St.Gallen Stadt St.Josefen-Str;02.05.2020;Samstag;2;23;10;4;4;12;10;33;55;92;119;180;184;184;168;195;195;196;153;108;76;43;24;27;25
246;10944;St.Gallen Stadt St.Josefen-Str;03.05.2020;Sonntag;1;17;13;12;3;4;10;24;22;36;79;107;129;136;155;154;162;179;142;117;97;81;44;28;12
247;10944;St.Gallen Stadt St.Josefen-Str;03.05.2020;Sonntag;2;25;15;11;3;7;11;14;22;36;76;105;122;130;134;178;176;172;173;122;78;90;51;28;16
248;10944;St.Gallen Stadt St.Josefen-Str;04.05.2020;Montag;1;8;4;1;5;13;55;289;419;198;196;201;162;175;302;195;181;254;263;165;111;77;52;30;7
249;10944;St.Gallen Stadt St.Josefen-Str;04.05.2020;Montag;2;5;2;2;2;13;48;167;191;146;159;161;247;232;215;207;226;324;476;244;112;76;63;36;20
250;10944;St.Gallen Stadt St.Josefen-Str;05.05.2020;Dienstag;1;6;1;3;6;20;59;270;381;200;182;171;168;176;261;174;174;238;244;138;78;46;50;21;14
251;10944;St.Gallen Stadt St.Josefen-Str;05.05.2020;Dienstag;2;11;4;1;4;9;46;171;171;148;130;167;243;245;175;168;206;312;412;244;106;75;52;43;21
252;10944;St.Gallen Stadt St.Josefen-Str;06.05.2020;Mittwoch;1;13;8;3;5;13;61;272;394;207;158;195;186;197;311;223;216;247;285;214;110;71;52;33;18
253;10944;St.Gallen Stadt St.Josefen-Str;06.05.2020;Mittwoch;2;14;3;2;3;13;46;159;182;128;140;174;250;284;234;232;279;326;453;225;149;92;61;54;19
254;10944;St.Gallen Stadt St.Josefen-Str;07.05.2020;Donnerstag;1;8;3;3;5;13;58;280;416;218;192;181;197;192;302;224;242;257;264;211;127;93;78;50;13
255;10944;St.Gallen Stadt St.Josefen-Str;07.05.2020;Donnerstag;2;13;8;4;3;9;48;174;159;161;177;180;255;263;228;239;262;349;459;246;134;111;77;48;36
256;10944;St.Gallen Stadt St.Josefen-Str;08.05.2020;Freitag;1;10;10;3;1;9;71;262;372;228;211;231;216;226;259;233;251;277;240;157;115;85;63;54;31
257;10944;St.Gallen Stadt St.Josefen-Str;08.05.2020;Freitag;2;14;10;3;1;11;48;149;148;177;188;210;283;264;210;265;271;371;366;238;128;86;61;51;36
258;10944;St.Gallen Stadt St.Josefen-Str;09.05.2020;Samstag;1;22;12;6;3;10;23;56;89;138;179;211;248;189;185;205;182;187;176;121;87;81;63;53;32
259;10944;St.Gallen Stadt St.Josefen-Str;09.05.2020;Samstag;2;31;14;10;6;8;15;39;60;111;173;215;239;204;203;201;210;234;192;128;98;69;65;46;28
260;10944;St.Gallen Stadt St.Josefen-Str;10.05.2020;Sonntag;1;27;7;5;5;1;16;24;19;35;73;121;132;154;171;195;189;203;185;138;125;105;71;42;15
261;10944;St.Gallen Stadt St.Josefen-Str;10.05.2020;Sonntag;2;15;15;8;4;8;10;14;24;37;86;117;150;143;149;203;213;191;193;135;118;97;87;42;20
262;10944;St.Gallen Stadt St.Josefen-Str;11.05.2020;Montag;1;9;4;0;7;14;65;287;431;246;184;203;190;208;332;211;183;194;279;193;95;60;50;33;17
263;10944;St.Gallen Stadt St.Josefen-Str;11.05.2020;Montag;2;13;4;3;2;16;56;176;197;166;175;189;235;276;236;199;223;334;464;273;106;101;56;48;17
264;10944;St.Gallen Stadt St.Josefen-Str;12.05.2020;Dienstag;1;5;3;3;1;10;65;271;417;244;217;190;183;192;302;232;235;231;287;214;145;73;58;42;11
265;10944;St.Gallen Stadt St.Josefen-Str;12.05.2020;Dienstag;2;7;4;3;2;10;52;168;172;172;171;164;263;294;197;227;246;355;507;295;163;100;61;48;17
266;10944;St.Gallen Stadt St.Josefen-Str;13.05.2020;Mittwoch;1;4;2;1;3;8;60;277;436;231;194;193;210;203;299;241;238;246;283;198;109;81;65;36;12
267;10944;St.Gallen Stadt St.Josefen-Str;13.05.2020;Mittwoch;2;20;2;1;1;12;56;168;213;161;157;198;271;272;231;212;254;323;504;269;125;112;75;52;22
268;10944;St.Gallen Stadt St.Josefen-Str;14.05.2020;Donnerstag;1;9;4;3;2;11;60;278;433;235;217;205;183;183;300;237;218;255;308;195;136;84;60;40;28
269;10944;St.Gallen Stadt St.Josefen-Str;14.05.2020;Donnerstag;2;7;7;1;3;6;51;178;192;158;143;174;278;265;226;219;242;375;513;257;152;135;146;61;34
270;10944;St.Gallen Stadt St.Josefen-Str;15.05.2020;Freitag;1;12;5;3;7;11;64;261;378;251;238;220;211;225;269;230;245;283;271;189;120;84;66;50;25
271;10944;St.Gallen Stadt St.Josefen-Str;15.05.2020;Freitag;2;12;7;1;4;13;46;168;197;156;149;211;279;286;250;231;291;361;438;286;147;90;71;63;37
272;10944;St.Gallen Stadt St.Josefen-Str;16.05.2020;Samstag;1;29;8;5;7;8;22;44;82;165;207;244;231;189;244;220;185;189;152;153;88;75;70;45;33
273;10944;St.Gallen Stadt St.Josefen-Str;16.05.2020;Samstag;2;33;13;8;7;9;7;35;49;106;170;209;265;252;259;299;270;272;195;163;83;72;44;49;57
274;10944;St.Gallen Stadt St.Josefen-Str;17.05.2020;Sonntag;1;40;16;16;6;4;9;22;21;50;76;117;160;131;164;182;167;162;183;148;111;125;77;32;10
275;10944;St.Gallen Stadt St.Josefen-Str;17.05.2020;Sonntag;2;35;18;10;7;7;5;12;18;39;76;115;165;149;144;193;165;198;176;157;107;90;85;39;22
276;10944;St.Gallen Stadt St.Josefen-Str;18.05.2020;Montag;1;8;5;1;4;11;60;291;426;259;194;183;220;225;340;250;246;275;282;217;147;96;73;43;18
277;10944;St.Gallen Stadt St.Josefen-Str;18.05.2020;Montag;2;7;1;3;4;13;55;168;201;178;167;182;258;273;253;254;242;361;549;300;174;112;97;46;25
278;10944;St.Gallen Stadt St.Josefen-Str;19.05.2020;Dienstag;1;10;4;7;5;14;58;290;434;274;202;217;212;213;346;235;239;275;311;218;157;94;65;47;22
279;10944;St.Gallen Stadt St.Josefen-Str;19.05.2020;Dienstag;2;22;3;6;1;11;50;178;195;179;181;196;249;267;206;246;266;337;543;307;161;130;76;73;29
280;10944;St.Gallen Stadt St.Josefen-Str;20.05.2020;Mittwoch;1;10;6;3;5;14;71;299;451;281;246;225;212;222;306;255;265;321;298;211;149;120;72;62;43
281;10944;St.Gallen Stadt St.Josefen-Str;20.05.2020;Mittwoch;2;18;4;2;2;15;49;177;194;190;193;232;290;306;267;259;288;440;455;294;167;117;78;50;35
282;10944;St.Gallen Stadt St.Josefen-Str;21.05.2020;Donnerstag;1;26;16;11;6;2;15;32;45;72;118;146;160;172;159;167;149;116;142;122;130;110;70;47;25
283;10944;St.Gallen Stadt St.Josefen-Str;21.05.2020;Donnerstag;2;35;17;10;2;3;5;20;27;65;101;140;139;151;153;179;156;165;163;119;93;88;93;43;34
284;10944;St.Gallen Stadt St.Josefen-Str;22.05.2020;Freitag;1;13;13;7;3;8;36;111;225;193;229;246;226;196;237;251;224;221;212;177;123;99;78;55;38
285;10944;St.Gallen Stadt St.Josefen-Str;22.05.2020;Freitag;2;16;8;5;3;11;22;65;108;134;226;322;335;310;234;293;317;263;273;229;132;92;59;50;42
286;10944;St.Gallen Stadt St.Josefen-Str;23.05.2020;Samstag;1;25;19;6;6;13;9;50;80;131;181;231;270;209;220;196;131;135;132;93;63;59;51;48;42
287;10944;St.Gallen Stadt St.Josefen-Str;23.05.2020;Samstag;2;33;16;13;4;8;7;32;59;108;154;209;249;251;242;223;185;161;152;101;63;52;39;46;40
288;10944;St.Gallen Stadt St.Josefen-Str;24.05.2020;Sonntag;1;22;10;9;7;6;10;16;25;45;77;99;130;124;178;146;184;181;144;149;94;106;80;27;13
289;10944;St.Gallen Stadt St.Josefen-Str;24.05.2020;Sonntag;2;37;15;16;9;4;6;17;17;44;67;121;147;116;146;173;148;196;198;132;95;79;54;38;24
290;10944;St.Gallen Stadt St.Josefen-Str;25.05.2020;Montag;1;10;2;0;3;13;63;286;406;250;202;212;188;203;334;228;215;271;302;191;128;90;75;41;21
291;10944;St.Gallen Stadt St.Josefen-Str;25.05.2020;Montag;2;9;3;3;4;15;60;179;194;178;168;199;251;280;239;243;258;360;491;289;161;97;92;56;25
292;10944;St.Gallen Stadt St.Josefen-Str;26.05.2020;Dienstag;1;7;1;2;3;18;59;284;431;237;196;223;212;186;311;214;230;271;343;225;140;101;76;42;32
293;10944;St.Gallen Stadt St.Josefen-Str;26.05.2020;Dienstag;2;20;4;2;2;13;46;184;174;156;153;182;293;254;219;230;282;368;539;299;166;122;101;58;42
294;10944;St.Gallen Stadt St.Josefen-Str;27.05.2020;Mittwoch;1;10;4;1;6;15;62;291;412;252;205;217;228;227;310;251;230;266;330;225;150;120;91;62;27
295;10944;St.Gallen Stadt St.Josefen-Str;27.05.2020;Mittwoch;2;19;7;1;3;12;54;178;193;172;151;190;298;297;257;252;278;376;526;287;180;167;118;85;26
296;10944;St.Gallen Stadt St.Josefen-Str;28.05.2020;Donnerstag;1;13;8;4;4;16;58;272;463;267;205;210;214;215;297;213;247;264;327;218;149;134;96;51;27
297;10944;St.Gallen Stadt St.Josefen-Str;28.05.2020;Donnerstag;2;23;6;3;1;15;50;180;177;168;165;187;287;268;186;245;255;367;506;357;196;147;183;111;35
298;10944;St.Gallen Stadt St.Josefen-Str;29.05.2020;Freitag;1;18;4;1;4;14;61;245;389;300;206;236;217;229;310;265;272;323;286;217;147;106;86;69;48
299;10944;St.Gallen Stadt St.Josefen-Str;29.05.2020;Freitag;2;20;4;4;2;12;49;160;181;197;183;239;287;295;265;284;302;405;415;276;171;111;95;65;63
300;10944;St.Gallen Stadt St.Josefen-Str;30.05.2020;Samstag;1;26;15;10;10;8;22;46;95;197;246;265;243;235;225;226;205;169;174;157;100;84;68;56;49
301;10944;St.Gallen Stadt St.Josefen-Str;30.05.2020;Samstag;2;26;18;8;6;5;12;32;63;133;192;249;267;254;234;236;270;245;206;155;104;84;62;52;51
302;10944;St.Gallen Stadt St.Josefen-Str;31.05.2020;Sonntag;1;25;24;10;6;8;13;25;30;58;115;134;128;152;139;156;152;176;140;164;114;106;74;60;30
303;10944;St.Gallen Stadt St.Josefen-Str;31.05.2020;Sonntag;2;43;23;12;4;7;11;18;22;54;97;131;157;155;136;157;159;174;162;152;101;97;84;59;42
304;10944;St.Gallen Stadt St.Josefen-Str;01.06.2020;Montag;1;15;6;5;5;6;8;30;35;73;127;143;143;151;169;167;172;183;158;123;133;112;77;32;14
305;10944;St.Gallen Stadt St.Josefen-Str;01.06.2020;Montag;2;20;13;7;6;1;6;20;25;57;103;128;189;159;178;206;185;143;177;139;104;107;66;41;14
306;10944;St.Gallen Stadt St.Josefen-Str;02.06.2020;Dienstag;1;7;7;3;5;16;68;300;442;273;219;202;192;193;310;234;231;273;308;240;143;108;81;43;18
307;10944;St.Gallen Stadt St.Josefen-Str;02.06.2020;Dienstag;2;8;1;2;4;15;64;189;169;180;173;213;276;238;200;226;258;374;544;297;179;126;95;74;34
308;10944;St.Gallen Stadt St.Josefen-Str;03.06.2020;Mittwoch;1;11;8;3;3;10;69;312;436;271;228;210;216;213;317;281;227;274;346;244;135;87;66;60;21
309;10944;St.Gallen Stadt St.Josefen-Str;03.06.2020;Mittwoch;2;25;12;6;4;12;58;191;198;173;185;200;294;275;243;236;311;396;526;338;160;133;112;77;25
310;10944;St.Gallen Stadt St.Josefen-Str;04.06.2020;Donnerstag;1;8;2;1;5;11;52;293;423;276;185;219;191;202;296;254;234;268;297;237;137;98;83;46;23
311;10944;St.Gallen Stadt St.Josefen-Str;04.06.2020;Donnerstag;2;19;8;3;1;13;52;180;198;173;155;213;271;260;212;211;238;357;539;328;176;145;144;117;40
312;10944;St.Gallen Stadt St.Josefen-Str;05.06.2020;Freitag;1;10;2;2;6;12;61;284;410;270;242;220;239;220;317;244;239;320;282;222;156;96;82;55;38
313;10944;St.Gallen Stadt St.Josefen-Str;05.06.2020;Freitag;2;18;4;3;6;13;52;164;195;192;168;234;303;269;220;244;294;433;437;299;163;98;85;76;41
314;10944;St.Gallen Stadt St.Josefen-Str;06.06.2020;Samstag;1;32;13;3;10;5;20;37;91;151;235;235;276;240;238;262;207;171;150;160;103;74;71;56;48
315;10944;St.Gallen Stadt St.Josefen-Str;06.06.2020;Samstag;2;54;13;6;9;7;12;31;67;110;168;230;280;249;233;318;286;274;228;144;82;81;64;62;57
316;10944;St.Gallen Stadt St.Josefen-Str;07.06.2020;Sonntag;1;34;23;17;9;10;11;22;14;50;79;95;106;97;144;162;116;161;125;123;112;93;78;45;15
317;10944;St.Gallen Stadt St.Josefen-Str;07.06.2020;Sonntag;2;55;36;26;10;8;7;14;17;34;43;90;132;98;113;141;156;176;159;119;87;85;63;56;27
318;10944;St.Gallen Stadt St.Josefen-Str;08.06.2020;Montag;1;9;6;1;6;15;61;304;440;258;231;176;207;198;299;242;221;292;331;226;133;94;81;45;19
319;10944;St.Gallen Stadt St.Josefen-Str;08.06.2020;Montag;2;14;9;7;4;18;49;170;202;166;156;197;271;233;232;211;250;383;550;323;176;97;79;96;38
320;10944;St.Gallen Stadt St.Josefen-Str;09.06.2020;Dienstag;1;7;2;2;4;16;62;305;467;261;205;246;231;180;291;200;247;277;280;242;148;103;82;64;23
321;10944;St.Gallen Stadt St.Josefen-Str;09.06.2020;Dienstag;2;17;4;2;7;15;44;177;168;141;164;239;306;233;201;203;241;351;529;334;185;114;95;104;44
322;10944;St.Gallen Stadt St.Josefen-Str;10.06.2020;Mittwoch;1;12;2;1;6;20;59;292;451;298;197;208;203;195;291;262;222;237;331;240;132;112;67;58;17
323;10944;St.Gallen Stadt St.Josefen-Str;10.06.2020;Mittwoch;2;20;9;3;7;18;43;168;180;170;160;200;276;303;246;251;251;377;506;305;176;112;84;81;24
324;10944;St.Gallen Stadt St.Josefen-Str;11.06.2020;Donnerstag;1;7;2;0;3;17;57;279;441;265;217;196;203;176;300;209;236;278;327;274;147;115;114;64;22
325;10944;St.Gallen Stadt St.Josefen-Str;11.06.2020;Donnerstag;2;18;5;3;3;11;48;193;182;152;160;181;244;255;211;243;237;372;526;305;225;151;126;75;42
326;10944;St.Gallen Stadt St.Josefen-Str;12.06.2020;Freitag;1;18;3;2;4;18;62;277;426;297;233;248;242;213;301;241;240;301;319;233;170;120;103;66;50
327;10944;St.Gallen Stadt St.Josefen-Str;12.06.2020;Freitag;2;29;3;4;5;12;43;171;187;191;186;208;306;262;246;276;308;467;454;336;194;116;114;75;77
328;10944;St.Gallen Stadt St.Josefen-Str;13.06.2020;Samstag;1;41;17;13;10;12;25;58;76;199;240;276;263;196;225;223;196;202;174;165;81;73;55;61;44
329;10944;St.Gallen Stadt St.Josefen-Str;13.06.2020;Samstag;2;63;27;19;4;12;6;32;76;117;189;259;228;257;223;266;218;245;230;135;93;74;62;52;53
330;10944;St.Gallen Stadt St.Josefen-Str;14.06.2020;Sonntag;1;43;32;12;6;5;8;27;28;49;80;110;100;93;162;155;157;159;171;122;95;70;44;32;6
331;10944;St.Gallen Stadt St.Josefen-Str;14.06.2020;Sonntag;2;44;42;12;10;4;5;14;24;34;65;79;137;104;152;166;151;170;191;117;74;73;47;26;17
332;10944;St.Gallen Stadt St.Josefen-Str;15.06.2020;Montag;1;8;4;2;2;11;58;294;490;257;223;193;208;196;283;209;208;238;292;209;137;84;82;41;17
333;10944;St.Gallen Stadt St.Josefen-Str;15.06.2020;Montag;2;11;4;2;5;12;51;178;200;164;182;214;271;247;224;197;246;360;490;291;194;100;87;58;21
334;10944;St.Gallen Stadt St.Josefen-Str;16.06.2020;Dienstag;1;6;1;5;2;15;49;315;468;294;190;203;213;208;296;224;241;275;341;276;146;108;110;51;26
335;10944;St.Gallen Stadt St.Josefen-Str;16.06.2020;Dienstag;2;15;2;3;3;15;54;174;198;160;152;206;292;249;200;197;212;349;531;345;188;103;127;61;32
336;10944;St.Gallen Stadt St.Josefen-Str;17.06.2020;Mittwoch;1;16;4;1;5;13;63;276;458;279;215;207;208;209;299;217;245;292;310;224;147;97;66;59;27
337;10944;St.Gallen Stadt St.Josefen-Str;17.06.2020;Mittwoch;2;21;3;6;3;14;54;178;196;181;175;218;275;267;212;240;263;384;466;334;187;117;107;97;25
338;10944;St.Gallen Stadt St.Josefen-Str;18.06.2020;Donnerstag;1;9;2;4;6;16;54;284;435;267;210;195;225;215;295;226;258;281;317;246;154;108;92;59;17
339;10944;St.Gallen Stadt St.Josefen-Str;18.06.2020;Donnerstag;2;14;6;6;2;10;54;164;172;180;172;208;271;271;216;218;244;381;492;290;184;130;126;83;34
340;10944;St.Gallen Stadt St.Josefen-Str;19.06.2020;Freitag;1;14;4;2;3;13;57;267;412;281;230;228;233;206;264;221;228;284;308;230;165;104;73;54;40
341;10944;St.Gallen Stadt St.Josefen-Str;19.06.2020;Freitag;2;23;3;4;6;12;49;159;184;179;190;223;304;276;215;208;256;425;490;278;176;99;79;87;71
342;10944;St.Gallen Stadt St.Josefen-Str;20.06.2020;Samstag;1;35;21;6;10;8;24;49;100;178;238;246;270;192;213;236;191;195;175;147;100;63;61;66;53
343;10944;St.Gallen Stadt St.Josefen-Str;20.06.2020;Samstag;2;67;30;12;12;7;12;44;56;112;176;236;237;248;213;214;225;228;211;159;94;87;64;55;58
344;10944;St.Gallen Stadt St.Josefen-Str;21.06.2020;Sonntag;1;47;21;18;9;1;9;22;33;53;123;138;145;152;172;174;152;165;162;154;111;94;57;36;13
345;10944;St.Gallen Stadt St.Josefen-Str;21.06.2020;Sonntag;2;75;32;19;4;3;8;12;17;31;86;136;146;130;151;176;173;193;200;142;109;78;69;48;17
346;10944;St.Gallen Stadt St.Josefen-Str;22.06.2020;Montag;1;3;0;0;8;14;56;318;443;268;177;200;196;198;280;210;209;264;313;224;171;104;95;66;26
347;10944;St.Gallen Stadt St.Josefen-Str;22.06.2020;Montag;2;8;7;3;6;12;48;177;199;189;183;195;244;232;231;219;213;378;502;318;176;127;102;76;26
348;10944;St.Gallen Stadt St.Josefen-Str;23.06.2020;Dienstag;1;12;4;7;8;16;54;316;468;274;225;194;236;232;274;221;220;282;339;238;152;120;71;68;18
349;10944;St.Gallen Stadt St.Josefen-Str;23.06.2020;Dienstag;2;23;6;9;4;10;53;170;205;182;167;199;289;244;202;202;246;398;517;307;201;124;115;88;35
350;10944;St.Gallen Stadt St.Josefen-Str;24.06.2020;Mittwoch;1;9;1;2;3;12;67;298;456;278;211;231;245;179;265;230;234;276;323;257;185;116;86;63;32
351;10944;St.Gallen Stadt St.Josefen-Str;24.06.2020;Mittwoch;2;15;6;3;1;17;47;164;194;174;161;215;277;291;209;227;245;377;517;315;215;125;132;99;42
352;10944;St.Gallen Stadt St.Josefen-Str;25.06.2020;Donnerstag;1;11;2;3;3;11;60;313;444;278;201;219;237;207;278;226;278;326;321;276;167;124;93;100;34
353;10944;St.Gallen Stadt St.Josefen-Str;25.06.2020;Donnerstag;2;14;6;4;2;15;51;160;162;182;230;211;308;267;211;272;339;477;538;316;189;149;156;115;66
354;10944;St.Gallen Stadt St.Josefen-Str;26.06.2020;Freitag;1;20;9;3;6;12;61;284;419;282;217;216;229;206;282;244;238;304;292;247;145;107;87;79;31
355;10944;St.Gallen Stadt St.Josefen-Str;26.06.2020;Freitag;2;19;14;8;4;14;46;153;192;176;158;210;332;254;228;273;304;423;469;266;165;113;78;92;74
356;10944;St.Gallen Stadt St.Josefen-Str;27.06.2020;Samstag;1;33;24;13;12;14;18;56;83;176;208;260;294;187;217;228;176;181;190;129;101;83;76;73;66
357;10944;St.Gallen Stadt St.Josefen-Str;27.06.2020;Samstag;2;47;30;20;13;7;8;37;78;147;138;249;258;230;223;219;217;217;203;161;110;73;75;65;66
358;10944;St.Gallen Stadt St.Josefen-Str;28.06.2020;Sonntag;1;46;38;16;18;10;13;31;39;90;105;132;172;152;173;181;154;152;165;138;131;94;57;30;10
359;10944;St.Gallen Stadt St.Josefen-Str;28.06.2020;Sonntag;2;55;49;21;21;8;15;29;28;60;77;113;171;150;150;179;179;181;194;140;125;102;67;30;11
360;10944;St.Gallen Stadt St.Josefen-Str;29.06.2020;Montag;1;8;2;0;8;13;53;295;475;267;169;211;206;224;291;217;216;273;354;221;151;93;77;43;24
361;10944;St.Gallen Stadt St.Josefen-Str;29.06.2020;Montag;2;8;7;3;4;12;50;172;185;168;168;194;293;230;217;215;229;366;522;326;196;123;102;75;23
362;10944;St.Gallen Stadt St.Josefen-Str;30.06.2020;Dienstag;1;6;7;3;4;13;59;306;470;256;218;198;205;210;271;238;224;288;306;266;161;123;106;73;21
363;10944;St.Gallen Stadt St.Josefen-Str;30.06.2020;Dienstag;2;17;4;4;2;10;52;170;197;149;169;202;269;219;225;259;255;420;497;379;197;125;112;101;35
