LNR;ORT-ID;BEZEICHNUNG;DATUM;WOCHENTAG;RI;1;2;3;4;5;6;7;8;9;10;11;12;13;14;15;16;17;18;19;20;21;22;23;24
0;10907;St.Gallen Stadt Lerchenfeld;01.01.2020;Mittwoch;1;114;185;125;78;57;59;52;41;44;72;125;142;192;206;260;315;276;284;223;200;170;140;103;72
1;10907;St.Gallen Stadt Lerchenfeld;01.01.2020;Mittwoch;2;109;170;112;70;46;61;76;54;65;61;101;151;163;201;240;263;297;274;219;192;184;124;98;63
2;10907;St.Gallen Stadt Lerchenfeld;02.01.2020;Donnerstag;1;66;32;13;20;38;76;115;195;217;308;351;432;437;492;565;540;557;426;354;288;247;174;121;93
3;10907;St.Gallen Stadt Lerchenfeld;02.01.2020;Donnerstag;2;55;29;14;13;33;63;110;174;199;273;354;410;445;477;586;506;535;545;373;259;225;190;113;84
4;10907;St.Gallen Stadt Lerchenfeld;03.01.2020;Freitag;1;61;37;27;27;43;76;141;234;269;363;402;510;489;616;629;619;598;493;419;342;231;186;190;121
5;10907;St.Gallen Stadt Lerchenfeld;03.01.2020;Freitag;2;71;24;30;15;49;71;168;226;262;338;417;502;510;541;603;603;668;573;452;293;240;183;161;129
6;10907;St.Gallen Stadt Lerchenfeld;04.01.2020;Samstag;1;97;57;52;35;42;68;73;139;220;339;444;560;506;524;595;538;544;350;303;241;210;176;200;152
7;10907;St.Gallen Stadt Lerchenfeld;04.01.2020;Samstag;2;88;60;40;34;27;46;82;105;191;304;445;549;484;551;601;585;592;391;274;212;203;187;164;162
8;10907;St.Gallen Stadt Lerchenfeld;05.01.2020;Sonntag;1;132;77;55;47;46;48;68;61;97;135;197;303;296;360;391;412;438;405;307;265;218;157;112;65
9;10907;St.Gallen Stadt Lerchenfeld;05.01.2020;Sonntag;2;104;70;55;39;40;44;86;75;93;180;209;289;307;333;350;404;390;369;282;243;182;146;111;64
10;10907;St.Gallen Stadt Lerchenfeld;06.01.2020;Montag;1;37;20;15;22;52;113;405;511;479;410;452;562;442;525;577;570;657;723;422;329;245;173;165;75
11;10907;St.Gallen Stadt Lerchenfeld;06.01.2020;Montag;2;27;19;13;14;43;112;402;619;431;371;456;484;468;586;532;530;692;785;559;336;210;179;120;64
12;10907;St.Gallen Stadt Lerchenfeld;07.01.2020;Dienstag;1;51;19;16;25;45;111;378;540;445;400;466;524;489;507;518;524;601;682;462;361;251;199;162;78
13;10907;St.Gallen Stadt Lerchenfeld;07.01.2020;Dienstag;2;42;17;12;19;31;113;419;584;392;404;447;479;456;562;492;525;666;697;502;347;256;234;149;77
14;10907;St.Gallen Stadt Lerchenfeld;08.01.2020;Mittwoch;1;44;25;14;20;44;111;354;516;451;413;428;546;478;549;515;550;692;812;522;361;258;198;177;98
15;10907;St.Gallen Stadt Lerchenfeld;08.01.2020;Mittwoch;2;34;14;17;16;34;111;410;607;430;381;434;545;465;532;559;593;676;790;566;419;279;194;148;64
16;10907;St.Gallen Stadt Lerchenfeld;09.01.2020;Donnerstag;1;36;23;19;29;52;113;382;514;441;421;512;540;463;521;531;523;674;739;532;414;264;219;181;105
17;10907;St.Gallen Stadt Lerchenfeld;09.01.2020;Donnerstag;2;47;27;16;16;43;103;407;556;432;377;476;491;453;560;513;538;705;778;517;429;291;240;159;87
18;10907;St.Gallen Stadt Lerchenfeld;10.01.2020;Freitag;1;52;32;17;24;48;99;348;500;464;450;521;577;518;578;578;588;736;716;454;365;268;226;225;158
19;10907;St.Gallen Stadt Lerchenfeld;10.01.2020;Freitag;2;43;28;19;20;43;110;406;549;431;412;476;567;509;561;574;604;710;729;529;411;278;217;192;172
20;10907;St.Gallen Stadt Lerchenfeld;11.01.2020;Samstag;1;120;78;44;46;34;58;98;151;258;464;548;597;546;632;605;568;532;460;342;278;261;170;195;138
21;10907;St.Gallen Stadt Lerchenfeld;11.01.2020;Samstag;2;115;71;43;42;46;58;110;155;275;404;519;650;575;589;591;608;587;492;356;267;233;191;199;164
22;10907;St.Gallen Stadt Lerchenfeld;12.01.2020;Sonntag;1;118;91;61;58;37;51;58;62;84;171;247;319;380;384;416;432;430;435;334;265;222;163;110;59
23;10907;St.Gallen Stadt Lerchenfeld;12.01.2020;Sonntag;2;113;71;49;61;40;41;75;70;85;180;260;324;319;396;372;392;407;394;285;229;212;141;85;67
24;10907;St.Gallen Stadt Lerchenfeld;13.01.2020;Montag;1;39;16;17;20;46;126;417;584;492;463;465;506;470;534;572;577;700;764;481;354;251;188;155;69
25;10907;St.Gallen Stadt Lerchenfeld;13.01.2020;Montag;2;24;18;14;13;39;116;431;622;441;426;446;484;495;581;528;560;699;826;508;416;238;209;133;75
26;10907;St.Gallen Stadt Lerchenfeld;14.01.2020;Dienstag;1;40;21;9;26;41;125;433;537;492;454;452;510;468;570;563;544;680;772;492;408;278;218;145;79
27;10907;St.Gallen Stadt Lerchenfeld;14.01.2020;Dienstag;2;33;19;13;13;48;119;440;617;475;417;449;506;477;604;560;532;646;786;618;350;254;201;161;78
28;10907;St.Gallen Stadt Lerchenfeld;15.01.2020;Mittwoch;1;36;12;16;28;37;136;437;534;486;430;462;562;463;545;575;565;685;760;504;385;281;192;154;83
29;10907;St.Gallen Stadt Lerchenfeld;15.01.2020;Mittwoch;2;34;10;19;20;49;115;457;656;433;417;411;516;510;608;538;573;689;859;567;382;268;219;168;74
30;10907;St.Gallen Stadt Lerchenfeld;16.01.2020;Donnerstag;1;41;21;23;27;36;117;451;551;451;416;465;588;442;567;534;579;670;792;537;437;315;223;192;93
31;10907;St.Gallen Stadt Lerchenfeld;16.01.2020;Donnerstag;2;37;12;20;16;35;117;459;578;480;429;453;534;475;542;500;569;675;847;574;438;330;273;196;102
32;10907;St.Gallen Stadt Lerchenfeld;17.01.2020;Freitag;1;60;33;18;29;44;108;428;543;434;421;470;596;507;565;583;623;732;771;615;350;261;214;231;196
33;10907;St.Gallen Stadt Lerchenfeld;17.01.2020;Freitag;2;44;20;24;19;42;123;465;585;434;445;476;573;504;580;501;580;723;819;659;397;260;249;201;173
34;10907;St.Gallen Stadt Lerchenfeld;18.01.2020;Samstag;1;112;60;44;49;43;66;87;190;245;482;477;607;552;552;657;637;584;432;356;271;232;205;184;203
35;10907;St.Gallen Stadt Lerchenfeld;18.01.2020;Samstag;2;104;66;50;43;44;76;98;164;274;418;539;630;539;543;558;595;543;472;344;267;207;199;204;226
36;10907;St.Gallen Stadt Lerchenfeld;19.01.2020;Sonntag;1;140;94;62;54;48;44;67;65;106;179;222;306;327;409;415;384;416;404;338;285;219;140;111;70
37;10907;St.Gallen Stadt Lerchenfeld;19.01.2020;Sonntag;2;123;84;49;56;45;43;67;67;110;213;272;287;329;352;365;385;396;386;278;255;192;135;121;50
38;10907;St.Gallen Stadt Lerchenfeld;20.01.2020;Montag;1;30;18;14;22;53;123;431;621;539;431;472;506;471;534;537;570;690;790;480;359;232;215;154;72
39;10907;St.Gallen Stadt Lerchenfeld;20.01.2020;Montag;2;28;19;12;13;32;114;490;712;487;406;398;508;470;568;478;529;674;801;530;371;263;205;139;62
40;10907;St.Gallen Stadt Lerchenfeld;21.01.2020;Dienstag;1;36;19;8;28;43;122;404;575;456;381;453;512;419;543;548;570;710;714;504;360;257;199;148;81
41;10907;St.Gallen Stadt Lerchenfeld;21.01.2020;Dienstag;2;33;19;12;16;38;124;459;582;411;387;428;473;494;580;524;544;695;828;555;376;233;174;142;92
42;10907;St.Gallen Stadt Lerchenfeld;22.01.2020;Mittwoch;1;47;18;13;22;47;138;393;603;458;441;468;546;499;551;550;551;702;793;545;368;252;195;154;105
43;10907;St.Gallen Stadt Lerchenfeld;22.01.2020;Mittwoch;2;38;21;14;16;36;123;464;604;436;384;441;504;519;552;524;517;675;812;529;378;269;197;145;70
44;10907;St.Gallen Stadt Lerchenfeld;23.01.2020;Donnerstag;1;41;16;17;23;47;132;420;572;451;475;511;565;463;580;558;560;664;773;559;404;295;225;195;110
45;10907;St.Gallen Stadt Lerchenfeld;23.01.2020;Donnerstag;2;40;21;14;19;38;116;459;594;441;414;452;517;517;584;530;580;697;772;515;398;307;245;165;122
46;10907;St.Gallen Stadt Lerchenfeld;24.01.2020;Freitag;1;45;30;22;28;48;118;387;508;490;463;509;575;486;601;613;698;794;763;519;401;262;259;207;184
47;10907;St.Gallen Stadt Lerchenfeld;24.01.2020;Freitag;2;50;18;18;26;41;120;437;576;484;456;466;534;502;597;627;664;752;735;562;420;323;266;222;147
48;10907;St.Gallen Stadt Lerchenfeld;25.01.2020;Samstag;1;111;65;53;35;49;67;96;169;282;462;540;586;540;621;622;576;523;449;374;273;238;192;199;176
49;10907;St.Gallen Stadt Lerchenfeld;25.01.2020;Samstag;2;105;61;56;41;50;53;93;159;291;425;552;633;530;555;623;595;577;488;358;284;230;190;220;182
50;10907;St.Gallen Stadt Lerchenfeld;26.01.2020;Sonntag;1;126;110;84;61;43;48;69;62;95;161;217;308;323;375;420;470;422;377;337;237;226;172;96;63
51;10907;St.Gallen Stadt Lerchenfeld;26.01.2020;Sonntag;2;132;78;71;64;39;46;67;75;99;202;233;313;307;362;388;380;388;358;448;296;221;137;111;60
52;10907;St.Gallen Stadt Lerchenfeld;27.01.2020;Montag;1;32;12;12;26;51;135;406;503;427;404;437;514;406;562;549;533;667;738;414;329;220;168;142;63
53;10907;St.Gallen Stadt Lerchenfeld;27.01.2020;Montag;2;28;18;14;14;37;131;447;543;413;428;431;456;478;526;512;575;677;723;504;302;223;189;131;72
54;10907;St.Gallen Stadt Lerchenfeld;28.01.2020;Dienstag;1;42;15;7;24;43;141;384;468;425;367;476;492;423;493;531;535;652;687;470;385;245;203;155;89
55;10907;St.Gallen Stadt Lerchenfeld;28.01.2020;Dienstag;2;40;11;14;14;40;127;430;527;390;370;425;450;475;500;452;509;642;668;516;365;240;174;157;89
56;10907;St.Gallen Stadt Lerchenfeld;29.01.2020;Mittwoch;1;37;20;21;27;43;129;358;478;453;394;405;471;459;511;549;518;648;726;508;317;265;180;163;84
57;10907;St.Gallen Stadt Lerchenfeld;29.01.2020;Mittwoch;2;46;18;22;21;50;129;426;518;425;371;408;433;471;514;488;557;620;737;543;343;253;180;130;81
58;10907;St.Gallen Stadt Lerchenfeld;30.01.2020;Donnerstag;1;50;18;19;27;50;131;368;480;393;403;437;522;436;576;544;519;666;749;512;385;275;221;191;83
59;10907;St.Gallen Stadt Lerchenfeld;30.01.2020;Donnerstag;2;53;18;18;19;43;113;448;490;401;360;445;441;488;529;513;502;685;729;539;383;297;260;182;89
60;10907;St.Gallen Stadt Lerchenfeld;31.01.2020;Freitag;1;50;26;15;31;49;119;348;425;416;400;507;517;444;583;583;605;672;671;516;363;258;245;202;183
61;10907;St.Gallen Stadt Lerchenfeld;31.01.2020;Freitag;2;47;31;13;19;48;128;397;482;398;404;465;487;499;557;543;578;702;698;527;390;272;233;216;143
62;10907;St.Gallen Stadt Lerchenfeld;01.02.2020;Samstag;1;128;89;57;52;30;64;93;164;266;456;584;595;577;649;694;613;568;448;362;279;215;230;214;194
63;10907;St.Gallen Stadt Lerchenfeld;01.02.2020;Samstag;2;105;87;58;42;52;55;121;143;279;428;540;613;567;581;596;595;626;457;361;261;253;208;202;153
64;10907;St.Gallen Stadt Lerchenfeld;02.02.2020;Sonntag;1;127;92;64;59;46;46;53;53;91;162;277;373;346;344;391;431;427;410;343;298;247;177;114;56
65;10907;St.Gallen Stadt Lerchenfeld;02.02.2020;Sonntag;2;147;67;53;55;46;42;78;43;104;184;246;351;329;341;401;421;380;345;320;284;228;171;109;58
66;10907;St.Gallen Stadt Lerchenfeld;03.02.2020;Montag;1;50;20;16;28;63;131;434;565;500;425;457;506;469;535;549;570;624;795;459;383;230;198;156;73
67;10907;St.Gallen Stadt Lerchenfeld;03.02.2020;Montag;2;38;21;15;19;47;123;473;630;436;402;429;501;487;570;485;571;716;774;553;372;214;220;119;77
68;10907;St.Gallen Stadt Lerchenfeld;04.02.2020;Dienstag;1;45;37;17;29;42;149;447;551;499;401;452;522;462;535;517;581;633;799;537;365;253;211;171;92
69;10907;St.Gallen Stadt Lerchenfeld;04.02.2020;Dienstag;2;39;20;17;23;51;129;497;575;480;397;421;485;460;534;481;546;678;794;618;408;258;215;152;64
70;10907;St.Gallen Stadt Lerchenfeld;05.02.2020;Mittwoch;1;52;19;18;20;55;123;434;565;492;417;481;494;491;550;560;600;689;793;523;388;280;244;175;95
71;10907;St.Gallen Stadt Lerchenfeld;05.02.2020;Mittwoch;2;48;18;18;26;41;135;459;560;465;477;450;493;502;586;542;547;734;849;567;403;285;217;149;83
72;10907;St.Gallen Stadt Lerchenfeld;06.02.2020;Donnerstag;1;41;17;21;26;58;188;417;549;456;432;481;730;671;579;558;556;690;797;580;470;301;248;181;119
73;10907;St.Gallen Stadt Lerchenfeld;06.02.2020;Donnerstag;2;41;17;16;18;54;140;446;615;485;441;432;505;494;603;479;577;644;830;561;434;342;278;174;88
74;10907;St.Gallen Stadt Lerchenfeld;07.02.2020;Freitag;1;58;25;23;25;59;127;393;522;472;462;507;549;454;593;617;624;727;749;576;396;282;216;207;202
75;10907;St.Gallen Stadt Lerchenfeld;07.02.2020;Freitag;2;43;26;21;23;49;132;438;544;484;416;488;574;529;567;565;651;743;733;582;426;309;248;229;180
76;10907;St.Gallen Stadt Lerchenfeld;08.02.2020;Samstag;1;124;77;51;32;44;52;110;166;274;482;540;610;574;633;667;641;540;483;413;297;271;258;229;181
77;10907;St.Gallen Stadt Lerchenfeld;08.02.2020;Samstag;2;103;74;42;40;48;52;116;166;299;433;562;603;636;570;634;623;615;549;391;274;254;245;203;188
78;10907;St.Gallen Stadt Lerchenfeld;09.02.2020;Sonntag;1;132;115;72;67;64;23;57;57;94;193;209;333;338;411;508;541;476;441;328;264;235;152;101;70
79;10907;St.Gallen Stadt Lerchenfeld;09.02.2020;Sonntag;2;137;124;78;62;48;48;72;81;111;215;269;331;318;377;399;399;396;411;589;252;221;126;101;56
80;10907;St.Gallen Stadt Lerchenfeld;10.02.2020;Montag;1;40;23;18;19;52;126;403;562;521;445;486;541;467;544;526;545;699;807;464;358;246;199;146;61
81;10907;St.Gallen Stadt Lerchenfeld;10.02.2020;Montag;2;38;16;10;20;52;125;469;765;517;419;409;455;429;526;490;520;689;798;555;378;223;194;143;59
82;10907;St.Gallen Stadt Lerchenfeld;11.02.2020;Dienstag;1;24;20;20;16;48;143;430;619;501;446;466;549;492;578;492;606;744;767;528;351;248;230;168;79
83;10907;St.Gallen Stadt Lerchenfeld;11.02.2020;Dienstag;2;21;17;13;13;48;123;477;606;438;416;438;482;487;567;522;585;738;784;572;364;270;207;162;74
84;10907;St.Gallen Stadt Lerchenfeld;12.02.2020;Mittwoch;1;47;18;14;19;58;143;459;584;512;430;461;550;418;567;570;580;665;784;507;357;275;233;197;81
85;10907;St.Gallen Stadt Lerchenfeld;12.02.2020;Mittwoch;2;43;28;12;19;64;161;444;652;440;410;442;527;491;594;550;582;693;769;584;421;251;227;168;71
86;10907;St.Gallen Stadt Lerchenfeld;13.02.2020;Donnerstag;1;45;22;14;19;53;115;440;588;480;464;548;584;496;512;549;603;694;753;539;441;299;239;193;103
87;10907;St.Gallen Stadt Lerchenfeld;13.02.2020;Donnerstag;2;33;11;19;16;50;111;470;622;457;459;477;565;479;587;518;559;717;795;591;437;314;237;187;97
88;10907;St.Gallen Stadt Lerchenfeld;14.02.2020;Freitag;1;51;29;23;25;49;134;423;547;481;473;532;609;499;574;628;649;740;706;575;396;271;259;244;177
89;10907;St.Gallen Stadt Lerchenfeld;14.02.2020;Freitag;2;36;19;19;25;60;130;445;598;457;456;510;545;490;569;576;626;767;763;558;451;288;249;221;178
90;10907;St.Gallen Stadt Lerchenfeld;15.02.2020;Samstag;1;119;76;54;43;43;64;97;208;289;436;535;595;615;577;666;578;505;478;409;296;240;196;198;191
91;10907;St.Gallen Stadt Lerchenfeld;15.02.2020;Samstag;2;119;76;52;46;45;51;118;172;282;410;548;635;612;626;634;594;608;509;369;274;227;197;224;177
92;10907;St.Gallen Stadt Lerchenfeld;16.02.2020;Sonntag;1;140;95;56;57;43;39;68;50;108;172;218;340;370;397;397;412;407;434;381;287;210;174;103;47
93;10907;St.Gallen Stadt Lerchenfeld;16.02.2020;Sonntag;2;112;73;38;43;45;43;72;76;145;210;287;324;325;334;385;393;401;363;325;293;212;151;95;49
94;10907;St.Gallen Stadt Lerchenfeld;17.02.2020;Montag;1;36;18;10;20;45;130;450;583;478;426;463;522;478;536;590;583;665;774;516;375;245;199;158;82
95;10907;St.Gallen Stadt Lerchenfeld;17.02.2020;Montag;2;29;9;12;12;36;131;475;648;466;432;436;516;486;565;515;530;715;800;531;375;275;192;155;65
96;10907;St.Gallen Stadt Lerchenfeld;18.02.2020;Dienstag;1;32;23;18;21;51;127;436;597;474;436;466;549;425;521;511;592;657;784;524;372;291;193;186;100
97;10907;St.Gallen Stadt Lerchenfeld;18.02.2020;Dienstag;2;35;12;16;16;45;123;451;623;487;443;436;485;455;568;514;525;716;780;587;366;287;207;127;100
98;10907;St.Gallen Stadt Lerchenfeld;19.02.2020;Mittwoch;1;35;19;19;16;43;128;429;583;460;459;461;525;492;555;547;563;654;785;583;368;267;209;158;86
99;10907;St.Gallen Stadt Lerchenfeld;19.02.2020;Mittwoch;2;43;14;15;20;35;116;476;599;450;429;426;511;505;588;537;571;744;803;564;374;282;237;134;75
100;10907;St.Gallen Stadt Lerchenfeld;20.02.2020;Donnerstag;1;46;21;18;22;56;110;424;542;461;447;487;572;490;528;519;497;620;793;597;397;326;224;180;110
101;10907;St.Gallen Stadt Lerchenfeld;20.02.2020;Donnerstag;2;45;11;19;22;35;130;469;621;495;582;479;523;484;610;481;488;735;824;553;379;286;234;174;89
102;10907;St.Gallen Stadt Lerchenfeld;21.02.2020;Freitag;1;55;29;29;26;51;104;421;516;448;448;479;557;492;582;624;590;696;671;647;436;278;231;237;179
103;10907;St.Gallen Stadt Lerchenfeld;21.02.2020;Freitag;2;57;21;14;28;51;129;449;602;469;459;478;524;497;573;596;648;734;667;547;464;301;265;225;155
104;10907;St.Gallen Stadt Lerchenfeld;22.02.2020;Samstag;1;119;70;41;34;34;49;113;186;329;510;516;594;583;579;610;586;575;538;409;344;260;236;178;155
105;10907;St.Gallen Stadt Lerchenfeld;22.02.2020;Samstag;2;89;50;36;45;39;56;102;157;344;449;578;611;627;577;555;581;556;501;375;277;214;231;190;149
106;10907;St.Gallen Stadt Lerchenfeld;23.02.2020;Sonntag;1;149;129;88;56;45;40;53;58;119;163;226;347;378;375;470;558;439;368;402;302;224;149;112;49
107;10907;St.Gallen Stadt Lerchenfeld;23.02.2020;Sonntag;2;150;111;69;64;56;35;56;60;141;209;247;337;344;379;374;390;344;338;588;298;174;146;107;41
108;10907;St.Gallen Stadt Lerchenfeld;24.02.2020;Montag;1;32;17;11;15;49;131;448;570;461;452;509;515;462;565;562;537;704;764;565;384;360;291;295;103
109;10907;St.Gallen Stadt Lerchenfeld;24.02.2020;Montag;2;30;14;11;19;47;125;472;612;475;402;429;558;459;615;528;569;737;822;604;385;252;203;160;73
110;10907;St.Gallen Stadt Lerchenfeld;25.02.2020;Dienstag;1;32;23;13;22;36;126;431;590;502;441;452;517;477;556;572;602;655;727;590;383;252;216;169;81
111;10907;St.Gallen Stadt Lerchenfeld;25.02.2020;Dienstag;2;31;15;11;16;47;126;464;647;468;425;479;536;467;622;511;620;705;814;586;408;253;219;145;91
112;10907;St.Gallen Stadt Lerchenfeld;26.02.2020;Mittwoch;1;39;18;18;20;55;167;442;611;512;448;445;567;465;579;555;561;658;801;616;430;308;203;180;85
113;10907;St.Gallen Stadt Lerchenfeld;26.02.2020;Mittwoch;2;40;17;15;33;57;150;437;639;480;412;445;524;514;606;536;628;687;780;692;446;269;205;152;88
114;10907;St.Gallen Stadt Lerchenfeld;27.02.2020;Donnerstag;1;44;24;15;25;61;147;458;549;458;458;487;535;470;559;552;533;645;795;562;417;325;236;175;100
115;10907;St.Gallen Stadt Lerchenfeld;27.02.2020;Donnerstag;2;41;11;11;20;40;157;457;595;459;411;482;497;499;574;526;558;705;832;563;434;311;250;179;82
116;10907;St.Gallen Stadt Lerchenfeld;28.02.2020;Freitag;1;49;21;15;34;52;106;419;551;437;466;541;543;504;609;601;650;732;735;533;387;308;240;255;149
117;10907;St.Gallen Stadt Lerchenfeld;28.02.2020;Freitag;2;43;18;13;19;52;126;448;577;469;428;517;571;542;602;586;669;749;761;571;399;283;278;206;162
118;10907;St.Gallen Stadt Lerchenfeld;29.02.2020;Samstag;1;110;66;40;40;47;62;107;214;304;499;553;610;539;599;640;540;543;465;350;272;207;190;181;154
119;10907;St.Gallen Stadt Lerchenfeld;29.02.2020;Samstag;2;106;56;45;37;59;65;103;177;315;436;560;647;599;624;661;622;621;496;348;269;239;193;191;144
120;10907;St.Gallen Stadt Lerchenfeld;01.03.2020;Sonntag;1;139;110;58;51;44;40;53;70;108;187;244;321;342;352;424;436;480;457;357;310;261;146;75;72
121;10907;St.Gallen Stadt Lerchenfeld;01.03.2020;Sonntag;2;110;101;59;59;40;40;60;65;114;201;295;334;368;397;419;401;439;400;302;291;211;132;79;57
122;10907;St.Gallen Stadt Lerchenfeld;02.03.2020;Montag;1;41;15;9;26;49;125;473;578;494;445;471;529;470;550;524;504;692;771;500;401;250;172;146;91
123;10907;St.Gallen Stadt Lerchenfeld;02.03.2020;Montag;2;38;9;16;18;40;129;448;693;451;419;428;546;504;609;546;541;682;777;557;351;228;220;119;74
124;10907;St.Gallen Stadt Lerchenfeld;03.03.2020;Dienstag;1;30;24;15;23;59;131;430;584;502;449;443;545;457;539;521;578;634;742;528;385;278;202;166;89
125;10907;St.Gallen Stadt Lerchenfeld;03.03.2020;Dienstag;2;31;13;11;15;48;142;492;634;439;415;434;508;451;568;506;537;730;816;598;386;268;214;134;79
126;10907;St.Gallen Stadt Lerchenfeld;04.03.2020;Mittwoch;1;34;22;13;21;53;130;425;591;481;399;484;542;471;522;585;575;677;755;514;412;266;220;172;77
127;10907;St.Gallen Stadt Lerchenfeld;04.03.2020;Mittwoch;2;35;18;14;20;51;126;465;636;448;421;440;547;471;601;544;625;721;840;589;364;263;210;156;78
128;10907;St.Gallen Stadt Lerchenfeld;05.03.2020;Donnerstag;1;48;22;18;19;55;131;433;584;476;430;489;588;490;532;514;592;625;775;525;408;298;236;169;83
129;10907;St.Gallen Stadt Lerchenfeld;05.03.2020;Donnerstag;2;46;19;16;18;50;128;437;614;433;433;489;506;481;566;488;579;708;838;561;438;299;262;144;78
130;10907;St.Gallen Stadt Lerchenfeld;06.03.2020;Freitag;1;62;19;17;25;54;126;419;559;476;439;505;543;467;604;624;585;722;681;557;353;278;239;232;142
131;10907;St.Gallen Stadt Lerchenfeld;06.03.2020;Freitag;2;49;16;16;20;53;127;475;583;438;421;521;543;529;572;544;673;759;746;580;378;277;239;194;168
132;10907;St.Gallen Stadt Lerchenfeld;07.03.2020;Samstag;1;117;80;59;36;32;67;94;216;291;500;520;536;547;586;680;558;581;467;328;258;224;206;181;167
133;10907;St.Gallen Stadt Lerchenfeld;07.03.2020;Samstag;2;94;65;60;42;52;59;122;188;282;437;560;553;574;590;624;605;557;463;376;279;211;231;217;162
134;10907;St.Gallen Stadt Lerchenfeld;08.03.2020;Sonntag;1;140;78;65;48;46;40;59;54;88;190;246;312;370;381;364;441;452;467;360;271;234;154;93;66
135;10907;St.Gallen Stadt Lerchenfeld;08.03.2020;Sonntag;2;110;81;48;51;42;43;64;78;136;205;304;325;346;336;391;372;394;387;310;272;216;164;101;48
136;10907;St.Gallen Stadt Lerchenfeld;09.03.2020;Montag;1;43;11;11;22;50;134;447;553;512;473;473;506;430;531;599;552;631;750;501;317;253;179;162;92
137;10907;St.Gallen Stadt Lerchenfeld;09.03.2020;Montag;2;26;12;9;19;48;141;471;609;498;436;440;499;503;561;530;494;697;804;502;348;229;185;137;71
138;10907;St.Gallen Stadt Lerchenfeld;10.03.2020;Dienstag;1;35;16;9;24;51;145;432;578;509;448;484;536;496;537;530;557;633;740;482;354;268;203;167;89
139;10907;St.Gallen Stadt Lerchenfeld;10.03.2020;Dienstag;2;56;13;18;13;54;134;469;632;425;438;436;505;465;560;548;530;636;705;559;357;235;177;168;78
140;10907;St.Gallen Stadt Lerchenfeld;11.03.2020;Mittwoch;1;29;28;12;25;44;146;432;562;450;441;436;555;487;532;274;588;680;770;543;393;258;189;166;101
141;10907;St.Gallen Stadt Lerchenfeld;11.03.2020;Mittwoch;2;36;19;21;18;45;126;481;628;463;440;433;526;488;585;580;564;717;822;563;374;261;226;140;88
142;10907;St.Gallen Stadt Lerchenfeld;12.03.2020;Donnerstag;1;51;32;13;26;39;134;433;562;462;456;472;558;454;529;520;567;645;759;559;426;271;222;200;90
143;10907;St.Gallen Stadt Lerchenfeld;12.03.2020;Donnerstag;2;40;28;21;20;49;128;476;594;477;417;450;480;481;571;533;561;730;782;596;440;287;226;175;89
144;10907;St.Gallen Stadt Lerchenfeld;13.03.2020;Freitag;1;47;33;21;30;60;127;405;528;466;462;521;576;473;573;608;630;736;754;548;383;283;253;204;145
145;10907;St.Gallen Stadt Lerchenfeld;13.03.2020;Freitag;2;44;23;29;19;45;134;458;567;450;439;502;544;501;623;543;659;800;819;642;425;279;254;203;129
146;10907;St.Gallen Stadt Lerchenfeld;14.03.2020;Samstag;1;86;72;35;34;31;69;97;215;372;473;580;584;614;568;600;538;522;415;307;225;197;199;168;142
147;10907;St.Gallen Stadt Lerchenfeld;14.03.2020;Samstag;2;87;59;37;35;30;63;96;186;338;476;587;659;598;566;617;572;510;454;316;242;207;186;159;122
148;10907;St.Gallen Stadt Lerchenfeld;15.03.2020;Sonntag;1;133;83;41;39;32;29;59;45;87;168;224;308;295;351;381;399;420;423;368;286;202;161;107;56
149;10907;St.Gallen Stadt Lerchenfeld;15.03.2020;Sonntag;2;110;73;49;36;27;40;58;64;98;198;256;293;336;363;406;419;368;340;292;247;186;141;96;48
150;10907;St.Gallen Stadt Lerchenfeld;16.03.2020;Montag;1;39;14;13;18;51;151;463;559;541;461;537;580;459;591;584;582;635;756;506;340;214;165;112;71
151;10907;St.Gallen Stadt Lerchenfeld;16.03.2020;Montag;2;26;15;15;15;47;141;486;616;488;457;513;562;513;613;565;558;680;776;587;362;198;155;95;66
152;10907;St.Gallen Stadt Lerchenfeld;17.03.2020;Dienstag;1;32;19;4;20;51;131;390;531;392;434;404;496;413;465;462;501;597;618;454;273;161;110;91;44
153;10907;St.Gallen Stadt Lerchenfeld;17.03.2020;Dienstag;2;32;14;11;18;40;131;468;527;395;436;460;459;436;522;475;443;601;643;428;259;168;111;103;44
154;10907;St.Gallen Stadt Lerchenfeld;18.03.2020;Mittwoch;1;24;14;6;18;46;124;404;527;387;390;411;478;435;488;466;496;586;673;422;274;152;110;86;49
155;10907;St.Gallen Stadt Lerchenfeld;18.03.2020;Mittwoch;2;26;14;11;17;35;135;433;522;395;392;403;469;455;515;499;489;620;648;429;266;153;110;75;57
156;10907;St.Gallen Stadt Lerchenfeld;19.03.2020;Donnerstag;1;29;16;11;14;42;137;392;500;403;373;412;468;422;475;417;481;582;852;467;249;175;143;103;56
157;10907;St.Gallen Stadt Lerchenfeld;19.03.2020;Donnerstag;2;38;14;10;17;36;125;439;483;377;426;415;446;427;532;430;468;594;693;469;251;185;136;102;45
158;10907;St.Gallen Stadt Lerchenfeld;20.03.2020;Freitag;1;20;14;11;20;42;126;396;485;416;440;463;479;409;477;488;506;609;575;359;259;154;120;101;68
159;10907;St.Gallen Stadt Lerchenfeld;20.03.2020;Freitag;2;18;17;7;20;36;126;432;455;383;435;437;468;463;499;518;557;571;573;372;271;181;122;100;64
160;10907;St.Gallen Stadt Lerchenfeld;21.03.2020;Samstag;1;38;27;18;14;17;57;86;146;208;296;360;425;380;395;373;396;338;258;201;158;135;117;74;67
161;10907;St.Gallen Stadt Lerchenfeld;21.03.2020;Samstag;2;39;26;15;15;23;48;80;127;209;294;346;418;411;396;400;384;354;263;223;147;136;98;73;57
162;10907;St.Gallen Stadt Lerchenfeld;22.03.2020;Sonntag;1;44;26;14;14;11;12;43;42;56;97;128;175;179;215;251;277;306;255;214;194;130;76;67;28
163;10907;St.Gallen Stadt Lerchenfeld;22.03.2020;Sonntag;2;47;23;19;14;14;18;51;51;62;92;136;157;163;196;234;281;261;264;216;187;136;75;59;27
164;10907;St.Gallen Stadt Lerchenfeld;23.03.2020;Montag;1;16;15;7;17;42;118;392;457;343;341;376;428;391;436;416;432;525;590;335;231;143;100;88;40
165;10907;St.Gallen Stadt Lerchenfeld;23.03.2020;Montag;2;17;7;9;11;35;126;414;500;290;338;361;411;398;425;408;409;560;562;359;237;176;108;69;54
166;10907;St.Gallen Stadt Lerchenfeld;24.03.2020;Dienstag;1;29;11;16;19;37;128;371;438;315;299;340;369;402;468;430;456;552;588;383;230;133;127;81;46
167;10907;St.Gallen Stadt Lerchenfeld;24.03.2020;Dienstag;2;27;13;16;18;37;118;427;472;310;322;336;361;406;403;408;454;577;585;381;206;127;115;74;55
168;10907;St.Gallen Stadt Lerchenfeld;25.03.2020;Mittwoch;1;22;10;10;12;35;130;377;424;303;350;356;394;343;463;442;449;540;597;390;233;159;108;82;34
169;10907;St.Gallen Stadt Lerchenfeld;25.03.2020;Mittwoch;2;27;10;16;13;45;119;412;463;284;330;411;396;441;448;423;452;571;578;359;262;153;100;84;46
170;10907;St.Gallen Stadt Lerchenfeld;26.03.2020;Donnerstag;1;28;15;11;14;35;110;384;411;322;363;376;465;371;459;443;545;543;598;393;262;191;114;96;54
171;10907;St.Gallen Stadt Lerchenfeld;26.03.2020;Donnerstag;2;29;9;16;10;49;110;398;448;329;338;383;399;423;469;460;442;562;570;363;278;176;111;84;52
172;10907;St.Gallen Stadt Lerchenfeld;27.03.2020;Freitag;1;25;17;9;15;43;116;346;391;331;364;426;458;399;529;500;523;600;613;383;269;168;132;112;80
173;10907;St.Gallen Stadt Lerchenfeld;27.03.2020;Freitag;2;30;13;14;19;38;111;410;428;313;352;431;431;417;509;499;538;610;537;374;236;175;134;99;66
174;10907;St.Gallen Stadt Lerchenfeld;28.03.2020;Samstag;1;51;16;18;18;25;47;97;168;252;300;401;492;406;470;497;461;478;348;301;229;163;129;92;79
175;10907;St.Gallen Stadt Lerchenfeld;28.03.2020;Samstag;2;52;20;28;18;22;48;92;138;219;307;437;429;448;480;513;534;457;363;273;201;157;141;106;57
176;10907;St.Gallen Stadt Lerchenfeld;29.03.2020;Sonntag;1;56;0;29;13;15;31;39;34;55;80;127;216;212;240;277;255;250;228;243;169;142;94;70;43
177;10907;St.Gallen Stadt Lerchenfeld;29.03.2020;Sonntag;2;61;0;27;18;21;32;50;37;55;91;146;180;209;234;236;236;241;239;191;159;133;98;73;37
178;10907;St.Gallen Stadt Lerchenfeld;30.03.2020;Montag;1;37;12;4;18;42;119;362;433;311;309;336;377;363;410;471;443;528;594;348;249;166;113;73;52
179;10907;St.Gallen Stadt Lerchenfeld;30.03.2020;Montag;2;21;13;15;18;36;133;388;464;310;313;310;373;376;419;395;458;531;582;366;208;155;129;81;39
180;10907;St.Gallen Stadt Lerchenfeld;31.03.2020;Dienstag;1;21;6;12;13;47;122;345;401;276;302;386;440;397;422;460;488;576;629;371;248;182;134;101;58
181;10907;St.Gallen Stadt Lerchenfeld;31.03.2020;Dienstag;2;27;18;15;15;37;117;392;456;294;341;358;374;418;476;425;430;543;608;377;248;186;134;86;45
182;10907;St.Gallen Stadt Lerchenfeld;01.04.2020;Mittwoch;1;36;16;11;13;44;119;373;386;346;326;369;435;428;494;469;444;573;662;404;286;180;115;85;66
183;10907;St.Gallen Stadt Lerchenfeld;01.04.2020;Mittwoch;2;32;16;11;18;31;123;392;471;308;319;367;402;401;476;457;454;556;603;385;245;160;126;82;44
184;10907;St.Gallen Stadt Lerchenfeld;02.04.2020;Donnerstag;1;28;9;10;13;40;109;363;395;338;322;377;467;441;444;451;507;526;687;364;279;208;141;99;70
185;10907;St.Gallen Stadt Lerchenfeld;02.04.2020;Donnerstag;2;32;18;13;10;30;116;373;455;310;330;354;438;416;484;430;492;535;635;383;296;199;133;94;50
186;10907;St.Gallen Stadt Lerchenfeld;03.04.2020;Freitag;1;22;23;8;15;47;115;355;377;354;365;435;453;478;482;531;561;641;649;448;301;234;149;123;51
187;10907;St.Gallen Stadt Lerchenfeld;03.04.2020;Freitag;2;32;18;16;16;33;113;399;449;336;353;406;447;448;521;505;518;612;604;446;294;242;148;126;55
188;10907;St.Gallen Stadt Lerchenfeld;04.04.2020;Samstag;1;59;33;22;25;18;33;87;130;192;365;451;470;447;487;458;492;427;380;281;232;189;142;132;80
189;10907;St.Gallen Stadt Lerchenfeld;04.04.2020;Samstag;2;47;30;22;26;23;51;75;125;205;318;435;533;479;491;476;446;415;373;286;208;209;159;121;64
190;10907;St.Gallen Stadt Lerchenfeld;05.04.2020;Sonntag;1;66;36;17;9;11;17;40;47;53;91;163;228;261;292;336;348;360;388;304;271;193;130;74;35
191;10907;St.Gallen Stadt Lerchenfeld;05.04.2020;Sonntag;2;62;30;25;13;15;27;39;41;57;120;151;217;273;311;321;356;333;309;286;222;198;120;70;33
192;10907;St.Gallen Stadt Lerchenfeld;06.04.2020;Montag;1;22;8;9;15;40;113;404;411;316;365;347;452;420;485;465;460;596;639;389;278;197;148;96;41
193;10907;St.Gallen Stadt Lerchenfeld;06.04.2020;Montag;2;20;10;13;15;32;124;416;456;336;354;367;442;419;470;453;462;548;619;407;240;179;127;88;52
194;10907;St.Gallen Stadt Lerchenfeld;07.04.2020;Dienstag;1;18;15;10;16;39;107;368;423;326;363;395;480;400;452;481;492;613;713;406;286;181;149;103;65
195;10907;St.Gallen Stadt Lerchenfeld;07.04.2020;Dienstag;2;32;18;14;20;32;124;408;435;313;355;393;412;444;471;445;513;573;644;414;315;195;134;100;49
196;10907;St.Gallen Stadt Lerchenfeld;08.04.2020;Mittwoch;1;30;17;8;19;52;109;387;432;343;392;424;516;460;482;524;536;631;695;471;297;230;123;100;48
197;10907;St.Gallen Stadt Lerchenfeld;08.04.2020;Mittwoch;2;27;15;15;21;38;130;404;465;357;405;421;476;480;502;485;543;636;655;475;302;205;137;84;46
198;10907;St.Gallen Stadt Lerchenfeld;09.04.2020;Donnerstag;1;27;14;14;13;40;122;361;448;347;449;459;573;519;492;595;644;696;651;404;296;233;178;116;68
199;10907;St.Gallen Stadt Lerchenfeld;09.04.2020;Donnerstag;2;21;12;13;18;38;118;415;460;366;421;463;534;493;545;530;633;716;598;428;288;216;189;108;61
200;10907;St.Gallen Stadt Lerchenfeld;10.04.2020;Freitag;1;54;19;10;16;18;29;47;58;83;141;220;259;286;274;359;341;362;338;327;251;240;154;119;75
201;10907;St.Gallen Stadt Lerchenfeld;10.04.2020;Freitag;2;55;22;9;12;16;32;49;59;102;137;206;260;247;300;357;334;337;324;301;262;213;171;118;77
202;10907;St.Gallen Stadt Lerchenfeld;11.04.2020;Samstag;1;46;33;19;19;28;49;76;151;322;425;550;589;508;549;519;523;524;373;333;283;219;184;111;72
203;10907;St.Gallen Stadt Lerchenfeld;11.04.2020;Samstag;2;47;35;16;25;13;47;82;153;294;434;562;590;529;560;567;553;478;347;285;247;234;160;109;79
204;10907;St.Gallen Stadt Lerchenfeld;12.04.2020;Sonntag;1;65;35;24;11;12;22;58;45;67;116;210;280;262;274;280;336;369;357;261;234;191;165;110;62
205;10907;St.Gallen Stadt Lerchenfeld;12.04.2020;Sonntag;2;69;36;14;22;14;27;40;61;84;130;234;254;253;258;267;324;334;330;249;231;199;143;102;63
206;10907;St.Gallen Stadt Lerchenfeld;13.04.2020;Montag;1;42;22;15;8;16;25;55;37;63;141;192;232;279;297;297;331;364;317;306;290;210;123;83;50
207;10907;St.Gallen Stadt Lerchenfeld;13.04.2020;Montag;2;50;24;19;7;12;25;51;47;59;135;212;239;275;304;317;331;303;286;261;235;213;116;82;44
208;10907;St.Gallen Stadt Lerchenfeld;14.04.2020;Dienstag;1;21;13;12;16;49;110;382;428;340;348;402;482;439;494;492;512;625;643;408;265;191;133;80;46
209;10907;St.Gallen Stadt Lerchenfeld;14.04.2020;Dienstag;2;22;15;15;13;34;118;417;460;354;335;406;475;454;490;474;499;624;653;417;274;196;134;88;53
210;10907;St.Gallen Stadt Lerchenfeld;15.04.2020;Mittwoch;1;30;7;13;17;35;123;376;416;343;372;392;458;410;486;493;499;578;685;434;279;216;152;103;55
211;10907;St.Gallen Stadt Lerchenfeld;15.04.2020;Mittwoch;2;25;9;16;13;34;116;423;448;376;359;364;454;422;508;512;502;603;620;455;267;222;146;100;45
212;10907;St.Gallen Stadt Lerchenfeld;16.04.2020;Donnerstag;1;32;16;8;12;44;100;341;425;339;375;400;501;410;479;474;485;602;654;460;299;252;161;120;73
213;10907;St.Gallen Stadt Lerchenfeld;16.04.2020;Donnerstag;2;33;8;18;13;33;110;414;462;339;335;426;433;435;537;487;468;558;654;432;281;283;170;108;59
214;10907;St.Gallen Stadt Lerchenfeld;17.04.2020;Freitag;1;33;22;12;17;39;93;346;398;330;412;445;496;434;554;530;583;674;639;413;333;243;184;132;93
215;10907;St.Gallen Stadt Lerchenfeld;17.04.2020;Freitag;2;31;15;13;14;36;107;396;447;338;412;449;447;478;554;520;587;593;558;449;310;279;190;137;78
216;10907;St.Gallen Stadt Lerchenfeld;18.04.2020;Samstag;1;72;36;18;21;22;47;83;161;268;361;465;531;471;519;560;526;479;369;324;284;226;205;127;108
217;10907;St.Gallen Stadt Lerchenfeld;18.04.2020;Samstag;2;61;39;16;21;17;56;90;144;230;377;463;551;497;514;529;537;453;351;297;236;224;191;121;99
218;10907;St.Gallen Stadt Lerchenfeld;19.04.2020;Sonntag;1;73;35;20;19;6;18;40;48;87;159;219;253;280;269;316;362;341;351;312;281;250;184;125;75
219;10907;St.Gallen Stadt Lerchenfeld;19.04.2020;Sonntag;2;71;24;17;23;7;28;41;61;99;149;196;246;243;303;324;365;312;326;256;219;237;156;90;39
220;10907;St.Gallen Stadt Lerchenfeld;20.04.2020;Montag;1;35;26;19;27;75;113;403;462;344;393;396;487;430;464;426;513;594;671;416;258;205;184;118;75
221;10907;St.Gallen Stadt Lerchenfeld;20.04.2020;Montag;2;26;14;14;16;37;138;457;498;375;341;397;440;425;453;482;493;585;653;420;293;172;115;107;58
222;10907;St.Gallen Stadt Lerchenfeld;21.04.2020;Dienstag;1;34;20;16;30;63;115;387;450;296;372;409;445;428;458;475;494;610;666;412;263;206;180;120;71
223;10907;St.Gallen Stadt Lerchenfeld;21.04.2020;Dienstag;2;26;15;18;15;30;131;459;439;304;360;379;407;447;477;461;454;565;679;449;260;207;144;97;60
224;10907;St.Gallen Stadt Lerchenfeld;22.04.2020;Mittwoch;1;39;28;11;25;61;123;373;442;332;391;420;451;408;484;446;500;620;693;427;302;221;222;126;75
225;10907;St.Gallen Stadt Lerchenfeld;22.04.2020;Mittwoch;2;34;17;14;16;37;139;434;479;319;366;408;449;465;546;457;489;570;670;437;291;191;168;94;64
226;10907;St.Gallen Stadt Lerchenfeld;23.04.2020;Donnerstag;1;47;16;15;24;47;113;387;420;339;420;423;463;446;498;484;528;648;701;450;342;278;196;143;75
227;10907;St.Gallen Stadt Lerchenfeld;23.04.2020;Donnerstag;2;36;17;12;12;34;132;443;480;335;365;424;445;459;521;453;484;607;684;431;322;233;181;116;62
228;10907;St.Gallen Stadt Lerchenfeld;24.04.2020;Freitag;1;48;23;13;23;60;104;384;436;365;428;466;571;467;547;564;598;693;685;449;314;265;219;153;100
229;10907;St.Gallen Stadt Lerchenfeld;24.04.2020;Freitag;2;32;19;21;14;36;136;433;484;374;438;462;506;476;567;580;545;703;653;472;326;270;219;136;119
230;10907;St.Gallen Stadt Lerchenfeld;25.04.2020;Samstag;1;64;37;22;24;26;55;94;144;232;402;492;531;522;528;573;580;537;430;363;241;200;168;131;123
231;10907;St.Gallen Stadt Lerchenfeld;25.04.2020;Samstag;2;70;50;30;24;22;59;103;129;217;375;451;541;489;516;631;559;525;386;281;208;236;165;146;109
232;10907;St.Gallen Stadt Lerchenfeld;26.04.2020;Sonntag;1;88;42;35;16;18;29;56;53;68;131;255;298;292;328;381;401;403;377;367;283;236;193;119;73
233;10907;St.Gallen Stadt Lerchenfeld;26.04.2020;Sonntag;2;53;35;30;29;21;29;60;51;75;162;196;234;245;282;340;358;344;341;309;255;197;157;87;39
234;10907;St.Gallen Stadt Lerchenfeld;27.04.2020;Montag;1;40;23;14;26;62;118;431;464;393;432;480;557;442;497;577;564;667;743;456;341;256;172;110;69
235;10907;St.Gallen Stadt Lerchenfeld;27.04.2020;Montag;2;35;17;13;17;38;139;458;527;379;423;482;503;478;507;559;582;642;774;488;314;261;195;139;57
236;10907;St.Gallen Stadt Lerchenfeld;28.04.2020;Dienstag;1;34;23;18;15;37;126;403;486;417;378;453;494;465;491;468;552;683;753;471;328;199;155;119;69
237;10907;St.Gallen Stadt Lerchenfeld;28.04.2020;Dienstag;2;53;27;16;25;45;140;479;512;372;419;428;460;434;516;496;557;638;746;528;317;218;157;109;67
238;10907;St.Gallen Stadt Lerchenfeld;29.04.2020;Mittwoch;1;34;13;11;14;45;118;395;482;381;393;433;494;440;540;516;558;639;749;486;354;212;182;125;74
239;10907;St.Gallen Stadt Lerchenfeld;29.04.2020;Mittwoch;2;24;15;14;18;44;134;464;514;402;400;449;453;499;556;518;538;644;774;488;294;254;166;104;62
240;10907;St.Gallen Stadt Lerchenfeld;30.04.2020;Donnerstag;1;43;23;13;22;55;105;406;467;366;445;483;487;473;512;541;570;629;720;462;345;273;255;199;108
241;10907;St.Gallen Stadt Lerchenfeld;30.04.2020;Donnerstag;2;44;13;19;17;40;141;455;530;407;381;467;469;498;538;541;532;586;733;460;295;236;228;182;80
242;10907;St.Gallen Stadt Lerchenfeld;01.05.2020;Freitag;1;71;37;24;24;60;95;396;431;403;453;589;624;567;638;657;709;769;628;492;318;271;260;201;158
243;10907;St.Gallen Stadt Lerchenfeld;01.05.2020;Freitag;2;49;20;16;24;30;104;356;467;404;454;553;544;578;611;653;714;714;704;491;312;243;244;166;109
244;10907;St.Gallen Stadt Lerchenfeld;02.05.2020;Samstag;1;125;72;53;21;27;39;97;140;257;345;416;516;532;523;621;599;543;435;307;216;210;183;127;128
245;10907;St.Gallen Stadt Lerchenfeld;02.05.2020;Samstag;2;84;53;29;35;39;50;90;149;259;300;469;535;505;523;662;586;528;410;279;213;212;176;147;119
246;10907;St.Gallen Stadt Lerchenfeld;03.05.2020;Sonntag;1;81;60;36;20;16;22;53;48;80;126;214;282;259;315;362;365;401;392;322;283;274;193;137;90
247;10907;St.Gallen Stadt Lerchenfeld;03.05.2020;Sonntag;2;88;62;41;27;19;32;51;49;82;145;230;275;284;307;367;362;369;335;290;283;271;172;114;65
248;10907;St.Gallen Stadt Lerchenfeld;04.05.2020;Montag;1;43;25;20;23;70;124;435;481;389;415;461;469;459;540;490;567;664;765;430;286;236;203;185;75
249;10907;St.Gallen Stadt Lerchenfeld;04.05.2020;Montag;2;35;13;15;22;39;136;481;489;391;403;447;472;443;564;524;518;655;766;432;294;234;172;132;69
250;10907;St.Gallen Stadt Lerchenfeld;05.05.2020;Dienstag;1;40;30;23;26;53;121;401;500;421;416;430;465;472;507;529;505;682;728;434;304;201;162;148;80
251;10907;St.Gallen Stadt Lerchenfeld;05.05.2020;Dienstag;2;38;16;17;18;48;143;488;533;404;373;414;480;502;549;475;541;634;681;430;264;207;144;128;68
252;10907;St.Gallen Stadt Lerchenfeld;06.05.2020;Mittwoch;1;38;30;14;27;67;136;406;461;428;382;416;484;518;524;493;516;677;771;534;379;281;229;192;95
253;10907;St.Gallen Stadt Lerchenfeld;06.05.2020;Mittwoch;2;44;11;28;20;39;136;478;508;366;353;446;451;530;561;553;563;628;760;501;332;267;213;147;81
254;10907;St.Gallen Stadt Lerchenfeld;07.05.2020;Donnerstag;1;45;33;22;31;66;131;390;520;442;422;519;543;463;536;527;570;693;758;556;412;303;258;194;105
255;10907;St.Gallen Stadt Lerchenfeld;07.05.2020;Donnerstag;2;51;17;22;22;48;144;499;517;434;422;500;470;546;564;555;529;655;741;513;349;319;211;168;94
256;10907;St.Gallen Stadt Lerchenfeld;08.05.2020;Freitag;1;60;30;17;26;71;128;417;459;406;454;553;562;572;540;630;604;740;719;504;379;295;224;173;133
257;10907;St.Gallen Stadt Lerchenfeld;08.05.2020;Freitag;2;50;22;21;23;45;128;489;510;446;431;463;529;515;583;626;637;690;686;520;390;272;230;132;141
258;10907;St.Gallen Stadt Lerchenfeld;09.05.2020;Samstag;1;78;53;33;17;25;52;100;157;295;468;550;613;585;612;605;610;558;454;377;315;249;240;207;119
259;10907;St.Gallen Stadt Lerchenfeld;09.05.2020;Samstag;2;89;47;41;25;24;64;109;159;278;468;600;591;603;588;608;609;543;455;293;277;253;195;142;140
260;10907;St.Gallen Stadt Lerchenfeld;10.05.2020;Sonntag;1;87;60;40;16;17;26;54;43;57;163;248;331;311;331;397;431;431;454;421;342;301;240;151;119
261;10907;St.Gallen Stadt Lerchenfeld;10.05.2020;Sonntag;2;94;52;33;22;14;33;43;45;76;183;229;296;327;345;419;445;407;360;347;297;317;209;111;67
262;10907;St.Gallen Stadt Lerchenfeld;11.05.2020;Montag;1;36;20;24;33;58;124;432;574;517;511;499;592;524;560;550;597;683;797;503;294;246;180;130;72
263;10907;St.Gallen Stadt Lerchenfeld;11.05.2020;Montag;2;41;17;20;27;44;151;508;620;468;461;520;524;562;624;547;593;674;779;535;312;244;141;120;64
264;10907;St.Gallen Stadt Lerchenfeld;12.05.2020;Dienstag;1;58;19;26;22;61;133;425;516;459;493;471;555;517;503;542;608;723;757;497;394;250;189;157;91
265;10907;St.Gallen Stadt Lerchenfeld;12.05.2020;Dienstag;2;41;13;22;21;42;143;497;612;406;431;438;494;484;618;525;573;685;774;563;374;232;189;133;76
266;10907;St.Gallen Stadt Lerchenfeld;13.05.2020;Mittwoch;1;56;26;15;19;61;138;412;548;430;419;468;539;553;565;591;610;707;803;505;337;245;186;132;102
267;10907;St.Gallen Stadt Lerchenfeld;13.05.2020;Mittwoch;2;47;23;21;16;38;149;512;648;436;400;457;487;488;604;569;612;715;778;554;320;210;180;153;83
268;10907;St.Gallen Stadt Lerchenfeld;14.05.2020;Donnerstag;1;50;21;13;31;60;110;439;514;469;472;488;597;514;568;603;661;704;780;584;388;276;215;145;94
269;10907;St.Gallen Stadt Lerchenfeld;14.05.2020;Donnerstag;2;38;18;20;22;39;140;466;555;453;410;496;484;518;634;578;612;715;772;550;398;350;258;136;84
270;10907;St.Gallen Stadt Lerchenfeld;15.05.2020;Freitag;1;73;34;23;24;61;110;413;487;461;491;559;540;594;598;672;640;746;850;596;369;265;242;180;158
271;10907;St.Gallen Stadt Lerchenfeld;15.05.2020;Freitag;2;62;21;19;20;58;140;452;532;405;488;532;571;566;654;641;605;725;727;600;427;288;251;192;146
272;10907;St.Gallen Stadt Lerchenfeld;16.05.2020;Samstag;1;137;64;37;24;32;54;94;182;340;475;615;653;605;662;703;660;551;439;340;304;287;206;207;179
273;10907;St.Gallen Stadt Lerchenfeld;16.05.2020;Samstag;2;105;63;32;35;34;45;104;155;321;456;589;669;700;725;792;692;627;524;365;271;231;193;188;158
274;10907;St.Gallen Stadt Lerchenfeld;17.05.2020;Sonntag;1;162;81;48;29;16;18;40;51;82;170;265;301;305;358;418;395;424;407;413;369;309;255;179;106
275;10907;St.Gallen Stadt Lerchenfeld;17.05.2020;Sonntag;2;141;77;33;27;24;30;47;53;104;184;247;325;303;361;423;412;378;369;360;282;266;218;152;76
276;10907;St.Gallen Stadt Lerchenfeld;18.05.2020;Montag;1;82;28;18;24;68;134;438;574;483;484;482;561;540;576;579;606;705;779;522;370;290;210;192;94
277;10907;St.Gallen Stadt Lerchenfeld;18.05.2020;Montag;2;53;14;16;15;49;162;482;558;448;441;487;544;540;648;601;584;684;824;559;402;287;205;160;73
278;10907;St.Gallen Stadt Lerchenfeld;19.05.2020;Dienstag;1;58;25;19;18;52;141;451;533;493;501;551;580;580;568;558;665;714;764;551;411;331;227;185;103
279;10907;St.Gallen Stadt Lerchenfeld;19.05.2020;Dienstag;2;47;20;18;18;42;155;496;562;474;478;510;523;546;660;559;664;736;774;567;440;271;219;169;80
280;10907;St.Gallen Stadt Lerchenfeld;20.05.2020;Mittwoch;1;55;25;17;20;65;135;429;571;516;521;542;626;611;654;640;717;807;815;614;360;311;234;176;147
281;10907;St.Gallen Stadt Lerchenfeld;20.05.2020;Mittwoch;2;38;20;16;17;48;162;490;570;484;504;584;625;583;660;647;702;807;818;603;393;266;250;180;128
282;10907;St.Gallen Stadt Lerchenfeld;21.05.2020;Donnerstag;1;118;60;32;16;20;22;80;67;154;256;298;324;327;364;371;388;364;420;383;372;301;255;213;125
283;10907;St.Gallen Stadt Lerchenfeld;21.05.2020;Donnerstag;2;112;47;40;17;16;27;72;77;151;234;350;354;361;355;366;365;354;342;314;310;276;262;173;115
284;10907;St.Gallen Stadt Lerchenfeld;22.05.2020;Freitag;1;84;45;33;21;45;83;177;283;432;549;645;650;609;604;710;661;650;630;488;388;290;225;198;160
285;10907;St.Gallen Stadt Lerchenfeld;22.05.2020;Freitag;2;66;30;24;31;25;93;210;321;435;606;692;752;616;625;674;682;681;606;538;363;291;235;189;124
286;10907;St.Gallen Stadt Lerchenfeld;23.05.2020;Samstag;1;157;50;43;28;26;41;75;166;286;487;623;651;605;663;637;569;506;380;314;243;222;181;161;136
287;10907;St.Gallen Stadt Lerchenfeld;23.05.2020;Samstag;2;120;38;42;27;35;54;85;140;302;421;567;676;609;641;614;592;522;448;292;233;191;196;180;136
288;10907;St.Gallen Stadt Lerchenfeld;24.05.2020;Sonntag;1;137;72;37;26;11;26;56;55;91;149;256;299;317;319;349;404;361;375;353;300;315;216;166;111
289;10907;St.Gallen Stadt Lerchenfeld;24.05.2020;Sonntag;2;91;67;48;26;21;25;56;49;98;177;247;304;305;307;362;394;346;350;341;294;264;192;127;84
290;10907;St.Gallen Stadt Lerchenfeld;25.05.2020;Montag;1;71;27;23;24;65;144;424;554;502;521;547;588;512;615;571;587;724;789;521;370;289;231;182;103
291;10907;St.Gallen Stadt Lerchenfeld;25.05.2020;Montag;2;46;19;14;18;44;146;503;543;494;472;513;590;540;623;585;620;742;796;564;388;268;216;157;74
292;10907;St.Gallen Stadt Lerchenfeld;26.05.2020;Dienstag;1;50;26;22;25;62;144;429;561;470;455;531;549;478;604;578;619;732;806;522;345;351;235;214;107
293;10907;St.Gallen Stadt Lerchenfeld;26.05.2020;Dienstag;2;47;18;18;22;43;147;498;577;424;420;486;524;538;624;598;622;715;823;610;413;286;249;152;90
294;10907;St.Gallen Stadt Lerchenfeld;27.05.2020;Mittwoch;1;72;23;21;20;56;147;429;522;440;493;539;557;533;559;620;602;673;835;571;373;305;274;199;123
295;10907;St.Gallen Stadt Lerchenfeld;27.05.2020;Mittwoch;2;52;21;20;16;45;143;465;572;445;468;495;555;530;669;570;641;706;789;616;381;280;262;170;95
296;10907;St.Gallen Stadt Lerchenfeld;28.05.2020;Donnerstag;1;81;26;22;20;65;140;411;558;441;509;542;597;543;595;573;579;700;831;615;448;346;265;211;142
297;10907;St.Gallen Stadt Lerchenfeld;28.05.2020;Donnerstag;2;42;21;25;23;49;155;482;555;473;466;542;577;482;608;544;586;720;812;674;464;409;327;202;90
298;10907;St.Gallen Stadt Lerchenfeld;29.05.2020;Freitag;1;76;25;15;22;57;141;414;474;546;592;574;614;580;591;625;674;765;759;519;407;337;243;223;148
299;10907;St.Gallen Stadt Lerchenfeld;29.05.2020;Freitag;2;62;32;14;17;44;156;438;514;517;529;574;623;560;640;627;718;797;762;560;440;345;285;207;146
300;10907;St.Gallen Stadt Lerchenfeld;30.05.2020;Samstag;1;143;66;37;25;35;69;107;192;344;547;682;674;628;613;680;680;554;454;399;309;278;216;187;187
301;10907;St.Gallen Stadt Lerchenfeld;30.05.2020;Samstag;2;95;56;34;29;33;58;101;173;373;475;637;703;616;647;692;627;675;496;333;314;279;209;184;137
302;10907;St.Gallen Stadt Lerchenfeld;31.05.2020;Sonntag;1;181;71;43;30;25;26;46;55;106;179;276;310;361;294;380;360;361;414;388;312;308;244;188;148
303;10907;St.Gallen Stadt Lerchenfeld;31.05.2020;Sonntag;2;120;66;40;34;22;29;58;59;112;207;263;317;326;332;398;384;358;330;290;276;267;246;187;107
304;10907;St.Gallen Stadt Lerchenfeld;01.06.2020;Montag;1;96;44;34;14;16;36;60;61;111;204;316;358;357;350;340;387;432;429;401;385;325;246;168;106
305;10907;St.Gallen Stadt Lerchenfeld;01.06.2020;Montag;2;77;43;27;20;17;26;57;78;135;207;317;368;326;367;438;371;342;365;331;283;288;224;133;63
306;10907;St.Gallen Stadt Lerchenfeld;02.06.2020;Dienstag;1;41;14;16;24;53;140;466;560;518;509;546;593;536;576;572;612;779;774;573;404;312;263;212;119
307;10907;St.Gallen Stadt Lerchenfeld;02.06.2020;Dienstag;2;28;17;14;23;37;148;500;576;492;509;514;612;533;598;561;629;734;817;609;405;303;242;184;77
308;10907;St.Gallen Stadt Lerchenfeld;03.06.2020;Mittwoch;1;65;27;19;25;59;143;457;498;485;461;508;565;514;589;560;603;706;785;645;391;257;215;170;102
309;10907;St.Gallen Stadt Lerchenfeld;03.06.2020;Mittwoch;2;53;25;18;19;41;157;483;568;426;449;495;557;534;572;564;590;683;815;596;379;305;227;160;79
310;10907;St.Gallen Stadt Lerchenfeld;04.06.2020;Donnerstag;1;64;22;20;16;67;133;462;517;495;480;522;577;550;588;605;643;728;798;595;468;318;237;195;110
311;10907;St.Gallen Stadt Lerchenfeld;04.06.2020;Donnerstag;2;43;17;17;26;47;155;471;616;450;472;518;520;528;649;528;600;706;818;581;423;383;321;188;87
312;10907;St.Gallen Stadt Lerchenfeld;05.06.2020;Freitag;1;50;21;20;22;52;129;431;512;459;496;563;609;514;589;682;660;756;764;552;380;293;228;195;159
313;10907;St.Gallen Stadt Lerchenfeld;05.06.2020;Freitag;2;47;22;21;30;36;135;468;580;461;478;505;575;550;608;652;708;749;768;586;474;311;244;196;135
314;10907;St.Gallen Stadt Lerchenfeld;06.06.2020;Samstag;1;141;53;47;20;33;58;93;198;306;471;648;690;579;633;683;643;595;446;363;240;223;234;178;207
315;10907;St.Gallen Stadt Lerchenfeld;06.06.2020;Samstag;2;103;57;42;38;30;54;121;169;303;426;566;692;655;696;754;716;640;499;359;265;254;225;222;162
316;10907;St.Gallen Stadt Lerchenfeld;07.06.2020;Sonntag;1;148;75;64;31;26;29;47;47;95;159;237;283;280;279;347;306;376;370;323;306;282;250;622;426
317;10907;St.Gallen Stadt Lerchenfeld;07.06.2020;Sonntag;2;141;86;56;35;17;29;56;55;96;156;238;257;273;293;323;349;365;369;334;279;233;337;522;277
318;10907;St.Gallen Stadt Lerchenfeld;08.06.2020;Montag;1;256;109;107;157;421;209;477;580;478;520;488;550;482;528;606;580;702;751;576;353;293;270;584;339
319;10907;St.Gallen Stadt Lerchenfeld;08.06.2020;Montag;2;133;89;55;76;217;210;472;603;457;470;487;562;484;581;611;612;699;837;628;416;248;399;540;272
320;10907;St.Gallen Stadt Lerchenfeld;09.06.2020;Dienstag;1;178;99;89;154;405;174;449;588;483;503;537;614;489;523;552;568;635;790;570;386;276;295;633;407
321;10907;St.Gallen Stadt Lerchenfeld;09.06.2020;Dienstag;2;126;88;74;78;200;163;477;593;437;448;561;542;515;582;553;615;693;800;631;412;268;388;610;339
322;10907;St.Gallen Stadt Lerchenfeld;10.06.2020;Mittwoch;1;180;113;94;131;371;158;449;562;496;471;477;574;528;577;573;580;695;765;537;388;264;213;180;104
323;10907;St.Gallen Stadt Lerchenfeld;10.06.2020;Mittwoch;2;168;87;74;97;189;151;455;594;452;462;460;502;540;587;528;581;735;827;600;374;252;213;189;98
324;10907;St.Gallen Stadt Lerchenfeld;11.06.2020;Donnerstag;1;47;21;15;18;58;152;445;538;489;443;495;603;531;578;591;601;743;807;628;461;360;268;222;118
325;10907;St.Gallen Stadt Lerchenfeld;11.06.2020;Donnerstag;2;57;24;25;32;52;142;477;588;463;415;490;541;561;616;603;651;683;869;646;499;384;331;184;83
326;10907;St.Gallen Stadt Lerchenfeld;12.06.2020;Freitag;1;73;23;14;19;52;127;432;515;454;500;560;594;552;568;641;616;735;697;586;434;311;319;254;169
327;10907;St.Gallen Stadt Lerchenfeld;12.06.2020;Freitag;2;52;33;15;22;40;144;480;572;439;497;512;608;531;656;648;655;734;715;733;462;327;319;216;149
328;10907;St.Gallen Stadt Lerchenfeld;13.06.2020;Samstag;1;192;91;40;42;32;59;108;215;322;485;624;657;553;624;628;605;563;488;474;309;260;177;204;155
329;10907;St.Gallen Stadt Lerchenfeld;13.06.2020;Samstag;2;156;78;46;34;32;52;108;182;336;467;598;689;618;589;648;605;607;515;350;290;242;236;159;146
330;10907;St.Gallen Stadt Lerchenfeld;14.06.2020;Sonntag;1;182;89;53;28;23;22;50;50;100;155;210;288;308;309;336;360;419;390;291;275;235;192;114;81
331;10907;St.Gallen Stadt Lerchenfeld;14.06.2020;Sonntag;2;136;73;38;27;25;29;58;57;94;168;213;264;280;318;347;350;380;354;320;251;221;168;96;60
332;10907;St.Gallen Stadt Lerchenfeld;15.06.2020;Montag;1;58;20;15;15;54;154;462;566;513;507;496;583;491;533;572;588;689;766;537;381;259;206;180;76
333;10907;St.Gallen Stadt Lerchenfeld;15.06.2020;Montag;2;50;15;13;20;45;149;508;575;463;444;476;553;499;617;538;608;698;752;587;368;248;197;164;75
334;10907;St.Gallen Stadt Lerchenfeld;16.06.2020;Dienstag;1;44;10;19;9;44;140;450;580;472;473;493;545;472;556;588;601;655;803;642;393;268;240;189;101
335;10907;St.Gallen Stadt Lerchenfeld;16.06.2020;Dienstag;2;47;17;12;17;45;145;513;588;471;447;438;538;491;608;521;632;723;765;584;445;263;232;186;83
336;10907;St.Gallen Stadt Lerchenfeld;17.06.2020;Mittwoch;1;46;16;16;19;39;144;417;517;449;463;498;534;513;553;592;545;687;807;568;387;278;245;169;113
337;10907;St.Gallen Stadt Lerchenfeld;17.06.2020;Mittwoch;2;37;18;16;18;38;147;513;581;462;415;496;523;516;576;545;544;742;818;588;422;290;210;170;94
338;10907;St.Gallen Stadt Lerchenfeld;18.06.2020;Donnerstag;1;60;17;18;27;38;147;458;554;474;462;507;574;514;545;533;615;707;784;617;438;321;240;214;124
339;10907;St.Gallen Stadt Lerchenfeld;18.06.2020;Donnerstag;2;59;14;17;23;37;151;492;592;466;434;542;557;498;605;566;620;718;753;618;454;338;258;170;80
340;10907;St.Gallen Stadt Lerchenfeld;19.06.2020;Freitag;1;55;30;15;19;41;120;393;517;487;461;561;582;492;582;631;648;738;699;519;393;283;227;221;200
341;10907;St.Gallen Stadt Lerchenfeld;19.06.2020;Freitag;2;44;15;16;28;41;137;466;552;482;456;538;589;485;572;583;647;760;761;543;449;289;255;188;180
342;10907;St.Gallen Stadt Lerchenfeld;20.06.2020;Samstag;1;151;67;42;29;34;49;96;194;329;504;572;652;605;561;615;599;510;423;417;283;220;226;233;202
343;10907;St.Gallen Stadt Lerchenfeld;20.06.2020;Samstag;2;124;67;38;34;29;56;108;188;327;441;579;613;607;590;619;572;598;476;351;275;240;199;180;156
344;10907;St.Gallen Stadt Lerchenfeld;21.06.2020;Sonntag;1;196;81;62;46;24;32;45;65;108;158;281;345;373;368;396;379;412;414;367;343;270;248;163;79
345;10907;St.Gallen Stadt Lerchenfeld;21.06.2020;Sonntag;2;147;67;45;47;27;34;52;49;126;188;322;328;345;375;384;420;372;381;324;287;215;198;121;61
346;10907;St.Gallen Stadt Lerchenfeld;22.06.2020;Montag;1;49;22;16;22;43;140;461;551;466;491;511;531;488;517;562;574;693;753;502;383;311;257;178;94
347;10907;St.Gallen Stadt Lerchenfeld;22.06.2020;Montag;2;38;14;13;23;49;145;500;594;480;449;487;509;494;615;516;571;692;789;559;394;277;232;164;64
348;10907;St.Gallen Stadt Lerchenfeld;23.06.2020;Dienstag;1;38;27;22;20;45;126;456;534;482;496;507;568;505;521;555;583;668;774;595;395;343;295;212;121
349;10907;St.Gallen Stadt Lerchenfeld;23.06.2020;Dienstag;2;52;15;15;18;44;142;498;591;436;446;496;554;519;569;575;547;682;756;615;435;311;252;183;96
350;10907;St.Gallen Stadt Lerchenfeld;24.06.2020;Mittwoch;1;47;32;24;20;40;139;452;567;484;480;531;573;514;553;538;582;716;736;567;405;341;303;217;116
351;10907;St.Gallen Stadt Lerchenfeld;24.06.2020;Mittwoch;2;50;20;14;22;39;166;487;591;442;472;476;562;525;606;555;556;726;806;621;412;274;245;197;108
352;10907;St.Gallen Stadt Lerchenfeld;25.06.2020;Donnerstag;1;55;23;12;17;46;144;443;541;500;545;558;566;527;590;577;680;722;773;615;472;383;303;234;163
353;10907;St.Gallen Stadt Lerchenfeld;25.06.2020;Donnerstag;2;48;16;19;13;44;163;455;582;506;533;557;592;558;636;688;814;776;804;633;473;386;346;217;130
354;10907;St.Gallen Stadt Lerchenfeld;26.06.2020;Freitag;1;83;38;18;22;40;147;436;529;463;522;574;619;557;566;613;652;760;705;577;393;296;269;245;193
355;10907;St.Gallen Stadt Lerchenfeld;26.06.2020;Freitag;2;55;27;17;23;44;157;463;547;488;474;542;615;516;679;622;703;751;785;537;437;312;283;208;149
356;10907;St.Gallen Stadt Lerchenfeld;27.06.2020;Samstag;1;156;81;78;36;46;81;117;192;298;477;607;617;556;578;637;554;536;441;377;283;259;252;221;216
357;10907;St.Gallen Stadt Lerchenfeld;27.06.2020;Samstag;2;90;90;64;50;36;63;136;190;311;388;576;609;622;621;649;563;539;471;360;285;246;245;193;188
358;10907;St.Gallen Stadt Lerchenfeld;28.06.2020;Sonntag;1;186;143;76;54;47;53;59;67;102;180;257;332;362;338;402;453;376;423;364;344;274;181;156;83
359;10907;St.Gallen Stadt Lerchenfeld;28.06.2020;Sonntag;2;138;102;48;61;42;48;62;88;145;202;251;325;353;348;413;367;371;355;314;300;276;173;129;69
360;10907;St.Gallen Stadt Lerchenfeld;29.06.2020;Montag;1;45;23;16;17;46;134;448;555;484;489;509;571;467;567;586;588;699;789;539;410;309;230;189;105
361;10907;St.Gallen Stadt Lerchenfeld;29.06.2020;Montag;2;38;22;12;20;40;157;475;578;443;420;482;539;506;555;605;585;675;780;580;381;271;219;175;75
362;10907;St.Gallen Stadt Lerchenfeld;30.06.2020;Dienstag;1;47;22;18;21;39;163;453;547;470;466;538;560;522;592;544;582;736;814;547;401;376;337;281;135
363;10907;St.Gallen Stadt Lerchenfeld;30.06.2020;Dienstag;2;43;21;15;26;42;162;500;623;468;470;492;535;499;599;578;634;711;751;615;467;338;286;213;88
