LNR;ORT-ID;BEZEICHNUNG;DATUM;WOCHENTAG;RI;1;2;3;4;5;6;7;8;9;10;11;12;13;14;15;16;17;18;19;20;21;22;23;24
0;10905;St.Gallen Stadt Moosbruggst. 2;01.01.2020;Mittwoch;1;34;35;27;17;11;13;7;11;12;21;38;30;50;53;46;56;71;45;48;42;31;35;21;16
1;10905;St.Gallen Stadt Moosbruggst. 2;01.01.2020;Mittwoch;2;20;10;11;9;4;6;6;4;5;6;17;21;41;25;16;22;26;16;19;17;16;8;10;6
2;10905;St.Gallen Stadt Moosbruggst. 2;02.01.2020;Donnerstag;1;5;5;3;4;3;8;16;46;48;46;53;80;74;74;92;96;92;101;98;70;51;40;33;18
3;10905;St.Gallen Stadt Moosbruggst. 2;02.01.2020;Donnerstag;2;5;1;4;2;0;4;10;20;23;24;22;24;33;30;30;52;39;38;29;30;19;17;14;10
4;10905;St.Gallen Stadt Moosbruggst. 2;03.01.2020;Freitag;1;12;8;5;5;4;6;57;69;91;84;106;108;79;110;119;126;115;104;98;77;51;37;38;22
5;10905;St.Gallen Stadt Moosbruggst. 2;03.01.2020;Freitag;2;7;1;5;2;1;2;21;29;29;37;46;55;30;44;46;57;50;59;37;30;18;14;16;7
6;10905;St.Gallen Stadt Moosbruggst. 2;04.01.2020;Samstag;1;18;14;7;4;7;7;12;28;41;69;80;106;78;98;84;84;107;88;77;50;48;38;41;28
7;10905;St.Gallen Stadt Moosbruggst. 2;04.01.2020;Samstag;2;7;4;6;2;2;3;6;6;16;30;29;59;19;34;31;40;31;50;26;27;29;14;16;9
8;10905;St.Gallen Stadt Moosbruggst. 2;05.01.2020;Sonntag;1;23;20;13;13;11;13;12;12;27;49;71;59;59;61;65;74;64;74;64;63;35;20;16;11
9;10905;St.Gallen Stadt Moosbruggst. 2;05.01.2020;Sonntag;2;12;5;5;4;6;2;4;1;15;16;27;22;22;24;17;28;23;25;33;21;18;6;1;3
10;10905;St.Gallen Stadt Moosbruggst. 2;06.01.2020;Montag;1;2;4;1;0;4;13;76;163;123;83;103;115;115;125;122;115;142;204;126;60;43;32;39;15
11;10905;St.Gallen Stadt Moosbruggst. 2;06.01.2020;Montag;2;0;2;4;1;0;3;21;38;55;46;52;50;44;45;42;54;78;92;45;41;21;8;14;2
12;10905;St.Gallen Stadt Moosbruggst. 2;07.01.2020;Dienstag;1;7;5;6;2;1;11;92;176;129;111;112;101;112;129;114;117;141;205;153;99;51;43;17;19
13;10905;St.Gallen Stadt Moosbruggst. 2;07.01.2020;Dienstag;2;2;1;4;1;0;5;22;44;56;55;58;68;43;61;44;51;75;102;74;47;26;13;17;9
14;10905;St.Gallen Stadt Moosbruggst. 2;08.01.2020;Mittwoch;1;5;1;4;3;2;11;79;177;145;131;129;135;110;157;107;84;140;193;153;100;63;44;33;18
15;10905;St.Gallen Stadt Moosbruggst. 2;08.01.2020;Mittwoch;2;3;1;2;1;2;4;26;63;58;51;58;67;52;50;61;53;67;76;66;50;28;22;18;18
16;10905;St.Gallen Stadt Moosbruggst. 2;09.01.2020;Donnerstag;1;6;3;1;4;3;9;73;211;141;109;118;130;106;129;91;114;163;202;166;93;73;49;39;23
17;10905;St.Gallen Stadt Moosbruggst. 2;09.01.2020;Donnerstag;2;5;3;0;3;2;6;24;51;60;52;70;80;44;61;46;70;74;85;65;41;37;26;16;10
18;10905;St.Gallen Stadt Moosbruggst. 2;10.01.2020;Freitag;1;11;3;3;1;3;15;76;198;130;118;113;145;124;127;179;119;148;171;154;93;70;68;39;29
19;10905;St.Gallen Stadt Moosbruggst. 2;10.01.2020;Freitag;2;6;1;4;0;1;6;21;62;55;53;62;81;59;62;63;57;82;82;55;38;25;30;24;21
20;10905;St.Gallen Stadt Moosbruggst. 2;11.01.2020;Samstag;1;21;14;5;3;7;5;26;36;60;91;86;92;103;80;107;111;93;90;95;68;50;46;44;40
21;10905;St.Gallen Stadt Moosbruggst. 2;11.01.2020;Samstag;2;14;10;2;3;3;4;7;20;24;32;30;36;51;38;37;48;35;43;22;30;24;17;22;21
22;10905;St.Gallen Stadt Moosbruggst. 2;12.01.2020;Sonntag;1;28;23;19;6;17;3;6;10;28;48;73;68;67;68;73;71;79;84;73;54;31;33;14;7
23;10905;St.Gallen Stadt Moosbruggst. 2;12.01.2020;Sonntag;2;17;16;7;0;2;0;5;5;9;20;23;27;34;25;29;29;30;19;23;23;13;12;8;0
24;10905;St.Gallen Stadt Moosbruggst. 2;13.01.2020;Montag;1;4;1;1;5;2;12;78;204;123;101;116;107;86;104;111;128;165;215;144;90;59;49;41;15
25;10905;St.Gallen Stadt Moosbruggst. 2;13.01.2020;Montag;2;2;0;2;1;0;6;27;50;54;45;61;70;34;35;55;65;89;87;66;47;20;23;11;6
26;10905;St.Gallen Stadt Moosbruggst. 2;14.01.2020;Dienstag;1;11;1;2;2;2;25;96;200;156;133;113;123;121;144;107;124;131;228;159;88;47;43;32;22
27;10905;St.Gallen Stadt Moosbruggst. 2;14.01.2020;Dienstag;2;2;0;2;2;0;18;21;61;66;56;64;84;39;39;50;54;86;94;59;30;21;19;21;7
28;10905;St.Gallen Stadt Moosbruggst. 2;15.01.2020;Mittwoch;1;7;1;7;4;3;13;91;193;150;104;114;139;114;133;107;106;136;208;165;94;65;40;41;25
29;10905;St.Gallen Stadt Moosbruggst. 2;15.01.2020;Mittwoch;2;1;1;1;3;0;8;22;53;58;43;60;71;52;64;52;66;77;81;61;35;21;24;20;9
30;10905;St.Gallen Stadt Moosbruggst. 2;16.01.2020;Donnerstag;1;9;2;7;2;3;9;86;225;161;115;97;127;110;148;100;116;146;252;179;110;75;52;35;35
31;10905;St.Gallen Stadt Moosbruggst. 2;16.01.2020;Donnerstag;2;8;2;2;3;2;4;20;46;61;57;57;82;44;64;55;46;88;89;66;46;47;21;15;21
32;10905;St.Gallen Stadt Moosbruggst. 2;17.01.2020;Freitag;1;7;4;4;2;1;15;87;213;164;111;111;111;113;141;137;128;151;172;188;96;75;59;51;43
33;10905;St.Gallen Stadt Moosbruggst. 2;17.01.2020;Freitag;2;2;1;5;2;0;7;25;59;64;51;56;60;46;56;55;64;69;97;70;36;24;26;22;18
34;10905;St.Gallen Stadt Moosbruggst. 2;18.01.2020;Samstag;1;29;20;9;2;4;6;16;41;63;87;100;82;111;95;109;145;117;120;100;56;42;49;40;36
35;10905;St.Gallen Stadt Moosbruggst. 2;18.01.2020;Samstag;2;10;9;4;2;3;3;8;6;10;37;46;49;32;36;45;62;47;44;44;34;27;21;17;18
36;10905;St.Gallen Stadt Moosbruggst. 2;19.01.2020;Sonntag;1;16;22;16;13;11;8;20;15;16;49;78;53;63;75;65;96;83;54;69;60;39;26;19;7
37;10905;St.Gallen Stadt Moosbruggst. 2;19.01.2020;Sonntag;2;10;7;9;4;3;1;11;8;7;12;21;26;35;29;29;33;24;27;32;21;18;13;9;7
38;10905;St.Gallen Stadt Moosbruggst. 2;20.01.2020;Montag;1;4;4;3;1;4;13;79;205;147;105;71;116;95;138;112;115;137;213;154;86;59;39;38;8
39;10905;St.Gallen Stadt Moosbruggst. 2;20.01.2020;Montag;2;2;2;1;2;1;4;26;49;48;60;50;71;45;47;42;47;73;90;64;40;26;21;18;5
40;10905;St.Gallen Stadt Moosbruggst. 2;21.01.2020;Dienstag;1;9;1;4;1;2;17;86;202;150;128;132;132;112;153;119;123;156;226;174;88;63;45;30;19
41;10905;St.Gallen Stadt Moosbruggst. 2;21.01.2020;Dienstag;2;3;1;4;1;0;6;20;43;54;52;66;69;58;74;56;55;80;98;67;39;26;17;16;10
42;10905;St.Gallen Stadt Moosbruggst. 2;22.01.2020;Mittwoch;1;8;2;1;2;1;10;89;201;147;118;118;120;113;121;116;100;125;163;176;92;62;46;35;18
43;10905;St.Gallen Stadt Moosbruggst. 2;22.01.2020;Mittwoch;2;1;2;2;2;1;5;28;49;58;54;49;71;51;58;61;49;81;79;62;41;23;25;18;8
44;10905;St.Gallen Stadt Moosbruggst. 2;23.01.2020;Donnerstag;1;4;3;4;2;2;8;83;223;136;106;101;137;115;151;107;127;147;186;175;101;61;44;40;22
45;10905;St.Gallen Stadt Moosbruggst. 2;23.01.2020;Donnerstag;2;2;2;2;2;1;4;20;45;47;52;50;88;41;63;54;47;79;111;52;38;26;19;15;11
46;10905;St.Gallen Stadt Moosbruggst. 2;24.01.2020;Freitag;1;16;5;4;4;2;11;82;181;147;137;128;138;111;132;140;173;146;198;168;97;65;38;41;39
47;10905;St.Gallen Stadt Moosbruggst. 2;24.01.2020;Freitag;2;6;3;2;2;1;4;29;50;64;56;60;68;45;55;65;68;75;72;59;44;31;24;17;19
48;10905;St.Gallen Stadt Moosbruggst. 2;25.01.2020;Samstag;1;24;12;5;6;10;7;17;35;68;78;82;108;76;107;85;101;111;96;65;53;45;29;37;36
49;10905;St.Gallen Stadt Moosbruggst. 2;25.01.2020;Samstag;2;8;4;2;4;1;3;5;10;22;26;29;44;24;37;27;46;39;35;33;19;18;17;12;18
50;10905;St.Gallen Stadt Moosbruggst. 2;26.01.2020;Sonntag;1;21;16;10;8;10;6;13;11;15;46;50;80;77;54;83;64;74;78;67;49;33;18;15;10
51;10905;St.Gallen Stadt Moosbruggst. 2;26.01.2020;Sonntag;2;7;7;7;5;4;2;5;5;5;16;27;24;36;22;23;20;28;22;19;17;10;8;6;5
52;10905;St.Gallen Stadt Moosbruggst. 2;27.01.2020;Montag;1;1;0;2;2;3;13;81;142;114;87;87;92;79;109;95;95;129;155;103;85;49;32;20;17
53;10905;St.Gallen Stadt Moosbruggst. 2;27.01.2020;Montag;2;0;0;3;2;1;7;23;42;35;56;58;55;30;38;48;47;92;80;49;38;21;11;9;3
54;10905;St.Gallen Stadt Moosbruggst. 2;28.01.2020;Dienstag;1;5;2;2;0;1;7;85;165;140;154;99;108;107;108;88;89;106;168;108;62;48;43;22;15
55;10905;St.Gallen Stadt Moosbruggst. 2;28.01.2020;Dienstag;2;0;2;3;2;0;5;31;42;52;64;57;70;31;56;53;44;76;72;50;24;9;15;9;7
56;10905;St.Gallen Stadt Moosbruggst. 2;29.01.2020;Mittwoch;1;6;0;5;3;9;15;82;164;121;115;111;105;95;114;84;102;104;150;119;79;55;39;33;14
57;10905;St.Gallen Stadt Moosbruggst. 2;29.01.2020;Mittwoch;2;2;0;2;1;2;5;20;41;54;48;53;61;40;43;62;50;75;73;43;30;23;19;15;8
58;10905;St.Gallen Stadt Moosbruggst. 2;30.01.2020;Donnerstag;1;3;5;2;2;4;11;79;155;129;103;88;112;104;117;91;114;146;187;131;104;61;49;35;18
59;10905;St.Gallen Stadt Moosbruggst. 2;30.01.2020;Donnerstag;2;0;0;1;3;0;6;19;40;46;49;57;70;46;43;53;51;96;74;51;32;29;22;18;9
60;10905;St.Gallen Stadt Moosbruggst. 2;31.01.2020;Freitag;1;10;2;10;3;7;13;69;162;134;131;97;110;97;118;99;121;145;175;130;85;61;42;49;29
61;10905;St.Gallen Stadt Moosbruggst. 2;31.01.2020;Freitag;2;6;3;3;1;1;5;27;45;67;67;66;78;48;37;62;55;72;63;51;27;23;18;24;16
62;10905;St.Gallen Stadt Moosbruggst. 2;01.02.2020;Samstag;1;28;18;10;9;6;6;14;32;54;83;86;88;98;99;96;87;107;87;85;71;45;38;39;41
63;10905;St.Gallen Stadt Moosbruggst. 2;01.02.2020;Samstag;2;15;8;4;5;1;3;8;12;26;27;37;31;31;34;47;31;33;36;27;30;26;14;18;17
64;10905;St.Gallen Stadt Moosbruggst. 2;02.02.2020;Sonntag;1;16;15;10;12;8;7;9;8;26;72;62;59;66;57;64;79;67;80;67;51;46;35;8;9
65;10905;St.Gallen Stadt Moosbruggst. 2;02.02.2020;Sonntag;2;13;12;3;5;1;2;7;5;8;24;29;30;32;18;24;22;21;24;28;19;12;8;4;5
66;10905;St.Gallen Stadt Moosbruggst. 2;03.02.2020;Montag;1;0;2;5;5;3;13;91;207;170;95;85;146;101;147;114;146;151;202;142;84;58;33;29;13
67;10905;St.Gallen Stadt Moosbruggst. 2;03.02.2020;Montag;2;1;0;4;2;1;7;22;57;71;47;53;76;47;56;54;52;79;93;67;41;16;13;7;5
68;10905;St.Gallen Stadt Moosbruggst. 2;04.02.2020;Dienstag;1;6;3;3;5;3;16;83;209;153;113;103;127;104;129;116;112;135;201;159;110;52;39;34;18
69;10905;St.Gallen Stadt Moosbruggst. 2;04.02.2020;Dienstag;2;1;2;2;2;1;4;22;57;52;71;63;64;42;44;59;60;78;90;76;46;29;25;9;7
70;10905;St.Gallen Stadt Moosbruggst. 2;05.02.2020;Mittwoch;1;7;3;2;1;3;14;87;183;138;125;122;149;110;135;92;108;170;196;171;101;52;59;38;9
71;10905;St.Gallen Stadt Moosbruggst. 2;05.02.2020;Mittwoch;2;6;2;3;1;3;6;23;63;54;56;63;55;47;57;103;50;69;79;65;32;27;36;15;8
72;10905;St.Gallen Stadt Moosbruggst. 2;06.02.2020;Donnerstag;1;10;7;3;2;6;17;90;225;138;113;114;170;151;135;108;109;147;224;208;101;67;42;39;31
73;10905;St.Gallen Stadt Moosbruggst. 2;06.02.2020;Donnerstag;2;4;1;2;3;2;8;25;65;62;42;50;70;51;56;46;48;78;100;63;52;27;24;20;10
74;10905;St.Gallen Stadt Moosbruggst. 2;07.02.2020;Freitag;1;9;6;4;3;1;16;81;168;155;107;122;132;114;152;143;110;163;185;129;111;74;47;47;33
75;10905;St.Gallen Stadt Moosbruggst. 2;07.02.2020;Freitag;2;5;0;4;3;0;4;25;49;61;52;48;57;50;64;65;56;67;78;50;47;24;31;17;11
76;10905;St.Gallen Stadt Moosbruggst. 2;08.02.2020;Samstag;1;26;14;8;8;13;7;24;46;66;99;87;123;81;100;99;79;98;127;76;74;54;34;38;35
77;10905;St.Gallen Stadt Moosbruggst. 2;08.02.2020;Samstag;2;13;7;3;3;4;3;12;14;31;43;33;34;33;32;36;38;34;36;22;36;23;21;24;20
78;10905;St.Gallen Stadt Moosbruggst. 2;09.02.2020;Sonntag;1;33;21;12;12;11;7;11;13;23;39;54;71;65;62;86;88;84;93;78;50;44;21;17;9
79;10905;St.Gallen Stadt Moosbruggst. 2;09.02.2020;Sonntag;2;12;10;3;3;3;3;5;6;9;19;20;30;27;11;34;24;32;35;23;18;11;15;5;4
80;10905;St.Gallen Stadt Moosbruggst. 2;10.02.2020;Montag;1;3;0;4;0;2;19;77;190;157;105;104;135;127;146;113;112;135;187;195;90;63;45;36;20
81;10905;St.Gallen Stadt Moosbruggst. 2;10.02.2020;Montag;2;1;0;3;1;0;11;29;59;54;41;48;69;45;65;51;75;92;96;55;36;25;16;10;8
82;10905;St.Gallen Stadt Moosbruggst. 2;11.02.2020;Dienstag;1;9;2;7;2;4;17;95;214;133;108;108;127;119;120;110;109;174;204;149;95;55;35;34;18
83;10905;St.Gallen Stadt Moosbruggst. 2;11.02.2020;Dienstag;2;2;1;3;1;1;10;26;50;52;58;65;86;54;44;65;53;102;87;70;53;34;20;12;13
84;10905;St.Gallen Stadt Moosbruggst. 2;12.02.2020;Mittwoch;1;9;2;2;0;3;10;91;187;191;118;126;139;99;135;109;143;126;179;169;119;77;54;26;11
85;10905;St.Gallen Stadt Moosbruggst. 2;12.02.2020;Mittwoch;2;2;2;3;3;0;7;17;48;67;67;61;81;37;51;46;56;87;75;60;48;23;34;14;6
86;10905;St.Gallen Stadt Moosbruggst. 2;13.02.2020;Donnerstag;1;6;1;1;2;2;16;83;197;145;116;107;138;122;141;128;126;164;199;157;128;96;43;36;30
87;10905;St.Gallen Stadt Moosbruggst. 2;13.02.2020;Donnerstag;2;4;1;2;4;0;5;20;52;53;49;39;63;39;50;67;61;90;97;68;58;30;20;22;19
88;10905;St.Gallen Stadt Moosbruggst. 2;14.02.2020;Freitag;1;4;3;2;2;4;19;77;164;148;127;134;138;113;133;114;171;165;178;158;122;66;32;50;23
89;10905;St.Gallen Stadt Moosbruggst. 2;14.02.2020;Freitag;2;4;2;4;3;2;8;24;55;61;58;64;65;58;71;65;64;106;72;60;58;38;30;23;21
90;10905;St.Gallen Stadt Moosbruggst. 2;15.02.2020;Samstag;1;24;17;15;5;6;10;14;33;57;81;87;96;92;100;122;88;99;110;109;75;50;53;66;29
91;10905;St.Gallen Stadt Moosbruggst. 2;15.02.2020;Samstag;2;23;3;7;2;1;2;10;16;15;31;29;35;39;36;36;30;34;53;34;27;21;18;25;21
92;10905;St.Gallen Stadt Moosbruggst. 2;16.02.2020;Sonntag;1;26;16;12;12;10;8;15;20;25;29;62;58;66;61;76;75;73;89;88;70;54;39;21;15
93;10905;St.Gallen Stadt Moosbruggst. 2;16.02.2020;Sonntag;2;11;14;7;6;3;0;3;5;5;10;18;23;34;25;25;28;22;19;32;23;19;18;3;3
94;10905;St.Gallen Stadt Moosbruggst. 2;17.02.2020;Montag;1;2;2;5;6;2;8;87;224;167;107;95;103;105;139;105;125;144;209;151;110;51;40;39;12
95;10905;St.Gallen Stadt Moosbruggst. 2;17.02.2020;Montag;2;0;1;0;5;0;7;28;63;82;46;47;63;43;58;53;66;83;90;57;56;18;11;15;4
96;10905;St.Gallen Stadt Moosbruggst. 2;18.02.2020;Dienstag;1;4;3;1;2;5;17;86;211;164;138;115;145;131;154;91;114;158;220;183;104;80;50;36;19
97;10905;St.Gallen Stadt Moosbruggst. 2;18.02.2020;Dienstag;2;1;1;5;0;4;9;22;81;78;59;59;70;46;69;56;49;74;94;78;34;40;22;18;7
98;10905;St.Gallen Stadt Moosbruggst. 2;19.02.2020;Mittwoch;1;8;6;2;5;5;10;94;228;159;137;121;151;123;153;128;133;149;208;176;101;64;46;36;17
99;10905;St.Gallen Stadt Moosbruggst. 2;19.02.2020;Mittwoch;2;3;2;1;5;2;5;17;64;62;66;54;73;69;78;73;69;72;86;65;45;27;24;19;10
100;10905;St.Gallen Stadt Moosbruggst. 2;20.02.2020;Donnerstag;1;4;9;2;4;3;15;77;236;162;125;114;170;109;163;126;124;138;240;204;107;58;60;35;25
101;10905;St.Gallen Stadt Moosbruggst. 2;20.02.2020;Donnerstag;2;5;1;1;2;2;8;17;71;52;69;74;64;44;54;62;68;70;108;61;34;28;20;15;12
102;10905;St.Gallen Stadt Moosbruggst. 2;21.02.2020;Freitag;1;24;6;4;6;4;11;82;187;144;127;127;131;119;136;161;139;174;250;205;107;68;61;59;49
103;10905;St.Gallen Stadt Moosbruggst. 2;21.02.2020;Freitag;2;11;3;4;3;0;3;26;75;46;64;52;84;53;54;63;55;92;97;76;36;19;22;18;17
104;10905;St.Gallen Stadt Moosbruggst. 2;22.02.2020;Samstag;1;26;18;13;6;5;5;30;42;69;89;82;115;106;117;117;110;100;127;108;62;55;51;51;47
105;10905;St.Gallen Stadt Moosbruggst. 2;22.02.2020;Samstag;2;20;10;3;4;2;4;7;13;21;30;28;51;36;52;39;32;57;44;34;24;22;27;23;34
106;10905;St.Gallen Stadt Moosbruggst. 2;23.02.2020;Sonntag;1;40;32;15;17;6;5;8;31;25;47;75;80;59;127;175;88;83;71;67;49;40;22;13;5
107;10905;St.Gallen Stadt Moosbruggst. 2;23.02.2020;Sonntag;2;19;13;9;7;1;3;5;13;11;17;31;41;31;56;56;30;29;23;27;19;20;15;5;3
108;10905;St.Gallen Stadt Moosbruggst. 2;24.02.2020;Montag;1;8;1;0;3;4;11;92;200;148;107;110;133;112;124;96;147;143;235;156;100;57;36;43;21
109;10905;St.Gallen Stadt Moosbruggst. 2;24.02.2020;Montag;2;2;1;3;3;0;5;22;56;49;43;51;65;50;56;47;55;66;105;60;47;18;10;14;9
110;10905;St.Gallen Stadt Moosbruggst. 2;25.02.2020;Dienstag;1;8;2;3;1;4;13;98;200;167;117;146;152;116;124;113;114;180;209;175;110;67;61;36;19
111;10905;St.Gallen Stadt Moosbruggst. 2;25.02.2020;Dienstag;2;3;1;4;3;0;4;35;65;57;45;55;78;44;53;48;55;109;90;68;51;19;24;19;8
112;10905;St.Gallen Stadt Moosbruggst. 2;26.02.2020;Mittwoch;1;12;5;5;0;3;23;82;202;167;115;117;143;112;133;116;111;130;209;168;79;64;32;29;16
113;10905;St.Gallen Stadt Moosbruggst. 2;26.02.2020;Mittwoch;2;7;2;5;1;1;5;30;73;63;43;67;61;55;73;59;61;89;86;57;45;34;21;17;6
114;10905;St.Gallen Stadt Moosbruggst. 2;27.02.2020;Donnerstag;1;11;2;3;4;4;13;75;207;146;103;118;135;108;137;113;133;159;209;159;122;67;57;36;20
115;10905;St.Gallen Stadt Moosbruggst. 2;27.02.2020;Donnerstag;2;7;1;0;3;1;6;25;66;52;45;50;88;39;54;66;83;74;101;55;38;30;23;20;9
116;10905;St.Gallen Stadt Moosbruggst. 2;28.02.2020;Freitag;1;6;3;6;5;3;15;75;177;133;109;129;151;115;134;138;146;200;186;150;105;69;55;35;24
117;10905;St.Gallen Stadt Moosbruggst. 2;28.02.2020;Freitag;2;6;2;2;2;0;7;25;53;54;57;57;59;48;46;68;68;72;94;51;46;30;27;22;10
118;10905;St.Gallen Stadt Moosbruggst. 2;29.02.2020;Samstag;1;21;17;15;11;7;5;18;40;57;76;83;114;84;102;116;104;117;106;94;68;66;40;45;34
119;10905;St.Gallen Stadt Moosbruggst. 2;29.02.2020;Samstag;2;8;9;6;4;3;3;9;13;21;38;28;40;38;34;46;39;42;38;34;38;23;16;24;13
120;10905;St.Gallen Stadt Moosbruggst. 2;01.03.2020;Sonntag;1;25;26;18;14;15;9;12;19;27;44;49;80;60;83;85;96;72;80;65;59;50;37;27;11
121;10905;St.Gallen Stadt Moosbruggst. 2;01.03.2020;Sonntag;2;7;10;13;6;5;6;5;3;17;18;27;25;25;23;20;32;23;27;27;16;18;9;8;3
122;10905;St.Gallen Stadt Moosbruggst. 2;02.03.2020;Montag;1;1;1;2;1;1;11;83;205;132;114;119;123;111;131;118;110;134;213;153;89;72;35;35;19
123;10905;St.Gallen Stadt Moosbruggst. 2;02.03.2020;Montag;2;0;1;2;2;0;4;25;44;49;37;54;92;46;58;59;52;81;95;48;51;18;16;13;5
124;10905;St.Gallen Stadt Moosbruggst. 2;03.03.2020;Dienstag;1;7;3;0;0;1;14;91;219;140;108;107;140;108;145;110;103;165;208;178;97;62;59;36;16
125;10905;St.Gallen Stadt Moosbruggst. 2;03.03.2020;Dienstag;2;1;2;1;2;1;8;25;68;62;60;55;71;47;52;51;51;92;104;73;36;30;14;17;7
126;10905;St.Gallen Stadt Moosbruggst. 2;04.03.2020;Mittwoch;1;4;6;3;1;1;8;80;186;146;109;125;201;102;112;123;112;139;195;189;104;63;53;34;21
127;10905;St.Gallen Stadt Moosbruggst. 2;04.03.2020;Mittwoch;2;7;1;0;4;0;4;25;58;63;46;54;48;38;65;59;61;69;96;78;43;26;17;11;16
128;10905;St.Gallen Stadt Moosbruggst. 2;05.03.2020;Donnerstag;1;7;3;1;6;4;12;79;220;134;122;126;144;120;150;91;122;149;198;159;125;67;55;39;26
129;10905;St.Gallen Stadt Moosbruggst. 2;05.03.2020;Donnerstag;2;2;2;1;4;1;5;28;75;55;46;66;82;41;76;55;63;83;109;80;41;23;27;22;14
130;10905;St.Gallen Stadt Moosbruggst. 2;06.03.2020;Freitag;1;3;2;1;4;2;9;85;234;149;100;122;131;115;107;122;127;167;163;134;98;66;44;42;33
131;10905;St.Gallen Stadt Moosbruggst. 2;06.03.2020;Freitag;2;4;2;1;5;1;9;23;60;62;56;53;68;57;41;56;59;81;91;51;36;28;14;19;14
132;10905;St.Gallen Stadt Moosbruggst. 2;07.03.2020;Samstag;1;26;19;19;6;17;4;21;44;60;76;99;90;101;92;86;95;105;95;77;69;47;46;50;49
133;10905;St.Gallen Stadt Moosbruggst. 2;07.03.2020;Samstag;2;10;6;6;2;7;2;8;10;19;32;40;31;34;34;42;40;39;47;25;24;17;18;23;19
134;10905;St.Gallen Stadt Moosbruggst. 2;08.03.2020;Sonntag;1;15;19;19;18;11;5;11;13;37;55;68;79;73;76;84;76;86;93;62;61;56;26;18;8
135;10905;St.Gallen Stadt Moosbruggst. 2;08.03.2020;Sonntag;2;11;14;4;5;6;1;6;6;18;23;21;28;26;27;29;21;37;30;28;20;26;16;9;2
136;10905;St.Gallen Stadt Moosbruggst. 2;09.03.2020;Montag;1;5;1;1;1;2;10;76;236;186;114;108;115;92;127;107;129;123;211;159;79;44;35;34;15
137;10905;St.Gallen Stadt Moosbruggst. 2;09.03.2020;Montag;2;2;0;0;3;1;5;38;57;46;49;63;76;44;51;44;69;81;103;66;41;25;20;18;8
138;10905;St.Gallen Stadt Moosbruggst. 2;10.03.2020;Dienstag;1;5;3;1;2;1;12;85;224;146;107;134;153;115;110;112;128;142;203;163;106;57;38;34;20
139;10905;St.Gallen Stadt Moosbruggst. 2;10.03.2020;Dienstag;2;5;2;3;3;1;3;32;80;65;46;68;78;47;68;52;62;70;91;74;48;22;20;13;14
140;10905;St.Gallen Stadt Moosbruggst. 2;11.03.2020;Mittwoch;1;10;5;0;1;0;12;96;208;158;113;118;137;120;142;96;112;156;197;164;99;67;47;37;11
141;10905;St.Gallen Stadt Moosbruggst. 2;11.03.2020;Mittwoch;2;6;4;0;2;2;9;23;59;64;53;50;72;55;59;48;60;68;109;59;52;31;29;11;12
142;10905;St.Gallen Stadt Moosbruggst. 2;12.03.2020;Donnerstag;1;5;0;1;4;1;13;83;209;152;130;118;145;93;144;114;136;147;243;154;104;54;52;26;22
143;10905;St.Gallen Stadt Moosbruggst. 2;12.03.2020;Donnerstag;2;6;0;2;6;1;5;23;62;66;49;52;75;40;58;64;62;81;113;62;42;22;29;15;13
144;10905;St.Gallen Stadt Moosbruggst. 2;13.03.2020;Freitag;1;9;2;3;3;5;16;70;190;163;127;114;137;87;135;123;128;171;188;158;96;58;40;35;33
145;10905;St.Gallen Stadt Moosbruggst. 2;13.03.2020;Freitag;2;5;2;5;0;1;7;23;61;45;66;67;55;34;52;50;44;69;97;73;54;33;25;24;17
146;10905;St.Gallen Stadt Moosbruggst. 2;14.03.2020;Samstag;1;19;15;7;5;5;9;16;31;73;93;104;125;114;88;104;95;104;83;79;68;35;40;33;33
147;10905;St.Gallen Stadt Moosbruggst. 2;14.03.2020;Samstag;2;11;7;6;1;2;3;7;11;19;38;39;43;39;31;35;34;54;36;25;31;11;17;14;8
148;10905;St.Gallen Stadt Moosbruggst. 2;15.03.2020;Sonntag;1;27;12;13;5;6;8;12;9;23;31;51;63;60;74;55;64;89;78;77;40;44;20;15;13
149;10905;St.Gallen Stadt Moosbruggst. 2;15.03.2020;Sonntag;2;13;9;9;1;3;3;8;5;11;13;18;29;29;18;22;17;27;21;30;18;20;6;5;4
150;10905;St.Gallen Stadt Moosbruggst. 2;16.03.2020;Montag;1;3;4;5;2;1;11;91;182;151;112;128;114;114;153;136;109;134;171;119;67;51;41;18;11
151;10905;St.Gallen Stadt Moosbruggst. 2;16.03.2020;Montag;2;1;1;3;4;0;5;33;55;35;49;57;61;55;65;78;57;82;78;62;32;23;7;4;5
152;10905;St.Gallen Stadt Moosbruggst. 2;17.03.2020;Dienstag;1;4;6;0;2;2;14;92;170;135;107;97;132;124;120;85;95;117;159;112;53;35;13;11;7
153;10905;St.Gallen Stadt Moosbruggst. 2;17.03.2020;Dienstag;2;1;3;1;2;0;5;31;57;45;38;47;85;49;52;43;34;79;82;50;31;12;5;5;3
154;10905;St.Gallen Stadt Moosbruggst. 2;18.03.2020;Mittwoch;1;1;3;2;0;2;10;90;150;93;77;89;105;93;113;95;101;105;126;115;65;33;26;10;12
155;10905;St.Gallen Stadt Moosbruggst. 2;18.03.2020;Mittwoch;2;0;1;2;1;1;8;28;41;37;36;38;66;41;37;53;52;79;78;42;22;12;10;6;5
156;10905;St.Gallen Stadt Moosbruggst. 2;19.03.2020;Donnerstag;1;3;5;1;0;3;17;91;154;99;93;104;94;113;133;89;84;118;133;106;61;26;16;20;8
157;10905;St.Gallen Stadt Moosbruggst. 2;19.03.2020;Donnerstag;2;4;2;0;2;1;7;22;46;41;40;36;60;58;39;39;39;76;68;45;32;9;7;7;4
158;10905;St.Gallen Stadt Moosbruggst. 2;20.03.2020;Freitag;1;5;2;1;2;2;11;80;146;111;95;99;113;103;102;99;74;109;108;97;57;37;15;11;8
159;10905;St.Gallen Stadt Moosbruggst. 2;20.03.2020;Freitag;2;0;1;0;2;0;5;26;38;48;47;55;70;49;58;47;39;70;69;35;21;14;9;3;4
160;10905;St.Gallen Stadt Moosbruggst. 2;21.03.2020;Samstag;1;7;4;2;5;1;8;15;16;41;44;64;58;68;41;51;73;75;58;53;28;23;19;9;9
161;10905;St.Gallen Stadt Moosbruggst. 2;21.03.2020;Samstag;2;4;0;1;3;0;1;6;7;16;20;24;32;25;20;20;28;29;26;19;17;9;14;6;6
162;10905;St.Gallen Stadt Moosbruggst. 2;22.03.2020;Sonntag;1;9;5;5;2;3;2;11;13;13;17;28;27;26;32;32;31;48;58;31;43;22;10;9;3
163;10905;St.Gallen Stadt Moosbruggst. 2;22.03.2020;Sonntag;2;3;2;3;2;1;0;7;7;8;10;10;10;12;14;15;18;17;12;17;18;5;4;3;1
164;10905;St.Gallen Stadt Moosbruggst. 2;23.03.2020;Montag;1;2;1;0;1;2;10;73;139;97;63;78;84;94;117;90;80;105;141;82;30;31;17;8;6
165;10905;St.Gallen Stadt Moosbruggst. 2;23.03.2020;Montag;2;0;0;1;1;0;4;27;55;55;30;37;62;49;55;53;39;58;81;37;16;10;6;4;2
166;10905;St.Gallen Stadt Moosbruggst. 2;24.03.2020;Dienstag;1;1;0;2;1;1;10;87;129;94;75;91;79;94;103;83;89;103;136;100;52;31;15;13;6
167;10905;St.Gallen Stadt Moosbruggst. 2;24.03.2020;Dienstag;2;2;1;2;2;1;5;36;45;58;37;47;54;49;46;36;40;59;81;58;27;13;12;1;2
168;10905;St.Gallen Stadt Moosbruggst. 2;25.03.2020;Mittwoch;1;6;0;1;0;1;8;70;150;104;68;68;105;99;113;78;93;99;137;113;50;25;21;17;7
169;10905;St.Gallen Stadt Moosbruggst. 2;25.03.2020;Mittwoch;2;2;1;1;2;1;3;25;46;51;41;45;62;40;37;41;47;65;79;48;22;10;7;6;1
170;10905;St.Gallen Stadt Moosbruggst. 2;26.03.2020;Donnerstag;1;3;0;2;1;2;11;73;122;85;73;90;96;99;103;90;82;91;135;97;53;40;27;5;9
171;10905;St.Gallen Stadt Moosbruggst. 2;26.03.2020;Donnerstag;2;2;1;2;0;0;2;28;31;39;37;38;67;49;39;47;48;62;71;34;20;13;16;4;2
172;10905;St.Gallen Stadt Moosbruggst. 2;27.03.2020;Freitag;1;3;0;2;4;1;13;79;130;97;81;68;97;105;155;82;94;108;129;99;67;37;20;11;7
173;10905;St.Gallen Stadt Moosbruggst. 2;27.03.2020;Freitag;2;0;1;1;2;0;4;28;42;44;57;54;56;39;38;41;50;55;64;38;24;14;6;7;3
174;10905;St.Gallen Stadt Moosbruggst. 2;28.03.2020;Samstag;1;0;3;4;3;5;10;23;30;34;50;72;63;75;78;75;63;64;75;70;52;33;23;17;15
175;10905;St.Gallen Stadt Moosbruggst. 2;28.03.2020;Samstag;2;4;4;1;1;2;3;11;9;17;19;26;36;30;30;30;27;23;33;28;24;14;13;8;9
176;10905;St.Gallen Stadt Moosbruggst. 2;29.03.2020;Sonntag;1;10;0;5;5;1;7;13;8;9;9;16;36;53;37;39;37;49;41;41;29;27;18;5;9
177;10905;St.Gallen Stadt Moosbruggst. 2;29.03.2020;Sonntag;2;3;0;2;2;1;0;4;3;4;7;5;18;30;21;19;20;23;15;20;14;5;10;3;1
178;10905;St.Gallen Stadt Moosbruggst. 2;30.03.2020;Montag;1;2;1;4;1;4;13;76;126;78;57;80;85;96;100;66;75;96;128;94;42;32;22;14;7
179;10905;St.Gallen Stadt Moosbruggst. 2;30.03.2020;Montag;2;1;0;4;2;2;4;25;39;38;32;38;60;45;46;44;37;56;76;38;16;9;6;10;3
180;10905;St.Gallen Stadt Moosbruggst. 2;31.03.2020;Dienstag;1;0;1;1;0;3;9;78;126;96;66;89;97;104;129;76;94;109;154;95;58;31;12;12;11
181;10905;St.Gallen Stadt Moosbruggst. 2;31.03.2020;Dienstag;2;0;1;3;0;1;9;30;35;47;37;45;47;56;56;41;48;62;73;49;18;13;11;6;5
182;10905;St.Gallen Stadt Moosbruggst. 2;01.04.2020;Mittwoch;1;2;2;3;4;8;10;67;139;99;65;96;111;90;123;93;100;117;144;100;68;47;28;24;12
183;10905;St.Gallen Stadt Moosbruggst. 2;01.04.2020;Mittwoch;2;1;3;2;1;4;5;26;43;43;36;34;61;46;39;47;44;61;65;38;22;19;8;8;4
184;10905;St.Gallen Stadt Moosbruggst. 2;02.04.2020;Donnerstag;1;2;5;3;6;4;22;71;131;99;72;94;111;100;128;93;79;101;133;104;63;47;23;17;6
185;10905;St.Gallen Stadt Moosbruggst. 2;02.04.2020;Donnerstag;2;2;1;2;2;1;6;33;42;33;33;37;54;39;35;58;45;59;77;43;24;10;12;6;2
186;10905;St.Gallen Stadt Moosbruggst. 2;03.04.2020;Freitag;1;5;2;2;2;1;14;73;119;100;85;86;99;115;127;92;91;127;133;97;66;37;21;14;8
187;10905;St.Gallen Stadt Moosbruggst. 2;03.04.2020;Freitag;2;6;0;2;1;0;4;35;30;28;43;51;56;39;42;52;57;69;68;46;22;15;7;6;4
188;10905;St.Gallen Stadt Moosbruggst. 2;04.04.2020;Samstag;1;7;10;10;2;1;11;18;21;30;56;67;101;80;80;69;73;56;63;53;46;41;15;20;11
189;10905;St.Gallen Stadt Moosbruggst. 2;04.04.2020;Samstag;2;2;3;2;1;1;2;15;10;12;21;32;31;32;34;27;29;26;22;16;12;12;6;8;5
190;10905;St.Gallen Stadt Moosbruggst. 2;05.04.2020;Sonntag;1;4;10;8;4;2;6;12;2;15;18;34;38;34;39;53;48;42;70;74;54;32;22;10;3
191;10905;St.Gallen Stadt Moosbruggst. 2;05.04.2020;Sonntag;2;0;7;3;0;1;1;4;2;8;8;17;16;19;12;20;16;15;21;18;21;11;13;1;2
192;10905;St.Gallen Stadt Moosbruggst. 2;06.04.2020;Montag;1;4;1;2;1;2;11;76;132;97;76;87;76;87;100;93;90;126;136;90;62;47;31;18;11
193;10905;St.Gallen Stadt Moosbruggst. 2;06.04.2020;Montag;2;2;2;3;2;0;4;37;42;42;43;54;61;42;46;39;54;90;57;37;30;12;10;4;6
194;10905;St.Gallen Stadt Moosbruggst. 2;07.04.2020;Dienstag;1;2;6;2;0;2;8;77;140;96;83;77;105;97;113;69;100;115;155;82;44;31;23;18;12
195;10905;St.Gallen Stadt Moosbruggst. 2;07.04.2020;Dienstag;2;1;2;3;0;0;3;38;41;44;40;41;68;39;32;45;57;74;84;38;26;19;13;9;1
196;10905;St.Gallen Stadt Moosbruggst. 2;08.04.2020;Mittwoch;1;2;3;0;4;2;5;69;142;97;99;103;93;88;105;92;99;156;131;100;54;46;26;15;12
197;10905;St.Gallen Stadt Moosbruggst. 2;08.04.2020;Mittwoch;2;0;1;2;4;1;4;32;49;35;41;47;45;52;43;44;59;84;73;29;24;16;13;7;4
198;10905;St.Gallen Stadt Moosbruggst. 2;09.04.2020;Donnerstag;1;6;3;3;0;1;10;79;136;98;98;107;127;117;108;88;107;127;111;92;73;53;28;16;9
199;10905;St.Gallen Stadt Moosbruggst. 2;09.04.2020;Donnerstag;2;2;1;5;0;0;3;28;50;46;46;48;62;45;53;57;52;67;61;48;29;20;16;9;6
200;10905;St.Gallen Stadt Moosbruggst. 2;10.04.2020;Freitag;1;12;5;1;3;2;5;9;11;13;21;41;52;42;43;55;39;45;46;52;37;33;24;15;16
201;10905;St.Gallen Stadt Moosbruggst. 2;10.04.2020;Freitag;2;1;4;1;1;0;2;4;3;4;8;11;16;19;19;22;17;20;19;18;15;18;6;7;6
202;10905;St.Gallen Stadt Moosbruggst. 2;11.04.2020;Samstag;1;10;1;3;3;1;7;21;22;38;72;90;103;63;65;74;79;72;68;55;38;34;32;26;14
203;10905;St.Gallen Stadt Moosbruggst. 2;11.04.2020;Samstag;2;3;1;1;2;2;2;13;16;15;26;49;33;25;33;34;28;32;31;11;21;13;9;11;9
204;10905;St.Gallen Stadt Moosbruggst. 2;12.04.2020;Sonntag;1;6;8;4;2;2;4;16;6;13;26;32;39;38;61;45;49;43;60;49;57;41;29;17;12
205;10905;St.Gallen Stadt Moosbruggst. 2;12.04.2020;Sonntag;2;4;4;2;1;0;1;4;8;7;12;22;17;16;15;20;16;13;20;19;16;15;11;7;4
206;10905;St.Gallen Stadt Moosbruggst. 2;13.04.2020;Montag;1;7;10;2;2;3;4;11;14;19;23;25;38;37;51;42;56;63;64;50;57;32;24;10;3
207;10905;St.Gallen Stadt Moosbruggst. 2;13.04.2020;Montag;2;2;2;2;2;2;1;6;6;4;15;8;18;15;16;22;20;22;24;16;17;7;8;5;2
208;10905;St.Gallen Stadt Moosbruggst. 2;14.04.2020;Dienstag;1;1;2;1;3;0;14;78;150;102;98;94;90;94;121;93;92;103;162;110;51;22;23;12;9
209;10905;St.Gallen Stadt Moosbruggst. 2;14.04.2020;Dienstag;2;0;0;1;3;2;8;34;50;41;26;51;56;43;36;49;41;68;86;48;23;12;12;4;1
210;10905;St.Gallen Stadt Moosbruggst. 2;15.04.2020;Mittwoch;1;2;5;3;2;0;15;67;137;91;96;94;101;86;125;88;95;96;134;123;58;47;27;14;12
211;10905;St.Gallen Stadt Moosbruggst. 2;15.04.2020;Mittwoch;2;0;1;2;1;1;7;36;44;31;42;43;60;41;68;62;50;66;63;39;20;22;14;4;3
212;10905;St.Gallen Stadt Moosbruggst. 2;16.04.2020;Donnerstag;1;4;4;4;2;3;14;70;130;85;85;82;101;95;103;100;119;101;145;111;59;48;26;19;15
213;10905;St.Gallen Stadt Moosbruggst. 2;16.04.2020;Donnerstag;2;1;1;7;2;5;6;33;47;33;30;33;61;40;54;57;56;65;83;45;20;17;12;9;6
214;10905;St.Gallen Stadt Moosbruggst. 2;17.04.2020;Freitag;1;2;2;2;0;0;12;67;116;94;88;84;115;92;105;94;111;108;125;103;57;55;39;15;11
215;10905;St.Gallen Stadt Moosbruggst. 2;17.04.2020;Freitag;2;1;1;4;0;0;11;24;39;32;40;52;72;47;36;46;46;60;58;40;25;23;16;7;5
216;10905;St.Gallen Stadt Moosbruggst. 2;18.04.2020;Samstag;1;5;5;3;2;2;6;17;17;43;52;77;86;90;71;78;85;65;71;71;54;38;33;10;16
217;10905;St.Gallen Stadt Moosbruggst. 2;18.04.2020;Samstag;2;2;3;2;2;1;0;8;16;23;24;25;40;35;32;22;21;32;26;27;29;15;12;2;7
218;10905;St.Gallen Stadt Moosbruggst. 2;19.04.2020;Sonntag;1;15;3;3;1;3;3;5;9;13;16;40;63;50;59;39;49;66;63;63;40;49;29;8;7
219;10905;St.Gallen Stadt Moosbruggst. 2;19.04.2020;Sonntag;2;9;8;0;2;2;1;5;2;13;8;13;24;15;20;35;18;23;27;20;11;15;21;3;3
220;10905;St.Gallen Stadt Moosbruggst. 2;20.04.2020;Montag;1;5;2;2;0;0;11;81;144;108;88;88;104;75;98;91;88;111;158;90;48;46;30;13;13
221;10905;St.Gallen Stadt Moosbruggst. 2;20.04.2020;Montag;2;4;0;3;0;2;6;35;53;46;43;43;68;34;38;58;46;66;116;51;23;20;10;6;2
222;10905;St.Gallen Stadt Moosbruggst. 2;21.04.2020;Dienstag;1;5;2;0;1;2;10;78;142;97;99;85;108;107;107;95;85;97;164;102;68;44;34;16;17
223;10905;St.Gallen Stadt Moosbruggst. 2;21.04.2020;Dienstag;2;2;0;3;2;2;5;35;46;39;48;44;68;57;49;52;47;83;93;47;29;22;14;8;5
224;10905;St.Gallen Stadt Moosbruggst. 2;22.04.2020;Mittwoch;1;2;5;0;0;0;11;76;162;132;79;90;95;96;139;102;99;96;172;109;75;58;25;18;8
225;10905;St.Gallen Stadt Moosbruggst. 2;22.04.2020;Mittwoch;2;1;1;3;1;2;7;28;59;53;39;53;57;51;62;60;52;59;92;61;32;21;16;6;6
226;10905;St.Gallen Stadt Moosbruggst. 2;23.04.2020;Donnerstag;1;5;7;1;2;0;12;72;184;101;89;102;103;107;133;96;101;122;152;98;69;47;49;31;11
227;10905;St.Gallen Stadt Moosbruggst. 2;23.04.2020;Donnerstag;2;2;1;2;1;1;2;42;52;42;36;53;70;58;36;52;47;92;72;38;31;21;10;8;3
228;10905;St.Gallen Stadt Moosbruggst. 2;24.04.2020;Freitag;1;6;2;0;1;2;11;84;155;112;99;84;107;107;126;104;115;118;131;93;77;55;43;18;16
229;10905;St.Gallen Stadt Moosbruggst. 2;24.04.2020;Freitag;2;1;0;2;1;3;5;37;48;42;46;43;56;50;59;59;55;84;76;34;24;21;19;7;11
230;10905;St.Gallen Stadt Moosbruggst. 2;25.04.2020;Samstag;1;6;10;7;0;2;7;19;25;47;48;75;85;82;72;80;81;71;79;77;66;35;31;24;21
231;10905;St.Gallen Stadt Moosbruggst. 2;25.04.2020;Samstag;2;2;4;8;0;2;3;9;11;21;18;28;25;41;31;36;24;28;29;18;27;22;8;9;11
232;10905;St.Gallen Stadt Moosbruggst. 2;26.04.2020;Sonntag;1;10;11;4;4;2;2;6;11;17;15;23;44;46;55;45;50;53;57;72;40;35;31;22;3
233;10905;St.Gallen Stadt Moosbruggst. 2;26.04.2020;Sonntag;2;0;12;2;2;0;0;6;5;11;11;12;16;24;20;15;25;21;23;26;11;15;9;8;0
234;10905;St.Gallen Stadt Moosbruggst. 2;27.04.2020;Montag;1;4;0;6;3;4;13;86;158;101;89;123;126;94;129;90;87;145;156;114;66;40;35;20;9
235;10905;St.Gallen Stadt Moosbruggst. 2;27.04.2020;Montag;2;1;0;5;2;2;6;39;49;44;38;57;55;51;54;51;55;91;95;53;23;20;19;11;3
236;10905;St.Gallen Stadt Moosbruggst. 2;28.04.2020;Dienstag;1;9;1;2;2;3;12;82;176;128;123;104;126;114;154;97;98;130;190;123;68;47;17;16;15
237;10905;St.Gallen Stadt Moosbruggst. 2;28.04.2020;Dienstag;2;2;3;1;3;4;3;26;61;59;58;67;73;56;79;49;46;87;100;53;41;27;15;12;5
238;10905;St.Gallen Stadt Moosbruggst. 2;29.04.2020;Mittwoch;1;6;6;1;1;2;11;83;175;110;119;92;120;107;139;118;120;129;152;119;64;52;39;28;6
239;10905;St.Gallen Stadt Moosbruggst. 2;29.04.2020;Mittwoch;2;1;1;3;2;2;6;35;55;42;59;56;81;48;51;66;57;81;73;41;28;16;14;10;5
240;10905;St.Gallen Stadt Moosbruggst. 2;30.04.2020;Donnerstag;1;5;4;1;4;4;14;75;157;114;105;123;119;129;117;106;101;116;192;130;79;58;45;19;18
241;10905;St.Gallen Stadt Moosbruggst. 2;30.04.2020;Donnerstag;2;1;1;2;1;2;4;39;38;50;55;58;75;46;49;53;64;78;88;60;52;18;17;8;8
242;10905;St.Gallen Stadt Moosbruggst. 2;01.05.2020;Freitag;1;9;5;5;1;1;7;69;150;108;114;115;108;118;139;128;137;135;143;99;66;46;38;29;17
243;10905;St.Gallen Stadt Moosbruggst. 2;01.05.2020;Freitag;2;2;2;3;2;0;3;30;47;45;41;65;78;75;45;70;69;55;56;37;32;16;17;9;9
244;10905;St.Gallen Stadt Moosbruggst. 2;02.05.2020;Samstag;1;16;13;9;5;4;5;23;24;40;69;78;117;96;89;81;89;82;82;81;61;32;25;19;18
245;10905;St.Gallen Stadt Moosbruggst. 2;02.05.2020;Samstag;2;1;8;1;2;3;2;8;13;21;32;30;45;41;31;46;36;31;33;31;26;15;10;14;8
246;10905;St.Gallen Stadt Moosbruggst. 2;03.05.2020;Sonntag;1;14;17;5;3;0;6;6;14;18;22;40;43;49;66;70;61;62;70;64;46;61;49;24;13
247;10905;St.Gallen Stadt Moosbruggst. 2;03.05.2020;Sonntag;2;5;11;1;1;1;1;10;6;8;6;14;25;25;20;33;24;18;29;29;19;21;21;12;7
248;10905;St.Gallen Stadt Moosbruggst. 2;04.05.2020;Montag;1;5;9;3;0;0;8;84;169;133;92;106;116;105;131;76;109;126;175;121;72;77;48;26;16
249;10905;St.Gallen Stadt Moosbruggst. 2;04.05.2020;Montag;2;0;5;3;0;2;5;37;48;51;55;58;72;49;66;54;47;91;95;52;32;24;19;9;7
250;10905;St.Gallen Stadt Moosbruggst. 2;05.05.2020;Dienstag;1;13;2;5;2;1;12;102;179;134;115;129;139;131;149;115;110;140;196;134;79;53;37;18;10
251;10905;St.Gallen Stadt Moosbruggst. 2;05.05.2020;Dienstag;2;5;3;4;1;1;1;35;68;59;45;71;90;51;72;70;61;107;95;71;28;19;19;7;6
252;10905;St.Gallen Stadt Moosbruggst. 2;06.05.2020;Mittwoch;1;3;3;2;3;5;10;89;179;124;105;117;108;115;125;126;101;133;181;133;113;79;89;40;13
253;10905;St.Gallen Stadt Moosbruggst. 2;06.05.2020;Mittwoch;2;0;3;3;1;3;5;37;52;63;41;60;68;58;53;57;58;93;90;47;39;26;28;12;4
254;10905;St.Gallen Stadt Moosbruggst. 2;07.05.2020;Donnerstag;1;7;3;2;1;2;10;82;174;140;112;118;130;113;153;115;125;118;180;119;92;82;125;67;26
255;10905;St.Gallen Stadt Moosbruggst. 2;07.05.2020;Donnerstag;2;6;1;3;1;1;5;32;50;51;41;58;79;51;46;58;60;92;79;63;43;34;34;14;14
256;10905;St.Gallen Stadt Moosbruggst. 2;08.05.2020;Freitag;1;11;4;4;2;3;8;102;148;147;100;111;130;131;149;122;145;117;155;132;90;46;45;26;28
257;10905;St.Gallen Stadt Moosbruggst. 2;08.05.2020;Freitag;2;1;2;3;2;3;3;33;50;61;54;54;91;62;69;65;67;83;76;51;42;24;19;10;8
258;10905;St.Gallen Stadt Moosbruggst. 2;09.05.2020;Samstag;1;20;11;7;1;3;8;18;42;57;74;112;115;114;103;92;103;87;94;89;65;66;29;35;23
259;10905;St.Gallen Stadt Moosbruggst. 2;09.05.2020;Samstag;2;8;5;4;1;1;2;14;23;20;44;40;47;39;52;35;43;45;35;36;28;23;10;9;12
260;10905;St.Gallen Stadt Moosbruggst. 2;10.05.2020;Sonntag;1;17;8;9;4;7;5;9;13;43;46;41;49;55;58;66;71;78;79;84;74;58;102;61;14
261;10905;St.Gallen Stadt Moosbruggst. 2;10.05.2020;Sonntag;2;7;4;7;1;3;2;5;7;32;25;19;29;33;24;24;28;26;30;21;25;33;25;13;7
262;10905;St.Gallen Stadt Moosbruggst. 2;11.05.2020;Montag;1;5;2;1;1;1;5;88;243;137;116;147;128;133;160;113;140;167;190;146;79;50;55;19;14
263;10905;St.Gallen Stadt Moosbruggst. 2;11.05.2020;Montag;2;1;0;2;0;1;5;28;75;50;50;59;79;66;65;50;68;97;103;53;37;23;21;12;4
264;10905;St.Gallen Stadt Moosbruggst. 2;12.05.2020;Dienstag;1;6;5;2;5;4;9;101;217;145;100;103;134;132;146;107;130;159;211;147;74;67;42;36;21
265;10905;St.Gallen Stadt Moosbruggst. 2;12.05.2020;Dienstag;2;3;2;3;2;1;2;41;63;65;83;98;71;50;72;66;67;108;111;66;31;29;19;18;14
266;10905;St.Gallen Stadt Moosbruggst. 2;13.05.2020;Mittwoch;1;4;2;2;1;2;12;103;195;144;111;91;178;124;135;133;108;162;214;135;74;59;53;36;22
267;10905;St.Gallen Stadt Moosbruggst. 2;13.05.2020;Mittwoch;2;2;1;3;1;2;4;20;63;61;65;59;83;51;61;56;58;87;105;67;36;29;21;19;14
268;10905;St.Gallen Stadt Moosbruggst. 2;14.05.2020;Donnerstag;1;5;3;2;3;1;14;93;219;147;129;125;141;142;171;132;139;124;199;154;103;79;63;39;19
269;10905;St.Gallen Stadt Moosbruggst. 2;14.05.2020;Donnerstag;2;2;0;0;4;1;6;32;61;72;55;68;84;72;69;52;71;83;95;65;46;38;40;20;9
270;10905;St.Gallen Stadt Moosbruggst. 2;15.05.2020;Freitag;1;5;6;2;1;0;12;91;208;161;113;146;145;146;137;114;140;151;189;142;81;57;44;34;37
271;10905;St.Gallen Stadt Moosbruggst. 2;15.05.2020;Freitag;2;3;4;2;2;2;5;26;60;49;62;55;67;68;74;57;59;83;74;52;33;19;18;16;12
272;10905;St.Gallen Stadt Moosbruggst. 2;16.05.2020;Samstag;1;13;11;8;8;4;10;15;34;53;80;111;107;105;114;112;141;84;123;86;58;49;44;55;36
273;10905;St.Gallen Stadt Moosbruggst. 2;16.05.2020;Samstag;2;12;3;2;4;0;2;9;9;13;36;45;37;36;55;43;42;33;50;26;27;17;22;23;22
274;10905;St.Gallen Stadt Moosbruggst. 2;17.05.2020;Sonntag;1;16;12;10;4;9;4;9;12;17;44;41;50;55;61;73;57;74;82;60;61;70;107;42;19
275;10905;St.Gallen Stadt Moosbruggst. 2;17.05.2020;Sonntag;2;7;6;3;2;4;2;4;7;8;22;13;12;19;23;26;20;16;26;25;24;33;48;21;10
276;10905;St.Gallen Stadt Moosbruggst. 2;18.05.2020;Montag;1;8;3;0;5;0;12;98;197;147;107;104;148;131;151;107;126;121;226;123;72;78;60;31;18
277;10905;St.Gallen Stadt Moosbruggst. 2;18.05.2020;Montag;2;1;1;1;2;0;6;27;55;56;49;53;72;46;49;51;74;88;100;58;28;25;29;15;5
278;10905;St.Gallen Stadt Moosbruggst. 2;19.05.2020;Dienstag;1;6;2;2;1;0;14;92;219;158;132;128;144;133;147;97;142;162;220;136;79;65;69;35;14
279;10905;St.Gallen Stadt Moosbruggst. 2;19.05.2020;Dienstag;2;2;1;2;3;0;8;31;92;69;49;62;91;46;46;52;73;76;99;57;32;28;35;11;5
280;10905;St.Gallen Stadt Moosbruggst. 2;20.05.2020;Mittwoch;1;3;2;2;3;3;17;111;221;150;118;136;162;127;134;125;125;168;207;138;101;67;49;57;27
281;10905;St.Gallen Stadt Moosbruggst. 2;20.05.2020;Mittwoch;2;4;0;4;8;1;9;37;69;73;51;70;81;48;48;56;54;76;65;64;38;34;23;23;11
282;10905;St.Gallen Stadt Moosbruggst. 2;21.05.2020;Donnerstag;1;26;6;8;2;1;4;16;12;32;40;51;49;50;42;68;83;70;72;63;64;64;53;30;20
283;10905;St.Gallen Stadt Moosbruggst. 2;21.05.2020;Donnerstag;2;5;5;2;1;0;2;5;5;11;16;21;17;22;17;24;17;20;16;23;17;20;17;12;13
284;10905;St.Gallen Stadt Moosbruggst. 2;22.05.2020;Freitag;1;19;7;4;1;2;5;42;84;102;116;114;124;111;110;121;131;140;126;106;88;70;39;48;38
285;10905;St.Gallen Stadt Moosbruggst. 2;22.05.2020;Freitag;2;7;4;2;1;1;1;20;34;53;53;55;57;43;41;52;57;62;53;39;41;18;25;24;14
286;10905;St.Gallen Stadt Moosbruggst. 2;23.05.2020;Samstag;1;19;8;11;7;0;6;15;42;54;89;95;112;92;89;91;103;113;68;74;44;36;35;34;36
287;10905;St.Gallen Stadt Moosbruggst. 2;23.05.2020;Samstag;2;8;3;2;5;0;1;8;12;27;36;33;33;34;31;35;30;43;25;30;21;10;22;20;18
288;10905;St.Gallen Stadt Moosbruggst. 2;24.05.2020;Sonntag;1;29;12;4;8;5;3;10;12;24;29;40;42;40;59;75;66;75;83;89;57;55;35;41;13
289;10905;St.Gallen Stadt Moosbruggst. 2;24.05.2020;Sonntag;2;11;5;1;3;0;1;3;4;13;12;10;13;20;18;26;13;17;26;24;26;15;21;15;4
290;10905;St.Gallen Stadt Moosbruggst. 2;25.05.2020;Montag;1;7;3;2;1;1;10;98;198;124;90;123;139;114;153;110;130;151;225;139;76;65;65;27;12
291;10905;St.Gallen Stadt Moosbruggst. 2;25.05.2020;Montag;2;0;1;5;0;0;6;32;57;37;41;60;66;41;53;39;52;71;108;62;28;22;26;18;5
292;10905;St.Gallen Stadt Moosbruggst. 2;26.05.2020;Dienstag;1;4;3;2;5;4;8;100;226;140;143;119;118;127;148;119;126;136;207;127;158;208;142;62;28
293;10905;St.Gallen Stadt Moosbruggst. 2;26.05.2020;Dienstag;2;5;1;1;1;0;3;28;66;45;45;61;66;57;53;38;55;74;85;63;44;49;46;28;13
294;10905;St.Gallen Stadt Moosbruggst. 2;27.05.2020;Mittwoch;1;7;5;1;0;3;11;93;199;138;116;141;146;139;125;114;113;146;243;169;232;188;161;93;29
295;10905;St.Gallen Stadt Moosbruggst. 2;27.05.2020;Mittwoch;2;4;3;1;3;1;9;20;63;62;44;62;96;47;48;47;47;80;102;66;64;37;31;30;9
296;10905;St.Gallen Stadt Moosbruggst. 2;28.05.2020;Donnerstag;1;11;3;0;4;2;11;86;205;131;130;134;151;118;152;117;141;157;222;140;107;104;72;39;21
297;10905;St.Gallen Stadt Moosbruggst. 2;28.05.2020;Donnerstag;2;5;3;2;4;0;4;28;81;56;57;51;66;51;69;65;70;83;109;66;37;34;33;24;11
298;10905;St.Gallen Stadt Moosbruggst. 2;29.05.2020;Freitag;1;9;4;1;0;1;10;89;195;144;136;137;163;154;174;135;126;177;148;129;81;77;48;36;39
299;10905;St.Gallen Stadt Moosbruggst. 2;29.05.2020;Freitag;2;2;1;3;0;0;4;33;66;58;62;68;79;62;67;69;66;75;84;50;33;21;26;19;22
300;10905;St.Gallen Stadt Moosbruggst. 2;30.05.2020;Samstag;1;25;16;9;7;4;9;18;41;68;90;101;134;85;96;108;125;117;97;84;70;62;51;56;42
301;10905;St.Gallen Stadt Moosbruggst. 2;30.05.2020;Samstag;2;14;4;7;5;1;2;7;13;27;34;37;57;40;48;45;46;43;57;31;26;25;20;28;16
302;10905;St.Gallen Stadt Moosbruggst. 2;31.05.2020;Sonntag;1;29;17;9;5;5;5;13;5;28;26;65;32;49;49;54;58;61;74;84;69;50;59;36;31
303;10905;St.Gallen Stadt Moosbruggst. 2;31.05.2020;Sonntag;2;11;8;4;1;2;2;8;5;10;12;24;17;18;14;16;17;22;23;17;29;17;15;8;4
304;10905;St.Gallen Stadt Moosbruggst. 2;01.06.2020;Montag;1;18;11;7;8;0;4;7;10;22;41;68;59;72;55;52;66;88;92;80;79;54;36;21;20
305;10905;St.Gallen Stadt Moosbruggst. 2;01.06.2020;Montag;2;6;2;4;4;0;0;4;5;7;20;22;33;25;21;18;20;25;23;29;22;18;14;11;3
306;10905;St.Gallen Stadt Moosbruggst. 2;02.06.2020;Dienstag;1;10;1;4;0;0;14;109;217;152;129;117;144;121;145;123;128;151;211;162;73;90;104;46;22
307;10905;St.Gallen Stadt Moosbruggst. 2;02.06.2020;Dienstag;2;5;4;4;1;0;7;36;68;60;53;56;78;59;59;55;41;77;90;71;38;24;34;14;9
308;10905;St.Gallen Stadt Moosbruggst. 2;03.06.2020;Mittwoch;1;8;5;2;1;1;14;97;216;136;141;138;175;114;132;119;130;148;218;183;77;69;76;52;24
309;10905;St.Gallen Stadt Moosbruggst. 2;03.06.2020;Mittwoch;2;4;2;3;2;1;9;33;59;54;60;65;80;50;50;63;43;85;91;93;43;33;29;19;12
310;10905;St.Gallen Stadt Moosbruggst. 2;04.06.2020;Donnerstag;1;10;7;3;0;3;12;97;194;138;135;105;152;123;157;108;115;155;234;174;94;76;75;43;13
311;10905;St.Gallen Stadt Moosbruggst. 2;04.06.2020;Donnerstag;2;2;3;5;1;1;10;35;53;53;50;50;79;54;41;56;55;75;98;71;44;32;54;24;12
312;10905;St.Gallen Stadt Moosbruggst. 2;05.06.2020;Freitag;1;11;5;2;3;3;9;101;196;152;138;133;133;145;136;142;129;155;180;169;107;50;58;38;36
313;10905;St.Gallen Stadt Moosbruggst. 2;05.06.2020;Freitag;2;6;1;2;2;0;6;30;58;58;63;75;97;59;43;68;63;75;80;74;48;27;23;21;11
314;10905;St.Gallen Stadt Moosbruggst. 2;06.06.2020;Samstag;1;28;13;7;2;2;13;24;48;65;77;121;120;122;134;102;114;116;89;93;66;61;48;48;29
315;10905;St.Gallen Stadt Moosbruggst. 2;06.06.2020;Samstag;2;10;6;4;2;1;5;7;17;25;39;30;47;45;50;41;49;51;41;54;31;21;26;19;15
316;10905;St.Gallen Stadt Moosbruggst. 2;07.06.2020;Sonntag;1;39;14;10;9;6;2;13;12;33;44;44;58;42;67;62;55;51;81;65;64;58;34;32;13
317;10905;St.Gallen Stadt Moosbruggst. 2;07.06.2020;Sonntag;2;15;8;7;4;0;1;7;5;11;14;20;28;22;30;18;17;20;24;27;23;24;22;12;6
318;10905;St.Gallen Stadt Moosbruggst. 2;08.06.2020;Montag;1;4;12;4;2;3;10;101;201;160;99;123;132;109;126;124;121;156;222;170;82;69;45;33;16
319;10905;St.Gallen Stadt Moosbruggst. 2;08.06.2020;Montag;2;3;4;1;5;3;3;27;65;73;51;55;72;50;60;55;55;79;132;57;35;25;14;12;9
320;10905;St.Gallen Stadt Moosbruggst. 2;09.06.2020;Dienstag;1;6;2;2;1;3;16;103;223;162;153;121;174;141;128;104;124;182;220;178;71;58;34;48;25
321;10905;St.Gallen Stadt Moosbruggst. 2;09.06.2020;Dienstag;2;7;2;3;1;1;9;30;68;60;64;51;64;60;61;57;47;84;107;71;30;22;15;19;12
322;10905;St.Gallen Stadt Moosbruggst. 2;10.06.2020;Mittwoch;1;9;6;1;1;0;13;101;215;162;130;127;166;129;149;138;106;161;194;153;100;64;44;40;19
323;10905;St.Gallen Stadt Moosbruggst. 2;10.06.2020;Mittwoch;2;5;2;0;1;0;1;29;77;61;61;65;81;54;60;77;87;132;92;58;41;17;17;12;14
324;10905;St.Gallen Stadt Moosbruggst. 2;11.06.2020;Donnerstag;1;15;7;4;0;2;12;98;217;107;135;145;158;118;165;119;138;146;220;151;104;53;44;41;27
325;10905;St.Gallen Stadt Moosbruggst. 2;11.06.2020;Donnerstag;2;5;2;4;2;2;5;37;98;133;80;97;81;61;78;83;90;79;136;61;64;36;22;21;17
326;10905;St.Gallen Stadt Moosbruggst. 2;12.06.2020;Freitag;1;12;5;1;1;3;13;108;175;122;119;109;134;133;150;107;88;153;172;141;82;79;60;58;33
327;10905;St.Gallen Stadt Moosbruggst. 2;12.06.2020;Freitag;2;9;5;1;2;0;5;44;98;78;100;102;130;80;82;92;119;119;104;72;52;48;33;32;29
328;10905;St.Gallen Stadt Moosbruggst. 2;13.06.2020;Samstag;1;29;17;8;5;5;15;14;38;48;98;97;88;93;88;92;89;90;97;90;61;40;41;29;27
329;10905;St.Gallen Stadt Moosbruggst. 2;13.06.2020;Samstag;2;20;19;7;4;4;8;14;27;38;55;53;69;68;52;58;55;71;77;56;41;30;34;24;22
330;10905;St.Gallen Stadt Moosbruggst. 2;14.06.2020;Sonntag;1;52;15;6;8;2;4;9;19;24;29;43;54;56;68;62;63;60;75;71;49;37;22;12;13
331;10905;St.Gallen Stadt Moosbruggst. 2;14.06.2020;Sonntag;2;22;18;9;4;3;6;10;15;25;19;39;42;46;38;36;41;40;47;51;38;31;16;12;13
332;10905;St.Gallen Stadt Moosbruggst. 2;15.06.2020;Montag;1;3;7;1;1;3;10;96;192;138;88;110;108;96;138;105;108;155;256;154;47;52;49;29;14
333;10905;St.Gallen Stadt Moosbruggst. 2;15.06.2020;Montag;2;4;4;3;4;1;9;57;98;92;65;85;86;62;89;63;69;109;133;91;53;37;26;24;10
334;10905;St.Gallen Stadt Moosbruggst. 2;16.06.2020;Dienstag;1;1;0;3;1;1;7;102;202;147;308;185;113;127;140;131;153;191;211;132;85;52;40;38;21
335;10905;St.Gallen Stadt Moosbruggst. 2;16.06.2020;Dienstag;2;3;1;3;4;2;7;66;113;102;80;103;78;87;82;96;84;133;120;90;59;52;25;26;19
336;10905;St.Gallen Stadt Moosbruggst. 2;17.06.2020;Mittwoch;1;9;2;2;1;0;12;83;217;161;139;133;152;113;145;119;137;156;246;155;91;68;34;38;26
337;10905;St.Gallen Stadt Moosbruggst. 2;17.06.2020;Mittwoch;2;4;2;7;1;3;5;57;96;91;81;85;83;70;80;95;85;101;149;88;44;46;26;25;14
338;10905;St.Gallen Stadt Moosbruggst. 2;18.06.2020;Donnerstag;1;9;3;0;2;2;11;95;173;128;123;113;130;134;135;118;151;158;213;171;79;52;56;34;16
339;10905;St.Gallen Stadt Moosbruggst. 2;18.06.2020;Donnerstag;2;11;4;3;3;0;13;35;152;105;82;89;100;81;65;78;93;109;115;96;52;40;41;37;13
340;10905;St.Gallen Stadt Moosbruggst. 2;19.06.2020;Freitag;1;9;2;4;0;1;10;91;203;128;172;136;151;133;161;138;147;174;201;154;102;64;55;42;46
341;10905;St.Gallen Stadt Moosbruggst. 2;19.06.2020;Freitag;2;16;1;5;2;1;10;53;91;70;97;104;109;79;99;94;82;109;106;102;74;35;35;36;30
342;10905;St.Gallen Stadt Moosbruggst. 2;20.06.2020;Samstag;1;31;13;10;4;6;5;22;35;73;88;83;108;107;82;106;114;99;103;88;63;56;51;42;37
343;10905;St.Gallen Stadt Moosbruggst. 2;20.06.2020;Samstag;2;25;11;9;6;2;5;18;26;47;45;53;60;69;56;82;62;57;56;44;41;24;36;29;27
344;10905;St.Gallen Stadt Moosbruggst. 2;21.06.2020;Sonntag;1;32;20;13;4;5;5;12;15;20;43;61;57;51;58;50;75;67;80;64;67;44;31;23;13
345;10905;St.Gallen Stadt Moosbruggst. 2;21.06.2020;Sonntag;2;26;17;9;6;2;1;9;12;19;29;34;35;39;29;36;50;37;44;51;32;28;17;11;13
346;10905;St.Gallen Stadt Moosbruggst. 2;22.06.2020;Montag;1;3;3;1;2;2;9;94;197;126;128;103;133;109;165;111;122;162;214;134;90;62;50;25;16
347;10905;St.Gallen Stadt Moosbruggst. 2;22.06.2020;Montag;2;4;0;1;3;2;8;38;92;93;69;67;89;56;71;74;68;103;107;83;51;40;39;16;18
348;10905;St.Gallen Stadt Moosbruggst. 2;23.06.2020;Dienstag;1;7;4;3;0;1;14;112;218;159;136;99;129;95;137;131;157;145;199;140;88;71;53;40;13
349;10905;St.Gallen Stadt Moosbruggst. 2;23.06.2020;Dienstag;2;10;3;2;2;0;11;57;109;94;84;90;92;49;81;77;66;99;107;80;48;49;30;12;17
350;10905;St.Gallen Stadt Moosbruggst. 2;24.06.2020;Mittwoch;1;5;6;6;2;1;23;105;163;155;116;120;155;139;157;113;127;141;211;144;93;70;39;42;20
351;10905;St.Gallen Stadt Moosbruggst. 2;24.06.2020;Mittwoch;2;9;3;5;1;1;16;51;146;109;84;69;81;67;67;73;79;115;129;63;45;34;33;21;16
352;10905;St.Gallen Stadt Moosbruggst. 2;25.06.2020;Donnerstag;1;4;6;4;2;1;16;96;241;166;133;96;141;95;137;101;155;175;214;147;102;65;68;44;23
353;10905;St.Gallen Stadt Moosbruggst. 2;25.06.2020;Donnerstag;2;10;6;4;3;1;13;48;90;87;94;134;88;68;65;61;109;121;120;89;59;44;46;24;19
354;10905;St.Gallen Stadt Moosbruggst. 2;26.06.2020;Freitag;1;7;4;7;3;6;8;107;212;188;154;152;144;103;143;141;152;177;167;144;85;78;45;43;31
355;10905;St.Gallen Stadt Moosbruggst. 2;26.06.2020;Freitag;2;12;6;6;6;5;12;52;56;63;64;82;101;83;78;85;81;128;104;99;61;48;29;29;36
356;10905;St.Gallen Stadt Moosbruggst. 2;27.06.2020;Samstag;1;18;25;8;9;12;9;19;31;67;94;99;105;106;100;99;127;105;111;67;59;61;46;46;39
357;10905;St.Gallen Stadt Moosbruggst. 2;27.06.2020;Samstag;2;20;20;10;9;10;9;14;25;47;74;64;71;68;55;55;65;63;69;51;46;37;33;31;35
358;10905;St.Gallen Stadt Moosbruggst. 2;28.06.2020;Sonntag;1;33;27;18;16;25;9;11;16;26;24;67;75;57;63;56;64;73;80;76;63;50;34;13;15
359;10905;St.Gallen Stadt Moosbruggst. 2;28.06.2020;Sonntag;2;26;16;18;11;12;9;11;13;17;21;40;41;48;49;32;34;68;47;51;40;33;30;15;10
360;10905;St.Gallen Stadt Moosbruggst. 2;29.06.2020;Montag;1;2;2;6;1;1;8;91;201;154;87;106;117;107;136;122;111;125;229;145;87;53;45;31;10
361;10905;St.Gallen Stadt Moosbruggst. 2;29.06.2020;Montag;2;1;3;7;3;0;8;48;109;118;80;110;106;65;94;111;113;113;116;89;59;49;30;26;9
362;10905;St.Gallen Stadt Moosbruggst. 2;30.06.2020;Dienstag;1;3;2;4;5;0;18;91;206;145;141;136;138;116;154;120;136;148;212;148;92;62;43;45;21
363;10905;St.Gallen Stadt Moosbruggst. 2;30.06.2020;Dienstag;2;4;3;2;4;1;18;54;111;99;72;70;78;45;58;65;57;98;117;50;41;26;24;20;10
