LNR;ORT-ID;BEZEICHNUNG;DATUM;WOCHENTAG;RI;1;2;3;4;5;6;7;8;9;10;11;12;13;14;15;16;17;18;19;20;21;22;23;24
0;10931;St.Gallen Stadt St.Jakob-Str.5;01.01.2020;Mittwoch;1;139;197;139;108;73;75;63;41;40;56;98;152;187;199;224;168;177;179;142;130;149;103;78;55
1;10931;St.Gallen Stadt St.Jakob-Str.5;01.01.2020;Mittwoch;2;4;8;2;1;4;1;3;2;0;2;4;4;6;7;4;8;10;4;3;4;5;10;6;0
2;10931;St.Gallen Stadt St.Jakob-Str.5;01.01.2020;Mittwoch;3;154;160;123;85;75;65;60;60;49;52;85;113;140;154;238;264;310;262;195;194;134;131;109;88
3;10931;St.Gallen Stadt St.Jakob-Str.5;02.01.2020;Donnerstag;1;26;30;17;19;24;24;69;78;155;177;269;300;313;360;364;309;281;243;234;168;167;101;79;86
4;10931;St.Gallen Stadt St.Jakob-Str.5;02.01.2020;Donnerstag;2;2;2;0;1;0;0;6;8;6;9;5;9;5;15;12;14;15;14;10;6;3;6;2;4
5;10931;St.Gallen Stadt St.Jakob-Str.5;02.01.2020;Donnerstag;3;45;23;19;15;12;24;80;118;129;152;202;280;256;332;371;449;450;380;290;222;154;163;132;91
6;10931;St.Gallen Stadt St.Jakob-Str.5;03.01.2020;Freitag;1;56;35;25;27;40;46;88;149;194;252;285;317;266;318;352;370;302;297;260;183;176;164;112;122
7;10931;St.Gallen Stadt St.Jakob-Str.5;03.01.2020;Freitag;2;3;1;1;0;0;1;2;9;8;12;16;13;7;19;10;17;17;9;10;8;10;5;6;6
8;10931;St.Gallen Stadt St.Jakob-Str.5;03.01.2020;Freitag;3;65;28;31;17;21;49;91;145;180;217;293;340;292;351;412;437;452;381;310;239;198;195;155;159
9;10931;St.Gallen Stadt St.Jakob-Str.5;04.01.2020;Samstag;1;105;65;64;53;47;25;45;77;130;225;260;319;286;304;336;312;279;243;221;196;182;178;142;108
10;10931;St.Gallen Stadt St.Jakob-Str.5;04.01.2020;Samstag;2;4;2;1;3;1;1;0;2;5;13;11;13;11;14;13;10;5;16;18;8;4;9;6;4
11;10931;St.Gallen Stadt St.Jakob-Str.5;04.01.2020;Samstag;3;127;76;57;52;52;32;53;75;117;205;259;321;306;324;344;376;372;318;229;187;193;185;195;187
12;10931;St.Gallen Stadt St.Jakob-Str.5;05.01.2020;Sonntag;1;82;114;71;72;45;37;30;39;84;119;202;218;202;247;230;239;235;207;189;163;162;88;74;32
13;10931;St.Gallen Stadt St.Jakob-Str.5;05.01.2020;Sonntag;2;5;5;4;0;0;0;2;2;2;1;5;8;9;10;5;10;4;5;4;5;3;6;3;1
14;10931;St.Gallen Stadt St.Jakob-Str.5;05.01.2020;Sonntag;3;132;124;67;58;48;44;45;38;65;81;149;160;219;210;267;288;356;298;245;203;162;134;86;64
15;10931;St.Gallen Stadt St.Jakob-Str.5;06.01.2020;Montag;1;32;17;11;13;32;55;210;358;316;302;273;302;247;379;327;328;360;331;279;178;127;109;100;42
16;10931;St.Gallen Stadt St.Jakob-Str.5;06.01.2020;Montag;2;2;1;0;1;1;3;6;6;6;11;10;10;11;11;18;20;22;13;8;8;4;2;7;2
17;10931;St.Gallen Stadt St.Jakob-Str.5;06.01.2020;Montag;3;47;20;15;7;20;58;200;271;270;229;331;383;305;337;361;465;469;418;374;271;176;174;117;57
18;10931;St.Gallen Stadt St.Jakob-Str.5;07.01.2020;Dienstag;1;22;18;25;18;38;60;188;359;308;285;317;338;261;362;310;282;344;381;298;201;133;140;78;48
19;10931;St.Gallen Stadt St.Jakob-Str.5;07.01.2020;Dienstag;2;2;0;2;2;1;1;3;8;12;10;16;25;15;11;17;19;20;16;5;1;4;3;5;4
20;10931;St.Gallen Stadt St.Jakob-Str.5;07.01.2020;Dienstag;3;40;28;17;17;24;52;193;289;248;244;341;386;286;357;369;388;444;417;390;277;197;189;130;79
21;10931;St.Gallen Stadt St.Jakob-Str.5;08.01.2020;Mittwoch;1;23;22;19;16;34;67;226;359;318;264;304;286;263;384;358;339;381;423;293;240;164;127;98;55
22;10931;St.Gallen Stadt St.Jakob-Str.5;08.01.2020;Mittwoch;2;0;0;1;0;1;0;3;18;10;17;17;18;8;11;32;22;11;13;11;7;6;6;2;0
23;10931;St.Gallen Stadt St.Jakob-Str.5;08.01.2020;Mittwoch;3;36;26;13;14;17;62;184;270;268;275;329;404;287;358;392;422;515;465;342;291;220;198;146;65
24;10931;St.Gallen Stadt St.Jakob-Str.5;09.01.2020;Donnerstag;1;28;17;18;12;29;63;194;360;314;304;288;270;244;382;335;338;368;391;297;237;194;141;104;60
25;10931;St.Gallen Stadt St.Jakob-Str.5;09.01.2020;Donnerstag;2;2;0;1;1;0;1;5;5;14;12;14;13;21;16;16;14;22;19;12;11;4;2;4;4
26;10931;St.Gallen Stadt St.Jakob-Str.5;09.01.2020;Donnerstag;3;46;27;16;15;19;64;180;281;254;286;355;380;312;327;409;401;432;432;367;311;257;227;170;95
27;10931;St.Gallen Stadt St.Jakob-Str.5;10.01.2020;Freitag;1;35;28;21;22;28;64;195;308;307;320;335;294;259;406;348;346;424;381;327;234;215;196;156;139
28;10931;St.Gallen Stadt St.Jakob-Str.5;10.01.2020;Freitag;2;0;2;0;0;0;1;5;8;13;11;18;21;14;25;25;11;18;21;20;13;12;5;7;6
29;10931;St.Gallen Stadt St.Jakob-Str.5;10.01.2020;Freitag;3;53;24;25;12;30;56;158;236;297;287;360;400;318;390;418;421;484;456;400;336;236;238;188;190
30;10931;St.Gallen Stadt St.Jakob-Str.5;11.01.2020;Samstag;1;93;82;80;60;49;38;72;109;183;268;341;337;321;341;319;363;316;264;246;219;176;166;140;130
31;10931;St.Gallen Stadt St.Jakob-Str.5;11.01.2020;Samstag;2;1;2;2;1;0;0;0;3;5;12;15;13;7;20;12;15;11;11;7;7;3;7;10;6
32;10931;St.Gallen Stadt St.Jakob-Str.5;11.01.2020;Samstag;3;127;98;76;62;41;36;78;110;154;237;295;362;370;402;366;398;419;385;261;202;207;208;167;207
33;10931;St.Gallen Stadt St.Jakob-Str.5;12.01.2020;Sonntag;1;97;107;87;84;69;27;37;42;83;140;218;257;297;248;289;239;318;348;231;209;133;125;61;47
34;10931;St.Gallen Stadt St.Jakob-Str.5;12.01.2020;Sonntag;2;4;3;1;1;1;1;1;1;1;1;7;8;7;9;7;5;14;7;8;7;7;1;3;1
35;10931;St.Gallen Stadt St.Jakob-Str.5;12.01.2020;Sonntag;3;117;104;86;83;62;44;42;41;67;100;170;194;257;259;301;344;430;314;240;256;206;149;106;59
36;10931;St.Gallen Stadt St.Jakob-Str.5;13.01.2020;Montag;1;35;14;9;17;33;68;209;381;300;320;275;296;222;371;347;339;371;402;286;225;144;118;79;47
37;10931;St.Gallen Stadt St.Jakob-Str.5;13.01.2020;Montag;2;0;0;1;0;1;1;3;11;12;10;11;9;22;14;18;15;20;15;10;6;4;6;2;1
38;10931;St.Gallen Stadt St.Jakob-Str.5;13.01.2020;Montag;3;41;12;12;15;18;79;172;269;260;271;329;379;292;340;354;422;420;419;354;285;226;199;132;68
39;10931;St.Gallen Stadt St.Jakob-Str.5;14.01.2020;Dienstag;1;35;8;12;19;19;77;215;386;354;294;322;320;221;362;314;305;377;362;318;189;142;137;89;41
40;10931;St.Gallen Stadt St.Jakob-Str.5;14.01.2020;Dienstag;2;1;0;0;0;0;0;3;13;16;12;13;17;6;13;11;15;24;17;9;11;4;4;7;2
41;10931;St.Gallen Stadt St.Jakob-Str.5;14.01.2020;Dienstag;3;30;17;13;7;19;67;182;290;283;265;361;394;240;370;352;402;445;426;369;266;211;185;159;81
42;10931;St.Gallen Stadt St.Jakob-Str.5;15.01.2020;Mittwoch;1;28;22;16;9;31;84;219;377;300;300;330;301;244;373;341;338;382;385;310;213;141;117;106;38
43;10931;St.Gallen Stadt St.Jakob-Str.5;15.01.2020;Mittwoch;2;1;0;1;1;0;0;2;9;16;20;24;21;12;11;23;15;20;28;15;14;5;5;7;3
44;10931;St.Gallen Stadt St.Jakob-Str.5;15.01.2020;Mittwoch;3;29;24;20;8;18;72;191;301;260;287;339;364;286;354;378;382;461;453;387;266;211;206;143;64
45;10931;St.Gallen Stadt St.Jakob-Str.5;16.01.2020;Donnerstag;1;25;16;23;12;27;76;223;338;321;298;302;308;261;369;312;319;356;433;325;267;179;145;119;60
46;10931;St.Gallen Stadt St.Jakob-Str.5;16.01.2020;Donnerstag;2;2;1;3;3;0;1;5;8;11;24;14;15;20;14;13;10;18;16;11;15;5;7;8;3
47;10931;St.Gallen Stadt St.Jakob-Str.5;16.01.2020;Donnerstag;3;41;20;23;8;16;74;174;261;268;290;346;404;302;336;383;383;456;432;400;306;268;221;194;113
48;10931;St.Gallen Stadt St.Jakob-Str.5;17.01.2020;Freitag;1;42;22;21;15;22;69;233;321;314;308;308;317;281;369;350;353;404;392;350;225;197;176;168;131
49;10931;St.Gallen Stadt St.Jakob-Str.5;17.01.2020;Freitag;2;0;0;1;0;0;1;7;7;18;13;16;24;9;13;21;17;21;13;24;12;4;6;2;9
50;10931;St.Gallen Stadt St.Jakob-Str.5;17.01.2020;Freitag;3;47;28;21;14;17;76;176;275;276;319;403;434;308;351;384;446;463;510;452;298;260;220;230;178
51;10931;St.Gallen Stadt St.Jakob-Str.5;18.01.2020;Samstag;1;103;86;76;63;55;39;56;99;196;318;336;344;358;353;399;386;335;313;280;190;193;179;174;171
52;10931;St.Gallen Stadt St.Jakob-Str.5;18.01.2020;Samstag;2;5;3;1;6;2;1;2;3;13;27;24;13;19;28;18;17;11;20;21;10;6;8;10;7
53;10931;St.Gallen Stadt St.Jakob-Str.5;18.01.2020;Samstag;3;114;100;74;72;46;49;49;88;187;309;370;398;378;400;440;407;418;399;288;246;196;224;234;206
54;10931;St.Gallen Stadt St.Jakob-Str.5;19.01.2020;Sonntag;1;118;99;82;87;71;35;32;48;80;140;179;232;229;275;283;293;318;300;213;208;147;112;85;50
55;10931;St.Gallen Stadt St.Jakob-Str.5;19.01.2020;Sonntag;2;5;6;2;1;2;1;0;2;1;6;16;12;16;14;21;21;21;16;10;7;1;6;6;1
56;10931;St.Gallen Stadt St.Jakob-Str.5;19.01.2020;Sonntag;3;142;112;83;63;66;53;41;54;96;147;209;233;261;270;317;303;324;326;275;229;185;152;101;60
57;10931;St.Gallen Stadt St.Jakob-Str.5;20.01.2020;Montag;1;20;13;9;18;28;68;232;364;332;338;408;287;282;363;367;352;384;405;323;214;159;137;108;51
58;10931;St.Gallen Stadt St.Jakob-Str.5;20.01.2020;Montag;2;0;0;0;1;0;3;4;14;5;17;20;16;16;15;17;14;21;15;11;8;2;5;3;1
59;10931;St.Gallen Stadt St.Jakob-Str.5;20.01.2020;Montag;3;31;15;14;10;20;67;183;289;274;262;324;412;278;334;409;376;449;445;392;301;233;180;122;71
60;10931;St.Gallen Stadt St.Jakob-Str.5;21.01.2020;Dienstag;1;28;14;15;16;33;68;243;395;322;310;351;331;268;379;338;349;390;409;339;240;174;137;97;59
61;10931;St.Gallen Stadt St.Jakob-Str.5;21.01.2020;Dienstag;2;0;1;1;2;1;1;3;8;12;14;14;14;16;17;14;18;15;17;9;5;6;3;1;2
62;10931;St.Gallen Stadt St.Jakob-Str.5;21.01.2020;Dienstag;3;29;17;11;7;17;74;198;277;258;305;358;386;282;336;362;396;453;442;408;238;207;182;152;74
63;10931;St.Gallen Stadt St.Jakob-Str.5;22.01.2020;Mittwoch;1;29;14;17;12;28;79;223;345;351;302;350;338;276;356;392;375;386;413;405;259;183;154;104;55
64;10931;St.Gallen Stadt St.Jakob-Str.5;22.01.2020;Mittwoch;2;0;0;0;1;0;0;4;9;16;23;10;22;10;13;18;11;21;16;16;7;5;4;2;3
65;10931;St.Gallen Stadt St.Jakob-Str.5;22.01.2020;Mittwoch;3;34;17;14;8;18;60;181;288;287;285;320;402;293;339;346;378;476;470;391;263;235;185;160;82
66;10931;St.Gallen Stadt St.Jakob-Str.5;23.01.2020;Donnerstag;1;34;18;19;18;27;77;220;340;351;328;331;331;286;408;341;371;332;437;339;257;214;145;123;57
67;10931;St.Gallen Stadt St.Jakob-Str.5;23.01.2020;Donnerstag;2;0;1;2;2;1;1;3;9;21;17;18;11;11;26;15;19;14;27;7;9;5;4;3;3
68;10931;St.Gallen Stadt St.Jakob-Str.5;23.01.2020;Donnerstag;3;43;26;21;11;17;69;197;274;279;292;325;413;314;370;380;409;469;490;369;320;282;240;177;109
69;10931;St.Gallen Stadt St.Jakob-Str.5;24.01.2020;Freitag;1;41;28;22;19;35;73;191;342;347;330;318;363;255;404;367;366;386;387;352;218;193;177;144;142
70;10931;St.Gallen Stadt St.Jakob-Str.5;24.01.2020;Freitag;2;0;4;1;2;0;3;3;7;15;23;14;17;14;22;15;20;18;24;18;12;4;7;5;8
71;10931;St.Gallen Stadt St.Jakob-Str.5;24.01.2020;Freitag;3;43;27;26;18;29;65;176;261;299;292;367;426;312;361;440;441;490;448;378;311;223;227;192;200
72;10931;St.Gallen Stadt St.Jakob-Str.5;25.01.2020;Samstag;1;108;78;74;59;52;33;64;108;195;250;318;359;336;342;380;317;314;265;250;219;197;174;161;144
73;10931;St.Gallen Stadt St.Jakob-Str.5;25.01.2020;Samstag;2;8;3;3;3;0;1;2;2;7;17;14;20;15;17;6;17;12;19;15;11;7;11;10;4
74;10931;St.Gallen Stadt St.Jakob-Str.5;25.01.2020;Samstag;3;151;94;69;57;53;42;58;98;160;248;311;392;328;350;422;413;431;389;252;251;199;197;223;180
75;10931;St.Gallen Stadt St.Jakob-Str.5;26.01.2020;Sonntag;1;120;105;95;89;58;37;38;42;67;123;174;254;248;271;276;262;232;222;219;179;139;104;66;43
76;10931;St.Gallen Stadt St.Jakob-Str.5;26.01.2020;Sonntag;2;5;2;1;1;0;1;1;0;5;3;4;7;6;16;14;5;9;7;5;5;4;4;2;1
77;10931;St.Gallen Stadt St.Jakob-Str.5;26.01.2020;Sonntag;3;140;123;77;70;53;39;46;50;59;119;150;176;227;253;274;317;361;299;269;238;195;150;106;62
78;10931;St.Gallen Stadt St.Jakob-Str.5;27.01.2020;Montag;1;28;13;14;20;20;68;201;308;246;268;252;264;224;347;320;279;303;360;250;181;129;96;64;35
79;10931;St.Gallen Stadt St.Jakob-Str.5;27.01.2020;Montag;2;0;0;1;1;1;0;4;7;18;18;12;17;13;10;14;17;10;15;12;8;3;6;4;0
80;10931;St.Gallen Stadt St.Jakob-Str.5;27.01.2020;Montag;3;28;17;11;10;26;61;175;257;242;243;294;346;272;341;348;399;446;385;305;252;187;136;109;69
81;10931;St.Gallen Stadt St.Jakob-Str.5;28.01.2020;Dienstag;1;30;14;18;13;20;65;193;314;266;271;313;337;250;356;325;341;353;385;291;221;156;125;69;51
82;10931;St.Gallen Stadt St.Jakob-Str.5;28.01.2020;Dienstag;2;1;0;2;0;1;1;4;7;12;12;15;16;12;22;19;14;15;23;10;15;3;3;3;1
83;10931;St.Gallen Stadt St.Jakob-Str.5;28.01.2020;Dienstag;3;40;18;16;7;26;62;174;249;240;251;310;337;268;337;377;369;439;392;323;271;198;171;166;67
84;10931;St.Gallen Stadt St.Jakob-Str.5;29.01.2020;Mittwoch;1;34;27;26;35;43;76;197;316;293;280;320;299;266;401;355;343;319;362;291;222;143;132;96;60
85;10931;St.Gallen Stadt St.Jakob-Str.5;29.01.2020;Mittwoch;2;0;2;1;2;1;0;8;12;13;15;11;16;8;20;29;19;17;17;9;7;8;10;1;1
86;10931;St.Gallen Stadt St.Jakob-Str.5;29.01.2020;Mittwoch;3;45;20;28;27;38;65;176;260;225;264;275;359;278;310;354;383;418;400;329;255;176;179;135;95
87;10931;St.Gallen Stadt St.Jakob-Str.5;30.01.2020;Donnerstag;1;30;25;19;15;28;61;207;317;286;294;339;350;265;404;356;333;346;415;315;214;184;140;107;58
88;10931;St.Gallen Stadt St.Jakob-Str.5;30.01.2020;Donnerstag;2;0;1;1;0;0;1;4;10;8;12;16;16;15;20;11;11;18;23;9;10;10;4;4;2
89;10931;St.Gallen Stadt St.Jakob-Str.5;30.01.2020;Donnerstag;3;41;31;16;11;15;76;186;246;241;270;312;390;296;320;400;385;438;414;347;269;229;186;168;78
90;10931;St.Gallen Stadt St.Jakob-Str.5;31.01.2020;Freitag;1;31;25;29;27;31;78;184;293;284;337;361;325;286;336;393;381;371;368;343;233;202;167;171;136
91;10931;St.Gallen Stadt St.Jakob-Str.5;31.01.2020;Freitag;2;0;0;0;0;2;0;2;7;19;14;16;19;14;10;11;13;17;18;12;10;5;12;7;7
92;10931;St.Gallen Stadt St.Jakob-Str.5;31.01.2020;Freitag;3;50;34;25;17;27;64;172;248;250;283;376;412;294;356;391;413;428;403;335;285;225;210;204;189
93;10931;St.Gallen Stadt St.Jakob-Str.5;01.02.2020;Samstag;1;115;103;69;67;67;35;52;101;208;288;373;381;343;435;408;327;321;254;246;197;193;164;154;149
94;10931;St.Gallen Stadt St.Jakob-Str.5;01.02.2020;Samstag;2;8;5;1;0;1;1;1;2;6;15;11;13;20;14;14;18;19;6;8;12;9;7;9;4
95;10931;St.Gallen Stadt St.Jakob-Str.5;01.02.2020;Samstag;3;135;112;61;58;56;40;65;92;148;269;300;362;392;374;419;449;379;364;278;207;178;191;186;158
96;10931;St.Gallen Stadt St.Jakob-Str.5;02.02.2020;Sonntag;1;133;90;61;78;68;31;33;39;73;144;177;204;204;232;274;262;276;227;242;205;179;115;75;38
97;10931;St.Gallen Stadt St.Jakob-Str.5;02.02.2020;Sonntag;2;6;5;1;2;1;0;0;1;0;2;5;6;3;5;6;7;5;10;4;3;2;3;3;3
98;10931;St.Gallen Stadt St.Jakob-Str.5;02.02.2020;Sonntag;3;149;102;64;73;68;38;41;44;73;105;160;179;239;234;242;264;269;287;256;209;190;162;96;53
99;10931;St.Gallen Stadt St.Jakob-Str.5;03.02.2020;Montag;1;25;15;22;21;39;78;252;374;386;281;303;333;272;401;341;359;355;389;322;217;136;134;76;26
100;10931;St.Gallen Stadt St.Jakob-Str.5;03.02.2020;Montag;2;2;0;2;1;0;1;3;7;16;16;14;16;10;12;15;22;18;16;14;14;3;5;1;1
101;10931;St.Gallen Stadt St.Jakob-Str.5;03.02.2020;Montag;3;28;20;18;16;32;70;193;267;257;301;336;381;269;341;369;403;456;455;381;298;189;178;120;63
102;10931;St.Gallen Stadt St.Jakob-Str.5;04.02.2020;Dienstag;1;28;22;24;20;37;81;243;423;367;310;327;350;262;394;325;312;372;419;309;223;128;124;80;57
103;10931;St.Gallen Stadt St.Jakob-Str.5;04.02.2020;Dienstag;2;0;1;2;1;0;1;2;9;10;13;11;22;15;18;12;18;22;17;16;7;12;3;3;7
104;10931;St.Gallen Stadt St.Jakob-Str.5;04.02.2020;Dienstag;3;26;22;25;13;23;63;206;300;259;293;300;392;314;302;374;385;448;475;397;269;201;196;150;69
105;10931;St.Gallen Stadt St.Jakob-Str.5;05.02.2020;Mittwoch;1;30;12;18;20;45;81;222;407;374;334;318;353;297;386;382;380;382;424;350;263;148;154;109;72
106;10931;St.Gallen Stadt St.Jakob-Str.5;05.02.2020;Mittwoch;2;0;0;0;2;0;1;6;11;10;16;19;18;14;22;31;22;22;25;15;11;2;2;4;4
107;10931;St.Gallen Stadt St.Jakob-Str.5;05.02.2020;Mittwoch;3;33;20;12;12;28;62;191;306;261;303;358;376;310;355;381;429;494;515;378;324;249;226;172;80
108;10931;St.Gallen Stadt St.Jakob-Str.5;06.02.2020;Donnerstag;1;36;13;22;24;31;65;210;384;407;320;342;327;352;419;347;342;381;520;395;289;191;167;117;70
109;10931;St.Gallen Stadt St.Jakob-Str.5;06.02.2020;Donnerstag;2;0;0;3;3;0;1;6;4;14;21;17;12;15;7;27;18;15;29;16;13;7;7;11;2
110;10931;St.Gallen Stadt St.Jakob-Str.5;06.02.2020;Donnerstag;3;43;17;22;12;23;68;200;282;298;296;334;401;312;352;373;419;438;486;392;309;271;229;180;100
111;10931;St.Gallen Stadt St.Jakob-Str.5;07.02.2020;Freitag;1;57;27;32;20;37;77;201;378;367;327;361;357;306;403;368;372;398;401;365;258;213;175;173;145
112;10931;St.Gallen Stadt St.Jakob-Str.5;07.02.2020;Freitag;2;0;1;3;0;1;1;4;7;14;19;21;29;13;20;20;14;17;23;9;17;10;9;5;7
113;10931;St.Gallen Stadt St.Jakob-Str.5;07.02.2020;Freitag;3;51;26;23;19;25;68;176;249;255;316;387;432;348;344;381;449;493;495;377;292;247;213;250;169
114;10931;St.Gallen Stadt St.Jakob-Str.5;08.02.2020;Samstag;1;107;87;60;58;50;45;75;108;239;300;387;363;362;354;390;300;328;306;262;230;219;196;164;170
115;10931;St.Gallen Stadt St.Jakob-Str.5;08.02.2020;Samstag;2;5;4;1;0;0;1;0;6;14;15;17;25;17;18;21;8;12;15;12;19;13;6;8;6
116;10931;St.Gallen Stadt St.Jakob-Str.5;08.02.2020;Samstag;3;109;99;66;53;57;44;60;98;181;279;361;351;375;385;387;379;418;421;279;234;193;198;234;173
117;10931;St.Gallen Stadt St.Jakob-Str.5;09.02.2020;Sonntag;1;117;98;82;79;58;39;31;55;85;157;221;251;254;275;321;287;342;245;211;190;155;96;73;38
118;10931;St.Gallen Stadt St.Jakob-Str.5;09.02.2020;Sonntag;2;8;2;2;2;0;1;0;1;4;4;9;15;11;9;9;10;6;7;4;9;6;0;4;0
119;10931;St.Gallen Stadt St.Jakob-Str.5;09.02.2020;Sonntag;3;141;127;90;74;59;56;52;43;57;106;180;226;247;264;281;296;336;291;294;261;191;115;83;57
120;10931;St.Gallen Stadt St.Jakob-Str.5;10.02.2020;Montag;1;25;14;19;18;32;71;227;444;341;307;304;300;262;385;335;366;368;432;290;216;139;96;76;35
121;10931;St.Gallen Stadt St.Jakob-Str.5;10.02.2020;Montag;2;0;0;0;0;0;3;3;10;17;17;11;22;8;12;12;31;27;17;19;9;7;4;1;0
122;10931;St.Gallen Stadt St.Jakob-Str.5;10.02.2020;Montag;3;26;14;14;7;19;66;206;338;284;273;324;391;309;301;358;379;413;464;368;257;198;204;103;58
123;10931;St.Gallen Stadt St.Jakob-Str.5;11.02.2020;Dienstag;1;28;9;15;13;33;72;242;385;392;357;333;327;270;359;331;352;390;431;350;246;154;123;88;51
124;10931;St.Gallen Stadt St.Jakob-Str.5;11.02.2020;Dienstag;2;0;2;0;1;2;0;3;7;15;15;20;25;10;24;27;17;20;22;8;6;12;7;0;0
125;10931;St.Gallen Stadt St.Jakob-Str.5;11.02.2020;Dienstag;3;29;17;16;14;23;62;215;272;298;313;343;413;257;351;388;410;465;465;355;306;221;185;152;82
126;10931;St.Gallen Stadt St.Jakob-Str.5;12.02.2020;Mittwoch;1;23;20;17;14;35;89;252;419;391;324;350;361;287;391;406;361;366;437;353;268;132;172;114;41
127;10931;St.Gallen Stadt St.Jakob-Str.5;12.02.2020;Mittwoch;2;0;2;0;1;0;1;3;6;18;26;19;20;12;22;39;23;14;26;19;8;6;8;5;2
128;10931;St.Gallen Stadt St.Jakob-Str.5;12.02.2020;Mittwoch;3;35;18;20;13;22;73;193;280;274;295;350;420;322;382;423;392;442;477;380;291;222;221;137;57
129;10931;St.Gallen Stadt St.Jakob-Str.5;13.02.2020;Donnerstag;1;27;26;16;21;39;68;229;384;337;353;305;384;270;422;341;308;409;478;358;287;208;146;121;73
130;10931;St.Gallen Stadt St.Jakob-Str.5;13.02.2020;Donnerstag;2;2;0;1;0;1;2;8;6;15;20;13;18;19;17;14;21;29;25;15;9;5;7;5;2
131;10931;St.Gallen Stadt St.Jakob-Str.5;13.02.2020;Donnerstag;3;44;22;17;20;19;59;199;300;289;301;350;415;308;355;397;399;451;490;413;322;277;236;168;99
132;10931;St.Gallen Stadt St.Jakob-Str.5;14.02.2020;Freitag;1;42;23;22;20;32;77;223;385;379;356;338;353;332;383;401;382;433;435;376;253;231;179;172;138
133;10931;St.Gallen Stadt St.Jakob-Str.5;14.02.2020;Freitag;2;1;2;1;0;0;0;6;5;18;20;16;17;12;23;18;18;16;24;19;12;8;8;16;6
134;10931;St.Gallen Stadt St.Jakob-Str.5;14.02.2020;Freitag;3;38;30;17;23;17;69;211;275;311;294;370;424;319;380;387;450;476;512;436;297;235;240;195;174
135;10931;St.Gallen Stadt St.Jakob-Str.5;15.02.2020;Samstag;1;94;84;72;71;55;27;85;117;210;305;326;348;359;410;416;321;312;318;264;227;215;165;170;165
136;10931;St.Gallen Stadt St.Jakob-Str.5;15.02.2020;Samstag;2;5;2;1;1;0;2;0;3;5;18;15;20;16;18;19;12;12;14;15;13;5;6;4;5
137;10931;St.Gallen Stadt St.Jakob-Str.5;15.02.2020;Samstag;3;108;101;62;60;43;38;67;104;167;239;302;366;371;367;391;432;405;406;283;227;210;213;199;179
138;10931;St.Gallen Stadt St.Jakob-Str.5;16.02.2020;Sonntag;1;112;97;68;75;62;39;43;46;86;142;202;247;225;267;281;272;284;279;243;218;159;111;77;36
139;10931;St.Gallen Stadt St.Jakob-Str.5;16.02.2020;Sonntag;2;4;5;0;0;0;1;0;1;1;3;10;9;10;14;11;8;7;11;3;5;4;2;5;3
140;10931;St.Gallen Stadt St.Jakob-Str.5;16.02.2020;Sonntag;3;130;107;80;67;56;51;44;49;72;99;189;221;262;244;294;335;313;318;244;214;205;147;90;53
141;10931;St.Gallen Stadt St.Jakob-Str.5;17.02.2020;Montag;1;19;21;16;16;25;76;237;414;364;285;295;309;275;411;365;327;379;429;289;243;145;105;82;42
142;10931;St.Gallen Stadt St.Jakob-Str.5;17.02.2020;Montag;2;2;2;0;1;0;3;3;8;17;10;15;30;20;31;19;22;20;18;11;13;2;3;3;0
143;10931;St.Gallen Stadt St.Jakob-Str.5;17.02.2020;Montag;3;31;14;7;14;18;62;194;287;283;263;291;384;290;342;395;421;421;422;349;280;192;192;140;69
144;10931;St.Gallen Stadt St.Jakob-Str.5;18.02.2020;Dienstag;1;22;18;20;19;36;71;227;425;381;338;326;349;282;343;337;346;428;441;357;247;187;141;82;58
145;10931;St.Gallen Stadt St.Jakob-Str.5;18.02.2020;Dienstag;2;2;1;0;0;0;1;3;13;20;14;21;16;9;15;14;23;23;23;16;10;5;6;5;3
146;10931;St.Gallen Stadt St.Jakob-Str.5;18.02.2020;Dienstag;3;32;27;10;14;21;60;199;289;309;306;350;373;292;319;355;412;444;472;415;306;215;200;132;94
147;10931;St.Gallen Stadt St.Jakob-Str.5;19.02.2020;Mittwoch;1;21;21;17;22;25;60;224;399;351;368;349;341;276;367;368;344;388;468;384;235;176;128;94;67
148;10931;St.Gallen Stadt St.Jakob-Str.5;19.02.2020;Mittwoch;2;1;2;0;1;1;1;5;9;33;22;13;19;17;13;17;19;28;21;17;10;10;4;2;2
149;10931;St.Gallen Stadt St.Jakob-Str.5;19.02.2020;Mittwoch;3;48;19;19;18;17;60;191;279;298;304;390;413;297;368;382;407;469;445;422;302;235;204;172;88
150;10931;St.Gallen Stadt St.Jakob-Str.5;20.02.2020;Donnerstag;1;33;35;25;35;36;80;232;419;370;352;402;349;281;398;342;377;437;537;429;242;198;141;112;67
151;10931;St.Gallen Stadt St.Jakob-Str.5;20.02.2020;Donnerstag;2;4;3;2;0;0;1;6;16;18;17;38;30;23;25;18;23;33;26;27;17;15;8;3;7
152;10931;St.Gallen Stadt St.Jakob-Str.5;20.02.2020;Donnerstag;3;47;37;28;27;24;67;195;265;361;425;420;421;314;366;419;391;464;482;418;314;254;267;183;125
153;10931;St.Gallen Stadt St.Jakob-Str.5;21.02.2020;Freitag;1;58;40;40;24;30;65;228;362;335;390;373;399;317;390;385;413;397;405;508;282;229;182;173;139
154;10931;St.Gallen Stadt St.Jakob-Str.5;21.02.2020;Freitag;2;2;1;1;1;0;2;4;6;23;52;48;55;33;38;37;30;22;36;23;24;13;8;14;11
155;10931;St.Gallen Stadt St.Jakob-Str.5;21.02.2020;Freitag;3;52;46;34;24;26;60;181;255;354;387;414;460;327;423;420;496;532;502;352;314;273;198;223;197
156;10931;St.Gallen Stadt St.Jakob-Str.5;22.02.2020;Samstag;1;108;83;73;69;48;44;66;150;246;332;389;349;387;365;365;356;336;389;309;300;196;185;169;152
157;10931;St.Gallen Stadt St.Jakob-Str.5;22.02.2020;Samstag;2;5;5;2;2;3;1;3;7;20;28;30;28;14;14;19;17;20;29;17;11;7;10;8;6
158;10931;St.Gallen Stadt St.Jakob-Str.5;22.02.2020;Samstag;3;138;105;69;53;50;34;83;116;231;308;339;397;358;404;401;430;470;438;286;255;198;204;211;197
159;10931;St.Gallen Stadt St.Jakob-Str.5;23.02.2020;Sonntag;1;117;116;95;90;63;33;47;58;101;166;230;268;304;353;327;347;329;319;231;221;166;114;70;48
160;10931;St.Gallen Stadt St.Jakob-Str.5;23.02.2020;Sonntag;2;10;2;1;1;0;0;0;2;18;33;30;28;20;25;18;22;26;33;16;5;4;2;1;0
161;10931;St.Gallen Stadt St.Jakob-Str.5;23.02.2020;Sonntag;3;146;135;98;88;52;50;58;62;138;179;222;262;251;250;270;381;409;351;292;252;216;140;107;56
162;10931;St.Gallen Stadt St.Jakob-Str.5;24.02.2020;Montag;1;28;18;11;24;27;55;246;391;364;277;282;313;270;347;357;328;441;415;328;224;154;154;113;46
163;10931;St.Gallen Stadt St.Jakob-Str.5;24.02.2020;Montag;2;1;0;1;1;0;3;4;10;15;14;15;16;11;12;15;18;27;25;19;12;6;3;2;0
164;10931;St.Gallen Stadt St.Jakob-Str.5;24.02.2020;Montag;3;22;19;15;15;26;70;196;295;276;263;320;413;283;341;341;393;503;443;397;274;215;213;149;63
165;10931;St.Gallen Stadt St.Jakob-Str.5;25.02.2020;Dienstag;1;19;17;18;17;29;73;254;441;348;355;314;361;297;379;347;355;403;467;379;237;176;138;93;75
166;10931;St.Gallen Stadt St.Jakob-Str.5;25.02.2020;Dienstag;2;0;0;0;2;1;2;7;8;11;13;9;18;13;12;19;17;17;15;21;8;4;2;4;2
167;10931;St.Gallen Stadt St.Jakob-Str.5;25.02.2020;Dienstag;3;32;15;13;13;17;66;216;308;284;293;353;390;332;391;371;400;470;455;407;315;206;202;184;95
168;10931;St.Gallen Stadt St.Jakob-Str.5;26.02.2020;Mittwoch;1;45;23;25;15;42;74;234;417;399;335;296;355;275;363;361;304;409;427;386;268;172;158;105;62
169;10931;St.Gallen Stadt St.Jakob-Str.5;26.02.2020;Mittwoch;2;2;0;1;1;1;1;6;5;9;11;13;20;5;19;23;17;25;27;17;15;5;5;8;1
170;10931;St.Gallen Stadt St.Jakob-Str.5;26.02.2020;Mittwoch;3;64;24;20;16;19;70;192;285;293;311;369;395;326;342;384;406;438;496;446;310;255;192;160;96
171;10931;St.Gallen Stadt St.Jakob-Str.5;27.02.2020;Donnerstag;1;34;23;38;31;37;76;223;432;381;357;344;315;266;390;375;339;382;442;387;288;202;171;126;50
172;10931;St.Gallen Stadt St.Jakob-Str.5;27.02.2020;Donnerstag;2;4;3;1;1;0;2;7;9;15;11;14;20;16;14;26;19;19;22;22;9;5;9;2;0
173;10931;St.Gallen Stadt St.Jakob-Str.5;27.02.2020;Donnerstag;3;41;23;22;30;26;75;207;286;323;302;372;381;311;344;409;397;441;473;387;310;232;240;196;108
174;10931;St.Gallen Stadt St.Jakob-Str.5;28.02.2020;Freitag;1;46;39;28;28;39;68;201;379;367;350;370;379;331;418;410;430;413;446;383;309;219;201;160;124
175;10931;St.Gallen Stadt St.Jakob-Str.5;28.02.2020;Freitag;2;3;4;2;0;0;0;5;8;18;20;21;21;17;18;17;21;31;23;16;15;3;12;10;6
176;10931;St.Gallen Stadt St.Jakob-Str.5;28.02.2020;Freitag;3;51;41;30;15;27;73;207;283;323;349;371;428;321;348;425;491;473;451;384;314;244;262;202;171
177;10931;St.Gallen Stadt St.Jakob-Str.5;29.02.2020;Samstag;1;98;85;62;76;60;35;72;137;213;315;359;361;342;409;358;383;321;317;250;234;179;190;201;144
178;10931;St.Gallen Stadt St.Jakob-Str.5;29.02.2020;Samstag;2;5;1;1;1;0;2;0;5;6;13;20;21;16;15;12;14;10;10;18;11;7;9;6;6
179;10931;St.Gallen Stadt St.Jakob-Str.5;29.02.2020;Samstag;3;111;88;79;62;63;39;81;109;198;279;382;407;385;376;405;418;413;390;272;224;190;179;187;201
180;10931;St.Gallen Stadt St.Jakob-Str.5;01.03.2020;Sonntag;1;128;101;92;92;78;36;34;53;84;138;190;278;250;278;302;321;310;321;262;242;181;97;71;52
181;10931;St.Gallen Stadt St.Jakob-Str.5;01.03.2020;Sonntag;2;7;3;2;4;1;0;0;3;0;3;4;6;12;8;8;12;16;7;4;6;4;4;3;0
182;10931;St.Gallen Stadt St.Jakob-Str.5;01.03.2020;Sonntag;3;177;121;84;82;56;48;49;38;65;124;165;217;254;277;300;295;325;341;267;260;207;157;90;68
183;10931;St.Gallen Stadt St.Jakob-Str.5;02.03.2020;Montag;1;30;16;12;17;29;60;226;426;355;324;340;311;282;383;367;350;354;425;314;223;141;117;73;42
184;10931;St.Gallen Stadt St.Jakob-Str.5;02.03.2020;Montag;2;0;3;2;0;0;1;4;7;16;12;18;28;14;25;35;20;15;19;14;7;7;9;2;1
185;10931;St.Gallen Stadt St.Jakob-Str.5;02.03.2020;Montag;3;35;16;10;13;21;63;206;291;262;306;331;409;294;325;389;377;472;445;346;239;224;166;133;52
186;10931;St.Gallen Stadt St.Jakob-Str.5;03.03.2020;Dienstag;1;28;21;9;14;28;73;235;417;367;331;323;361;277;409;340;339;372;439;320;231;185;130;96;59
187;10931;St.Gallen Stadt St.Jakob-Str.5;03.03.2020;Dienstag;2;1;1;2;0;1;1;4;15;11;12;10;16;8;22;24;20;18;23;18;18;8;6;6;3
188;10931;St.Gallen Stadt St.Jakob-Str.5;03.03.2020;Dienstag;3;35;22;4;7;24;62;199;276;295;273;378;415;279;338;384;407;425;455;392;269;234;189;186;82
189;10931;St.Gallen Stadt St.Jakob-Str.5;04.03.2020;Mittwoch;1;25;14;29;23;21;67;218;411;359;342;325;331;284;408;380;353;387;434;343;257;164;139;89;57
190;10931;St.Gallen Stadt St.Jakob-Str.5;04.03.2020;Mittwoch;2;1;1;2;1;0;0;2;12;7;11;15;22;18;17;16;12;17;14;18;8;3;6;5;4
191;10931;St.Gallen Stadt St.Jakob-Str.5;04.03.2020;Mittwoch;3;36;21;18;13;20;63;212;256;284;294;314;394;352;380;357;427;435;463;386;279;234;177;174;87
192;10931;St.Gallen Stadt St.Jakob-Str.5;05.03.2020;Donnerstag;1;30;18;33;31;33;74;235;423;353;331;334;317;287;351;339;339;403;425;354;279;201;145;103;54
193;10931;St.Gallen Stadt St.Jakob-Str.5;05.03.2020;Donnerstag;2;0;2;2;0;2;1;8;5;12;17;16;16;12;16;13;15;15;23;8;16;5;6;2;0
194;10931;St.Gallen Stadt St.Jakob-Str.5;05.03.2020;Donnerstag;3;39;29;26;26;27;66;184;275;274;290;393;398;303;331;379;385;429;446;376;299;250;259;177;93
195;10931;St.Gallen Stadt St.Jakob-Str.5;06.03.2020;Freitag;1;45;27;23;25;32;77;217;389;381;350;350;363;280;421;395;362;408;406;381;258;212;162;143;130
196;10931;St.Gallen Stadt St.Jakob-Str.5;06.03.2020;Freitag;2;0;2;3;1;0;0;6;11;17;12;22;19;15;26;18;19;24;17;13;7;13;7;5;8
197;10931;St.Gallen Stadt St.Jakob-Str.5;06.03.2020;Freitag;3;62;33;31;19;18;71;208;249;264;312;384;400;340;371;412;449;463;424;353;339;232;215;242;159
198;10931;St.Gallen Stadt St.Jakob-Str.5;07.03.2020;Samstag;1;95;76;73;60;51;52;62;134;234;307;346;344;331;383;364;359;342;284;267;183;175;188;173;163
199;10931;St.Gallen Stadt St.Jakob-Str.5;07.03.2020;Samstag;2;5;1;1;3;0;1;1;4;12;14;13;13;20;10;15;13;12;14;15;8;6;10;5;6
200;10931;St.Gallen Stadt St.Jakob-Str.5;07.03.2020;Samstag;3;126;81;81;54;37;35;66;111;183;253;339;331;332;399;417;423;436;355;243;214;174;181;209;180
201;10931;St.Gallen Stadt St.Jakob-Str.5;08.03.2020;Sonntag;1;112;94;88;86;65;49;36;55;85;154;197;260;246;274;314;289;298;269;236;217;170;109;63;53
202;10931;St.Gallen Stadt St.Jakob-Str.5;08.03.2020;Sonntag;2;3;4;6;1;0;1;1;3;2;1;4;10;10;12;15;9;12;13;9;5;6;3;2;1
203;10931;St.Gallen Stadt St.Jakob-Str.5;08.03.2020;Sonntag;3;137;118;87;75;70;53;44;55;82;102;200;206;217;264;266;311;299;301;245;254;195;140;104;69
204;10931;St.Gallen Stadt St.Jakob-Str.5;09.03.2020;Montag;1;22;15;19;15;32;70;204;413;407;315;310;301;228;375;344;321;380;411;293;217;158;106;74;40
205;10931;St.Gallen Stadt St.Jakob-Str.5;09.03.2020;Montag;2;1;1;2;2;1;1;10;14;11;10;13;18;5;16;17;13;21;15;11;6;4;5;5;0
206;10931;St.Gallen Stadt St.Jakob-Str.5;09.03.2020;Montag;3;30;19;8;12;21;67;212;270;265;269;359;415;283;339;368;430;375;450;332;280;204;194;130;62
207;10931;St.Gallen Stadt St.Jakob-Str.5;10.03.2020;Dienstag;1;29;17;20;20;29;81;230;426;354;315;295;366;249;363;341;325;353;403;362;230;149;129;80;62
208;10931;St.Gallen Stadt St.Jakob-Str.5;10.03.2020;Dienstag;2;0;1;0;0;0;1;2;16;19;16;17;18;12;18;20;16;27;20;9;11;2;4;4;0
209;10931;St.Gallen Stadt St.Jakob-Str.5;10.03.2020;Dienstag;3;38;27;13;14;17;56;211;284;305;293;322;356;289;340;345;408;407;430;367;271;211;208;152;69
210;10931;St.Gallen Stadt St.Jakob-Str.5;11.03.2020;Mittwoch;1;25;19;18;15;21;74;217;432;343;314;316;331;265;413;359;333;387;422;337;267;150;121;94;50
211;10931;St.Gallen Stadt St.Jakob-Str.5;11.03.2020;Mittwoch;2;1;0;2;0;0;1;2;5;14;14;13;20;16;24;20;19;15;14;14;16;6;2;7;1
212;10931;St.Gallen Stadt St.Jakob-Str.5;11.03.2020;Mittwoch;3;38;26;14;11;21;62;209;257;283;267;348;388;299;330;358;446;433;459;340;280;226;189;161;89
213;10931;St.Gallen Stadt St.Jakob-Str.5;12.03.2020;Donnerstag;1;40;28;19;26;39;68;216;384;364;324;313;296;254;372;328;341;379;444;361;302;189;147;110;50
214;10931;St.Gallen Stadt St.Jakob-Str.5;12.03.2020;Donnerstag;2;2;1;1;2;1;2;5;5;11;15;15;16;7;15;18;17;21;19;10;8;7;4;2;1
215;10931;St.Gallen Stadt St.Jakob-Str.5;12.03.2020;Donnerstag;3;40;21;25;18;22;66;213;246;278;287;339;400;312;331;390;387;461;452;348;294;233;227;172;72
216;10931;St.Gallen Stadt St.Jakob-Str.5;13.03.2020;Freitag;1;30;28;28;26;32;66;197;366;364;349;323;380;266;391;373;394;413;379;381;288;205;176;148;99
217;10931;St.Gallen Stadt St.Jakob-Str.5;13.03.2020;Freitag;2;2;1;2;1;0;0;3;4;19;18;10;21;12;7;15;28;19;23;13;9;4;9;7;3
218;10931;St.Gallen Stadt St.Jakob-Str.5;13.03.2020;Freitag;3;42;30;24;13;24;67;188;269;296;307;377;413;346;353;430;432;495;513;450;300;243;216;189;117
219;10931;St.Gallen Stadt St.Jakob-Str.5;14.03.2020;Samstag;1;78;62;56;46;23;37;62;119;238;318;372;415;350;385;359;330;328;264;192;185;152;160;132;115
220;10931;St.Gallen Stadt St.Jakob-Str.5;14.03.2020;Samstag;2;1;2;0;0;0;0;0;5;1;10;16;15;14;13;16;17;11;10;1;7;7;2;2;4
221;10931;St.Gallen Stadt St.Jakob-Str.5;14.03.2020;Samstag;3;109;82;46;35;26;30;64;114;185;285;358;400;402;387;382;397;391;312;244;182;190;155;174;142
222;10931;St.Gallen Stadt St.Jakob-Str.5;15.03.2020;Sonntag;1;84;70;47;48;28;24;32;28;77;156;186;204;198;275;260;296;286;269;243;188;144;94;55;42
223;10931;St.Gallen Stadt St.Jakob-Str.5;15.03.2020;Sonntag;2;4;2;2;1;0;1;0;3;2;3;7;4;7;5;2;7;9;5;4;3;0;0;1;2
224;10931;St.Gallen Stadt St.Jakob-Str.5;15.03.2020;Sonntag;3;88;90;54;44;27;31;39;35;50;117;161;220;217;223;299;302;307;294;272;205;150;114;105;47
225;10931;St.Gallen Stadt St.Jakob-Str.5;16.03.2020;Montag;1;25;11;10;11;13;72;232;379;322;292;332;341;289;396;379;338;338;383;322;224;122;100;61;25
226;10931;St.Gallen Stadt St.Jakob-Str.5;16.03.2020;Montag;2;0;0;0;1;1;1;3;10;14;15;15;17;15;16;23;15;22;18;15;8;5;2;3;2
227;10931;St.Gallen Stadt St.Jakob-Str.5;16.03.2020;Montag;3;32;18;14;10;16;57;219;273;271;288;351;392;299;339;430;395;443;428;389;282;188;128;80;49
228;10931;St.Gallen Stadt St.Jakob-Str.5;17.03.2020;Dienstag;1;37;13;12;14;21;69;223;403;265;286;285;283;247;348;261;253;297;304;282;143;109;73;44;24
229;10931;St.Gallen Stadt St.Jakob-Str.5;17.03.2020;Dienstag;2;0;0;1;1;1;0;2;12;9;5;13;17;9;6;19;11;12;12;2;2;3;1;0;1
230;10931;St.Gallen Stadt St.Jakob-Str.5;17.03.2020;Dienstag;3;41;21;10;10;23;55;207;278;255;308;315;338;317;280;306;324;414;375;273;191;131;80;56;40
231;10931;St.Gallen Stadt St.Jakob-Str.5;18.03.2020;Mittwoch;1;13;7;12;11;19;64;191;320;248;272;236;308;224;318;276;313;282;312;251;148;83;52;44;19
232;10931;St.Gallen Stadt St.Jakob-Str.5;18.03.2020;Mittwoch;2;1;0;2;1;1;0;4;10;13;8;5;21;10;7;9;14;8;13;3;6;2;1;2;0
233;10931;St.Gallen Stadt St.Jakob-Str.5;18.03.2020;Mittwoch;3;18;17;6;10;14;60;192;243;225;237;292;344;295;293;338;322;376;409;290;186;118;90;59;42
234;10931;St.Gallen Stadt St.Jakob-Str.5;19.03.2020;Donnerstag;1;12;14;13;11;17;51;203;316;242;235;293;275;238;320;298;252;297;323;228;164;104;52;55;16
235;10931;St.Gallen Stadt St.Jakob-Str.5;19.03.2020;Donnerstag;2;2;0;1;0;0;1;3;12;11;8;13;18;12;11;8;10;10;10;7;3;11;4;0;0
236;10931;St.Gallen Stadt St.Jakob-Str.5;19.03.2020;Donnerstag;3;33;11;9;9;15;53;174;242;203;244;293;328;271;302;301;307;353;421;307;189;145;76;65;32
237;10931;St.Gallen Stadt St.Jakob-Str.5;20.03.2020;Freitag;1;12;8;9;15;19;55;187;316;256;280;284;318;211;318;276;283;308;318;193;161;109;74;61;40
238;10931;St.Gallen Stadt St.Jakob-Str.5;20.03.2020;Freitag;2;0;0;1;1;0;0;3;8;9;13;20;11;9;17;9;15;6;7;8;6;1;1;2;0
239;10931;St.Gallen Stadt St.Jakob-Str.5;20.03.2020;Freitag;3;21;12;9;8;14;55;163;198;244;265;325;385;314;281;309;355;363;351;270;187;154;86;83;49
240;10931;St.Gallen Stadt St.Jakob-Str.5;21.03.2020;Samstag;1;30;23;13;12;13;25;45;78;121;171;214;234;225;207;242;224;212;194;130;105;80;67;41;37
241;10931;St.Gallen Stadt St.Jakob-Str.5;21.03.2020;Samstag;2;3;2;1;0;0;1;1;1;2;6;4;9;8;2;3;8;8;5;2;3;2;2;0;3
242;10931;St.Gallen Stadt St.Jakob-Str.5;21.03.2020;Samstag;3;27;26;17;11;17;19;36;79;116;157;234;236;226;257;243;238;237;193;158;124;92;65;70;46
243;10931;St.Gallen Stadt St.Jakob-Str.5;22.03.2020;Sonntag;1;21;23;12;7;8;12;23;24;41;62;97;113;108;121;186;169;190;202;140;117;84;49;31;16
244;10931;St.Gallen Stadt St.Jakob-Str.5;22.03.2020;Sonntag;2;1;0;0;0;1;0;1;0;0;2;3;1;1;1;0;3;2;4;3;2;3;3;2;0
245;10931;St.Gallen Stadt St.Jakob-Str.5;22.03.2020;Sonntag;3;34;25;8;8;7;17;20;30;47;68;91;107;119;132;158;200;210;179;173;133;100;67;44;31
246;10931;St.Gallen Stadt St.Jakob-Str.5;23.03.2020;Montag;1;8;7;7;9;17;40;191;354;245;214;225;229;224;263;252;246;275;307;190;117;81;51;35;19
247;10931;St.Gallen Stadt St.Jakob-Str.5;23.03.2020;Montag;2;0;0;0;0;1;0;4;6;10;10;10;16;9;6;10;9;8;14;3;1;1;2;1;0
248;10931;St.Gallen Stadt St.Jakob-Str.5;23.03.2020;Montag;3;14;8;8;5;19;54;180;241;203;196;260;280;238;260;295;285;314;352;224;151;114;77;52;34
249;10931;St.Gallen Stadt St.Jakob-Str.5;24.03.2020;Dienstag;1;11;12;9;9;23;52;195;309;207;212;224;224;197;294;245;258;280;295;213;148;91;68;33;23
250;10931;St.Gallen Stadt St.Jakob-Str.5;24.03.2020;Dienstag;2;0;0;0;1;0;0;2;6;7;14;5;6;11;6;9;16;8;17;7;1;1;2;1;0
251;10931;St.Gallen Stadt St.Jakob-Str.5;24.03.2020;Dienstag;3;18;11;8;7;18;54;183;218;192;188;227;274;231;241;304;279;352;342;252;183;106;84;49;34
252;10931;St.Gallen Stadt St.Jakob-Str.5;25.03.2020;Mittwoch;1;11;7;5;8;28;49;179;311;220;218;210;247;222;298;260;260;284;299;215;137;105;66;43;20
253;10931;St.Gallen Stadt St.Jakob-Str.5;25.03.2020;Mittwoch;2;1;0;0;0;1;0;2;5;10;15;7;9;8;8;13;12;12;11;5;4;1;0;1;0
254;10931;St.Gallen Stadt St.Jakob-Str.5;25.03.2020;Mittwoch;3;17;7;8;7;15;60;179;220;203;229;234;292;251;259;283;294;381;358;255;184;112;85;59;32
255;10931;St.Gallen Stadt St.Jakob-Str.5;26.03.2020;Donnerstag;1;15;11;6;9;25;52;187;295;221;208;228;263;222;254;231;277;304;320;219;123;96;69;35;19
256;10931;St.Gallen Stadt St.Jakob-Str.5;26.03.2020;Donnerstag;2;0;0;1;0;0;2;2;4;6;10;11;8;8;7;7;14;6;9;4;4;1;0;2;0
257;10931;St.Gallen Stadt St.Jakob-Str.5;26.03.2020;Donnerstag;3;17;15;8;6;17;49;179;211;187;238;261;314;229;266;283;269;351;372;253;159;127;67;57;40
258;10931;St.Gallen Stadt St.Jakob-Str.5;27.03.2020;Freitag;1;10;6;14;10;23;48;176;315;240;244;273;293;213;304;289;276;305;310;287;158;115;60;56;40
259;10931;St.Gallen Stadt St.Jakob-Str.5;27.03.2020;Freitag;2;0;0;0;1;0;0;1;9;5;9;9;12;10;11;7;9;9;8;7;2;0;2;0;0
260;10931;St.Gallen Stadt St.Jakob-Str.5;27.03.2020;Freitag;3;25;11;9;11;12;45;166;213;212;254;241;285;254;297;320;322;385;346;266;197;141;110;73;44
261;10931;St.Gallen Stadt St.Jakob-Str.5;28.03.2020;Samstag;1;29;20;18;15;13;23;46;82;120;181;246;269;267;276;299;278;268;224;171;135;99;71;82;58
262;10931;St.Gallen Stadt St.Jakob-Str.5;28.03.2020;Samstag;2;1;0;0;1;0;2;1;1;7;2;9;9;6;5;6;3;8;3;2;1;2;2;0;1
263;10931;St.Gallen Stadt St.Jakob-Str.5;28.03.2020;Samstag;3;44;26;13;10;17;28;45;78;125;215;255;286;255;296;312;316;290;230;188;151;129;77;87;44
264;10931;St.Gallen Stadt St.Jakob-Str.5;29.03.2020;Sonntag;1;25;0;16;20;11;11;17;23;28;61;85;109;122;134;169;159;191;150;139;111;95;53;45;23
265;10931;St.Gallen Stadt St.Jakob-Str.5;29.03.2020;Sonntag;2;0;0;3;0;0;0;0;1;0;1;2;5;3;2;5;1;1;7;1;0;1;2;2;0
266;10931;St.Gallen Stadt St.Jakob-Str.5;29.03.2020;Sonntag;3;44;0;25;15;9;20;27;27;30;70;85;114;146;134;165;167;165;166;158;141;118;82;61;32
267;10931;St.Gallen Stadt St.Jakob-Str.5;30.03.2020;Montag;1;21;11;5;13;24;58;196;293;221;201;238;221;213;280;262;231;253;297;193;126;88;63;49;27
268;10931;St.Gallen Stadt St.Jakob-Str.5;30.03.2020;Montag;2;1;0;0;2;1;2;2;7;11;8;5;10;8;10;4;8;8;4;6;3;0;1;1;0
269;10931;St.Gallen Stadt St.Jakob-Str.5;30.03.2020;Montag;3;19;10;4;10;22;54;164;189;185;179;224;276;227;232;211;280;297;319;234;161;106;82;59;41
270;10931;St.Gallen Stadt St.Jakob-Str.5;31.03.2020;Dienstag;1;12;6;8;11;14;50;176;315;212;236;239;226;201;298;267;270;316;316;209;129;85;74;50;23
271;10931;St.Gallen Stadt St.Jakob-Str.5;31.03.2020;Dienstag;2;1;1;1;0;0;1;1;6;3;4;6;13;9;8;9;7;9;7;6;2;4;3;1;1
272;10931;St.Gallen Stadt St.Jakob-Str.5;31.03.2020;Dienstag;3;17;9;13;2;17;48;166;210;181;201;228;284;242;257;265;301;342;386;269;153;137;84;66;43
273;10931;St.Gallen Stadt St.Jakob-Str.5;01.04.2020;Mittwoch;1;20;8;8;11;18;51;190;315;208;229;226;256;229;285;241;239;294;323;221;149;106;52;56;28
274;10931;St.Gallen Stadt St.Jakob-Str.5;01.04.2020;Mittwoch;2;1;0;0;1;1;0;1;8;11;11;12;6;13;6;7;11;11;9;4;4;1;1;0;0
275;10931;St.Gallen Stadt St.Jakob-Str.5;01.04.2020;Mittwoch;3;20;14;8;7;12;62;161;196;175;191;245;280;273;248;269;328;336;381;230;180;130;74;62;37
276;10931;St.Gallen Stadt St.Jakob-Str.5;02.04.2020;Donnerstag;1;17;6;3;11;15;55;185;314;199;222;269;255;205;296;277;279;317;301;196;144;124;78;40;29
277;10931;St.Gallen Stadt St.Jakob-Str.5;02.04.2020;Donnerstag;2;0;0;1;0;0;0;2;8;5;10;3;14;6;8;12;6;10;11;4;2;3;2;0;0
278;10931;St.Gallen Stadt St.Jakob-Str.5;02.04.2020;Donnerstag;3;26;8;4;7;15;56;165;189;169;226;250;315;266;277;311;298;324;365;279;187;133;110;60;34
279;10931;St.Gallen Stadt St.Jakob-Str.5;03.04.2020;Freitag;1;19;13;7;12;13;45;185;294;247;233;308;297;243;307;299;313;326;310;271;193;110;91;65;41
280;10931;St.Gallen Stadt St.Jakob-Str.5;03.04.2020;Freitag;2;0;0;1;0;1;0;2;10;3;11;12;11;10;9;9;11;9;9;4;5;4;1;3;2
281;10931;St.Gallen Stadt St.Jakob-Str.5;03.04.2020;Freitag;3;28;14;11;14;12;50;152;192;227;224;282;335;302;307;335;336;358;382;264;225;135;108;79;68
282;10931;St.Gallen Stadt St.Jakob-Str.5;04.04.2020;Samstag;1;31;19;25;8;9;17;64;71;134;193;240;324;277;280;272;276;254;237;181;164;112;101;68;41
283;10931;St.Gallen Stadt St.Jakob-Str.5;04.04.2020;Samstag;2;1;0;0;1;0;1;0;1;8;8;9;9;5;7;14;3;6;6;3;2;3;3;2;1
284;10931;St.Gallen Stadt St.Jakob-Str.5;04.04.2020;Samstag;3;37;28;20;16;13;25;58;74;114;185;268;278;296;278;301;285;286;238;203;162;157;113;89;55
285;10931;St.Gallen Stadt St.Jakob-Str.5;05.04.2020;Sonntag;1;28;23;20;11;5;10;21;25;27;85;128;127;176;206;230;205;218;205;192;158;124;82;53;24
286;10931;St.Gallen Stadt St.Jakob-Str.5;05.04.2020;Sonntag;2;1;0;1;0;0;1;0;0;2;2;1;3;3;0;4;2;3;4;3;4;4;3;0;1
287;10931;St.Gallen Stadt St.Jakob-Str.5;05.04.2020;Sonntag;3;33;26;18;9;5;17;29;30;30;68;106;158;213;201;211;220;230;242;218;172;143;90;68;30
288;10931;St.Gallen Stadt St.Jakob-Str.5;06.04.2020;Montag;1;8;4;11;8;20;53;186;319;197;220;259;259;242;326;274;274;300;292;216;155;96;73;38;19
289;10931;St.Gallen Stadt St.Jakob-Str.5;06.04.2020;Montag;2;0;0;0;0;1;0;1;8;12;8;7;15;9;11;9;10;11;7;4;1;0;0;3;0
290;10931;St.Gallen Stadt St.Jakob-Str.5;06.04.2020;Montag;3;15;8;12;8;10;55;169;216;185;221;265;289;242;281;312;328;336;392;254;190;132;90;54;34
291;10931;St.Gallen Stadt St.Jakob-Str.5;07.04.2020;Dienstag;1;17;4;12;12;18;50;190;320;239;230;282;256;258;302;273;295;324;375;239;161;112;86;40;33
292;10931;St.Gallen Stadt St.Jakob-Str.5;07.04.2020;Dienstag;2;0;1;0;0;0;1;3;14;10;3;17;5;6;9;10;15;13;16;8;0;2;2;1;1
293;10931;St.Gallen Stadt St.Jakob-Str.5;07.04.2020;Dienstag;3;20;5;10;13;11;55;164;202;198;230;258;327;267;278;309;328;346;411;294;195;139;98;58;38
294;10931;St.Gallen Stadt St.Jakob-Str.5;08.04.2020;Mittwoch;1;18;11;15;14;17;50;184;300;226;270;260;249;240;317;329;279;333;330;259;149;123;77;60;27
295;10931;St.Gallen Stadt St.Jakob-Str.5;08.04.2020;Mittwoch;2;0;0;0;0;0;0;2;6;5;10;8;20;2;10;10;14;7;17;3;4;0;1;0;0
296;10931;St.Gallen Stadt St.Jakob-Str.5;08.04.2020;Mittwoch;3;23;6;13;8;14;57;161;214;204;210;287;317;282;295;313;335;364;377;306;185;144;101;73;39
297;10931;St.Gallen Stadt St.Jakob-Str.5;09.04.2020;Donnerstag;1;14;11;12;11;17;46;213;318;242;288;308;308;269;325;365;355;351;327;263;177;154;101;66;45
298;10931;St.Gallen Stadt St.Jakob-Str.5;09.04.2020;Donnerstag;2;0;0;0;0;2;0;3;9;9;10;14;19;12;10;9;12;16;9;1;2;4;1;3;1
299;10931;St.Gallen Stadt St.Jakob-Str.5;09.04.2020;Donnerstag;3;25;15;10;6;12;52;159;223;213;268;294;378;333;326;380;379;410;373;279;210;166;106;90;58
300;10931;St.Gallen Stadt St.Jakob-Str.5;10.04.2020;Freitag;1;19;14;15;10;6;11;28;26;53;94;150;152;167;202;209;196;216;207;185;134;135;98;75;38
301;10931;St.Gallen Stadt St.Jakob-Str.5;10.04.2020;Freitag;2;0;0;0;1;0;0;1;0;0;1;6;0;4;5;6;5;3;1;4;4;1;3;4;0
302;10931;St.Gallen Stadt St.Jakob-Str.5;10.04.2020;Freitag;3;36;17;10;10;3;15;33;31;57;97;141;161;191;191;231;226;219;258;213;179;139;119;96;66
303;10931;St.Gallen Stadt St.Jakob-Str.5;11.04.2020;Samstag;1;24;19;13;10;19;26;49;74;166;223;298;346;323;284;329;302;272;225;202;149;133;131;83;49
304;10931;St.Gallen Stadt St.Jakob-Str.5;11.04.2020;Samstag;2;0;1;0;0;2;0;1;1;6;6;5;10;7;4;5;4;8;3;4;4;2;1;0;0
305;10931;St.Gallen Stadt St.Jakob-Str.5;11.04.2020;Samstag;3;27;20;12;13;13;21;40;89;136;257;318;338;336;314;339;300;303;243;218;172;160;116;84;68
306;10931;St.Gallen Stadt St.Jakob-Str.5;12.04.2020;Sonntag;1;37;15;16;15;6;10;24;19;32;88;120;144;166;187;194;208;210;197;160;158;140;78;69;40
307;10931;St.Gallen Stadt St.Jakob-Str.5;12.04.2020;Sonntag;2;0;1;1;1;0;0;1;2;0;2;2;5;3;5;1;4;6;3;3;3;1;2;0;2
308;10931;St.Gallen Stadt St.Jakob-Str.5;12.04.2020;Sonntag;3;58;23;19;8;11;15;32;32;37;87;128;172;180;179;182;204;226;214;181;136;151;111;75;52
309;10931;St.Gallen Stadt St.Jakob-Str.5;13.04.2020;Montag;1;23;20;11;12;9;11;27;28;47;99;122;149;172;193;190;223;227;234;172;179;128;88;47;25
310;10931;St.Gallen Stadt St.Jakob-Str.5;13.04.2020;Montag;2;0;0;0;0;0;0;0;1;0;1;1;7;0;6;3;3;3;7;3;7;2;1;1;0
311;10931;St.Gallen Stadt St.Jakob-Str.5;13.04.2020;Montag;3;41;21;16;4;5;10;26;29;48;92;138;150;185;196;241;219;230;222;193;169;132;101;67;35
312;10931;St.Gallen Stadt St.Jakob-Str.5;14.04.2020;Dienstag;1;17;9;6;7;15;52;204;341;244;273;251;271;242;319;343;304;325;300;265;154;108;79;36;25
313;10931;St.Gallen Stadt St.Jakob-Str.5;14.04.2020;Dienstag;2;0;0;0;2;0;0;1;7;3;6;9;14;10;7;9;14;9;6;2;4;1;1;2;0
314;10931;St.Gallen Stadt St.Jakob-Str.5;14.04.2020;Dienstag;3;20;7;6;5;14;58;179;241;200;229;273;337;278;271;309;332;391;420;266;199;127;114;59;38
315;10931;St.Gallen Stadt St.Jakob-Str.5;15.04.2020;Mittwoch;1;13;8;8;8;15;44;191;317;232;250;263;263;250;313;289;317;297;351;265;169;115;78;45;19
316;10931;St.Gallen Stadt St.Jakob-Str.5;15.04.2020;Mittwoch;2;1;0;0;1;2;0;3;7;9;13;9;12;6;7;23;8;5;10;7;2;5;0;0;0
317;10931;St.Gallen Stadt St.Jakob-Str.5;15.04.2020;Mittwoch;3;19;14;6;9;10;58;179;197;202;236;278;317;292;300;282;341;369;428;289;200;150;101;59;44
318;10931;St.Gallen Stadt St.Jakob-Str.5;16.04.2020;Donnerstag;1;9;7;7;12;15;54;197;336;238;231;269;276;240;314;327;292;326;299;245;162;141;91;58;41
319;10931;St.Gallen Stadt St.Jakob-Str.5;16.04.2020;Donnerstag;2;1;0;0;1;0;1;4;5;9;10;11;9;10;11;10;11;3;8;7;4;2;2;5;0
320;10931;St.Gallen Stadt St.Jakob-Str.5;16.04.2020;Donnerstag;3;22;9;10;7;11;53;173;215;184;233;280;366;265;304;300;309;393;398;267;206;169;109;83;41
321;10931;St.Gallen Stadt St.Jakob-Str.5;17.04.2020;Freitag;1;12;10;12;17;12;55;176;330;196;281;318;303;264;313;309;321;304;340;269;188;164;114;79;54
322;10931;St.Gallen Stadt St.Jakob-Str.5;17.04.2020;Freitag;2;0;1;1;1;0;1;8;6;2;9;4;10;9;10;5;9;13;7;3;4;2;2;3;0
323;10931;St.Gallen Stadt St.Jakob-Str.5;17.04.2020;Freitag;3;23;17;14;7;14;52;170;213;203;250;309;383;324;329;351;353;433;366;284;206;224;138;91;69
324;10931;St.Gallen Stadt St.Jakob-Str.5;18.04.2020;Samstag;1;50;18;18;12;17;29;54;90;149;229;273;288;270;327;318;288;300;218;192;175;155;109;93;60
325;10931;St.Gallen Stadt St.Jakob-Str.5;18.04.2020;Samstag;2;1;1;0;1;1;1;0;4;1;5;6;7;7;9;5;6;10;2;5;3;1;3;1;3
326;10931;St.Gallen Stadt St.Jakob-Str.5;18.04.2020;Samstag;3;41;36;13;15;12;23;53;101;121;215;258;329;308;335;324;312;295;257;201;175;146;137;102;83
327;10931;St.Gallen Stadt St.Jakob-Str.5;19.04.2020;Sonntag;1;42;26;17;16;11;12;30;21;51;100;122;159;168;181;213;240;232;230;203;173;407;487;251;138
328;10931;St.Gallen Stadt St.Jakob-Str.5;19.04.2020;Sonntag;2;3;1;3;1;0;0;0;2;1;2;2;1;5;6;2;6;7;6;2;2;0;3;2;0
329;10931;St.Gallen Stadt St.Jakob-Str.5;19.04.2020;Sonntag;3;45;41;16;12;6;17;28;32;49;100;123;166;162;199;190;243;239;245;220;204;144;119;58;29
330;10931;St.Gallen Stadt St.Jakob-Str.5;20.04.2020;Montag;1;83;41;44;75;244;53;205;326;245;248;246;276;221;310;285;278;275;348;240;152;344;334;259;145
331;10931;St.Gallen Stadt St.Jakob-Str.5;20.04.2020;Montag;2;1;0;0;1;0;0;4;6;13;7;8;9;6;4;10;12;14;11;5;1;2;3;1;0
332;10931;St.Gallen Stadt St.Jakob-Str.5;20.04.2020;Montag;3;29;8;13;6;9;54;188;231;203;217;266;291;236;268;293;298;352;374;273;195;144;89;73;50
333;10931;St.Gallen Stadt St.Jakob-Str.5;21.04.2020;Dienstag;1;76;31;33;63;165;61;200;339;246;237;281;250;235;313;259;315;312;304;246;160;367;360;246;144
334;10931;St.Gallen Stadt St.Jakob-Str.5;21.04.2020;Dienstag;2;1;0;3;2;0;1;3;9;10;17;7;16;5;9;10;10;14;14;7;7;3;1;2;1
335;10931;St.Gallen Stadt St.Jakob-Str.5;21.04.2020;Dienstag;3;23;9;12;6;14;43;164;225;201;228;251;323;249;269;273;309;374;388;289;179;159;113;97;41
336;10931;St.Gallen Stadt St.Jakob-Str.5;22.04.2020;Mittwoch;1;71;36;31;51;190;75;200;330;263;251;287;283;229;329;287;303;341;343;252;201;398;445;236;152
337;10931;St.Gallen Stadt St.Jakob-Str.5;22.04.2020;Mittwoch;2;0;1;0;2;0;1;4;10;4;10;13;13;6;13;11;13;6;11;7;3;1;0;2;0
338;10931;St.Gallen Stadt St.Jakob-Str.5;22.04.2020;Mittwoch;3;22;9;13;10;20;53;167;228;207;242;276;326;299;290;291;333;380;408;291;208;167;137;86;48
339;10931;St.Gallen Stadt St.Jakob-Str.5;23.04.2020;Donnerstag;1;68;39;36;56;140;70;212;323;239;254;280;263;252;323;304;304;289;336;274;217;448;432;268;162
340;10931;St.Gallen Stadt St.Jakob-Str.5;23.04.2020;Donnerstag;2;0;0;0;2;0;0;5;8;10;8;7;13;5;11;11;18;7;5;5;2;2;2;1;2
341;10931;St.Gallen Stadt St.Jakob-Str.5;23.04.2020;Donnerstag;3;26;9;13;11;14;48;166;219;212;267;273;363;269;283;284;308;358;420;295;226;189;128;83;47
342;10931;St.Gallen Stadt St.Jakob-Str.5;24.04.2020;Freitag;1;83;38;41;55;163;57;200;332;251;297;315;309;277;360;332;358;341;370;289;208;159;147;104;74
343;10931;St.Gallen Stadt St.Jakob-Str.5;24.04.2020;Freitag;2;1;0;1;0;1;0;6;7;3;7;17;18;6;10;12;16;11;9;8;3;4;6;1;1
344;10931;St.Gallen Stadt St.Jakob-Str.5;24.04.2020;Freitag;3;25;16;14;11;13;45;154;215;221;245;331;383;303;316;373;409;445;408;303;233;172;130;117;70
345;10931;St.Gallen Stadt St.Jakob-Str.5;25.04.2020;Samstag;1;52;27;28;16;16;30;55;76;142;247;262;273;293;336;305;307;306;267;224;171;153;116;76;61
346;10931;St.Gallen Stadt St.Jakob-Str.5;25.04.2020;Samstag;2;1;2;0;2;1;2;0;1;4;4;8;9;8;5;5;9;9;3;5;3;2;0;2;1
347;10931;St.Gallen Stadt St.Jakob-Str.5;25.04.2020;Samstag;3;45;28;21;10;16;24;43;86;139;225;263;323;299;319;343;320;312;274;216;200;163;129;95;80
348;10931;St.Gallen Stadt St.Jakob-Str.5;26.04.2020;Sonntag;1;34;34;20;13;7;18;25;23;53;91;140;152;168;188;232;240;223;231;197;209;445;392;264;161
349;10931;St.Gallen Stadt St.Jakob-Str.5;26.04.2020;Sonntag;2;0;1;0;1;0;1;1;1;0;1;1;1;1;1;7;3;4;6;4;4;4;2;4;0
350;10931;St.Gallen Stadt St.Jakob-Str.5;26.04.2020;Sonntag;3;42;26;18;18;9;15;24;28;49;89;133;160;178;201;229;230;257;260;202;216;157;118;70;44
351;10931;St.Gallen Stadt St.Jakob-Str.5;27.04.2020;Montag;1;73;40;44;53;132;61;222;377;255;269;307;253;235;382;353;311;368;358;278;182;130;110;69;37
352;10931;St.Gallen Stadt St.Jakob-Str.5;27.04.2020;Montag;2;2;0;1;0;1;0;4;8;11;9;9;15;7;10;16;12;10;17;6;3;0;3;3;0
353;10931;St.Gallen Stadt St.Jakob-Str.5;27.04.2020;Montag;3;23;10;8;8;16;50;168;263;222;236;280;335;319;309;331;372;391;427;308;217;287;250;206;121
354;10931;St.Gallen Stadt St.Jakob-Str.5;28.04.2020;Dienstag;1;19;17;12;18;40;64;235;358;261;315;314;275;299;342;318;326;329;353;282;183;151;96;55;36
355;10931;St.Gallen Stadt St.Jakob-Str.5;28.04.2020;Dienstag;2;2;0;1;1;0;1;4;11;14;18;8;14;5;12;11;19;13;15;4;6;7;9;2;0
356;10931;St.Gallen Stadt St.Jakob-Str.5;28.04.2020;Dienstag;3;72;45;25;33;81;55;189;225;223;281;309;351;303;297;327;374;422;466;369;245;274;230;214;149
357;10931;St.Gallen Stadt St.Jakob-Str.5;29.04.2020;Mittwoch;1;17;9;20;15;33;64;220;363;285;271;331;313;265;359;328;333;344;317;308;184;419;370;247;159
358;10931;St.Gallen Stadt St.Jakob-Str.5;29.04.2020;Mittwoch;2;0;3;0;7;0;0;4;12;15;13;10;13;11;11;20;11;12;11;5;6;1;2;2;0
359;10931;St.Gallen Stadt St.Jakob-Str.5;29.04.2020;Mittwoch;3;56;37;31;42;50;51;188;240;256;274;355;345;302;305;367;370;400;467;343;232;174;108;91;48
360;10931;St.Gallen Stadt St.Jakob-Str.5;30.04.2020;Donnerstag;1;76;36;40;66;97;67;227;330;307;289;299;310;285;310;400;334;343;377;233;196;181;142;106;49
361;10931;St.Gallen Stadt St.Jakob-Str.5;30.04.2020;Donnerstag;2;0;1;0;0;0;1;3;8;15;8;13;12;15;9;14;12;14;14;4;4;3;4;2;2
362;10931;St.Gallen Stadt St.Jakob-Str.5;30.04.2020;Donnerstag;3;29;11;10;13;16;59;174;233;264;299;335;391;343;322;380;333;432;415;315;237;197;167;109;81
363;10931;St.Gallen Stadt St.Jakob-Str.5;01.05.2020;Freitag;1;26;23;12;20;29;57;213;308;294;311;351;349;341;414;386;415;387;369;293;173;168;169;104;82
364;10931;St.Gallen Stadt St.Jakob-Str.5;01.05.2020;Freitag;2;0;3;0;1;2;0;2;5;9;7;20;13;11;7;13;18;10;12;5;5;1;7;4;0
365;10931;St.Gallen Stadt St.Jakob-Str.5;01.05.2020;Freitag;3;36;24;11;13;18;41;139;194;236;291;362;423;400;383;440;454;437;428;332;232;213;185;130;96
366;10931;St.Gallen Stadt St.Jakob-Str.5;02.05.2020;Samstag;1;50;39;34;21;13;21;56;92;151;214;286;306;349;355;296;319;334;276;194;175;139;112;95;72
367;10931;St.Gallen Stadt St.Jakob-Str.5;02.05.2020;Samstag;2;2;1;0;0;0;0;0;4;3;9;15;11;7;9;7;7;10;5;6;2;2;0;3;2
368;10931;St.Gallen Stadt St.Jakob-Str.5;02.05.2020;Samstag;3;66;46;16;17;20;28;48;93;126;219;300;333;304;329;341;334;309;274;206;186;139;126;112;85
369;10931;St.Gallen Stadt St.Jakob-Str.5;03.05.2020;Sonntag;1;51;45;28;14;14;9;23;31;43;88;171;181;193;256;263;244;239;237;203;212;464;452;258;173
370;10931;St.Gallen Stadt St.Jakob-Str.5;03.05.2020;Sonntag;2;2;1;0;2;0;0;0;1;2;0;2;1;4;5;4;6;7;9;5;4;5;2;2;1
371;10931;St.Gallen Stadt St.Jakob-Str.5;03.05.2020;Sonntag;3;58;44;16;13;10;13;22;32;46;89;132;193;196;251;228;260;267;269;241;195;218;199;154;87
372;10931;St.Gallen Stadt St.Jakob-Str.5;04.05.2020;Montag;1;69;51;58;58;106;76;234;392;276;296;305;265;255;353;303;330;320;323;273;195;379;352;261;149
373;10931;St.Gallen Stadt St.Jakob-Str.5;04.05.2020;Montag;2;0;0;1;0;1;0;5;17;8;20;21;16;8;8;15;9;7;12;0;1;3;3;1;2
374;10931;St.Gallen Stadt St.Jakob-Str.5;04.05.2020;Montag;3;47;21;20;18;38;59;174;243;232;262;311;365;319;298;354;358;427;409;305;227;247;186;164;99
375;10931;St.Gallen Stadt St.Jakob-Str.5;05.05.2020;Dienstag;1;73;40;37;51;76;73;237;358;304;286;323;299;261;324;336;334;351;359;276;216;293;269;184;143
376;10931;St.Gallen Stadt St.Jakob-Str.5;05.05.2020;Dienstag;2;0;1;1;0;1;0;1;8;11;8;18;13;16;14;16;11;12;11;7;3;2;5;2;1
377;10931;St.Gallen Stadt St.Jakob-Str.5;05.05.2020;Dienstag;3;51;32;26;27;38;67;187;265;246;285;300;351;305;336;353;396;423;444;308;249;217;196;164;94
378;10931;St.Gallen Stadt St.Jakob-Str.5;06.05.2020;Mittwoch;1;76;25;36;42;193;119;228;394;266;285;275;282;289;378;329;336;362;353;278;241;380;324;248;162
379;10931;St.Gallen Stadt St.Jakob-Str.5;06.05.2020;Mittwoch;2;2;0;0;1;1;0;4;4;10;9;16;14;6;9;16;13;11;12;4;5;7;15;1;0
380;10931;St.Gallen Stadt St.Jakob-Str.5;06.05.2020;Mittwoch;3;38;24;20;17;38;58;190;235;237;271;352;402;328;344;350;400;440;470;313;252;255;238;172;101
381;10931;St.Gallen Stadt St.Jakob-Str.5;07.05.2020;Donnerstag;1;66;36;29;46;182;106;271;485;362;338;315;309;284;367;309;321;352;350;300;245;385;249;268;193
382;10931;St.Gallen Stadt St.Jakob-Str.5;07.05.2020;Donnerstag;2;0;1;2;0;0;0;5;11;16;12;9;15;10;10;10;13;23;16;6;16;19;12;6;9
383;10931;St.Gallen Stadt St.Jakob-Str.5;07.05.2020;Donnerstag;3;56;18;19;17;32;63;231;252;241;258;327;371;350;370;339;348;409;442;326;294;262;189;146;112
384;10931;St.Gallen Stadt St.Jakob-Str.5;08.05.2020;Freitag;1;84;49;33;60;136;79;234;387;326;364;349;360;347;356;351;372;398;358;306;220;162;131;101;67
385;10931;St.Gallen Stadt St.Jakob-Str.5;08.05.2020;Freitag;2;7;0;0;1;0;1;1;15;16;24;25;20;17;14;29;12;14;12;9;4;0;3;2;3
386;10931;St.Gallen Stadt St.Jakob-Str.5;08.05.2020;Freitag;3;57;29;24;27;32;62;173;225;276;305;347;391;354;381;367;460;499;488;305;257;190;158;117;110
387;10931;St.Gallen Stadt St.Jakob-Str.5;09.05.2020;Samstag;1;64;50;31;22;18;30;69;111;202;249;358;334;343;356;330;345;301;248;211;220;161;163;129;79
388;10931;St.Gallen Stadt St.Jakob-Str.5;09.05.2020;Samstag;2;5;0;2;1;0;1;1;2;3;8;10;7;11;11;8;7;7;8;10;3;7;1;1;0
389;10931;St.Gallen Stadt St.Jakob-Str.5;09.05.2020;Samstag;3;74;51;33;16;21;27;59;108;156;261;345;376;372;408;361;386;363;267;254;210;200;155;122;94
390;10931;St.Gallen Stadt St.Jakob-Str.5;10.05.2020;Sonntag;1;64;44;22;16;11;14;27;34;53;92;142;198;205;235;268;261;286;281;225;261;491;434;313;182
391;10931;St.Gallen Stadt St.Jakob-Str.5;10.05.2020;Sonntag;2;1;2;1;0;0;1;0;3;0;4;2;3;2;5;5;2;6;5;10;4;7;4;4;0
392;10931;St.Gallen Stadt St.Jakob-Str.5;10.05.2020;Sonntag;3;76;41;18;16;16;25;35;30;45;89;142;197;220;240;282;304;301;281;260;250;291;203;152;112
393;10931;St.Gallen Stadt St.Jakob-Str.5;11.05.2020;Montag;1;81;41;43;49;144;81;243;409;355;336;342;308;293;438;356;370;402;378;278;216;405;286;234;141
394;10931;St.Gallen Stadt St.Jakob-Str.5;11.05.2020;Montag;2;0;0;0;1;1;0;1;13;13;23;15;17;4;12;14;14;12;10;9;6;3;7;4;3
395;10931;St.Gallen Stadt St.Jakob-Str.5;11.05.2020;Montag;3;41;13;14;24;34;61;206;267;277;294;353;394;345;337;410;378;457;472;352;260;227;167;155;108
396;10931;St.Gallen Stadt St.Jakob-Str.5;12.05.2020;Dienstag;1;64;40;46;50;203;92;253;402;340;342;321;319;301;423;388;392;414;358;320;224;435;313;273;164
397;10931;St.Gallen Stadt St.Jakob-Str.5;12.05.2020;Dienstag;2;1;0;0;1;0;1;6;5;8;12;16;13;17;12;16;8;16;16;8;3;2;3;3;0
398;10931;St.Gallen Stadt St.Jakob-Str.5;12.05.2020;Dienstag;3;43;25;20;20;41;62;207;257;263;269;371;415;335;338;408;431;474;486;432;284;249;193;172;117
399;10931;St.Gallen Stadt St.Jakob-Str.5;13.05.2020;Mittwoch;1;53;33;39;53;196;103;301;426;338;306;348;308;296;392;393;369;395;384;289;218;387;305;247;151
400;10931;St.Gallen Stadt St.Jakob-Str.5;13.05.2020;Mittwoch;2;1;0;1;1;1;1;4;15;10;19;25;17;14;16;17;19;14;12;6;8;5;3;3;2
401;10931;St.Gallen Stadt St.Jakob-Str.5;13.05.2020;Mittwoch;3;62;29;31;18;38;115;214;290;264;293;332;416;379;348;352;472;450;466;395;267;213;182;174;126
402;10931;St.Gallen Stadt St.Jakob-Str.5;14.05.2020;Donnerstag;1;68;37;32;44;152;76;228;396;335;330;339;316;301;370;397;380;377;353;336;225;356;245;173;124
403;10931;St.Gallen Stadt St.Jakob-Str.5;14.05.2020;Donnerstag;2;1;0;0;3;1;1;7;8;16;14;17;13;22;22;17;20;14;18;17;7;6;5;2;2
404;10931;St.Gallen Stadt St.Jakob-Str.5;14.05.2020;Donnerstag;3;56;25;20;24;37;74;187;231;274;315;358;415;349;338;392;429;451;425;403;285;289;262;161;144
405;10931;St.Gallen Stadt St.Jakob-Str.5;15.05.2020;Freitag;1;59;36;30;35;68;82;214;335;360;371;356;359;308;418;400;398;378;393;352;263;185;169;143;103
406;10931;St.Gallen Stadt St.Jakob-Str.5;15.05.2020;Freitag;2;2;1;1;1;1;0;6;12;12;12;7;16;12;19;23;16;18;19;14;14;9;5;7;2
407;10931;St.Gallen Stadt St.Jakob-Str.5;15.05.2020;Freitag;3;89;39;27;16;41;60;171;255;279;300;371;447;360;363;438;418;465;468;406;317;217;193;138;131
408;10931;St.Gallen Stadt St.Jakob-Str.5;16.05.2020;Samstag;1;83;49;34;24;23;41;63;121;228;288;385;411;417;394;410;371;342;270;215;192;214;171;148;135
409;10931;St.Gallen Stadt St.Jakob-Str.5;16.05.2020;Samstag;2;2;1;1;1;0;2;1;4;3;14;13;17;15;7;18;13;13;9;6;10;4;4;5;5
410;10931;St.Gallen Stadt St.Jakob-Str.5;16.05.2020;Samstag;3;118;47;39;17;20;37;54;107;171;235;358;412;439;411;436;420;421;366;283;227;216;148;161;125
411;10931;St.Gallen Stadt St.Jakob-Str.5;17.05.2020;Sonntag;1;106;76;39;26;25;21;27;38;85;142;164;231;223;239;266;256;264;287;248;262;513;418;341;197
412;10931;St.Gallen Stadt St.Jakob-Str.5;17.05.2020;Sonntag;2;2;1;1;1;0;2;0;0;2;2;0;4;3;2;7;6;2;11;9;5;3;2;0;1
413;10931;St.Gallen Stadt St.Jakob-Str.5;17.05.2020;Sonntag;3;155;75;44;29;11;20;30;30;54;108;143;216;197;247;240;292;301;293;272;270;267;213;195;124
414;10931;St.Gallen Stadt St.Jakob-Str.5;18.05.2020;Montag;1;87;40;48;51;207;97;236;402;335;350;298;319;313;403;383;380;371;353;273;245;456;363;289;163
415;10931;St.Gallen Stadt St.Jakob-Str.5;18.05.2020;Montag;2;1;0;2;0;0;0;7;7;15;16;26;18;18;15;20;15;21;22;12;4;7;6;6;0
416;10931;St.Gallen Stadt St.Jakob-Str.5;18.05.2020;Montag;3;71;24;24;13;29;60;193;255;251;295;367;392;348;335;391;414;463;479;376;280;272;194;168;96
417;10931;St.Gallen Stadt St.Jakob-Str.5;19.05.2020;Dienstag;1;78;35;31;43;177;86;231;378;358;407;369;364;348;397;359;384;432;372;290;257;456;398;296;166
418;10931;St.Gallen Stadt St.Jakob-Str.5;19.05.2020;Dienstag;2;0;1;0;0;2;1;1;10;7;19;24;15;14;23;20;17;17;15;14;8;4;7;6;3
419;10931;St.Gallen Stadt St.Jakob-Str.5;19.05.2020;Dienstag;3;53;27;26;17;40;53;208;244;281;303;390;453;358;381;432;438;456;499;426;299;273;209;176;118
420;10931;St.Gallen Stadt St.Jakob-Str.5;20.05.2020;Mittwoch;1;74;39;37;53;165;90;258;374;368;375;374;395;334;426;450;400;422;402;328;240;191;176;139;102
421;10931;St.Gallen Stadt St.Jakob-Str.5;20.05.2020;Mittwoch;2;1;2;0;0;1;1;7;8;14;13;28;19;12;24;30;19;14;18;16;8;9;5;2;2
422;10931;St.Gallen Stadt St.Jakob-Str.5;20.05.2020;Mittwoch;3;74;26;26;19;35;65;197;271;271;333;400;469;420;368;404;463;513;494;433;275;233;182;156;133
423;10931;St.Gallen Stadt St.Jakob-Str.5;21.05.2020;Donnerstag;1;81;41;22;19;20;22;47;60;125;170;233;238;203;234;251;257;295;250;233;210;205;166;126;86
424;10931;St.Gallen Stadt St.Jakob-Str.5;21.05.2020;Donnerstag;2;1;1;2;1;1;0;1;1;2;1;3;11;6;6;6;6;7;5;4;1;4;4;1;3
425;10931;St.Gallen Stadt St.Jakob-Str.5;21.05.2020;Donnerstag;3;101;43;26;21;8;18;35;32;80;127;202;219;236;263;282;267;316;270;271;258;217;181;152;94
426;10931;St.Gallen Stadt St.Jakob-Str.5;22.05.2020;Freitag;1;35;27;26;20;41;67;112;221;297;428;403;422;378;392;423;391;398;341;300;234;200;163;154;88
427;10931;St.Gallen Stadt St.Jakob-Str.5;22.05.2020;Freitag;2;1;0;0;0;0;1;5;6;7;18;13;15;21;16;13;15;10;7;13;5;4;2;2;4
428;10931;St.Gallen Stadt St.Jakob-Str.5;22.05.2020;Freitag;3;70;21;19;18;14;45;102;163;242;305;419;469;408;437;494;439;431;453;375;266;210;183;144;136
429;10931;St.Gallen Stadt St.Jakob-Str.5;23.05.2020;Samstag;1;85;43;32;24;17;29;49;111;209;312;387;354;354;388;337;336;307;234;198;195;199;128;119;106
430;10931;St.Gallen Stadt St.Jakob-Str.5;23.05.2020;Samstag;2;2;0;0;0;1;1;1;6;7;15;25;12;12;15;14;10;4;7;4;2;4;4;4;5
431;10931;St.Gallen Stadt St.Jakob-Str.5;23.05.2020;Samstag;3;114;54;34;21;26;25;46;85;165;276;346;366;411;413;418;344;347;316;246;191;188;147;154;136
432;10931;St.Gallen Stadt St.Jakob-Str.5;24.05.2020;Sonntag;1;84;54;29;22;13;17;35;35;54;109;184;218;185;218;268;245;257;245;245;203;208;226;444;259
433;10931;St.Gallen Stadt St.Jakob-Str.5;24.05.2020;Sonntag;2;2;1;0;0;1;0;1;2;3;2;4;7;5;7;2;8;4;2;2;4;2;0;4;3
434;10931;St.Gallen Stadt St.Jakob-Str.5;24.05.2020;Sonntag;3;114;44;27;24;7;15;28;34;45;101;165;189;203;249;282;246;263;294;270;209;182;177;220;136
435;10931;St.Gallen Stadt St.Jakob-Str.5;25.05.2020;Montag;1;106;62;40;53;190;86;246;393;373;355;340;335;325;406;360;373;375;385;300;218;432;447;292;158
436;10931;St.Gallen Stadt St.Jakob-Str.5;25.05.2020;Montag;2;1;1;0;2;0;2;4;11;12;10;13;17;13;12;30;16;22;22;6;7;9;3;4;5
437;10931;St.Gallen Stadt St.Jakob-Str.5;25.05.2020;Montag;3;87;28;28;27;66;61;199;248;242;293;367;373;356;347;428;428;451;504;363;292;275;270;215;158
438;10931;St.Gallen Stadt St.Jakob-Str.5;26.05.2020;Dienstag;1;67;41;33;48;174;73;254;392;397;375;350;334;293;415;393;368;365;373;333;316;170;313;309;160
439;10931;St.Gallen Stadt St.Jakob-Str.5;26.05.2020;Dienstag;2;0;1;0;0;1;5;6;9;14;14;18;23;11;15;10;18;15;22;6;11;13;10;0;1
440;10931;St.Gallen Stadt St.Jakob-Str.5;26.05.2020;Dienstag;3;66;38;28;40;80;74;202;272;274;316;364;403;330;387;448;459;482;520;440;314;330;288;252;198
441;10931;St.Gallen Stadt St.Jakob-Str.5;27.05.2020;Mittwoch;1;93;35;29;46;165;67;270;392;361;387;380;378;337;467;370;405;419;368;407;243;196;329;373;204
442;10931;St.Gallen Stadt St.Jakob-Str.5;27.05.2020;Mittwoch;2;1;0;1;0;1;2;4;8;15;13;21;11;15;20;26;18;13;12;14;18;9;3;3;4
443;10931;St.Gallen Stadt St.Jakob-Str.5;27.05.2020;Mittwoch;3;98;39;37;30;71;63;198;259;268;312;392;424;375;390;399;406;462;553;401;311;341;341;270;167
444;10931;St.Gallen Stadt St.Jakob-Str.5;28.05.2020;Donnerstag;1;90;34;37;47;158;72;251;349;371;370;418;347;352;419;380;378;408;433;349;292;462;437;334;182
445;10931;St.Gallen Stadt St.Jakob-Str.5;28.05.2020;Donnerstag;2;2;2;0;1;0;0;6;10;13;21;13;15;14;13;30;12;16;17;14;9;7;4;5;1
446;10931;St.Gallen Stadt St.Jakob-Str.5;28.05.2020;Donnerstag;3;102;39;44;45;60;67;192;254;268;317;380;433;348;376;341;444;435;518;446;376;414;348;277;210
447;10931;St.Gallen Stadt St.Jakob-Str.5;29.05.2020;Freitag;1;88;44;39;40;139;83;240;388;401;417;390;386;368;434;414;421;419;393;329;291;219;199;153;120
448;10931;St.Gallen Stadt St.Jakob-Str.5;29.05.2020;Freitag;2;3;3;1;0;0;2;7;9;15;21;18;15;22;25;21;11;11;13;11;5;6;9;7;3
449;10931;St.Gallen Stadt St.Jakob-Str.5;29.05.2020;Freitag;3;131;55;43;38;81;64;190;247;283;323;388;466;394;330;435;458;503;493;394;301;273;207;203;150
450;10931;St.Gallen Stadt St.Jakob-Str.5;30.05.2020;Samstag;1;84;46;21;23;29;28;78;121;257;345;403;433;370;399;351;353;318;293;241;227;214;160;158;132
451;10931;St.Gallen Stadt St.Jakob-Str.5;30.05.2020;Samstag;2;2;1;1;2;0;1;2;8;12;13;19;16;13;13;16;8;19;5;5;4;3;2;4;1
452;10931;St.Gallen Stadt St.Jakob-Str.5;30.05.2020;Samstag;3;139;56;26;18;26;26;53;115;193;283;352;416;404;388;441;407;430;376;265;233;206;184;184;144
453;10931;St.Gallen Stadt St.Jakob-Str.5;31.05.2020;Sonntag;1;77;57;36;22;24;20;31;55;86;145;214;231;225;211;241;233;290;290;260;199;218;187;122;94
454;10931;St.Gallen Stadt St.Jakob-Str.5;31.05.2020;Sonntag;2;2;0;0;1;0;0;0;1;0;2;3;2;6;6;10;3;6;8;9;5;7;3;2;1
455;10931;St.Gallen Stadt St.Jakob-Str.5;31.05.2020;Sonntag;3;142;47;36;17;23;19;31;39;52;100;171;211;228;249;264;291;299;264;249;241;224;200;137;115
456;10931;St.Gallen Stadt St.Jakob-Str.5;01.06.2020;Montag;1;66;32;27;21;13;12;37;44;105;153;205;246;246;236;248;247;259;294;238;237;205;146;92;56
457;10931;St.Gallen Stadt St.Jakob-Str.5;01.06.2020;Montag;2;2;3;1;0;1;0;1;0;1;2;4;3;3;5;6;7;10;9;4;2;2;4;3;0
458;10931;St.Gallen Stadt St.Jakob-Str.5;01.06.2020;Montag;3;88;45;20;15;9;14;28;42;63;122;204;221;245;293;279;279;269;289;304;228;232;163;118;64
459;10931;St.Gallen Stadt St.Jakob-Str.5;02.06.2020;Dienstag;1;26;14;18;16;44;78;260;463;403;350;341;317;300;408;386;353;371;387;311;312;529;397;328;193
460;10931;St.Gallen Stadt St.Jakob-Str.5;02.06.2020;Dienstag;2;0;0;2;0;0;0;4;12;18;19;20;19;12;18;18;17;15;20;5;7;9;19;4;1
461;10931;St.Gallen Stadt St.Jakob-Str.5;02.06.2020;Dienstag;3;30;8;15;12;15;63;206;279;279;308;350;391;350;338;363;428;437;481;403;323;265;266;212;126
462;10931;St.Gallen Stadt St.Jakob-Str.5;03.06.2020;Mittwoch;1;82;51;40;50;174;84;254;397;387;337;400;339;307;382;384;384;393;407;357;240;440;402;329;166
463;10931;St.Gallen Stadt St.Jakob-Str.5;03.06.2020;Mittwoch;2;0;1;0;0;0;2;7;4;14;11;25;22;26;20;20;12;13;18;10;2;3;8;5;0
464;10931;St.Gallen Stadt St.Jakob-Str.5;03.06.2020;Mittwoch;3;74;30;27;21;33;69;197;270;283;292;367;418;315;380;394;454;470;519;418;266;248;234;203;129
465;10931;St.Gallen Stadt St.Jakob-Str.5;04.06.2020;Donnerstag;1;81;47;24;49;154;86;249;385;374;370;360;376;328;370;393;347;377;404;337;277;453;458;306;184
466;10931;St.Gallen Stadt St.Jakob-Str.5;04.06.2020;Donnerstag;2;1;1;0;1;0;1;9;11;12;19;16;19;12;16;24;17;14;15;6;6;9;3;4;3
467;10931;St.Gallen Stadt St.Jakob-Str.5;04.06.2020;Donnerstag;3;65;21;23;26;37;65;186;267;254;312;375;420;312;343;384;424;463;450;430;308;302;235;171;141
468;10931;St.Gallen Stadt St.Jakob-Str.5;05.06.2020;Freitag;1;85;46;28;53;102;88;247;402;400;398;368;379;330;447;424;401;419;389;334;273;192;167;138;117
469;10931;St.Gallen Stadt St.Jakob-Str.5;05.06.2020;Freitag;2;2;0;1;0;2;2;8;7;11;12;16;23;18;23;12;17;16;15;6;9;5;7;7;6
470;10931;St.Gallen Stadt St.Jakob-Str.5;05.06.2020;Freitag;3;73;23;31;27;45;55;201;276;296;310;398;445;385;374;400;462;466;490;388;291;229;200;187;136
471;10931;St.Gallen Stadt St.Jakob-Str.5;06.06.2020;Samstag;1;76;49;30;23;26;32;79;138;235;312;431;464;389;401;441;378;363;269;238;240;196;181;208;172
472;10931;St.Gallen Stadt St.Jakob-Str.5;06.06.2020;Samstag;2;4;0;1;1;0;1;0;2;10;12;15;21;16;16;18;15;18;7;8;9;14;20;17;6
473;10931;St.Gallen Stadt St.Jakob-Str.5;06.06.2020;Samstag;3;134;64;35;28;18;25;62;103;188;279;354;415;395;443;410;455;443;370;273;231;227;194;204;194
474;10931;St.Gallen Stadt St.Jakob-Str.5;07.06.2020;Sonntag;1;131;102;68;58;33;22;27;36;75;110;177;191;197;186;231;238;264;254;231;190;175;194;426;218
475;10931;St.Gallen Stadt St.Jakob-Str.5;07.06.2020;Sonntag;2;5;5;1;2;0;0;2;2;1;3;6;2;8;5;6;5;8;6;4;4;5;6;14;3
476;10931;St.Gallen Stadt St.Jakob-Str.5;07.06.2020;Sonntag;3;214;96;57;33;26;20;31;34;63;101;152;172;193;211;223;230;228;258;228;211;214;195;251;186
477;10931;St.Gallen Stadt St.Jakob-Str.5;08.06.2020;Montag;1;130;55;65;74;218;84;269;423;394;307;318;303;282;409;359;363;369;397;318;239;171;193;292;169
478;10931;St.Gallen Stadt St.Jakob-Str.5;08.06.2020;Montag;2;1;3;1;0;0;0;1;14;24;17;10;17;17;23;13;17;15;23;10;7;7;5;3;5
479;10931;St.Gallen Stadt St.Jakob-Str.5;08.06.2020;Montag;3;86;54;31;36;91;89;192;246;238;272;341;407;324;351;362;417;473;477;385;263;211;210;239;176
480;10931;St.Gallen Stadt St.Jakob-Str.5;09.06.2020;Dienstag;1;65;47;50;65;178;75;267;410;353;364;379;373;279;394;360;347;410;433;336;239;193;223;338;216
481;10931;St.Gallen Stadt St.Jakob-Str.5;09.06.2020;Dienstag;2;1;2;0;1;1;2;4;7;19;15;17;13;12;18;12;11;19;26;7;8;9;3;10;2
482;10931;St.Gallen Stadt St.Jakob-Str.5;09.06.2020;Dienstag;3;98;53;47;35;91;64;209;257;285;292;345;462;312;326;387;385;433;466;431;278;253;270;286;202
483;10931;St.Gallen Stadt St.Jakob-Str.5;10.06.2020;Mittwoch;1;68;59;41;57;153;73;253;408;384;364;362;353;318;413;398;341;387;445;365;251;153;131;123;60
484;10931;St.Gallen Stadt St.Jakob-Str.5;10.06.2020;Mittwoch;2;1;2;3;1;0;0;3;2;18;18;10;23;13;12;12;20;17;16;14;13;5;6;3;2
485;10931;St.Gallen Stadt St.Jakob-Str.5;10.06.2020;Mittwoch;3;88;45;30;34;76;67;176;268;272;304;341;394;333;357;383;430;445;453;415;307;223;199;157;65
486;10931;St.Gallen Stadt St.Jakob-Str.5;11.06.2020;Donnerstag;1;34;19;20;21;53;60;234;401;358;333;368;380;290;425;353;388;411;450;372;305;194;149;118;90
487;10931;St.Gallen Stadt St.Jakob-Str.5;11.06.2020;Donnerstag;2;2;2;0;1;0;0;3;10;20;13;15;35;11;15;24;19;19;18;19;7;8;4;6;1
488;10931;St.Gallen Stadt St.Jakob-Str.5;11.06.2020;Donnerstag;3;37;19;24;14;20;62;206;246;257;292;362;428;372;350;419;423;449;494;473;320;280;253;188;94
489;10931;St.Gallen Stadt St.Jakob-Str.5;12.06.2020;Freitag;1;52;33;18;19;28;82;265;416;411;405;393;356;332;405;411;364;440;401;325;289;254;231;176;141
490;10931;St.Gallen Stadt St.Jakob-Str.5;12.06.2020;Freitag;2;1;2;2;0;0;0;9;13;13;16;23;20;15;16;21;16;17;10;8;12;10;6;7;4
491;10931;St.Gallen Stadt St.Jakob-Str.5;12.06.2020;Freitag;3;57;29;14;13;20;58;192;264;296;348;367;440;355;361;438;486;498;502;435;366;263;250;204;181
492;10931;St.Gallen Stadt St.Jakob-Str.5;13.06.2020;Samstag;1;141;87;54;32;27;40;70;159;228;350;369;367;392;390;378;352;338;350;305;257;194;193;162;145
493;10931;St.Gallen Stadt St.Jakob-Str.5;13.06.2020;Samstag;2;6;4;1;0;1;2;0;3;9;14;12;15;21;16;10;13;14;10;13;9;8;7;2;12
494;10931;St.Gallen Stadt St.Jakob-Str.5;13.06.2020;Samstag;3;205;79;46;33;18;35;62;97;189;281;333;396;412;403;419;437;432;394;325;235;229;183;190;161
495;10931;St.Gallen Stadt St.Jakob-Str.5;14.06.2020;Sonntag;1;140;82;80;41;39;13;21;34;71;126;152;205;195;221;234;228;272;280;247;228;167;100;83;59
496;10931;St.Gallen Stadt St.Jakob-Str.5;14.06.2020;Sonntag;2;5;7;3;1;0;0;1;0;1;0;9;5;5;4;7;7;13;5;8;5;2;3;0;3
497;10931;St.Gallen Stadt St.Jakob-Str.5;14.06.2020;Sonntag;3;219;88;56;31;24;13;31;32;55;77;160;188;213;215;267;265;253;262;269;212;201;135;111;64
