LNR;ORT-ID;BEZEICHNUNG;DATUM;WOCHENTAG;RI;1;2;3;4;5;6;7;8;9;10;11;12;13;14;15;16;17;18;19;20;21;22;23;24
0;10905;St.Gallen Stadt Moosbruggst. 2;01.01.2020;Mittwoch;1;34;35;27;17;11;13;7;11;12;21;38;30;50;53;46;56;71;45;48;42;31;35;21;16
1;10905;St.Gallen Stadt Moosbruggst. 2;01.01.2020;Mittwoch;2;20;10;11;9;4;6;6;4;5;6;17;21;41;25;16;22;26;16;19;17;16;8;10;6
2;10905;St.Gallen Stadt Moosbruggst. 2;02.01.2020;Donnerstag;1;5;5;3;4;3;8;16;46;48;46;53;80;74;74;92;96;92;101;98;70;51;40;33;18
3;10905;St.Gallen Stadt Moosbruggst. 2;02.01.2020;Donnerstag;2;5;1;4;2;0;4;10;20;23;24;22;24;33;30;30;52;39;38;29;30;19;17;14;10
4;10905;St.Gallen Stadt Moosbruggst. 2;03.01.2020;Freitag;1;12;8;5;5;4;6;57;69;91;84;106;108;79;110;119;126;115;104;98;77;51;37;38;22
5;10905;St.Gallen Stadt Moosbruggst. 2;03.01.2020;Freitag;2;7;1;5;2;1;2;21;29;29;37;46;55;30;44;46;57;50;59;37;30;18;14;16;7
6;10905;St.Gallen Stadt Moosbruggst. 2;04.01.2020;Samstag;1;18;14;7;4;7;7;12;28;41;69;80;106;78;98;84;84;107;88;77;50;48;38;41;28
7;10905;St.Gallen Stadt Moosbruggst. 2;04.01.2020;Samstag;2;7;4;6;2;2;3;6;6;16;30;29;59;19;34;31;40;31;50;26;27;29;14;16;9
8;10905;St.Gallen Stadt Moosbruggst. 2;05.01.2020;Sonntag;1;23;20;13;13;11;13;12;12;27;49;71;59;59;61;65;74;64;74;64;63;35;20;16;11
9;10905;St.Gallen Stadt Moosbruggst. 2;05.01.2020;Sonntag;2;12;5;5;4;6;2;4;1;15;16;27;22;22;24;17;28;23;25;33;21;18;6;1;3
10;10905;St.Gallen Stadt Moosbruggst. 2;06.01.2020;Montag;1;2;4;1;0;4;13;76;163;123;83;103;115;115;125;122;115;142;204;126;60;43;32;39;15
11;10905;St.Gallen Stadt Moosbruggst. 2;06.01.2020;Montag;2;0;2;4;1;0;3;21;38;55;46;52;50;44;45;42;54;78;92;45;41;21;8;14;2
12;10905;St.Gallen Stadt Moosbruggst. 2;07.01.2020;Dienstag;1;7;5;6;2;1;11;92;176;129;111;112;101;112;129;114;117;141;205;153;99;51;43;17;19
13;10905;St.Gallen Stadt Moosbruggst. 2;07.01.2020;Dienstag;2;2;1;4;1;0;5;22;44;56;55;58;68;43;61;44;51;75;102;74;47;26;13;17;9
14;10905;St.Gallen Stadt Moosbruggst. 2;08.01.2020;Mittwoch;1;5;1;4;3;2;11;79;177;145;131;129;135;110;157;107;84;140;193;153;100;63;44;33;18
15;10905;St.Gallen Stadt Moosbruggst. 2;08.01.2020;Mittwoch;2;3;1;2;1;2;4;26;63;58;51;58;67;52;50;61;53;67;76;66;50;28;22;18;18
16;10905;St.Gallen Stadt Moosbruggst. 2;09.01.2020;Donnerstag;1;6;3;1;4;3;9;73;211;141;109;118;130;106;129;91;114;163;202;166;93;73;49;39;23
17;10905;St.Gallen Stadt Moosbruggst. 2;09.01.2020;Donnerstag;2;5;3;0;3;2;6;24;51;60;52;70;80;44;61;46;70;74;85;65;41;37;26;16;10
18;10905;St.Gallen Stadt Moosbruggst. 2;10.01.2020;Freitag;1;11;3;3;1;3;15;76;198;130;118;113;145;124;127;179;119;148;171;154;93;70;68;39;29
19;10905;St.Gallen Stadt Moosbruggst. 2;10.01.2020;Freitag;2;6;1;4;0;1;6;21;62;55;53;62;81;59;62;63;57;82;82;55;38;25;30;24;21
20;10905;St.Gallen Stadt Moosbruggst. 2;11.01.2020;Samstag;1;21;14;5;3;7;5;26;36;60;91;86;92;103;80;107;111;93;90;95;68;50;46;44;40
21;10905;St.Gallen Stadt Moosbruggst. 2;11.01.2020;Samstag;2;14;10;2;3;3;4;7;20;24;32;30;36;51;38;37;48;35;43;22;30;24;17;22;21
22;10905;St.Gallen Stadt Moosbruggst. 2;12.01.2020;Sonntag;1;28;23;19;6;17;3;6;10;28;48;73;68;67;68;73;71;79;84;73;54;31;33;14;7
23;10905;St.Gallen Stadt Moosbruggst. 2;12.01.2020;Sonntag;2;17;16;7;0;2;0;5;5;9;20;23;27;34;25;29;29;30;19;23;23;13;12;8;0
24;10905;St.Gallen Stadt Moosbruggst. 2;13.01.2020;Montag;1;4;1;1;5;2;12;78;204;123;101;116;107;86;104;111;128;165;215;144;90;59;49;41;15
25;10905;St.Gallen Stadt Moosbruggst. 2;13.01.2020;Montag;2;2;0;2;1;0;6;27;50;54;45;61;70;34;35;55;65;89;87;66;47;20;23;11;6
26;10905;St.Gallen Stadt Moosbruggst. 2;14.01.2020;Dienstag;1;11;1;2;2;2;25;96;200;156;133;113;123;121;144;107;124;131;228;159;88;47;43;32;22
27;10905;St.Gallen Stadt Moosbruggst. 2;14.01.2020;Dienstag;2;2;0;2;2;0;18;21;61;66;56;64;84;39;39;50;54;86;94;59;30;21;19;21;7
28;10905;St.Gallen Stadt Moosbruggst. 2;15.01.2020;Mittwoch;1;7;1;7;4;3;13;91;193;150;104;114;139;114;133;107;106;136;208;165;94;65;40;41;25
29;10905;St.Gallen Stadt Moosbruggst. 2;15.01.2020;Mittwoch;2;1;1;1;3;0;8;22;53;58;43;60;71;52;64;52;66;77;81;61;35;21;24;20;9
30;10905;St.Gallen Stadt Moosbruggst. 2;16.01.2020;Donnerstag;1;9;2;7;2;3;9;86;225;161;115;97;127;110;148;100;116;146;252;179;110;75;52;35;35
31;10905;St.Gallen Stadt Moosbruggst. 2;16.01.2020;Donnerstag;2;8;2;2;3;2;4;20;46;61;57;57;82;44;64;55;46;88;89;66;46;47;21;15;21
32;10905;St.Gallen Stadt Moosbruggst. 2;17.01.2020;Freitag;1;7;4;4;2;1;15;87;213;164;111;111;111;113;141;137;128;151;172;188;96;75;59;51;43
33;10905;St.Gallen Stadt Moosbruggst. 2;17.01.2020;Freitag;2;2;1;5;2;0;7;25;59;64;51;56;60;46;56;55;64;69;97;70;36;24;26;22;18
34;10905;St.Gallen Stadt Moosbruggst. 2;18.01.2020;Samstag;1;29;20;9;2;4;6;16;41;63;87;100;82;111;95;109;145;117;120;100;56;42;49;40;36
35;10905;St.Gallen Stadt Moosbruggst. 2;18.01.2020;Samstag;2;10;9;4;2;3;3;8;6;10;37;46;49;32;36;45;62;47;44;44;34;27;21;17;18
36;10905;St.Gallen Stadt Moosbruggst. 2;19.01.2020;Sonntag;1;16;22;16;13;11;8;20;15;16;49;78;53;63;75;65;96;83;54;69;60;39;26;19;7
37;10905;St.Gallen Stadt Moosbruggst. 2;19.01.2020;Sonntag;2;10;7;9;4;3;1;11;8;7;12;21;26;35;29;29;33;24;27;32;21;18;13;9;7
38;10905;St.Gallen Stadt Moosbruggst. 2;20.01.2020;Montag;1;4;4;3;1;4;13;79;205;147;105;71;116;95;138;112;115;137;213;154;86;59;39;38;8
39;10905;St.Gallen Stadt Moosbruggst. 2;20.01.2020;Montag;2;2;2;1;2;1;4;26;49;48;60;50;71;45;47;42;47;73;90;64;40;26;21;18;5
40;10905;St.Gallen Stadt Moosbruggst. 2;21.01.2020;Dienstag;1;9;1;4;1;2;17;86;202;150;128;132;132;112;153;119;123;156;226;174;88;63;45;30;19
41;10905;St.Gallen Stadt Moosbruggst. 2;21.01.2020;Dienstag;2;3;1;4;1;0;6;20;43;54;52;66;69;58;74;56;55;80;98;67;39;26;17;16;10
42;10905;St.Gallen Stadt Moosbruggst. 2;22.01.2020;Mittwoch;1;8;2;1;2;1;10;89;201;147;118;118;120;113;121;116;100;125;163;176;92;62;46;35;18
43;10905;St.Gallen Stadt Moosbruggst. 2;22.01.2020;Mittwoch;2;1;2;2;2;1;5;28;49;58;54;49;71;51;58;61;49;81;79;62;41;23;25;18;8
44;10905;St.Gallen Stadt Moosbruggst. 2;23.01.2020;Donnerstag;1;4;3;4;2;2;8;83;223;136;106;101;137;115;151;107;127;147;186;175;101;61;44;40;22
45;10905;St.Gallen Stadt Moosbruggst. 2;23.01.2020;Donnerstag;2;2;2;2;2;1;4;20;45;47;52;50;88;41;63;54;47;79;111;52;38;26;19;15;11
46;10905;St.Gallen Stadt Moosbruggst. 2;24.01.2020;Freitag;1;16;5;4;4;2;11;82;181;147;137;128;138;111;132;140;173;146;198;168;97;65;38;41;39
47;10905;St.Gallen Stadt Moosbruggst. 2;24.01.2020;Freitag;2;6;3;2;2;1;4;29;50;64;56;60;68;45;55;65;68;75;72;59;44;31;24;17;19
48;10905;St.Gallen Stadt Moosbruggst. 2;25.01.2020;Samstag;1;24;12;5;6;10;7;17;35;68;78;82;108;76;107;85;101;111;96;65;53;45;29;37;36
49;10905;St.Gallen Stadt Moosbruggst. 2;25.01.2020;Samstag;2;8;4;2;4;1;3;5;10;22;26;29;44;24;37;27;46;39;35;33;19;18;17;12;18
50;10905;St.Gallen Stadt Moosbruggst. 2;26.01.2020;Sonntag;1;21;16;10;8;10;6;13;11;15;46;50;80;77;54;83;64;74;78;67;49;33;18;15;10
51;10905;St.Gallen Stadt Moosbruggst. 2;26.01.2020;Sonntag;2;7;7;7;5;4;2;5;5;5;16;27;24;36;22;23;20;28;22;19;17;10;8;6;5
52;10905;St.Gallen Stadt Moosbruggst. 2;27.01.2020;Montag;1;1;0;2;2;3;13;81;142;114;87;87;92;79;109;95;95;129;155;103;85;49;32;20;17
53;10905;St.Gallen Stadt Moosbruggst. 2;27.01.2020;Montag;2;0;0;3;2;1;7;23;42;35;56;58;55;30;38;48;47;92;80;49;38;21;11;9;3
54;10905;St.Gallen Stadt Moosbruggst. 2;28.01.2020;Dienstag;1;5;2;2;0;1;7;85;165;140;154;99;108;107;108;88;89;106;168;108;62;48;43;22;15
55;10905;St.Gallen Stadt Moosbruggst. 2;28.01.2020;Dienstag;2;0;2;3;2;0;5;31;42;52;64;57;70;31;56;53;44;76;72;50;24;9;15;9;7
56;10905;St.Gallen Stadt Moosbruggst. 2;29.01.2020;Mittwoch;1;6;0;5;3;9;15;82;164;121;115;111;105;95;114;84;102;104;150;119;79;55;39;33;14
57;10905;St.Gallen Stadt Moosbruggst. 2;29.01.2020;Mittwoch;2;2;0;2;1;2;5;20;41;54;48;53;61;40;43;62;50;75;73;43;30;23;19;15;8
58;10905;St.Gallen Stadt Moosbruggst. 2;30.01.2020;Donnerstag;1;3;5;2;2;4;11;79;155;129;103;88;112;104;117;91;114;146;187;131;104;61;49;35;18
59;10905;St.Gallen Stadt Moosbruggst. 2;30.01.2020;Donnerstag;2;0;0;1;3;0;6;19;40;46;49;57;70;46;43;53;51;96;74;51;32;29;22;18;9
60;10905;St.Gallen Stadt Moosbruggst. 2;31.01.2020;Freitag;1;10;2;10;3;7;13;69;162;134;131;97;110;97;118;99;121;145;175;130;85;61;42;49;29
61;10905;St.Gallen Stadt Moosbruggst. 2;31.01.2020;Freitag;2;6;3;3;1;1;5;27;45;67;67;66;78;48;37;62;55;72;63;51;27;23;18;24;16
62;10905;St.Gallen Stadt Moosbruggst. 2;01.02.2020;Samstag;1;28;18;10;9;6;6;14;32;54;83;86;88;98;99;96;87;107;87;85;71;45;38;39;41
63;10905;St.Gallen Stadt Moosbruggst. 2;01.02.2020;Samstag;2;15;8;4;5;1;3;8;12;26;27;37;31;31;34;47;31;33;36;27;30;26;14;18;17
64;10905;St.Gallen Stadt Moosbruggst. 2;02.02.2020;Sonntag;1;16;15;10;12;8;7;9;8;26;72;62;59;66;57;64;79;67;80;67;51;46;35;8;9
65;10905;St.Gallen Stadt Moosbruggst. 2;02.02.2020;Sonntag;2;13;12;3;5;1;2;7;5;8;24;29;30;32;18;24;22;21;24;28;19;12;8;4;5
66;10905;St.Gallen Stadt Moosbruggst. 2;03.02.2020;Montag;1;0;2;5;5;3;13;91;207;170;95;85;146;101;147;114;146;151;202;142;84;58;33;29;13
67;10905;St.Gallen Stadt Moosbruggst. 2;03.02.2020;Montag;2;1;0;4;2;1;7;22;57;71;47;53;76;47;56;54;52;79;93;67;41;16;13;7;5
68;10905;St.Gallen Stadt Moosbruggst. 2;04.02.2020;Dienstag;1;6;3;3;5;3;16;83;209;153;113;103;127;104;129;116;112;135;201;159;110;52;39;34;18
69;10905;St.Gallen Stadt Moosbruggst. 2;04.02.2020;Dienstag;2;1;2;2;2;1;4;22;57;52;71;63;64;42;44;59;60;78;90;76;46;29;25;9;7
70;10905;St.Gallen Stadt Moosbruggst. 2;05.02.2020;Mittwoch;1;7;3;2;1;3;14;87;183;138;125;122;149;110;135;92;108;170;196;171;101;52;59;38;9
71;10905;St.Gallen Stadt Moosbruggst. 2;05.02.2020;Mittwoch;2;6;2;3;1;3;6;23;63;54;56;63;55;47;57;103;50;69;79;65;32;27;36;15;8
72;10905;St.Gallen Stadt Moosbruggst. 2;06.02.2020;Donnerstag;1;10;7;3;2;6;17;90;225;138;113;114;170;151;135;108;109;147;224;208;101;67;42;39;31
73;10905;St.Gallen Stadt Moosbruggst. 2;06.02.2020;Donnerstag;2;4;1;2;3;2;8;25;65;62;42;50;70;51;56;46;48;78;100;63;52;27;24;20;10
74;10905;St.Gallen Stadt Moosbruggst. 2;07.02.2020;Freitag;1;9;6;4;3;1;16;81;168;155;107;122;132;114;152;143;110;163;185;129;111;74;47;47;33
75;10905;St.Gallen Stadt Moosbruggst. 2;07.02.2020;Freitag;2;5;0;4;3;0;4;25;49;61;52;48;57;50;64;65;56;67;78;50;47;24;31;17;11
76;10905;St.Gallen Stadt Moosbruggst. 2;08.02.2020;Samstag;1;26;14;8;8;13;7;24;46;66;99;87;123;81;100;99;79;98;127;76;74;54;34;38;35
77;10905;St.Gallen Stadt Moosbruggst. 2;08.02.2020;Samstag;2;13;7;3;3;4;3;12;14;31;43;33;34;33;32;36;38;34;36;22;36;23;21;24;20
78;10905;St.Gallen Stadt Moosbruggst. 2;09.02.2020;Sonntag;1;33;21;12;12;11;7;11;13;23;39;54;71;65;62;86;88;84;93;78;50;44;21;17;9
79;10905;St.Gallen Stadt Moosbruggst. 2;09.02.2020;Sonntag;2;12;10;3;3;3;3;5;6;9;19;20;30;27;11;34;24;32;35;23;18;11;15;5;4
80;10905;St.Gallen Stadt Moosbruggst. 2;10.02.2020;Montag;1;3;0;4;0;2;19;77;190;157;105;104;135;127;146;113;112;135;187;195;90;63;45;36;20
81;10905;St.Gallen Stadt Moosbruggst. 2;10.02.2020;Montag;2;1;0;3;1;0;11;29;59;54;41;48;69;45;65;51;75;92;96;55;36;25;16;10;8
82;10905;St.Gallen Stadt Moosbruggst. 2;11.02.2020;Dienstag;1;9;2;7;2;4;17;95;214;133;108;108;127;119;120;110;109;174;204;149;95;55;35;34;18
83;10905;St.Gallen Stadt Moosbruggst. 2;11.02.2020;Dienstag;2;2;1;3;1;1;10;26;50;52;58;65;86;54;44;65;53;102;87;70;53;34;20;12;13
84;10905;St.Gallen Stadt Moosbruggst. 2;12.02.2020;Mittwoch;1;9;2;2;0;3;10;91;187;191;118;126;139;99;135;109;143;126;179;169;119;77;54;26;11
85;10905;St.Gallen Stadt Moosbruggst. 2;12.02.2020;Mittwoch;2;2;2;3;3;0;7;17;48;67;67;61;81;37;51;46;56;87;75;60;48;23;34;14;6
86;10905;St.Gallen Stadt Moosbruggst. 2;13.02.2020;Donnerstag;1;6;1;1;2;2;16;83;197;145;116;107;138;122;141;128;126;164;199;157;128;96;43;36;30
87;10905;St.Gallen Stadt Moosbruggst. 2;13.02.2020;Donnerstag;2;4;1;2;4;0;5;20;52;53;49;39;63;39;50;67;61;90;97;68;58;30;20;22;19
88;10905;St.Gallen Stadt Moosbruggst. 2;14.02.2020;Freitag;1;4;3;2;2;4;19;77;164;148;127;134;138;113;133;114;171;165;178;158;122;66;32;50;23
89;10905;St.Gallen Stadt Moosbruggst. 2;14.02.2020;Freitag;2;4;2;4;3;2;8;24;55;61;58;64;65;58;71;65;64;106;72;60;58;38;30;23;21
90;10905;St.Gallen Stadt Moosbruggst. 2;15.02.2020;Samstag;1;24;17;15;5;6;10;14;33;57;81;87;96;92;100;122;88;99;110;109;75;50;53;66;29
91;10905;St.Gallen Stadt Moosbruggst. 2;15.02.2020;Samstag;2;23;3;7;2;1;2;10;16;15;31;29;35;39;36;36;30;34;53;34;27;21;18;25;21
92;10905;St.Gallen Stadt Moosbruggst. 2;16.02.2020;Sonntag;1;26;16;12;12;10;8;15;20;25;29;62;58;66;61;76;75;73;89;88;70;54;39;21;15
93;10905;St.Gallen Stadt Moosbruggst. 2;16.02.2020;Sonntag;2;11;14;7;6;3;0;3;5;5;10;18;23;34;25;25;28;22;19;32;23;19;18;3;3
94;10905;St.Gallen Stadt Moosbruggst. 2;17.02.2020;Montag;1;2;2;5;6;2;8;87;224;167;107;95;103;105;139;105;125;144;209;151;110;51;40;39;12
95;10905;St.Gallen Stadt Moosbruggst. 2;17.02.2020;Montag;2;0;1;0;5;0;7;28;63;82;46;47;63;43;58;53;66;83;90;57;56;18;11;15;4
96;10905;St.Gallen Stadt Moosbruggst. 2;18.02.2020;Dienstag;1;4;3;1;2;5;17;86;211;164;138;115;145;131;154;91;114;158;220;183;104;80;50;36;19
97;10905;St.Gallen Stadt Moosbruggst. 2;18.02.2020;Dienstag;2;1;1;5;0;4;9;22;81;78;59;59;70;46;69;56;49;74;94;78;34;40;22;18;7
98;10905;St.Gallen Stadt Moosbruggst. 2;19.02.2020;Mittwoch;1;8;6;2;5;5;10;94;228;159;137;121;151;123;153;128;133;149;208;176;101;64;46;36;17
99;10905;St.Gallen Stadt Moosbruggst. 2;19.02.2020;Mittwoch;2;3;2;1;5;2;5;17;64;62;66;54;73;69;78;73;69;72;86;65;45;27;24;19;10
100;10905;St.Gallen Stadt Moosbruggst. 2;20.02.2020;Donnerstag;1;4;9;2;4;3;15;77;236;162;125;114;170;109;163;126;124;138;240;204;107;58;60;35;25
101;10905;St.Gallen Stadt Moosbruggst. 2;20.02.2020;Donnerstag;2;5;1;1;2;2;8;17;71;52;69;74;64;44;54;62;68;70;108;61;34;28;20;15;12
102;10905;St.Gallen Stadt Moosbruggst. 2;21.02.2020;Freitag;1;24;6;4;6;4;11;82;187;144;127;127;131;119;136;161;139;174;250;205;107;68;61;59;49
103;10905;St.Gallen Stadt Moosbruggst. 2;21.02.2020;Freitag;2;11;3;4;3;0;3;26;75;46;64;52;84;53;54;63;55;92;97;76;36;19;22;18;17
104;10905;St.Gallen Stadt Moosbruggst. 2;22.02.2020;Samstag;1;26;18;13;6;5;5;30;42;69;89;82;115;106;117;117;110;100;127;108;62;55;51;51;47
105;10905;St.Gallen Stadt Moosbruggst. 2;22.02.2020;Samstag;2;20;10;3;4;2;4;7;13;21;30;28;51;36;52;39;32;57;44;34;24;22;27;23;34
106;10905;St.Gallen Stadt Moosbruggst. 2;23.02.2020;Sonntag;1;40;32;15;17;6;5;8;31;25;47;75;80;59;127;175;88;83;71;67;49;40;22;13;5
107;10905;St.Gallen Stadt Moosbruggst. 2;23.02.2020;Sonntag;2;19;13;9;7;1;3;5;13;11;17;31;41;31;56;56;30;29;23;27;19;20;15;5;3
108;10905;St.Gallen Stadt Moosbruggst. 2;24.02.2020;Montag;1;8;1;0;3;4;11;92;200;148;107;110;133;112;124;96;147;143;235;156;100;57;36;43;21
109;10905;St.Gallen Stadt Moosbruggst. 2;24.02.2020;Montag;2;2;1;3;3;0;5;22;56;49;43;51;65;50;56;47;55;66;105;60;47;18;10;14;9
110;10905;St.Gallen Stadt Moosbruggst. 2;25.02.2020;Dienstag;1;8;2;3;1;4;13;98;200;167;117;146;152;116;124;113;114;180;209;175;110;67;61;36;19
111;10905;St.Gallen Stadt Moosbruggst. 2;25.02.2020;Dienstag;2;3;1;4;3;0;4;35;65;57;45;55;78;44;53;48;55;109;90;68;51;19;24;19;8
112;10905;St.Gallen Stadt Moosbruggst. 2;26.02.2020;Mittwoch;1;12;5;5;0;3;23;82;202;167;115;117;143;112;133;116;111;130;209;168;79;64;32;29;16
113;10905;St.Gallen Stadt Moosbruggst. 2;26.02.2020;Mittwoch;2;7;2;5;1;1;5;30;73;63;43;67;61;55;73;59;61;89;86;57;45;34;21;17;6
114;10905;St.Gallen Stadt Moosbruggst. 2;27.02.2020;Donnerstag;1;11;2;3;4;4;13;75;207;146;103;118;135;108;137;113;133;159;209;159;122;67;57;36;20
115;10905;St.Gallen Stadt Moosbruggst. 2;27.02.2020;Donnerstag;2;7;1;0;3;1;6;25;66;52;45;50;88;39;54;66;83;74;101;55;38;30;23;20;9
116;10905;St.Gallen Stadt Moosbruggst. 2;28.02.2020;Freitag;1;6;3;6;5;3;15;75;177;133;109;129;151;115;134;138;146;200;186;150;105;69;55;35;24
117;10905;St.Gallen Stadt Moosbruggst. 2;28.02.2020;Freitag;2;6;2;2;2;0;7;25;53;54;57;57;59;48;46;68;68;72;94;51;46;30;27;22;10
118;10905;St.Gallen Stadt Moosbruggst. 2;29.02.2020;Samstag;1;21;17;15;11;7;5;18;40;57;76;83;114;84;102;116;104;117;106;94;68;66;40;45;34
119;10905;St.Gallen Stadt Moosbruggst. 2;29.02.2020;Samstag;2;8;9;6;4;3;3;9;13;21;38;28;40;38;34;46;39;42;38;34;38;23;16;24;13
120;10905;St.Gallen Stadt Moosbruggst. 2;01.03.2020;Sonntag;1;25;26;18;14;15;9;12;19;27;44;49;80;60;83;85;96;72;80;65;59;50;37;27;11
121;10905;St.Gallen Stadt Moosbruggst. 2;01.03.2020;Sonntag;2;7;10;13;6;5;6;5;3;17;18;27;25;25;23;20;32;23;27;27;16;18;9;8;3
122;10905;St.Gallen Stadt Moosbruggst. 2;02.03.2020;Montag;1;1;1;2;1;1;11;83;205;132;114;119;123;111;131;118;110;134;213;153;89;72;35;35;19
123;10905;St.Gallen Stadt Moosbruggst. 2;02.03.2020;Montag;2;0;1;2;2;0;4;25;44;49;37;54;92;46;58;59;52;81;95;48;51;18;16;13;5
124;10905;St.Gallen Stadt Moosbruggst. 2;03.03.2020;Dienstag;1;7;3;0;0;1;14;91;219;140;108;107;140;108;145;110;103;165;208;178;97;62;59;36;16
125;10905;St.Gallen Stadt Moosbruggst. 2;03.03.2020;Dienstag;2;1;2;1;2;1;8;25;68;62;60;55;71;47;52;51;51;92;104;73;36;30;14;17;7
126;10905;St.Gallen Stadt Moosbruggst. 2;04.03.2020;Mittwoch;1;4;6;3;1;1;8;80;186;146;109;125;201;102;112;123;112;139;195;189;104;63;53;34;21
127;10905;St.Gallen Stadt Moosbruggst. 2;04.03.2020;Mittwoch;2;7;1;0;4;0;4;25;58;63;46;54;48;38;65;59;61;69;96;78;43;26;17;11;16
128;10905;St.Gallen Stadt Moosbruggst. 2;05.03.2020;Donnerstag;1;7;3;1;6;4;12;79;220;134;122;126;144;120;150;91;122;149;198;159;125;67;55;39;26
129;10905;St.Gallen Stadt Moosbruggst. 2;05.03.2020;Donnerstag;2;2;2;1;4;1;5;28;75;55;46;66;82;41;76;55;63;83;109;80;41;23;27;22;14
130;10905;St.Gallen Stadt Moosbruggst. 2;06.03.2020;Freitag;1;3;2;1;4;2;9;85;234;149;100;122;131;115;107;122;127;167;163;134;98;66;44;42;33
131;10905;St.Gallen Stadt Moosbruggst. 2;06.03.2020;Freitag;2;4;2;1;5;1;9;23;60;62;56;53;68;57;41;56;59;81;91;51;36;28;14;19;14
132;10905;St.Gallen Stadt Moosbruggst. 2;07.03.2020;Samstag;1;26;19;19;6;17;4;21;44;60;76;99;90;101;92;86;95;105;95;77;69;47;46;50;49
133;10905;St.Gallen Stadt Moosbruggst. 2;07.03.2020;Samstag;2;10;6;6;2;7;2;8;10;19;32;40;31;34;34;42;40;39;47;25;24;17;18;23;19
134;10905;St.Gallen Stadt Moosbruggst. 2;08.03.2020;Sonntag;1;15;19;19;18;11;5;11;13;37;55;68;79;73;76;84;76;86;93;62;61;56;26;18;8
135;10905;St.Gallen Stadt Moosbruggst. 2;08.03.2020;Sonntag;2;11;14;4;5;6;1;6;6;18;23;21;28;26;27;29;21;37;30;28;20;26;16;9;2
136;10905;St.Gallen Stadt Moosbruggst. 2;09.03.2020;Montag;1;5;1;1;1;2;10;76;236;186;114;108;115;92;127;107;129;123;211;159;79;44;35;34;15
137;10905;St.Gallen Stadt Moosbruggst. 2;09.03.2020;Montag;2;2;0;0;3;1;5;38;57;46;49;63;76;44;51;44;69;81;103;66;41;25;20;18;8
138;10905;St.Gallen Stadt Moosbruggst. 2;10.03.2020;Dienstag;1;5;3;1;2;1;12;85;224;146;107;134;153;115;110;112;128;142;203;163;106;57;38;34;20
139;10905;St.Gallen Stadt Moosbruggst. 2;10.03.2020;Dienstag;2;5;2;3;3;1;3;32;80;65;46;68;78;47;68;52;62;70;91;74;48;22;20;13;14
140;10905;St.Gallen Stadt Moosbruggst. 2;11.03.2020;Mittwoch;1;10;5;0;1;0;12;96;208;158;113;118;137;120;142;96;112;156;197;164;99;67;47;37;11
141;10905;St.Gallen Stadt Moosbruggst. 2;11.03.2020;Mittwoch;2;6;4;0;2;2;9;23;59;64;53;50;72;55;59;48;60;68;109;59;52;31;29;11;12
142;10905;St.Gallen Stadt Moosbruggst. 2;12.03.2020;Donnerstag;1;5;0;1;4;1;13;83;209;152;130;118;145;93;144;114;136;147;243;154;104;54;52;26;22
143;10905;St.Gallen Stadt Moosbruggst. 2;12.03.2020;Donnerstag;2;6;0;2;6;1;5;23;62;66;49;52;75;40;58;64;62;81;113;62;42;22;29;15;13
144;10905;St.Gallen Stadt Moosbruggst. 2;13.03.2020;Freitag;1;9;2;3;3;5;16;70;190;163;127;114;137;87;135;123;128;171;188;158;96;58;40;35;33
145;10905;St.Gallen Stadt Moosbruggst. 2;13.03.2020;Freitag;2;5;2;5;0;1;7;23;61;45;66;67;55;34;52;50;44;69;97;73;54;33;25;24;17
146;10905;St.Gallen Stadt Moosbruggst. 2;14.03.2020;Samstag;1;19;15;7;5;5;9;16;31;73;93;104;125;114;88;104;95;104;83;79;68;35;40;33;33
147;10905;St.Gallen Stadt Moosbruggst. 2;14.03.2020;Samstag;2;11;7;6;1;2;3;7;11;19;38;39;43;39;31;35;34;54;36;25;31;11;17;14;8
148;10905;St.Gallen Stadt Moosbruggst. 2;15.03.2020;Sonntag;1;27;12;13;5;6;8;12;9;23;31;51;63;60;74;55;64;89;78;77;40;44;20;15;13
149;10905;St.Gallen Stadt Moosbruggst. 2;15.03.2020;Sonntag;2;13;9;9;1;3;3;8;5;11;13;18;29;29;18;22;17;27;21;30;18;20;6;5;4
150;10905;St.Gallen Stadt Moosbruggst. 2;16.03.2020;Montag;1;3;4;5;2;1;11;91;182;151;112;128;114;114;153;136;109;134;171;119;67;51;41;18;11
151;10905;St.Gallen Stadt Moosbruggst. 2;16.03.2020;Montag;2;1;1;3;4;0;5;33;55;35;49;57;61;55;65;78;57;82;78;62;32;23;7;4;5
152;10905;St.Gallen Stadt Moosbruggst. 2;17.03.2020;Dienstag;1;4;6;0;2;2;14;92;170;135;107;97;132;124;120;85;95;117;159;112;53;35;13;11;7
153;10905;St.Gallen Stadt Moosbruggst. 2;17.03.2020;Dienstag;2;1;3;1;2;0;5;31;57;45;38;47;85;49;52;43;34;79;82;50;31;12;5;5;3
154;10905;St.Gallen Stadt Moosbruggst. 2;18.03.2020;Mittwoch;1;1;3;2;0;2;10;90;150;93;77;89;105;93;113;95;101;105;126;115;65;33;26;10;12
155;10905;St.Gallen Stadt Moosbruggst. 2;18.03.2020;Mittwoch;2;0;1;2;1;1;8;28;41;37;36;38;66;41;37;53;52;79;78;42;22;12;10;6;5
156;10905;St.Gallen Stadt Moosbruggst. 2;19.03.2020;Donnerstag;1;3;5;1;0;3;17;91;154;99;93;104;94;113;133;89;84;118;133;106;61;26;16;20;8
157;10905;St.Gallen Stadt Moosbruggst. 2;19.03.2020;Donnerstag;2;4;2;0;2;1;7;22;46;41;40;36;60;58;39;39;39;76;68;45;32;9;7;7;4
158;10905;St.Gallen Stadt Moosbruggst. 2;20.03.2020;Freitag;1;5;2;1;2;2;11;80;146;111;95;99;113;103;102;99;74;109;108;97;57;37;15;11;8
159;10905;St.Gallen Stadt Moosbruggst. 2;20.03.2020;Freitag;2;0;1;0;2;0;5;26;38;48;47;55;70;49;58;47;39;70;69;35;21;14;9;3;4
160;10905;St.Gallen Stadt Moosbruggst. 2;21.03.2020;Samstag;1;7;4;2;5;1;8;15;16;41;44;64;58;68;41;51;73;75;58;53;28;23;19;9;9
161;10905;St.Gallen Stadt Moosbruggst. 2;21.03.2020;Samstag;2;4;0;1;3;0;1;6;7;16;20;24;32;25;20;20;28;29;26;19;17;9;14;6;6
162;10905;St.Gallen Stadt Moosbruggst. 2;22.03.2020;Sonntag;1;9;5;5;2;3;2;11;13;13;17;28;27;26;32;32;31;48;58;31;43;22;10;9;3
163;10905;St.Gallen Stadt Moosbruggst. 2;22.03.2020;Sonntag;2;3;2;3;2;1;0;7;7;8;10;10;10;12;14;15;18;17;12;17;18;5;4;3;1
164;10905;St.Gallen Stadt Moosbruggst. 2;23.03.2020;Montag;1;2;1;0;1;2;10;73;139;97;63;78;84;94;117;90;80;105;141;82;30;31;17;8;6
165;10905;St.Gallen Stadt Moosbruggst. 2;23.03.2020;Montag;2;0;0;1;1;0;4;27;55;55;30;37;62;49;55;53;39;58;81;37;16;10;6;4;2
166;10905;St.Gallen Stadt Moosbruggst. 2;24.03.2020;Dienstag;1;1;0;2;1;1;10;87;129;94;75;91;79;94;103;83;89;103;136;100;52;31;15;13;6
167;10905;St.Gallen Stadt Moosbruggst. 2;24.03.2020;Dienstag;2;2;1;2;2;1;5;36;45;58;37;47;54;49;46;36;40;59;81;58;27;13;12;1;2
168;10905;St.Gallen Stadt Moosbruggst. 2;25.03.2020;Mittwoch;1;6;0;1;0;1;8;70;150;104;68;68;105;99;113;78;93;99;137;113;50;25;21;17;7
169;10905;St.Gallen Stadt Moosbruggst. 2;25.03.2020;Mittwoch;2;2;1;1;2;1;3;25;46;51;41;45;62;40;37;41;47;65;79;48;22;10;7;6;1
170;10905;St.Gallen Stadt Moosbruggst. 2;26.03.2020;Donnerstag;1;3;0;2;1;2;11;73;122;85;73;90;96;99;103;90;82;91;135;97;53;40;27;5;9
171;10905;St.Gallen Stadt Moosbruggst. 2;26.03.2020;Donnerstag;2;2;1;2;0;0;2;28;31;39;37;38;67;49;39;47;48;62;71;34;20;13;16;4;2
172;10905;St.Gallen Stadt Moosbruggst. 2;27.03.2020;Freitag;1;3;0;2;4;1;13;79;130;97;81;68;97;105;155;82;94;108;129;99;67;37;20;11;7
173;10905;St.Gallen Stadt Moosbruggst. 2;27.03.2020;Freitag;2;0;1;1;2;0;4;28;42;44;57;54;56;39;38;41;50;55;64;38;24;14;6;7;3
174;10905;St.Gallen Stadt Moosbruggst. 2;28.03.2020;Samstag;1;0;3;4;3;5;10;23;30;34;50;72;63;75;78;75;63;64;75;70;52;33;23;17;15
175;10905;St.Gallen Stadt Moosbruggst. 2;28.03.2020;Samstag;2;4;4;1;1;2;3;11;9;17;19;26;36;30;30;30;27;23;33;28;24;14;13;8;9
176;10905;St.Gallen Stadt Moosbruggst. 2;29.03.2020;Sonntag;1;10;0;5;5;1;7;13;8;9;9;16;36;53;37;39;37;49;41;41;29;27;18;5;9
177;10905;St.Gallen Stadt Moosbruggst. 2;29.03.2020;Sonntag;2;3;0;2;2;1;0;4;3;4;7;5;18;30;21;19;20;23;15;20;14;5;10;3;1
178;10905;St.Gallen Stadt Moosbruggst. 2;30.03.2020;Montag;1;2;1;4;1;4;13;76;126;78;57;80;85;96;100;66;75;96;128;94;42;32;22;14;7
179;10905;St.Gallen Stadt Moosbruggst. 2;30.03.2020;Montag;2;1;0;4;2;2;4;25;39;38;32;38;60;45;46;44;37;56;76;38;16;9;6;10;3
180;10905;St.Gallen Stadt Moosbruggst. 2;31.03.2020;Dienstag;1;0;1;1;0;3;9;78;126;96;66;89;97;104;129;76;94;109;154;95;58;31;12;12;11
181;10905;St.Gallen Stadt Moosbruggst. 2;31.03.2020;Dienstag;2;0;1;3;0;1;9;30;35;47;37;45;47;56;56;41;48;62;73;49;18;13;11;6;5
182;10905;St.Gallen Stadt Moosbruggst. 2;01.04.2020;Mittwoch;1;2;2;3;4;8;10;67;139;99;65;96;111;90;123;93;100;117;144;100;68;47;28;24;12
183;10905;St.Gallen Stadt Moosbruggst. 2;01.04.2020;Mittwoch;2;1;3;2;1;4;5;26;43;43;36;34;61;46;39;47;44;61;65;38;22;19;8;8;4
184;10905;St.Gallen Stadt Moosbruggst. 2;02.04.2020;Donnerstag;1;2;5;3;6;4;22;71;131;99;72;94;111;100;128;93;79;101;133;104;63;47;23;17;6
185;10905;St.Gallen Stadt Moosbruggst. 2;02.04.2020;Donnerstag;2;2;1;2;2;1;6;33;42;33;33;37;54;39;35;58;45;59;77;43;24;10;12;6;2
186;10905;St.Gallen Stadt Moosbruggst. 2;03.04.2020;Freitag;1;5;2;2;2;1;14;73;119;100;85;86;99;115;127;92;91;127;133;97;66;37;21;14;8
187;10905;St.Gallen Stadt Moosbruggst. 2;03.04.2020;Freitag;2;6;0;2;1;0;4;35;30;28;43;51;56;39;42;52;57;69;68;46;22;15;7;6;4
188;10905;St.Gallen Stadt Moosbruggst. 2;04.04.2020;Samstag;1;7;10;10;2;1;11;18;21;30;56;67;101;80;80;69;73;56;63;53;46;41;15;20;11
189;10905;St.Gallen Stadt Moosbruggst. 2;04.04.2020;Samstag;2;2;3;2;1;1;2;15;10;12;21;32;31;32;34;27;29;26;22;16;12;12;6;8;5
190;10905;St.Gallen Stadt Moosbruggst. 2;05.04.2020;Sonntag;1;4;10;8;4;2;6;12;2;15;18;34;38;34;39;53;48;42;70;74;54;32;22;10;3
191;10905;St.Gallen Stadt Moosbruggst. 2;05.04.2020;Sonntag;2;0;7;3;0;1;1;4;2;8;8;17;16;19;12;20;16;15;21;18;21;11;13;1;2
192;10905;St.Gallen Stadt Moosbruggst. 2;06.04.2020;Montag;1;4;1;2;1;2;11;76;132;97;76;87;76;87;100;93;90;126;136;90;62;47;31;18;11
193;10905;St.Gallen Stadt Moosbruggst. 2;06.04.2020;Montag;2;2;2;3;2;0;4;37;42;42;43;54;61;42;46;39;54;90;57;37;30;12;10;4;6
194;10905;St.Gallen Stadt Moosbruggst. 2;07.04.2020;Dienstag;1;2;6;2;0;2;8;77;140;96;83;77;105;97;113;69;100;115;155;82;44;31;23;18;12
195;10905;St.Gallen Stadt Moosbruggst. 2;07.04.2020;Dienstag;2;1;2;3;0;0;3;38;41;44;40;41;68;39;32;45;57;74;84;38;26;19;13;9;1
196;10905;St.Gallen Stadt Moosbruggst. 2;08.04.2020;Mittwoch;1;2;3;0;4;2;5;69;142;97;99;103;93;88;105;92;99;156;131;100;54;46;26;15;12
197;10905;St.Gallen Stadt Moosbruggst. 2;08.04.2020;Mittwoch;2;0;1;2;4;1;4;32;49;35;41;47;45;52;43;44;59;84;73;29;24;16;13;7;4
198;10905;St.Gallen Stadt Moosbruggst. 2;09.04.2020;Donnerstag;1;6;3;3;0;1;10;79;136;98;98;107;127;117;108;88;107;127;111;92;73;53;28;16;9
199;10905;St.Gallen Stadt Moosbruggst. 2;09.04.2020;Donnerstag;2;2;1;5;0;0;3;28;50;46;46;48;62;45;53;57;52;67;61;48;29;20;16;9;6
200;10905;St.Gallen Stadt Moosbruggst. 2;10.04.2020;Freitag;1;12;5;1;3;2;5;9;11;13;21;41;52;42;43;55;39;45;46;52;37;33;24;15;16
201;10905;St.Gallen Stadt Moosbruggst. 2;10.04.2020;Freitag;2;1;4;1;1;0;2;4;3;4;8;11;16;19;19;22;17;20;19;18;15;18;6;7;6
202;10905;St.Gallen Stadt Moosbruggst. 2;11.04.2020;Samstag;1;10;1;3;3;1;7;21;22;38;72;90;103;63;65;74;79;72;68;55;38;34;32;26;14
203;10905;St.Gallen Stadt Moosbruggst. 2;11.04.2020;Samstag;2;3;1;1;2;2;2;13;16;15;26;49;33;25;33;34;28;32;31;11;21;13;9;11;9
204;10905;St.Gallen Stadt Moosbruggst. 2;12.04.2020;Sonntag;1;6;8;4;2;2;4;16;6;13;26;32;39;38;61;45;49;43;60;49;57;41;29;17;12
205;10905;St.Gallen Stadt Moosbruggst. 2;12.04.2020;Sonntag;2;4;4;2;1;0;1;4;8;7;12;22;17;16;15;20;16;13;20;19;16;15;11;7;4
206;10905;St.Gallen Stadt Moosbruggst. 2;13.04.2020;Montag;1;7;10;2;2;3;4;11;14;19;23;25;38;37;51;42;56;63;64;50;57;32;24;10;3
207;10905;St.Gallen Stadt Moosbruggst. 2;13.04.2020;Montag;2;2;2;2;2;2;1;6;6;4;15;8;18;15;16;22;20;22;24;16;17;7;8;5;2
208;10905;St.Gallen Stadt Moosbruggst. 2;14.04.2020;Dienstag;1;1;2;1;3;0;14;78;150;102;98;94;90;94;121;93;92;103;162;110;51;22;23;12;9
209;10905;St.Gallen Stadt Moosbruggst. 2;14.04.2020;Dienstag;2;0;0;1;3;2;8;34;50;41;26;51;56;43;36;49;41;68;86;48;23;12;12;4;1
210;10905;St.Gallen Stadt Moosbruggst. 2;15.04.2020;Mittwoch;1;2;5;3;2;0;15;67;137;91;96;94;101;86;125;88;95;96;134;123;58;47;27;14;12
211;10905;St.Gallen Stadt Moosbruggst. 2;15.04.2020;Mittwoch;2;0;1;2;1;1;7;36;44;31;42;43;60;41;68;62;50;66;63;39;20;22;14;4;3
212;10905;St.Gallen Stadt Moosbruggst. 2;16.04.2020;Donnerstag;1;4;4;4;2;3;14;70;130;85;85;82;101;95;103;100;119;101;145;111;59;48;26;19;15
213;10905;St.Gallen Stadt Moosbruggst. 2;16.04.2020;Donnerstag;2;1;1;7;2;5;6;33;47;33;30;33;61;40;54;57;56;65;83;45;20;17;12;9;6
214;10905;St.Gallen Stadt Moosbruggst. 2;17.04.2020;Freitag;1;2;2;2;0;0;12;67;116;94;88;84;115;92;105;94;111;108;125;103;57;55;39;15;11
215;10905;St.Gallen Stadt Moosbruggst. 2;17.04.2020;Freitag;2;1;1;4;0;0;11;24;39;32;40;52;72;47;36;46;46;60;58;40;25;23;16;7;5
216;10905;St.Gallen Stadt Moosbruggst. 2;18.04.2020;Samstag;1;5;5;3;2;2;6;17;17;43;52;77;86;90;71;78;85;65;71;71;54;38;33;10;16
217;10905;St.Gallen Stadt Moosbruggst. 2;18.04.2020;Samstag;2;2;3;2;2;1;0;8;16;23;24;25;40;35;32;22;21;32;26;27;29;15;12;2;7
218;10905;St.Gallen Stadt Moosbruggst. 2;19.04.2020;Sonntag;1;15;3;3;1;3;3;5;9;13;16;40;63;50;59;39;49;66;63;63;40;49;29;8;7
219;10905;St.Gallen Stadt Moosbruggst. 2;19.04.2020;Sonntag;2;9;8;0;2;2;1;5;2;13;8;13;24;15;20;35;18;23;27;20;11;15;21;3;3
220;10905;St.Gallen Stadt Moosbruggst. 2;20.04.2020;Montag;1;5;2;2;0;0;11;81;144;108;88;88;104;75;98;91;88;111;158;90;48;46;30;13;13
221;10905;St.Gallen Stadt Moosbruggst. 2;20.04.2020;Montag;2;4;0;3;0;2;6;35;53;46;43;43;68;34;38;58;46;66;116;51;23;20;10;6;2
222;10905;St.Gallen Stadt Moosbruggst. 2;21.04.2020;Dienstag;1;5;2;0;1;2;10;78;142;97;99;85;108;107;107;95;85;97;164;102;68;44;34;16;17
223;10905;St.Gallen Stadt Moosbruggst. 2;21.04.2020;Dienstag;2;2;0;3;2;2;5;35;46;39;48;44;68;57;49;52;47;83;93;47;29;22;14;8;5
224;10905;St.Gallen Stadt Moosbruggst. 2;22.04.2020;Mittwoch;1;2;5;0;0;0;11;76;162;132;79;90;95;96;139;102;99;96;172;109;75;58;25;18;8
225;10905;St.Gallen Stadt Moosbruggst. 2;22.04.2020;Mittwoch;2;1;1;3;1;2;7;28;59;53;39;53;57;51;62;60;52;59;92;61;32;21;16;6;6
226;10905;St.Gallen Stadt Moosbruggst. 2;23.04.2020;Donnerstag;1;5;7;1;2;0;12;72;184;101;89;102;103;107;133;96;101;122;152;98;69;47;49;31;11
227;10905;St.Gallen Stadt Moosbruggst. 2;23.04.2020;Donnerstag;2;2;1;2;1;1;2;42;52;42;36;53;70;58;36;52;47;92;72;38;31;21;10;8;3
228;10905;St.Gallen Stadt Moosbruggst. 2;24.04.2020;Freitag;1;6;2;0;1;2;11;84;155;112;99;84;107;107;126;104;115;118;131;93;77;55;43;18;16
229;10905;St.Gallen Stadt Moosbruggst. 2;24.04.2020;Freitag;2;1;0;2;1;3;5;37;48;42;46;43;56;50;59;59;55;84;76;34;24;21;19;7;11
230;10905;St.Gallen Stadt Moosbruggst. 2;25.04.2020;Samstag;1;6;10;7;0;2;7;19;25;47;48;75;85;82;72;80;81;71;79;77;66;35;31;24;21
231;10905;St.Gallen Stadt Moosbruggst. 2;25.04.2020;Samstag;2;2;4;8;0;2;3;9;11;21;18;28;25;41;31;36;24;28;29;18;27;22;8;9;11
232;10905;St.Gallen Stadt Moosbruggst. 2;26.04.2020;Sonntag;1;10;11;4;4;2;2;6;11;17;15;23;44;46;55;45;50;53;57;72;40;35;31;22;3
233;10905;St.Gallen Stadt Moosbruggst. 2;26.04.2020;Sonntag;2;0;12;2;2;0;0;6;5;11;11;12;16;24;20;15;25;21;23;26;11;15;9;8;0
234;10905;St.Gallen Stadt Moosbruggst. 2;27.04.2020;Montag;1;4;0;6;3;4;13;86;158;101;89;123;126;94;129;90;87;145;156;114;66;40;35;20;9
235;10905;St.Gallen Stadt Moosbruggst. 2;27.04.2020;Montag;2;1;0;5;2;2;6;39;49;44;38;57;55;51;54;51;55;91;95;53;23;20;19;11;3
236;10905;St.Gallen Stadt Moosbruggst. 2;28.04.2020;Dienstag;1;9;1;2;2;3;12;82;176;128;123;104;126;114;154;97;98;130;190;123;68;47;17;16;15
237;10905;St.Gallen Stadt Moosbruggst. 2;28.04.2020;Dienstag;2;2;3;1;3;4;3;26;61;59;58;67;73;56;79;49;46;87;100;53;41;27;15;12;5
238;10905;St.Gallen Stadt Moosbruggst. 2;29.04.2020;Mittwoch;1;6;6;1;1;2;11;83;175;110;119;92;120;107;139;118;120;129;152;119;64;52;39;28;6
239;10905;St.Gallen Stadt Moosbruggst. 2;29.04.2020;Mittwoch;2;1;1;3;2;2;6;35;55;42;59;56;81;48;51;66;57;81;73;41;28;16;14;10;5
240;10905;St.Gallen Stadt Moosbruggst. 2;30.04.2020;Donnerstag;1;5;4;1;4;4;14;75;157;114;105;123;119;129;117;106;101;116;192;130;79;58;45;19;18
241;10905;St.Gallen Stadt Moosbruggst. 2;30.04.2020;Donnerstag;2;1;1;2;1;2;4;39;38;50;55;58;75;46;49;53;64;78;88;60;52;18;17;8;8
242;10905;St.Gallen Stadt Moosbruggst. 2;01.05.2020;Freitag;1;9;5;5;1;1;7;69;150;108;114;115;108;118;139;128;137;135;143;99;66;46;38;29;17
243;10905;St.Gallen Stadt Moosbruggst. 2;01.05.2020;Freitag;2;2;2;3;2;0;3;30;47;45;41;65;78;75;45;70;69;55;56;37;32;16;17;9;9
244;10905;St.Gallen Stadt Moosbruggst. 2;02.05.2020;Samstag;1;16;13;9;5;4;5;23;24;40;69;78;117;96;89;81;89;82;82;81;61;32;25;19;18
245;10905;St.Gallen Stadt Moosbruggst. 2;02.05.2020;Samstag;2;1;8;1;2;3;2;8;13;21;32;30;45;41;31;46;36;31;33;31;26;15;10;14;8
246;10905;St.Gallen Stadt Moosbruggst. 2;03.05.2020;Sonntag;1;14;17;5;3;0;6;6;14;18;22;40;43;49;66;70;61;62;70;64;46;61;49;24;13
247;10905;St.Gallen Stadt Moosbruggst. 2;03.05.2020;Sonntag;2;5;11;1;1;1;1;10;6;8;6;14;25;25;20;33;24;18;29;29;19;21;21;12;7
248;10905;St.Gallen Stadt Moosbruggst. 2;04.05.2020;Montag;1;5;9;3;0;0;8;84;169;133;92;106;116;105;131;76;109;126;175;121;72;77;48;26;16
249;10905;St.Gallen Stadt Moosbruggst. 2;04.05.2020;Montag;2;0;5;3;0;2;5;37;48;51;55;58;72;49;66;54;47;91;95;52;32;24;19;9;7
250;10905;St.Gallen Stadt Moosbruggst. 2;05.05.2020;Dienstag;1;13;2;5;2;1;12;102;179;134;115;129;139;131;149;115;110;140;196;134;79;53;37;18;10
251;10905;St.Gallen Stadt Moosbruggst. 2;05.05.2020;Dienstag;2;5;3;4;1;1;1;35;68;59;45;71;90;51;72;70;61;107;95;71;28;19;19;7;6
252;10905;St.Gallen Stadt Moosbruggst. 2;06.05.2020;Mittwoch;1;3;3;2;3;5;10;89;179;124;105;117;108;115;125;126;101;133;181;133;113;79;89;40;13
253;10905;St.Gallen Stadt Moosbruggst. 2;06.05.2020;Mittwoch;2;0;3;3;1;3;5;37;52;63;41;60;68;58;53;57;58;93;90;47;39;26;28;12;4
254;10905;St.Gallen Stadt Moosbruggst. 2;07.05.2020;Donnerstag;1;7;3;2;1;2;10;82;174;140;112;118;130;113;153;115;125;118;180;119;92;82;125;67;26
255;10905;St.Gallen Stadt Moosbruggst. 2;07.05.2020;Donnerstag;2;6;1;3;1;1;5;32;50;51;41;58;79;51;46;58;60;92;79;63;43;34;34;14;14
256;10905;St.Gallen Stadt Moosbruggst. 2;08.05.2020;Freitag;1;11;4;4;2;3;8;102;148;147;100;111;130;131;149;122;145;117;155;132;90;46;45;26;28
257;10905;St.Gallen Stadt Moosbruggst. 2;08.05.2020;Freitag;2;1;2;3;2;3;3;33;50;61;54;54;91;62;69;65;67;83;76;51;42;24;19;10;8
258;10905;St.Gallen Stadt Moosbruggst. 2;09.05.2020;Samstag;1;20;11;7;1;3;8;18;42;57;74;112;115;114;103;92;103;87;94;89;65;66;29;35;23
259;10905;St.Gallen Stadt Moosbruggst. 2;09.05.2020;Samstag;2;8;5;4;1;1;2;14;23;20;44;40;47;39;52;35;43;45;35;36;28;23;10;9;12
260;10905;St.Gallen Stadt Moosbruggst. 2;10.05.2020;Sonntag;1;17;8;9;4;7;5;9;13;43;46;41;49;55;58;66;71;78;79;84;74;58;102;61;14
261;10905;St.Gallen Stadt Moosbruggst. 2;10.05.2020;Sonntag;2;7;4;7;1;3;2;5;7;32;25;19;29;33;24;24;28;26;30;21;25;33;25;13;7
262;10905;St.Gallen Stadt Moosbruggst. 2;11.05.2020;Montag;1;5;2;1;1;1;5;88;243;137;116;147;128;133;160;113;140;167;190;146;79;50;55;19;14
263;10905;St.Gallen Stadt Moosbruggst. 2;11.05.2020;Montag;2;1;0;2;0;1;5;28;75;50;50;59;79;66;65;50;68;97;103;53;37;23;21;12;4
264;10905;St.Gallen Stadt Moosbruggst. 2;12.05.2020;Dienstag;1;6;5;2;5;4;9;101;217;145;100;103;134;132;146;107;130;159;211;147;74;67;42;36;21
265;10905;St.Gallen Stadt Moosbruggst. 2;12.05.2020;Dienstag;2;3;2;3;2;1;2;41;63;65;83;98;71;50;72;66;67;108;111;66;31;29;19;18;14
266;10905;St.Gallen Stadt Moosbruggst. 2;13.05.2020;Mittwoch;1;4;2;2;1;2;12;103;195;144;111;91;178;124;135;133;108;162;214;135;74;59;53;36;22
267;10905;St.Gallen Stadt Moosbruggst. 2;13.05.2020;Mittwoch;2;2;1;3;1;2;4;20;63;61;65;59;83;51;61;56;58;87;105;67;36;29;21;19;14
268;10905;St.Gallen Stadt Moosbruggst. 2;14.05.2020;Donnerstag;1;5;3;2;3;1;14;93;219;147;129;125;141;142;171;132;139;124;199;154;103;79;63;39;19
269;10905;St.Gallen Stadt Moosbruggst. 2;14.05.2020;Donnerstag;2;2;0;0;4;1;6;32;61;72;55;68;84;72;69;52;71;83;95;65;46;38;40;20;9
270;10905;St.Gallen Stadt Moosbruggst. 2;15.05.2020;Freitag;1;5;6;2;1;0;12;91;208;161;113;146;145;146;137;114;140;151;189;142;81;57;44;34;37
271;10905;St.Gallen Stadt Moosbruggst. 2;15.05.2020;Freitag;2;3;4;2;2;2;5;26;60;49;62;55;67;68;74;57;59;83;74;52;33;19;18;16;12
272;10905;St.Gallen Stadt Moosbruggst. 2;16.05.2020;Samstag;1;13;11;8;8;4;10;15;34;53;80;111;107;105;114;112;141;84;123;86;58;49;44;55;36
273;10905;St.Gallen Stadt Moosbruggst. 2;16.05.2020;Samstag;2;12;3;2;4;0;2;9;9;13;36;45;37;36;55;43;42;33;50;26;27;17;22;23;22
274;10905;St.Gallen Stadt Moosbruggst. 2;17.05.2020;Sonntag;1;16;12;10;4;9;4;9;12;17;44;41;50;55;61;73;57;74;82;60;61;70;107;42;19
275;10905;St.Gallen Stadt Moosbruggst. 2;17.05.2020;Sonntag;2;7;6;3;2;4;2;4;7;8;22;13;12;19;23;26;20;16;26;25;24;33;48;21;10
276;10905;St.Gallen Stadt Moosbruggst. 2;18.05.2020;Montag;1;8;3;0;5;0;12;98;197;147;107;104;148;131;151;107;126;121;226;123;72;78;60;31;18
277;10905;St.Gallen Stadt Moosbruggst. 2;18.05.2020;Montag;2;1;1;1;2;0;6;27;55;56;49;53;72;46;49;51;74;88;100;58;28;25;29;15;5
278;10905;St.Gallen Stadt Moosbruggst. 2;19.05.2020;Dienstag;1;6;2;2;1;0;14;92;219;158;132;128;144;133;147;97;142;162;220;136;79;65;69;35;14
279;10905;St.Gallen Stadt Moosbruggst. 2;19.05.2020;Dienstag;2;2;1;2;3;0;8;31;92;69;49;62;91;46;46;52;73;76;99;57;32;28;35;11;5
280;10905;St.Gallen Stadt Moosbruggst. 2;20.05.2020;Mittwoch;1;3;2;2;3;3;17;111;221;150;118;136;162;127;134;125;125;168;207;138;101;67;49;57;27
281;10905;St.Gallen Stadt Moosbruggst. 2;20.05.2020;Mittwoch;2;4;0;4;8;1;9;37;69;73;51;70;81;48;48;56;54;76;65;64;38;34;23;23;11
282;10905;St.Gallen Stadt Moosbruggst. 2;21.05.2020;Donnerstag;1;26;6;8;2;1;4;16;12;32;40;51;49;50;42;68;83;70;72;63;64;64;53;30;20
283;10905;St.Gallen Stadt Moosbruggst. 2;21.05.2020;Donnerstag;2;5;5;2;1;0;2;5;5;11;16;21;17;22;17;24;17;20;16;23;17;20;17;12;13
284;10905;St.Gallen Stadt Moosbruggst. 2;22.05.2020;Freitag;1;19;7;4;1;2;5;42;84;102;116;114;124;111;110;121;131;140;126;106;88;70;39;48;38
285;10905;St.Gallen Stadt Moosbruggst. 2;22.05.2020;Freitag;2;7;4;2;1;1;1;20;34;53;53;55;57;43;41;52;57;62;53;39;41;18;25;24;14
286;10905;St.Gallen Stadt Moosbruggst. 2;23.05.2020;Samstag;1;19;8;11;7;0;6;15;42;54;89;95;112;92;89;91;103;113;68;74;44;36;35;34;36
287;10905;St.Gallen Stadt Moosbruggst. 2;23.05.2020;Samstag;2;8;3;2;5;0;1;8;12;27;36;33;33;34;31;35;30;43;25;30;21;10;22;20;18
288;10905;St.Gallen Stadt Moosbruggst. 2;24.05.2020;Sonntag;1;29;12;4;8;5;3;10;12;24;29;40;42;40;59;75;66;75;83;89;57;55;35;41;13
289;10905;St.Gallen Stadt Moosbruggst. 2;24.05.2020;Sonntag;2;11;5;1;3;0;1;3;4;13;12;10;13;20;18;26;13;17;26;24;26;15;21;15;4
290;10905;St.Gallen Stadt Moosbruggst. 2;25.05.2020;Montag;1;7;3;2;1;1;10;98;198;124;90;123;139;114;153;110;130;151;225;139;76;65;65;27;12
291;10905;St.Gallen Stadt Moosbruggst. 2;25.05.2020;Montag;2;0;1;5;0;0;6;32;57;37;41;60;66;41;53;39;52;71;108;62;28;22;26;18;5
292;10905;St.Gallen Stadt Moosbruggst. 2;26.05.2020;Dienstag;1;4;3;2;5;4;8;100;226;140;143;119;118;127;148;119;126;136;207;127;158;208;142;62;28
293;10905;St.Gallen Stadt Moosbruggst. 2;26.05.2020;Dienstag;2;5;1;1;1;0;3;28;66;45;45;61;66;57;53;38;55;74;85;63;44;49;46;28;13
294;10905;St.Gallen Stadt Moosbruggst. 2;27.05.2020;Mittwoch;1;7;5;1;0;3;11;93;199;138;116;141;146;139;125;114;113;146;243;169;232;188;161;93;29
295;10905;St.Gallen Stadt Moosbruggst. 2;27.05.2020;Mittwoch;2;4;3;1;3;1;9;20;63;62;44;62;96;47;48;47;47;80;102;66;64;37;31;30;9
296;10905;St.Gallen Stadt Moosbruggst. 2;28.05.2020;Donnerstag;1;11;3;0;4;2;11;86;205;131;130;134;151;118;152;117;141;157;222;140;107;104;72;39;21
297;10905;St.Gallen Stadt Moosbruggst. 2;28.05.2020;Donnerstag;2;5;3;2;4;0;4;28;81;56;57;51;66;51;69;65;70;83;109;66;37;34;33;24;11
298;10905;St.Gallen Stadt Moosbruggst. 2;29.05.2020;Freitag;1;9;4;1;0;1;10;89;195;144;136;137;163;154;174;135;126;177;148;129;81;77;48;36;39
299;10905;St.Gallen Stadt Moosbruggst. 2;29.05.2020;Freitag;2;2;1;3;0;0;4;33;66;58;62;68;79;62;67;69;66;75;84;50;33;21;26;19;22
300;10905;St.Gallen Stadt Moosbruggst. 2;30.05.2020;Samstag;1;25;16;9;7;4;9;18;41;68;90;101;134;85;96;108;125;117;97;84;70;62;51;56;42
301;10905;St.Gallen Stadt Moosbruggst. 2;30.05.2020;Samstag;2;14;4;7;5;1;2;7;13;27;34;37;57;40;48;45;46;43;57;31;26;25;20;28;16
302;10905;St.Gallen Stadt Moosbruggst. 2;31.05.2020;Sonntag;1;29;17;9;5;5;5;13;5;28;26;65;32;49;49;54;58;61;74;84;69;50;59;36;31
303;10905;St.Gallen Stadt Moosbruggst. 2;31.05.2020;Sonntag;2;11;8;4;1;2;2;8;5;10;12;24;17;18;14;16;17;22;23;17;29;17;15;8;4
304;10905;St.Gallen Stadt Moosbruggst. 2;01.06.2020;Montag;1;18;11;7;8;0;4;7;10;22;41;68;59;72;55;52;66;88;92;80;79;54;36;21;20
305;10905;St.Gallen Stadt Moosbruggst. 2;01.06.2020;Montag;2;6;2;4;4;0;0;4;5;7;20;22;33;25;21;18;20;25;23;29;22;18;14;11;3
306;10905;St.Gallen Stadt Moosbruggst. 2;02.06.2020;Dienstag;1;10;1;4;0;0;14;109;217;152;129;117;144;121;145;123;128;151;211;162;73;90;104;46;22
307;10905;St.Gallen Stadt Moosbruggst. 2;02.06.2020;Dienstag;2;5;4;4;1;0;7;36;68;60;53;56;78;59;59;55;41;77;90;71;38;24;34;14;9
308;10905;St.Gallen Stadt Moosbruggst. 2;03.06.2020;Mittwoch;1;8;5;2;1;1;14;97;216;136;141;138;175;114;132;119;130;148;218;183;77;69;76;52;24
309;10905;St.Gallen Stadt Moosbruggst. 2;03.06.2020;Mittwoch;2;4;2;3;2;1;9;33;59;54;60;65;80;50;50;63;43;85;91;93;43;33;29;19;12
310;10905;St.Gallen Stadt Moosbruggst. 2;04.06.2020;Donnerstag;1;10;7;3;0;3;12;97;194;138;135;105;152;123;157;108;115;155;234;174;94;76;75;43;13
311;10905;St.Gallen Stadt Moosbruggst. 2;04.06.2020;Donnerstag;2;2;3;5;1;1;10;35;53;53;50;50;79;54;41;56;55;75;98;71;44;32;54;24;12
312;10905;St.Gallen Stadt Moosbruggst. 2;05.06.2020;Freitag;1;11;5;2;3;3;9;101;196;152;138;133;133;145;136;142;129;155;180;169;107;50;58;38;36
313;10905;St.Gallen Stadt Moosbruggst. 2;05.06.2020;Freitag;2;6;1;2;2;0;6;30;58;58;63;75;97;59;43;68;63;75;80;74;48;27;23;21;11
314;10905;St.Gallen Stadt Moosbruggst. 2;06.06.2020;Samstag;1;28;13;7;2;2;13;24;48;65;77;121;120;122;134;102;114;116;89;93;66;61;48;48;29
315;10905;St.Gallen Stadt Moosbruggst. 2;06.06.2020;Samstag;2;10;6;4;2;1;5;7;17;25;39;30;47;45;50;41;49;51;41;54;31;21;26;19;15
316;10905;St.Gallen Stadt Moosbruggst. 2;07.06.2020;Sonntag;1;39;14;10;9;6;2;13;12;33;44;44;58;42;67;62;55;51;81;65;64;58;34;32;13
317;10905;St.Gallen Stadt Moosbruggst. 2;07.06.2020;Sonntag;2;15;8;7;4;0;1;7;5;11;14;20;28;22;30;18;17;20;24;27;23;24;22;12;6
318;10905;St.Gallen Stadt Moosbruggst. 2;08.06.2020;Montag;1;4;12;4;2;3;10;101;201;160;99;123;132;109;126;124;121;156;222;170;82;69;45;33;16
319;10905;St.Gallen Stadt Moosbruggst. 2;08.06.2020;Montag;2;3;4;1;5;3;3;27;65;73;51;55;72;50;60;55;55;79;132;57;35;25;14;12;9
320;10905;St.Gallen Stadt Moosbruggst. 2;09.06.2020;Dienstag;1;6;2;2;1;3;16;103;223;162;153;121;174;141;128;104;124;182;220;178;71;58;34;48;25
321;10905;St.Gallen Stadt Moosbruggst. 2;09.06.2020;Dienstag;2;7;2;3;1;1;9;30;68;60;64;51;64;60;61;57;47;84;107;71;30;22;15;19;12
322;10905;St.Gallen Stadt Moosbruggst. 2;10.06.2020;Mittwoch;1;9;6;1;1;0;13;101;215;162;130;127;166;129;149;138;106;161;194;153;100;64;44;40;19
323;10905;St.Gallen Stadt Moosbruggst. 2;10.06.2020;Mittwoch;2;5;2;0;1;0;1;29;77;61;61;65;81;54;60;77;87;132;92;58;41;17;17;12;14
324;10905;St.Gallen Stadt Moosbruggst. 2;11.06.2020;Donnerstag;1;15;7;4;0;2;12;98;217;107;135;145;158;118;165;119;138;146;220;151;104;53;44;41;27
325;10905;St.Gallen Stadt Moosbruggst. 2;11.06.2020;Donnerstag;2;5;2;4;2;2;5;37;98;133;80;97;81;61;78;83;90;79;136;61;64;36;22;21;17
326;10905;St.Gallen Stadt Moosbruggst. 2;12.06.2020;Freitag;1;12;5;1;1;3;13;108;175;122;119;109;134;133;150;107;88;153;172;141;82;79;60;58;33
327;10905;St.Gallen Stadt Moosbruggst. 2;12.06.2020;Freitag;2;9;5;1;2;0;5;44;98;78;100;102;130;80;82;92;119;119;104;72;52;48;33;32;29
328;10905;St.Gallen Stadt Moosbruggst. 2;13.06.2020;Samstag;1;29;17;8;5;5;15;14;38;48;98;97;88;93;88;92;89;90;97;90;61;40;41;29;27
329;10905;St.Gallen Stadt Moosbruggst. 2;13.06.2020;Samstag;2;20;19;7;4;4;8;14;27;38;55;53;69;68;52;58;55;71;77;56;41;30;34;24;22
330;10905;St.Gallen Stadt Moosbruggst. 2;14.06.2020;Sonntag;1;52;15;6;8;2;4;9;19;24;29;43;54;56;68;62;63;60;75;71;49;37;22;12;13
331;10905;St.Gallen Stadt Moosbruggst. 2;14.06.2020;Sonntag;2;22;18;9;4;3;6;10;15;25;19;39;42;46;38;36;41;40;47;51;38;31;16;12;13
332;10905;St.Gallen Stadt Moosbruggst. 2;15.06.2020;Montag;1;3;7;1;1;3;10;96;192;138;88;110;108;96;138;105;108;155;256;154;47;52;49;29;14
333;10905;St.Gallen Stadt Moosbruggst. 2;15.06.2020;Montag;2;4;4;3;4;1;9;57;98;92;65;85;86;62;89;63;69;109;133;91;53;37;26;24;10
334;10905;St.Gallen Stadt Moosbruggst. 2;16.06.2020;Dienstag;1;1;0;3;1;1;7;102;202;147;308;185;113;127;140;131;153;191;211;132;85;52;40;38;21
335;10905;St.Gallen Stadt Moosbruggst. 2;16.06.2020;Dienstag;2;3;1;3;4;2;7;66;113;102;80;103;78;87;82;96;84;133;120;90;59;52;25;26;19
336;10905;St.Gallen Stadt Moosbruggst. 2;17.06.2020;Mittwoch;1;9;2;2;1;0;12;83;217;161;139;133;152;113;145;119;137;156;246;155;91;68;34;38;26
337;10905;St.Gallen Stadt Moosbruggst. 2;17.06.2020;Mittwoch;2;4;2;7;1;3;5;57;96;91;81;85;83;70;80;95;85;101;149;88;44;46;26;25;14
338;10905;St.Gallen Stadt Moosbruggst. 2;18.06.2020;Donnerstag;1;9;3;0;2;2;11;95;173;128;123;113;130;134;135;118;151;158;213;171;79;52;56;34;16
339;10905;St.Gallen Stadt Moosbruggst. 2;18.06.2020;Donnerstag;2;11;4;3;3;0;13;35;152;105;82;89;100;81;65;78;93;109;115;96;52;40;41;37;13
340;10905;St.Gallen Stadt Moosbruggst. 2;19.06.2020;Freitag;1;9;2;4;0;1;10;91;203;128;172;136;151;133;161;138;147;174;201;154;102;64;55;42;46
341;10905;St.Gallen Stadt Moosbruggst. 2;19.06.2020;Freitag;2;16;1;5;2;1;10;53;91;70;97;104;109;79;99;94;82;109;106;102;74;35;35;36;30
342;10905;St.Gallen Stadt Moosbruggst. 2;20.06.2020;Samstag;1;31;13;10;4;6;5;22;35;73;88;83;108;107;82;106;114;99;103;88;63;56;51;42;37
343;10905;St.Gallen Stadt Moosbruggst. 2;20.06.2020;Samstag;2;25;11;9;6;2;5;18;26;47;45;53;60;69;56;82;62;57;56;44;41;24;36;29;27
344;10905;St.Gallen Stadt Moosbruggst. 2;21.06.2020;Sonntag;1;32;20;13;4;5;5;12;15;20;43;61;57;51;58;50;75;67;80;64;67;44;31;23;13
345;10905;St.Gallen Stadt Moosbruggst. 2;21.06.2020;Sonntag;2;26;17;9;6;2;1;9;12;19;29;34;35;39;29;36;50;37;44;51;32;28;17;11;13
346;10905;St.Gallen Stadt Moosbruggst. 2;22.06.2020;Montag;1;3;3;1;2;2;9;94;197;126;128;103;133;109;165;111;122;162;214;134;90;62;50;25;16
347;10905;St.Gallen Stadt Moosbruggst. 2;22.06.2020;Montag;2;4;0;1;3;2;8;38;92;93;69;67;89;56;71;74;68;103;107;83;51;40;39;16;18
348;10905;St.Gallen Stadt Moosbruggst. 2;23.06.2020;Dienstag;1;7;4;3;0;1;14;112;218;159;136;99;129;95;137;131;157;145;199;140;88;71;53;40;13
349;10905;St.Gallen Stadt Moosbruggst. 2;23.06.2020;Dienstag;2;10;3;2;2;0;11;57;109;94;84;90;92;49;81;77;66;99;107;80;48;49;30;12;17
350;10905;St.Gallen Stadt Moosbruggst. 2;24.06.2020;Mittwoch;1;5;6;6;2;1;23;105;163;155;116;120;155;139;157;113;127;141;211;144;93;70;39;42;20
351;10905;St.Gallen Stadt Moosbruggst. 2;24.06.2020;Mittwoch;2;9;3;5;1;1;16;51;146;109;84;69;81;67;67;73;79;115;129;63;45;34;33;21;16
352;10905;St.Gallen Stadt Moosbruggst. 2;25.06.2020;Donnerstag;1;4;6;4;2;1;16;96;241;166;133;96;141;95;137;101;155;175;214;147;102;65;68;44;23
353;10905;St.Gallen Stadt Moosbruggst. 2;25.06.2020;Donnerstag;2;10;6;4;3;1;13;48;90;87;94;134;88;68;65;61;109;121;120;89;59;44;46;24;19
354;10905;St.Gallen Stadt Moosbruggst. 2;26.06.2020;Freitag;1;7;4;7;3;6;8;107;212;188;154;152;144;103;143;141;152;177;167;144;85;78;45;43;31
355;10905;St.Gallen Stadt Moosbruggst. 2;26.06.2020;Freitag;2;12;6;6;6;5;12;52;56;63;64;82;101;83;78;85;81;128;104;99;61;48;29;29;36
356;10905;St.Gallen Stadt Moosbruggst. 2;27.06.2020;Samstag;1;18;25;8;9;12;9;19;31;67;94;99;105;106;100;99;127;105;111;67;59;61;46;46;39
357;10905;St.Gallen Stadt Moosbruggst. 2;27.06.2020;Samstag;2;20;20;10;9;10;9;14;25;47;74;64;71;68;55;55;65;63;69;51;46;37;33;31;35
358;10905;St.Gallen Stadt Moosbruggst. 2;28.06.2020;Sonntag;1;33;27;18;16;25;9;11;16;26;24;67;75;57;63;56;64;73;80;76;63;50;34;13;15
359;10905;St.Gallen Stadt Moosbruggst. 2;28.06.2020;Sonntag;2;26;16;18;11;12;9;11;13;17;21;40;41;48;49;32;34;68;47;51;40;33;30;15;10
360;10905;St.Gallen Stadt Moosbruggst. 2;29.06.2020;Montag;1;2;2;6;1;1;8;91;201;154;87;106;117;107;136;122;111;125;229;145;87;53;45;31;10
361;10905;St.Gallen Stadt Moosbruggst. 2;29.06.2020;Montag;2;1;3;7;3;0;8;48;109;118;80;110;106;65;94;111;113;113;116;89;59;49;30;26;9
362;10905;St.Gallen Stadt Moosbruggst. 2;30.06.2020;Dienstag;1;3;2;4;5;0;18;91;206;145;141;136;138;116;154;120;136;148;212;148;92;62;43;45;21
363;10905;St.Gallen Stadt Moosbruggst. 2;30.06.2020;Dienstag;2;4;3;2;4;1;18;54;111;99;72;70;78;45;58;65;57;98;117;50;41;26;24;20;10
364;10905;St.Gallen Stadt Moosbruggst. 2;01.07.2020;Mittwoch;1;17;2;4;0;2;12;86;210;145;136;122;161;103;137;122;110;158;217;165;84;67;60;51;31
365;10905;St.Gallen Stadt Moosbruggst. 2;01.07.2020;Mittwoch;2;4;0;3;1;1;6;43;66;66;57;62;72;38;52;52;48;81;85;58;45;27;21;20;9
366;10905;St.Gallen Stadt Moosbruggst. 2;02.07.2020;Donnerstag;1;9;9;5;2;3;16;87;226;148;144;119;148;131;148;116;193;164;215;183;99;59;42;44;30
367;10905;St.Gallen Stadt Moosbruggst. 2;02.07.2020;Donnerstag;2;4;1;1;4;1;6;35;49;66;78;54;77;74;72;61;87;82;93;76;37;29;17;16;21
368;10905;St.Gallen Stadt Moosbruggst. 2;03.07.2020;Freitag;1;14;12;4;10;3;13;98;187;171;146;159;158;135;174;166;151;193;170;207;94;78;57;51;43
369;10905;St.Gallen Stadt Moosbruggst. 2;03.07.2020;Freitag;2;3;4;1;2;1;5;32;39;63;50;69;90;55;59;63;68;86;95;83;36;32;26;28;18
370;10905;St.Gallen Stadt Moosbruggst. 2;04.07.2020;Samstag;1;26;29;10;9;5;8;20;30;73;95;120;113;114;108;101;110;110;114;89;77;40;47;46;46
371;10905;St.Gallen Stadt Moosbruggst. 2;04.07.2020;Samstag;2;20;7;0;3;2;2;8;4;21;36;44;37;40;32;39;30;49;53;32;28;21;20;24;25
372;10905;St.Gallen Stadt Moosbruggst. 2;05.07.2020;Sonntag;1;33;22;16;11;5;8;11;12;30;43;52;71;52;59;59;73;68;78;79;61;62;41;37;14
373;10905;St.Gallen Stadt Moosbruggst. 2;05.07.2020;Sonntag;2;11;7;6;2;3;3;5;2;7;16;22;25;30;24;19;17;23;31;26;28;28;19;6;8
374;10905;St.Gallen Stadt Moosbruggst. 2;06.07.2020;Montag;1;12;1;3;2;2;16;98;183;113;125;99;123;104;145;121;125;144;239;206;70;59;46;30;16
375;10905;St.Gallen Stadt Moosbruggst. 2;06.07.2020;Montag;2;3;0;0;3;0;7;36;47;50;55;44;72;43;73;53;65;81;99;69;37;25;19;17;5
376;10905;St.Gallen Stadt Moosbruggst. 2;07.07.2020;Dienstag;1;9;4;5;5;1;18;96;182;143;115;121;133;125;139;98;147;151;214;145;77;77;55;31;29
377;10905;St.Gallen Stadt Moosbruggst. 2;07.07.2020;Dienstag;2;3;2;4;2;0;7;42;46;47;37;52;76;44;54;49;56;73;93;60;35;18;18;18;10
378;10905;St.Gallen Stadt Moosbruggst. 2;08.07.2020;Mittwoch;1;9;6;1;3;4;12;100;190;136;116;116;150;121;132;107;114;161;207;140;68;56;51;45;21
379;10905;St.Gallen Stadt Moosbruggst. 2;08.07.2020;Mittwoch;2;3;3;1;1;1;7;22;51;59;46;51;70;54;62;53;45;81;97;37;37;27;19;14;12
380;10905;St.Gallen Stadt Moosbruggst. 2;09.07.2020;Donnerstag;1;8;8;2;1;0;16;81;176;138;131;100;133;112;138;112;131;139;202;192;113;67;56;49;31
381;10905;St.Gallen Stadt Moosbruggst. 2;09.07.2020;Donnerstag;2;2;3;3;1;0;4;29;38;61;68;63;80;58;58;57;56;83;87;68;41;26;24;11;12
382;10905;St.Gallen Stadt Moosbruggst. 2;10.07.2020;Freitag;1;21;7;4;2;2;16;91;164;147;112;137;121;118;160;131;125;151;180;144;82;73;57;51;38
383;10905;St.Gallen Stadt Moosbruggst. 2;10.07.2020;Freitag;2;12;3;4;3;0;6;29;48;63;65;59;77;55;60;65;65;93;79;59;39;30;25;29;20
384;10905;St.Gallen Stadt Moosbruggst. 2;11.07.2020;Samstag;1;25;27;12;6;8;12;26;31;46;79;109;126;105;95;94;114;122;110;98;63;74;40;63;31
385;10905;St.Gallen Stadt Moosbruggst. 2;11.07.2020;Samstag;2;15;6;5;3;1;2;11;15;16;36;39;49;44;35;40;43;47;49;37;27;32;13;30;19
386;10905;St.Gallen Stadt Moosbruggst. 2;12.07.2020;Sonntag;1;24;20;14;16;2;7;15;12;39;43;67;60;61;58;54;67;64;70;77;62;65;38;24;13
387;10905;St.Gallen Stadt Moosbruggst. 2;12.07.2020;Sonntag;2;11;9;6;4;0;4;9;5;19;22;29;22;28;22;22;15;19;22;20;29;24;16;10;3
388;10905;St.Gallen Stadt Moosbruggst. 2;13.07.2020;Montag;1;7;6;3;5;1;10;86;192;123;120;111;135;123;137;116;138;162;219;134;72;65;42;31;20
389;10905;St.Gallen Stadt Moosbruggst. 2;13.07.2020;Montag;2;2;3;1;3;0;6;23;55;54;54;63;66;57;37;37;60;85;88;53;30;20;17;7;11
390;10905;St.Gallen Stadt Moosbruggst. 2;14.07.2020;Dienstag;1;6;2;2;4;2;15;94;184;166;160;115;135;111;134;111;125;144;234;159;97;71;56;50;30
391;10905;St.Gallen Stadt Moosbruggst. 2;14.07.2020;Dienstag;2;3;2;2;2;0;8;31;68;59;63;57;62;55;60;55;52;83;92;74;40;24;21;22;15
392;10905;St.Gallen Stadt Moosbruggst. 2;15.07.2020;Mittwoch;1;14;2;4;3;1;13;76;178;138;148;126;150;126;132;126;118;154;195;181;89;54;48;28;20
393;10905;St.Gallen Stadt Moosbruggst. 2;15.07.2020;Mittwoch;2;8;1;1;3;2;8;35;63;61;67;53;64;58;66;81;65;79;89;58;38;13;10;21;9
394;10905;St.Gallen Stadt Moosbruggst. 2;16.07.2020;Donnerstag;1;9;4;2;3;3;15;93;182;141;123;133;164;147;159;113;129;178;196;161;78;70;43;48;22
395;10905;St.Gallen Stadt Moosbruggst. 2;16.07.2020;Donnerstag;2;3;2;2;2;0;5;35;64;49;56;65;75;56;70;66;51;78;75;47;40;26;14;17;10
396;10905;St.Gallen Stadt Moosbruggst. 2;17.07.2020;Freitag;1;15;7;2;1;4;10;82;163;140;130;145;156;142;142;141;142;179;178;140;113;73;58;52;29
397;10905;St.Gallen Stadt Moosbruggst. 2;17.07.2020;Freitag;2;10;1;3;3;1;6;28;41;54;60;52;64;51;38;77;69;76;67;52;46;31;21;18;13
398;10905;St.Gallen Stadt Moosbruggst. 2;18.07.2020;Samstag;1;33;14;15;10;13;7;19;37;78;83;105;126;113;122;97;86;119;115;96;68;62;77;44;39
399;10905;St.Gallen Stadt Moosbruggst. 2;18.07.2020;Samstag;2;8;7;9;7;4;5;11;11;30;37;40;40;44;34;34;33;44;53;31;26;22;20;20;17
400;10905;St.Gallen Stadt Moosbruggst. 2;19.07.2020;Sonntag;1;34;25;16;10;18;10;18;15;33;57;66;74;55;76;74;70;83;97;99;65;73;47;33;28
401;10905;St.Gallen Stadt Moosbruggst. 2;19.07.2020;Sonntag;2;16;10;10;4;3;3;3;3;13;18;27;26;22;21;18;23;21;27;26;29;13;20;7;8
402;10905;St.Gallen Stadt Moosbruggst. 2;20.07.2020;Montag;1;9;4;3;4;4;16;75;161;107;107;106;106;106;111;114;126;137;184;143;81;73;37;60;24
403;10905;St.Gallen Stadt Moosbruggst. 2;20.07.2020;Montag;2;3;3;1;3;1;9;28;49;39;48;54;58;42;58;48;56;78;83;47;44;28;16;14;11
404;10905;St.Gallen Stadt Moosbruggst. 2;21.07.2020;Dienstag;1;10;5;4;5;2;8;88;127;146;108;111;129;106;131;130;108;163;193;138;84;49;52;33;19
405;10905;St.Gallen Stadt Moosbruggst. 2;21.07.2020;Dienstag;2;3;1;1;1;1;5;39;41;60;43;59;58;40;45;55;52;84;83;45;29;27;14;15;8
406;10905;St.Gallen Stadt Moosbruggst. 2;22.07.2020;Mittwoch;1;19;6;3;2;5;12;97;139;114;114;134;112;74;138;120;111;150;202;154;100;63;47;41;33
407;10905;St.Gallen Stadt Moosbruggst. 2;22.07.2020;Mittwoch;2;5;1;2;1;1;5;25;62;50;53;61;42;31;53;54;53;71;84;60;47;18;17;15;12
408;10905;St.Gallen Stadt Moosbruggst. 2;23.07.2020;Donnerstag;1;10;8;5;2;2;10;81;143;121;126;114;128;102;124;115;108;153;166;125;91;54;50;45;23
409;10905;St.Gallen Stadt Moosbruggst. 2;23.07.2020;Donnerstag;2;6;4;10;2;2;8;26;48;45;46;58;56;44;46;53;55;90;90;55;40;23;25;15;15
410;10905;St.Gallen Stadt Moosbruggst. 2;24.07.2020;Freitag;1;10;7;4;6;3;10;74;130;111;107;114;137;111;115;120;131;156;144;123;82;62;44;47;35
411;10905;St.Gallen Stadt Moosbruggst. 2;24.07.2020;Freitag;2;5;3;2;0;2;1;32;36;68;52;61;72;52;36;64;65;69;66;53;34;25;18;21;15
412;10905;St.Gallen Stadt Moosbruggst. 2;25.07.2020;Samstag;1;20;14;8;5;8;5;16;35;62;78;104;111;97;92;87;94;95;83;98;73;60;44;54;39
413;10905;St.Gallen Stadt Moosbruggst. 2;25.07.2020;Samstag;2;9;10;2;3;3;2;13;17;24;31;36;39;44;41;33;38;30;46;42;29;22;20;21;14
414;10905;St.Gallen Stadt Moosbruggst. 2;26.07.2020;Sonntag;1;24;19;16;10;11;9;6;10;22;46;69;97;62;65;57;64;66;71;78;59;71;38;36;11
415;10905;St.Gallen Stadt Moosbruggst. 2;26.07.2020;Sonntag;2;14;10;10;4;4;2;5;1;8;24;22;19;38;19;22;9;24;22;34;28;23;10;13;5
416;10905;St.Gallen Stadt Moosbruggst. 2;27.07.2020;Montag;1;6;9;5;2;4;13;72;111;94;94;124;108;105;126;96;122;96;162;118;61;69;66;45;22
417;10905;St.Gallen Stadt Moosbruggst. 2;27.07.2020;Montag;2;1;4;3;1;1;6;34;44;32;38;60;58;40;51;40;45;68;71;37;25;22;27;15;7
418;10905;St.Gallen Stadt Moosbruggst. 2;28.07.2020;Dienstag;1;8;4;3;2;2;11;72;130;139;102;122;107;90;104;134;114;166;179;125;85;76;69;53;25
419;10905;St.Gallen Stadt Moosbruggst. 2;28.07.2020;Dienstag;2;3;1;2;2;0;5;27;44;57;55;41;58;43;45;66;50;93;74;41;41;20;23;21;10
420;10905;St.Gallen Stadt Moosbruggst. 2;29.07.2020;Mittwoch;1;8;7;5;12;4;18;80;123;111;119;129;144;118;140;118;126;174;164;121;129;69;57;51;29
421;10905;St.Gallen Stadt Moosbruggst. 2;29.07.2020;Mittwoch;2;3;1;1;5;1;11;26;58;54;49;51;72;50;56;54;72;83;72;48;27;30;25;16;14
422;10905;St.Gallen Stadt Moosbruggst. 2;30.07.2020;Donnerstag;1;16;10;2;4;3;16;77;112;119;112;149;125;105;160;106;138;164;167;159;94;59;70;58;25
423;10905;St.Gallen Stadt Moosbruggst. 2;30.07.2020;Donnerstag;2;11;5;2;2;2;6;29;55;51;48;53;66;45;48;42;58;75;93;50;36;11;27;16;9
424;10905;St.Gallen Stadt Moosbruggst. 2;31.07.2020;Freitag;1;16;9;2;3;6;16;68;117;111;130;133;146;106;134;151;137;153;149;117;88;58;54;60;44
425;10905;St.Gallen Stadt Moosbruggst. 2;31.07.2020;Freitag;2;14;4;2;1;3;8;29;43;37;58;72;69;43;58;55;63;82;54;41;30;23;19;18;16
426;10905;St.Gallen Stadt Moosbruggst. 2;01.08.2020;Samstag;1;26;19;12;15;10;5;19;27;22;40;56;67;63;68;72;77;66;75;78;55;58;51;60;55
427;10905;St.Gallen Stadt Moosbruggst. 2;01.08.2020;Samstag;2;18;7;7;5;3;1;10;8;10;10;21;15;21;15;25;25;25;19;28;21;14;13;24;14
428;10905;St.Gallen Stadt Moosbruggst. 2;02.08.2020;Sonntag;1;35;26;18;12;15;6;15;10;21;30;54;66;77;82;55;83;73;90;91;78;56;52;24;8
429;10905;St.Gallen Stadt Moosbruggst. 2;02.08.2020;Sonntag;2;12;8;7;9;5;0;7;5;9;9;26;16;36;23;17;29;27;20;27;30;32;14;3;6
430;10905;St.Gallen Stadt Moosbruggst. 2;03.08.2020;Montag;1;10;5;4;5;7;10;74;153;111;101;125;129;134;133;125;130;187;258;158;98;48;38;25;16
431;10905;St.Gallen Stadt Moosbruggst. 2;03.08.2020;Montag;2;4;5;1;4;3;6;32;44;48;42;76;64;64;55;53;73;73;96;32;27;14;15;8;9
432;10905;St.Gallen Stadt Moosbruggst. 2;04.08.2020;Dienstag;1;4;4;4;7;5;11;93;159;150;118;122;169;134;163;126;149;169;216;159;90;72;37;46;21
433;10905;St.Gallen Stadt Moosbruggst. 2;04.08.2020;Dienstag;2;0;2;2;5;1;2;36;48;51;45;60;75;53;57;48;71;87;97;64;29;35;14;19;10
434;10905;St.Gallen Stadt Moosbruggst. 2;05.08.2020;Mittwoch;1;10;3;3;0;4;20;86;174;127;124;139;133;99;147;135;132;151;244;155;84;78;56;45;34
435;10905;St.Gallen Stadt Moosbruggst. 2;05.08.2020;Mittwoch;2;7;4;1;5;2;7;34;56;58;55;73;60;71;60;63;57;66;109;40;39;26;21;17;14
436;10905;St.Gallen Stadt Moosbruggst. 2;06.08.2020;Donnerstag;1;11;8;2;2;4;16;85;188;149;134;133;140;125;128;116;120;166;212;159;115;95;64;70;36
437;10905;St.Gallen Stadt Moosbruggst. 2;06.08.2020;Donnerstag;2;3;3;2;4;1;8;38;53;47;51;64;74;50;49;52;57;85;103;60;53;32;29;21;18
438;10905;St.Gallen Stadt Moosbruggst. 2;07.08.2020;Freitag;1;15;12;1;5;4;13;74;162;152;136;134;145;145;114;157;134;163;196;142;80;89;67;59;42
439;10905;St.Gallen Stadt Moosbruggst. 2;07.08.2020;Freitag;2;9;3;4;1;2;5;32;41;69;71;59;81;59;49;60;66;69;89;61;40;39;24;24;16
440;10905;St.Gallen Stadt Moosbruggst. 2;08.08.2020;Samstag;1;21;14;15;6;16;7;17;50;82;83;126;136;114;103;114;116;116;111;98;89;70;66;70;49
441;10905;St.Gallen Stadt Moosbruggst. 2;08.08.2020;Samstag;2;14;11;7;2;5;3;9;9;21;37;45;40;45;35;38;37;42;59;30;29;24;32;33;35
442;10905;St.Gallen Stadt Moosbruggst. 2;09.08.2020;Sonntag;1;64;29;17;8;15;6;17;24;45;52;84;75;75;47;64;78;86;101;103;114;84;52;100;68
443;10905;St.Gallen Stadt Moosbruggst. 2;09.08.2020;Sonntag;2;19;10;7;2;5;0;9;11;24;13;32;33;31;20;20;19;30;26;39;38;30;12;14;11
444;10905;St.Gallen Stadt Moosbruggst. 2;10.08.2020;Montag;1;18;9;2;2;2;17;100;197;161;100;117;141;100;126;125;116;160;252;149;109;79;59;61;27
445;10905;St.Gallen Stadt Moosbruggst. 2;10.08.2020;Montag;2;3;1;2;1;7;5;44;60;60;46;48;61;45;49;60;56;81;105;72;49;22;23;17;13
446;10905;St.Gallen Stadt Moosbruggst. 2;11.08.2020;Dienstag;1;10;6;5;1;3;15;110;235;184;141;124;160;151;149;115;145;154;251;200;94;67;73;84;46
447;10905;St.Gallen Stadt Moosbruggst. 2;11.08.2020;Dienstag;2;6;3;2;1;2;3;38;70;75;65;68;75;54;57;43;62;87;117;83;41;32;28;16;17
448;10905;St.Gallen Stadt Moosbruggst. 2;12.08.2020;Mittwoch;1;9;6;4;1;2;14;98;212;169;152;130;159;147;157;148;111;201;247;198;103;81;73;97;40
449;10905;St.Gallen Stadt Moosbruggst. 2;12.08.2020;Mittwoch;2;6;3;4;1;2;11;31;80;60;50;67;80;49;57;64;49;81;110;70;41;29;29;28;11
450;10905;St.Gallen Stadt Moosbruggst. 2;13.08.2020;Donnerstag;1;15;6;3;2;7;18;114;191;161;147;142;143;152;133;127;148;189;246;192;127;78;54;109;56
451;10905;St.Gallen Stadt Moosbruggst. 2;13.08.2020;Donnerstag;2;3;4;5;3;2;9;45;56;70;62;68;67;46;49;66;55;72;126;69;61;30;24;16;18
452;10905;St.Gallen Stadt Moosbruggst. 2;14.08.2020;Freitag;1;12;7;4;7;3;8;91;201;179;119;162;161;146;173;158;179;190;195;162;99;101;65;47;56
453;10905;St.Gallen Stadt Moosbruggst. 2;14.08.2020;Freitag;2;2;2;4;3;1;4;30;46;74;56;77;83;52;68;66;72;92;69;70;44;34;22;21;20
454;10905;St.Gallen Stadt Moosbruggst. 2;15.08.2020;Samstag;1;26;14;13;7;6;7;15;61;97;102;117;147;98;104;105;106;120;135;129;76;72;68;67;60
455;10905;St.Gallen Stadt Moosbruggst. 2;15.08.2020;Samstag;2;15;6;6;6;2;1;10;15;37;39;37;52;39;39;53;51;50;52;35;33;18;20;24;21
456;10905;St.Gallen Stadt Moosbruggst. 2;16.08.2020;Sonntag;1;41;26;15;7;3;8;11;15;40;47;67;89;83;65;72;80;102;88;104;83;69;35;27;12
457;10905;St.Gallen Stadt Moosbruggst. 2;16.08.2020;Sonntag;2;17;13;8;5;2;3;6;5;13;20;24;22;37;30;47;32;33;26;31;29;17;13;13;5
458;10905;St.Gallen Stadt Moosbruggst. 2;17.08.2020;Montag;1;6;3;2;1;3;12;92;220;185;110;130;127;145;165;136;173;170;260;191;118;72;64;51;20
459;10905;St.Gallen Stadt Moosbruggst. 2;17.08.2020;Montag;2;2;2;0;3;1;7;32;47;62;43;67;63;62;60;66;56;83;111;72;41;26;25;13;9
460;10905;St.Gallen Stadt Moosbruggst. 2;18.08.2020;Dienstag;1;6;7;2;2;2;15;102;278;183;142;143;156;127;182;137;123;190;249;197;119;73;50;44;33
461;10905;St.Gallen Stadt Moosbruggst. 2;18.08.2020;Dienstag;2;1;3;2;2;1;6;33;76;90;68;54;72;66;75;64;68;103;121;89;57;38;20;18;15
462;10905;St.Gallen Stadt Moosbruggst. 2;19.08.2020;Mittwoch;1;11;7;1;5;2;13;98;248;168;124;143;160;148;152;139;132;185;232;204;98;76;60;45;30
463;10905;St.Gallen Stadt Moosbruggst. 2;19.08.2020;Mittwoch;2;7;2;2;3;0;9;38;68;79;57;73;72;55;52;70;64;100;101;89;43;31;24;27;14
464;10905;St.Gallen Stadt Moosbruggst. 2;20.08.2020;Donnerstag;1;14;3;2;3;1;19;105;216;181;163;162;167;144;153;137;127;185;229;184;123;93;87;48;32
465;10905;St.Gallen Stadt Moosbruggst. 2;20.08.2020;Donnerstag;2;8;2;1;4;0;11;38;62;61;84;62;83;52;47;66;68;84;87;73;44;30;32;27;18
466;10905;St.Gallen Stadt Moosbruggst. 2;21.08.2020;Freitag;1;12;6;6;5;5;17;109;224;168;134;151;177;146;150;158;157;220;205;174;117;91;73;56;40
467;10905;St.Gallen Stadt Moosbruggst. 2;21.08.2020;Freitag;2;6;1;0;5;0;9;30;75;73;61;64;95;57;80;69;68;102;87;67;47;21;27;28;23
468;10905;St.Gallen Stadt Moosbruggst. 2;22.08.2020;Samstag;1;36;15;15;10;6;15;13;43;70;114;126;132;124;112;152;103;125;113;83;72;55;66;55;43
469;10905;St.Gallen Stadt Moosbruggst. 2;22.08.2020;Samstag;2;21;10;4;2;2;3;7;17;28;41;45;54;60;40;53;41;55;55;35;34;26;24;26;29
470;10905;St.Gallen Stadt Moosbruggst. 2;23.08.2020;Sonntag;1;38;19;13;17;9;11;13;10;40;61;64;99;70;76;90;80;98;97;93;71;69;38;23;27
471;10905;St.Gallen Stadt Moosbruggst. 2;23.08.2020;Sonntag;2;12;9;6;7;2;2;6;4;10;29;26;43;30;24;26;26;23;30;30;22;22;10;10;11
472;10905;St.Gallen Stadt Moosbruggst. 2;24.08.2020;Montag;1;6;8;4;3;3;17;110;214;174;115;118;147;141;157;127;144;177;273;167;87;71;54;45;22
473;10905;St.Gallen Stadt Moosbruggst. 2;24.08.2020;Montag;2;2;6;3;1;1;6;39;53;71;57;60;78;55;70;61;56;98;108;81;46;29;24;16;11
474;10905;St.Gallen Stadt Moosbruggst. 2;25.08.2020;Dienstag;1;8;3;6;3;6;20;98;219;205;145;163;146;155;161;116;146;193;272;178;115;89;59;83;27
475;10905;St.Gallen Stadt Moosbruggst. 2;25.08.2020;Dienstag;2;3;0;3;1;2;9;33;67;64;42;61;87;55;82;61;66;86;120;66;55;30;21;25;16
476;10905;St.Gallen Stadt Moosbruggst. 2;26.08.2020;Mittwoch;1;11;11;4;5;7;13;112;226;182;141;145;162;144;159;145;144;188;259;169;155;85;68;95;45
477;10905;St.Gallen Stadt Moosbruggst. 2;26.08.2020;Mittwoch;2;4;2;2;4;1;8;35;90;63;57;57;88;52;60;66;69;100;100;88;60;23;19;24;20
478;10905;St.Gallen Stadt Moosbruggst. 2;27.08.2020;Donnerstag;1;13;5;3;3;3;14;97;243;190;140;169;157;139;154;119;162;184;232;213;109;87;68;47;30
479;10905;St.Gallen Stadt Moosbruggst. 2;27.08.2020;Donnerstag;2;1;0;6;2;1;9;32;76;87;65;72;106;54;55;70;72;106;110;83;46;35;28;23;6
480;10905;St.Gallen Stadt Moosbruggst. 2;28.08.2020;Freitag;1;10;7;2;2;5;13;87;207;176;150;148;173;152;122;156;170;159;222;168;100;86;51;56;35
481;10905;St.Gallen Stadt Moosbruggst. 2;28.08.2020;Freitag;2;5;4;4;1;2;6;37;60;78;70;71;79;66;155;158;67;79;89;53;58;24;15;17;7
482;10905;St.Gallen Stadt Moosbruggst. 2;29.08.2020;Samstag;1;26;20;17;12;5;8;16;47;83;105;124;140;136;136;124;137;144;129;110;94;67;58;39;51
483;10905;St.Gallen Stadt Moosbruggst. 2;29.08.2020;Samstag;2;13;3;5;6;2;5;13;9;28;44;43;49;48;42;45;46;38;58;47;40;22;26;20;16
484;10905;St.Gallen Stadt Moosbruggst. 2;30.08.2020;Sonntag;1;53;20;22;23;8;6;13;26;36;46;86;88;85;101;86;98;93;98;71;82;53;43;28;8
485;10905;St.Gallen Stadt Moosbruggst. 2;30.08.2020;Sonntag;2;19;11;8;10;2;1;5;7;10;18;32;29;34;35;47;40;39;23;30;26;22;13;13;2
486;10905;St.Gallen Stadt Moosbruggst. 2;31.08.2020;Montag;1;4;5;2;4;4;19;100;238;159;123;134;143;125;142;122;167;196;266;219;126;89;56;35;23
487;10905;St.Gallen Stadt Moosbruggst. 2;31.08.2020;Montag;2;2;3;2;5;1;6;36;81;58;58;43;77;51;65;61;63;98;118;79;31;30;27;15;11
488;10905;St.Gallen Stadt Moosbruggst. 2;01.09.2020;Dienstag;1;13;1;2;3;2;12;112;287;183;130;127;163;154;159;144;164;181;239;178;126;76;66;35;20
489;10905;St.Gallen Stadt Moosbruggst. 2;01.09.2020;Dienstag;2;4;0;2;2;3;4;31;77;69;57;73;92;65;71;67;62;95;94;81;56;33;22;20;12
490;10905;St.Gallen Stadt Moosbruggst. 2;02.09.2020;Mittwoch;1;12;3;1;1;4;13;109;197;172;122;138;168;138;179;189;186;224;225;194;120;88;59;36;22
491;10905;St.Gallen Stadt Moosbruggst. 2;02.09.2020;Mittwoch;2;5;2;4;1;3;5;34;69;80;75;72;109;85;81;88;68;92;108;87;43;28;21;21;13
492;10905;St.Gallen Stadt Moosbruggst. 2;03.09.2020;Donnerstag;1;5;3;5;5;1;12;98;225;170;137;135;160;155;144;145;150;215;275;213;97;81;68;36;28
493;10905;St.Gallen Stadt Moosbruggst. 2;03.09.2020;Donnerstag;2;4;1;3;5;2;10;37;70;99;88;64;97;63;70;70;68;97;116;77;44;39;39;22;16
494;10905;St.Gallen Stadt Moosbruggst. 2;04.09.2020;Freitag;1;15;6;3;0;5;14;104;198;152;144;169;154;146;154;138;158;208;209;174;131;112;71;63;47
495;10905;St.Gallen Stadt Moosbruggst. 2;04.09.2020;Freitag;2;7;2;4;0;3;8;36;87;93;73;98;95;46;67;70;73;81;87;73;44;43;24;24;28
496;10905;St.Gallen Stadt Moosbruggst. 2;05.09.2020;Samstag;1;29;16;11;18;4;5;23;35;99;104;111;134;136;122;113;123;124;151;110;88;82;65;63;54
497;10905;St.Gallen Stadt Moosbruggst. 2;05.09.2020;Samstag;2;16;6;6;5;3;3;11;9;41;48;56;45;58;49;48;39;46;56;36;29;31;30;22;22
498;10905;St.Gallen Stadt Moosbruggst. 2;06.09.2020;Sonntag;1;33;29;25;10;6;7;13;13;39;68;121;94;72;104;81;132;99;97;84;79;71;31;16;14
499;10905;St.Gallen Stadt Moosbruggst. 2;06.09.2020;Sonntag;2;16;13;18;6;6;3;3;8;16;34;51;34;94;27;34;37;46;43;31;28;30;9;7;2
500;10905;St.Gallen Stadt Moosbruggst. 2;07.09.2020;Montag;1;8;6;4;3;2;10;124;204;171;143;127;162;141;182;137;140;196;268;161;109;75;56;37;27
501;10905;St.Gallen Stadt Moosbruggst. 2;07.09.2020;Montag;2;4;3;3;2;0;5;49;62;50;40;78;83;65;73;66;75;98;113;62;40;32;19;4;13
502;10905;St.Gallen Stadt Moosbruggst. 2;08.09.2020;Dienstag;1;8;3;5;7;3;15;104;241;173;130;157;173;145;179;115;139;158;263;172;120;75;74;42;22
503;10905;St.Gallen Stadt Moosbruggst. 2;08.09.2020;Dienstag;2;4;4;3;3;0;5;38;94;75;60;59;86;68;83;61;64;95;110;79;47;26;33;15;10
504;10905;St.Gallen Stadt Moosbruggst. 2;09.09.2020;Mittwoch;1;8;6;9;2;3;9;105;213;178;136;139;141;132;151;118;150;184;250;234;123;75;66;48;34
505;10905;St.Gallen Stadt Moosbruggst. 2;09.09.2020;Mittwoch;2;2;2;6;3;2;6;38;84;77;52;53;64;52;67;74;71;87;101;84;74;40;32;22;19
506;10905;St.Gallen Stadt Moosbruggst. 2;10.09.2020;Donnerstag;1;6;5;1;4;5;11;98;210;164;139;157;174;127;172;138;164;184;276;206;132;102;57;45;21
507;10905;St.Gallen Stadt Moosbruggst. 2;10.09.2020;Donnerstag;2;2;2;3;4;2;7;40;81;68;49;64;63;55;74;60;68;76;93;73;55;44;36;24;16
508;10905;St.Gallen Stadt Moosbruggst. 2;11.09.2020;Freitag;1;19;11;6;3;1;11;99;191;190;168;143;171;161;152;150;155;180;242;177;146;82;62;51;50
509;10905;St.Gallen Stadt Moosbruggst. 2;11.09.2020;Freitag;2;11;6;7;3;2;6;34;78;67;68;69;74;60;63;68;56;94;86;78;42;40;20;28;20
510;10905;St.Gallen Stadt Moosbruggst. 2;12.09.2020;Samstag;1;27;25;18;8;6;11;26;43;92;121;93;171;147;138;122;137;147;139;104;108;80;70;44;44
511;10905;St.Gallen Stadt Moosbruggst. 2;12.09.2020;Samstag;2;13;10;6;5;3;4;11;15;31;53;37;55;38;52;41;48;67;43;41;39;14;19;20;16
512;10905;St.Gallen Stadt Moosbruggst. 2;13.09.2020;Sonntag;1;31;25;18;13;7;9;18;15;45;55;77;81;79;82;77;93;98;112;104;87;84;36;21;16
513;10905;St.Gallen Stadt Moosbruggst. 2;13.09.2020;Sonntag;2;11;10;8;10;5;2;9;8;15;17;19;31;35;22;28;24;27;24;36;37;26;12;6;4
514;10905;St.Gallen Stadt Moosbruggst. 2;14.09.2020;Montag;1;10;10;5;3;3;12;111;207;159;116;137;153;139;171;119;139;168;217;190;118;78;60;40;20
515;10905;St.Gallen Stadt Moosbruggst. 2;14.09.2020;Montag;2;1;2;2;3;2;6;38;89;69;48;67;82;63;69;64;52;84;115;56;50;33;15;16;9
516;10905;St.Gallen Stadt Moosbruggst. 2;15.09.2020;Dienstag;1;4;6;2;3;3;17;111;246;189;130;142;144;140;149;147;138;211;250;203;106;89;61;39;22
517;10905;St.Gallen Stadt Moosbruggst. 2;15.09.2020;Dienstag;2;3;3;1;5;4;6;48;77;65;56;64;75;65;46;57;49;91;142;69;60;28;32;20;13
518;10905;St.Gallen Stadt Moosbruggst. 2;16.09.2020;Mittwoch;1;12;7;6;1;4;10;107;213;197;146;136;185;151;151;153;133;190;262;191;102;100;52;44;25
519;10905;St.Gallen Stadt Moosbruggst. 2;16.09.2020;Mittwoch;2;3;0;3;2;3;8;34;72;72;77;72;79;51;56;70;68;82;98;79;46;27;15;21;11
520;10905;St.Gallen Stadt Moosbruggst. 2;17.09.2020;Donnerstag;1;10;8;7;3;3;13;114;201;196;142;126;156;142;133;129;155;205;243;199;149;93;73;51;39
521;10905;St.Gallen Stadt Moosbruggst. 2;17.09.2020;Donnerstag;2;1;5;6;3;4;9;33;70;71;55;59;73;53;57;49;76;86;115;79;58;34;32;22;22
522;10905;St.Gallen Stadt Moosbruggst. 2;18.09.2020;Freitag;1;14;4;7;3;5;10;96;190;193;155;155;171;167;160;143;160;212;219;183;137;98;69;71;50
523;10905;St.Gallen Stadt Moosbruggst. 2;18.09.2020;Freitag;2;5;3;2;4;1;4;29;61;65;68;70;89;70;78;69;73;118;92;91;47;32;20;28;15
524;10905;St.Gallen Stadt Moosbruggst. 2;19.09.2020;Samstag;1;33;20;10;7;11;8;19;48;96;109;136;153;126;125;124;135;138;124;131;97;75;78;68;53
525;10905;St.Gallen Stadt Moosbruggst. 2;19.09.2020;Samstag;2;10;7;4;4;2;2;7;19;35;44;60;53;51;46;31;55;46;52;41;29;29;23;28;24
526;10905;St.Gallen Stadt Moosbruggst. 2;20.09.2020;Sonntag;1;30;41;15;15;7;5;8;17;39;68;85;98;82;82;101;90;123;110;112;83;72;32;33;15
527;10905;St.Gallen Stadt Moosbruggst. 2;20.09.2020;Sonntag;2;11;17;9;4;3;1;5;8;20;22;21;45;43;25;24;22;23;38;30;28;23;5;4;2
528;10905;St.Gallen Stadt Moosbruggst. 2;21.09.2020;Montag;1;7;2;7;3;3;18;103;201;184;116;134;154;120;173;124;174;195;243;194;114;82;64;49;23
529;10905;St.Gallen Stadt Moosbruggst. 2;21.09.2020;Montag;2;2;0;5;1;2;5;26;65;57;60;62;74;48;42;67;64;85;106;67;52;35;21;22;6
530;10905;St.Gallen Stadt Moosbruggst. 2;22.09.2020;Dienstag;1;6;1;6;2;1;16;105;226;192;162;135;193;133;185;129;153;195;280;202;113;84;63;46;17
531;10905;St.Gallen Stadt Moosbruggst. 2;22.09.2020;Dienstag;2;5;0;3;3;2;5;30;88;79;54;66;69;52;68;54;57;86;86;79;46;22;21;16;10
532;10905;St.Gallen Stadt Moosbruggst. 2;23.09.2020;Mittwoch;1;11;3;4;3;2;15;110;191;159;151;155;157;152;151;127;169;186;258;203;126;85;65;55;31
533;10905;St.Gallen Stadt Moosbruggst. 2;23.09.2020;Mittwoch;2;2;1;3;5;2;6;33;74;56;74;72;82;69;73;64;63;75;108;80;43;26;23;25;9
534;10905;St.Gallen Stadt Moosbruggst. 2;24.09.2020;Donnerstag;1;12;9;8;1;3;9;99;227;174;134;161;166;159;177;138;149;209;261;238;146;112;67;55;20
535;10905;St.Gallen Stadt Moosbruggst. 2;24.09.2020;Donnerstag;2;5;4;3;2;1;8;39;82;67;67;88;84;67;74;70;66;69;118;89;55;28;14;15;10
536;10905;St.Gallen Stadt Moosbruggst. 2;25.09.2020;Freitag;1;16;9;9;1;1;15;92;213;178;166;164;176;153;182;174;196;204;223;176;135;91;63;52;43
537;10905;St.Gallen Stadt Moosbruggst. 2;25.09.2020;Freitag;2;8;3;4;4;0;6;22;77;60;85;88;86;69;66;80;80;90;107;68;53;42;22;34;17
538;10905;St.Gallen Stadt Moosbruggst. 2;26.09.2020;Samstag;1;28;27;18;11;7;3;29;50;77;113;128;156;144;125;141;128;136;121;113;63;66;46;55;44
539;10905;St.Gallen Stadt Moosbruggst. 2;26.09.2020;Samstag;2;7;15;12;6;3;2;7;18;32;49;60;56;48;45;43;49;55;61;33;25;23;19;15;23
540;10905;St.Gallen Stadt Moosbruggst. 2;27.09.2020;Sonntag;1;32;12;13;18;12;8;12;25;36;52;74;100;96;79;93;91;89;101;94;68;63;47;37;25
541;10905;St.Gallen Stadt Moosbruggst. 2;27.09.2020;Sonntag;2;13;3;7;5;5;2;7;6;14;19;33;34;45;34;39;24;37;29;30;30;15;19;8;2
542;10905;St.Gallen Stadt Moosbruggst. 2;28.09.2020;Montag;1;13;5;5;1;2;11;92;167;139;107;127;133;131;165;140;185;144;210;156;91;62;48;33;16
543;10905;St.Gallen Stadt Moosbruggst. 2;28.09.2020;Montag;2;3;3;6;4;1;5;26;46;56;40;53;73;62;69;60;56;82;94;58;40;10;18;21;10
544;10905;St.Gallen Stadt Moosbruggst. 2;29.09.2020;Dienstag;1;13;9;4;3;2;11;78;191;146;155;150;142;119;128;113;131;143;223;175;99;81;48;33;29
545;10905;St.Gallen Stadt Moosbruggst. 2;29.09.2020;Dienstag;2;8;3;4;3;2;6;33;52;50;48;60;60;51;45;40;56;77;103;68;40;16;22;16;14
546;10905;St.Gallen Stadt Moosbruggst. 2;30.09.2020;Mittwoch;1;3;1;8;2;4;15;89;177;163;137;156;128;119;139;128;150;191;227;175;113;75;50;52;23
547;10905;St.Gallen Stadt Moosbruggst. 2;30.09.2020;Mittwoch;2;2;2;5;2;3;5;40;61;58;61;82;104;55;57;55;65;100;98;72;37;26;26;21;16
548;10905;St.Gallen Stadt Moosbruggst. 2;01.10.2020;Donnerstag;1;11;4;4;6;6;15;97;157;159;112;131;118;125;139;121;138;177;221;185;118;68;79;50;27
549;10905;St.Gallen Stadt Moosbruggst. 2;01.10.2020;Donnerstag;2;5;1;3;6;3;8;32;50;62;33;64;57;56;56;60;61;67;103;64;57;27;25;24;15
550;10905;St.Gallen Stadt Moosbruggst. 2;02.10.2020;Freitag;1;23;6;5;4;5;22;116;152;143;113;138;171;163;148;150;167;174;177;142;128;76;58;58;33
551;10905;St.Gallen Stadt Moosbruggst. 2;02.10.2020;Freitag;2;9;2;2;3;2;8;25;48;55;64;59;66;44;53;69;59;76;86;65;63;45;18;31;15
552;10905;St.Gallen Stadt Moosbruggst. 2;03.10.2020;Samstag;1;32;24;12;11;10;12;16;37;59;94;122;143;116;114;125;133;111;134;88;80;56;52;59;50
553;10905;St.Gallen Stadt Moosbruggst. 2;03.10.2020;Samstag;2;9;9;6;2;3;1;4;13;25;49;44;42;47;41;36;38;38;56;36;30;19;30;29;17
554;10905;St.Gallen Stadt Moosbruggst. 2;04.10.2020;Sonntag;1;23;25;27;19;9;14;8;22;34;45;48;79;70;67;92;105;86;69;84;54;44;46;26;10
555;10905;St.Gallen Stadt Moosbruggst. 2;04.10.2020;Sonntag;2;9;9;7;9;4;6;3;2;13;17;18;35;41;16;20;32;24;33;27;19;23;12;8;1
556;10905;St.Gallen Stadt Moosbruggst. 2;05.10.2020;Montag;1;11;2;3;6;1;14;89;166;102;102;115;127;103;134;124;113;138;194;134;76;61;32;17;22
557;10905;St.Gallen Stadt Moosbruggst. 2;05.10.2020;Montag;2;3;0;3;4;2;3;28;47;55;37;51;56;49;60;65;45;65;92;38;36;23;24;11;8
558;10905;St.Gallen Stadt Moosbruggst. 2;06.10.2020;Dienstag;1;7;3;3;2;2;13;87;163;130;121;129;135;124;109;105;118;117;195;140;73;59;38;33;23
559;10905;St.Gallen Stadt Moosbruggst. 2;06.10.2020;Dienstag;2;1;0;3;2;2;6;31;59;55;53;59;69;74;47;58;56;69;82;74;33;22;14;16;10
560;10905;St.Gallen Stadt Moosbruggst. 2;07.10.2020;Mittwoch;1;7;5;3;3;4;14;113;179;145;102;126;141;122;126;108;114;152;182;146;84;46;52;30;15
561;10905;St.Gallen Stadt Moosbruggst. 2;07.10.2020;Mittwoch;2;4;1;7;3;2;3;39;59;57;50;61;66;55;50;53;47;74;91;63;50;22;23;10;11
562;10905;St.Gallen Stadt Moosbruggst. 2;08.10.2020;Donnerstag;1;8;4;6;5;2;17;79;173;121;130;125;133;112;125;111;112;161;210;142;83;65;48;30;28
563;10905;St.Gallen Stadt Moosbruggst. 2;08.10.2020;Donnerstag;2;1;4;1;4;1;8;31;57;46;50;46;71;36;57;46;53;72;97;55;30;32;24;19;10
564;10905;St.Gallen Stadt Moosbruggst. 2;09.10.2020;Freitag;1;16;7;8;4;1;19;75;128;130;130;131;131;119;96;130;144;182;201;147;93;68;52;43;31
565;10905;St.Gallen Stadt Moosbruggst. 2;09.10.2020;Freitag;2;5;2;3;3;0;5;22;40;50;61;64;53;69;47;58;73;79;77;65;40;26;19;22;15
566;10905;St.Gallen Stadt Moosbruggst. 2;10.10.2020;Samstag;1;25;17;15;10;7;6;13;38;78;79;117;126;111;102;117;104;112;111;98;79;51;47;46;38
567;10905;St.Gallen Stadt Moosbruggst. 2;10.10.2020;Samstag;2;10;6;6;3;5;3;7;14;28;37;50;45;33;53;50;33;50;50;35;23;23;24;14;14
568;10905;St.Gallen Stadt Moosbruggst. 2;11.10.2020;Sonntag;1;9;20;15;13;9;12;10;15;25;47;56;84;93;90;79;90;82;92;92;63;42;32;19;6
569;10905;St.Gallen Stadt Moosbruggst. 2;11.10.2020;Sonntag;2;7;17;5;6;4;2;4;6;11;17;24;34;24;30;24;32;30;27;26;20;20;5;6;5
570;10905;St.Gallen Stadt Moosbruggst. 2;12.10.2020;Montag;1;14;3;7;2;4;16;103;158;125;111;90;120;91;117;118;123;133;203;138;73;41;31;26;21
571;10905;St.Gallen Stadt Moosbruggst. 2;12.10.2020;Montag;2;4;2;4;2;1;6;32;55;46;41;40;53;45;54;41;55;74;87;62;35;23;10;9;10
572;10905;St.Gallen Stadt Moosbruggst. 2;13.10.2020;Dienstag;1;6;4;1;4;2;16;87;176;139;124;121;109;133;122;137;120;144;206;140;99;72;45;55;21
573;10905;St.Gallen Stadt Moosbruggst. 2;13.10.2020;Dienstag;2;2;3;0;4;0;5;28;63;49;51;45;54;53;51;70;54;73;98;65;42;19;23;16;10
574;10905;St.Gallen Stadt Moosbruggst. 2;14.10.2020;Mittwoch;1;13;5;3;2;2;12;96;158;161;103;118;146;127;120;115;127;160;209;179;112;64;43;26;13
575;10905;St.Gallen Stadt Moosbruggst. 2;14.10.2020;Mittwoch;2;6;4;3;2;2;9;29;51;55;60;58;59;50;55;64;54;79;90;67;40;13;18;13;10
576;10905;St.Gallen Stadt Moosbruggst. 2;15.10.2020;Donnerstag;1;7;2;4;1;3;20;87;133;132;127;124;136;127;133;128;118;175;208;175;90;70;51;30;19
577;10905;St.Gallen Stadt Moosbruggst. 2;15.10.2020;Donnerstag;2;4;1;4;2;1;6;31;53;45;62;55;68;55;55;60;53;70;84;71;35;23;14;13;12
578;10905;St.Gallen Stadt Moosbruggst. 2;16.10.2020;Freitag;1;11;3;3;4;2;12;88;119;142;160;136;138;139;145;125;132;150;171;157;95;67;62;27;43
579;10905;St.Gallen Stadt Moosbruggst. 2;16.10.2020;Freitag;2;3;1;5;5;1;5;23;32;55;74;60;73;65;45;60;66;69;71;71;39;14;22;19;12
580;10905;St.Gallen Stadt Moosbruggst. 2;17.10.2020;Samstag;1;33;21;7;12;5;12;14;36;76;86;86;142;104;130;148;132;127;131;92;77;66;56;55;32
581;10905;St.Gallen Stadt Moosbruggst. 2;17.10.2020;Samstag;2;14;13;3;4;3;2;7;19;26;36;38;60;45;32;56;38;51;55;28;37;29;20;25;10
582;10905;St.Gallen Stadt Moosbruggst. 2;18.10.2020;Sonntag;1;21;20;11;10;0;5;7;22;32;47;58;73;65;75;97;92;62;81;92;71;47;34;22;11
583;10905;St.Gallen Stadt Moosbruggst. 2;18.10.2020;Sonntag;2;5;6;1;4;3;1;8;13;19;26;20;16;19;22;29;30;19;30;21;32;22;13;4;4
584;10905;St.Gallen Stadt Moosbruggst. 2;19.10.2020;Montag;1;4;4;2;4;2;19;101;173;188;131;112;132;108;124;128;141;148;221;183;119;52;31;21;19
585;10905;St.Gallen Stadt Moosbruggst. 2;19.10.2020;Montag;2;0;1;2;2;0;8;30;65;69;56;58;66;56;59;55;65;70;104;71;44;22;19;13;9
586;10905;St.Gallen Stadt Moosbruggst. 2;20.10.2020;Dienstag;1;12;2;5;3;4;21;99;208;155;142;107;147;128;152;102;146;168;229;159;100;39;37;42;23
587;10905;St.Gallen Stadt Moosbruggst. 2;20.10.2020;Dienstag;2;4;0;2;2;2;5;37;72;75;59;50;67;51;64;67;73;78;93;70;45;19;20;15;8
588;10905;St.Gallen Stadt Moosbruggst. 2;21.10.2020;Mittwoch;1;3;2;6;0;4;16;107;195;185;117;145;117;138;145;127;121;145;227;159;103;68;61;34;13
589;10905;St.Gallen Stadt Moosbruggst. 2;21.10.2020;Mittwoch;2;3;2;3;2;1;6;37;71;54;62;53;74;63;71;77;55;84;94;71;36;19;23;16;7
590;10905;St.Gallen Stadt Moosbruggst. 2;22.10.2020;Donnerstag;1;6;6;1;2;4;17;101;217;140;103;108;139;143;130;117;161;140;217;162;117;62;50;35;20
591;10905;St.Gallen Stadt Moosbruggst. 2;22.10.2020;Donnerstag;2;1;5;3;2;2;6;31;97;110;148;165;114;56;51;62;57;76;89;59;43;31;28;18;9
592;10905;St.Gallen Stadt Moosbruggst. 2;23.10.2020;Freitag;1;9;9;1;3;2;15;87;209;167;143;152;145;159;147;136;163;163;186;182;91;76;35;40;31
593;10905;St.Gallen Stadt Moosbruggst. 2;23.10.2020;Freitag;2;4;4;5;3;1;4;33;62;80;61;70;74;64;61;83;78;92;91;64;41;30;12;20;18
594;10905;St.Gallen Stadt Moosbruggst. 2;24.10.2020;Samstag;1;23;10;5;8;5;4;15;52;104;121;121;148;130;119;122;133;118;122;90;65;69;36;37;40
595;10905;St.Gallen Stadt Moosbruggst. 2;24.10.2020;Samstag;2;9;3;2;2;4;3;5;12;45;59;60;48;49;48;57;49;54;45;42;28;30;19;16;17
596;10905;St.Gallen Stadt Moosbruggst. 2;25.10.2020;Sonntag;1;22;32;8;9;7;11;10;15;30;57;73;85;78;78;95;89;106;94;61;61;35;18;15;10
597;10905;St.Gallen Stadt Moosbruggst. 2;25.10.2020;Sonntag;2;13;14;5;3;6;2;5;8;13;19;23;36;32;33;27;31;41;36;23;18;15;10;10;6
598;10905;St.Gallen Stadt Moosbruggst. 2;26.10.2020;Montag;1;1;2;2;2;5;21;101;209;137;115;124;139;124;148;119;133;165;193;127;92;68;35;20;17
599;10905;St.Gallen Stadt Moosbruggst. 2;26.10.2020;Montag;2;1;2;2;2;2;3;31;61;63;40;66;84;60;68;48;56;67;81;52;33;20;16;11;9
600;10905;St.Gallen Stadt Moosbruggst. 2;27.10.2020;Dienstag;1;4;6;1;0;3;20;94;230;146;141;118;144;115;144;109;116;164;224;175;89;46;38;24;16
601;10905;St.Gallen Stadt Moosbruggst. 2;27.10.2020;Dienstag;2;1;1;2;1;2;8;33;62;69;63;60;74;42;63;61;49;87;95;65;38;21;14;10;8
602;10905;St.Gallen Stadt Moosbruggst. 2;28.10.2020;Mittwoch;1;9;3;4;0;3;23;89;215;137;142;161;145;148;145;115;131;132;210;154;79;56;40;19;15
603;10905;St.Gallen Stadt Moosbruggst. 2;28.10.2020;Mittwoch;2;5;4;4;1;3;6;34;71;55;62;71;91;44;59;54;42;74;92;60;32;22;21;11;7
604;10905;St.Gallen Stadt Moosbruggst. 2;29.10.2020;Donnerstag;1;8;6;2;1;2;22;92;208;150;136;132;173;124;146;112;118;157;255;168;102;76;40;26;18
605;10905;St.Gallen Stadt Moosbruggst. 2;29.10.2020;Donnerstag;2;4;3;3;1;2;7;24;62;66;61;69;59;55;64;54;45;88;103;81;35;19;11;10;12
606;10905;St.Gallen Stadt Moosbruggst. 2;30.10.2020;Freitag;1;6;2;1;1;1;13;84;216;154;150;148;157;132;156;144;144;176;222;133;87;62;54;51;32
607;10905;St.Gallen Stadt Moosbruggst. 2;30.10.2020;Freitag;2;1;0;2;1;2;10;31;51;52;73;54;79;56;65;54;55;85;70;67;39;27;22;17;12
608;10905;St.Gallen Stadt Moosbruggst. 2;31.10.2020;Samstag;1;11;10;5;6;9;11;19;40;71;92;102;110;119;94;125;105;103;112;104;60;44;53;37;37
609;10905;St.Gallen Stadt Moosbruggst. 2;31.10.2020;Samstag;2;6;3;2;5;2;4;9;11;29;34;29;50;38;46;45;41;50;40;28;23;27;23;16;15
610;10905;St.Gallen Stadt Moosbruggst. 2;01.11.2020;Sonntag;1;28;12;8;5;2;7;8;14;39;56;49;64;55;49;70;73;81;85;67;52;31;22;22;4
611;10905;St.Gallen Stadt Moosbruggst. 2;01.11.2020;Sonntag;2;20;3;6;2;3;4;7;5;17;20;25;19;29;24;37;21;33;34;23;16;5;4;3;2
612;10905;St.Gallen Stadt Moosbruggst. 2;02.11.2020;Montag;1;5;5;5;3;3;14;103;212;146;110;128;202;175;140;119;135;146;171;136;79;60;38;20;7
613;10905;St.Gallen Stadt Moosbruggst. 2;02.11.2020;Montag;2;1;2;4;1;0;7;34;65;51;58;60;81;52;63;56;53;104;75;58;29;31;12;7;4
614;10905;St.Gallen Stadt Moosbruggst. 2;03.11.2020;Dienstag;1;8;4;1;4;3;9;104;220;172;144;121;155;164;152;127;139;140;208;142;75;53;33;18;18
615;10905;St.Gallen Stadt Moosbruggst. 2;03.11.2020;Dienstag;2;2;5;1;4;0;6;39;63;71;55;70;75;55;92;68;47;81;91;58;23;20;11;11;8
616;10905;St.Gallen Stadt Moosbruggst. 2;04.11.2020;Mittwoch;1;8;1;3;2;2;20;101;210;137;105;122;146;125;130;122;118;149;191;146;88;61;50;25;15
617;10905;St.Gallen Stadt Moosbruggst. 2;04.11.2020;Mittwoch;2;2;0;3;1;1;7;23;64;66;48;62;77;49;57;63;54;62;77;67;25;22;19;14;11
618;10905;St.Gallen Stadt Moosbruggst. 2;05.11.2020;Donnerstag;1;2;2;5;1;3;12;93;195;145;122;139;147;142;153;131;136;158;225;178;121;54;32;19;15
619;10905;St.Gallen Stadt Moosbruggst. 2;05.11.2020;Donnerstag;2;3;1;5;2;1;10;30;63;67;63;65;67;60;61;59;58;61;81;63;46;26;14;11;14
620;10905;St.Gallen Stadt Moosbruggst. 2;06.11.2020;Freitag;1;5;4;1;2;2;9;104;190;153;143;115;150;123;143;153;135;160;186;153;97;58;45;34;33
621;10905;St.Gallen Stadt Moosbruggst. 2;06.11.2020;Freitag;2;2;3;1;2;1;5;37;57;65;55;60;52;53;49;55;62;83;91;63;37;21;20;16;11
622;10905;St.Gallen Stadt Moosbruggst. 2;07.11.2020;Samstag;1;14;5;8;2;5;9;14;31;63;90;117;125;103;103;117;135;132;100;82;64;52;55;56;35
623;10905;St.Gallen Stadt Moosbruggst. 2;07.11.2020;Samstag;2;16;1;2;2;1;3;5;11;23;34;40;41;36;39;53;46;45;45;31;25;17;19;25;21
624;10905;St.Gallen Stadt Moosbruggst. 2;08.11.2020;Sonntag;1;18;10;7;3;4;6;3;11;26;48;74;69;67;71;78;82;81;83;82;55;39;24;14;11
625;10905;St.Gallen Stadt Moosbruggst. 2;08.11.2020;Sonntag;2;11;3;2;2;1;0;3;5;5;16;27;40;30;31;26;25;24;32;33;15;13;8;4;5
626;10905;St.Gallen Stadt Moosbruggst. 2;09.11.2020;Montag;1;3;3;6;2;4;10;99;210;148;105;119;111;109;157;127;126;183;179;133;78;48;23;23;9
627;10905;St.Gallen Stadt Moosbruggst. 2;09.11.2020;Montag;2;1;2;4;2;1;4;29;62;59;60;59;57;48;52;64;63;102;85;61;41;18;13;8;6
628;10905;St.Gallen Stadt Moosbruggst. 2;10.11.2020;Dienstag;1;5;2;7;1;0;17;99;252;178;126;123;114;124;122;126;120;149;197;141;78;61;42;34;17
629;10905;St.Gallen Stadt Moosbruggst. 2;10.11.2020;Dienstag;2;1;0;7;0;1;4;30;67;71;65;52;67;49;53;46;66;96;89;57;41;20;26;11;9
630;10905;St.Gallen Stadt Moosbruggst. 2;11.11.2020;Mittwoch;1;9;2;3;2;1;14;90;200;158;113;119;135;120;172;132;110;164;224;125;88;52;36;24;16
631;10905;St.Gallen Stadt Moosbruggst. 2;11.11.2020;Mittwoch;2;3;1;2;2;0;5;34;59;51;57;60;76;47;58;34;43;75;98;53;38;17;18;12;16
632;10905;St.Gallen Stadt Moosbruggst. 2;12.11.2020;Donnerstag;1;5;4;1;3;0;11;88;217;147;88;128;139;128;165;97;151;164;199;168;103;59;46;25;14
633;10905;St.Gallen Stadt Moosbruggst. 2;12.11.2020;Donnerstag;2;30;2;2;2;0;8;25;80;76;136;91;77;58;60;49;68;79;89;76;31;18;20;13;10
634;10905;St.Gallen Stadt Moosbruggst. 2;13.11.2020;Freitag;1;3;0;1;3;1;9;87;194;170;153;120;171;130;156;138;167;163;175;144;78;70;47;42;26
635;10905;St.Gallen Stadt Moosbruggst. 2;13.11.2020;Freitag;2;1;0;3;1;1;2;26;60;77;75;56;77;50;70;54;70;100;84;64;40;30;23;18;13
636;10905;St.Gallen Stadt Moosbruggst. 2;14.11.2020;Samstag;1;17;5;0;7;8;9;14;36;68;78;109;103;119;126;110;127;98;120;88;62;58;36;48;31
637;10905;St.Gallen Stadt Moosbruggst. 2;14.11.2020;Samstag;2;11;1;2;2;6;4;8;11;27;32;41;29;31;43;53;45;44;44;27;26;24;15;25;18
638;10905;St.Gallen Stadt Moosbruggst. 2;15.11.2020;Sonntag;1;11;11;9;4;1;4;3;18;23;39;57;80;75;87;67;75;96;83;75;43;55;22;18;10
639;10905;St.Gallen Stadt Moosbruggst. 2;15.11.2020;Sonntag;2;8;3;1;2;1;2;4;3;15;10;19;24;29;28;20;25;30;34;26;19;23;8;8;2
640;10905;St.Gallen Stadt Moosbruggst. 2;16.11.2020;Montag;1;3;0;2;6;1;18;90;186;135;134;120;137;114;146;112;124;172;247;183;79;56;38;12;13
641;10905;St.Gallen Stadt Moosbruggst. 2;16.11.2020;Montag;2;3;0;2;4;0;5;23;63;67;52;65;63;48;54;60;52;80;93;52;35;23;16;8;8
642;10905;St.Gallen Stadt Moosbruggst. 2;17.11.2020;Dienstag;1;5;2;1;1;0;18;99;199;150;132;117;118;121;150;120;122;159;191;144;91;47;38;26;15
643;10905;St.Gallen Stadt Moosbruggst. 2;17.11.2020;Dienstag;2;0;1;6;1;0;3;45;64;52;57;49;58;51;59;49;56;83;89;63;46;13;11;14;8
644;10905;St.Gallen Stadt Moosbruggst. 2;18.11.2020;Mittwoch;1;7;1;4;2;0;11;80;199;158;121;106;140;108;127;109;118;160;200;142;111;52;45;33;14
645;10905;St.Gallen Stadt Moosbruggst. 2;18.11.2020;Mittwoch;2;5;1;3;4;0;6;28;68;55;52;51;54;59;39;59;42;67;81;62;38;19;16;17;5
646;10905;St.Gallen Stadt Moosbruggst. 2;19.11.2020;Donnerstag;1;3;5;8;1;5;12;101;206;132;119;105;146;126;142;124;130;163;203;171;84;57;42;31;17
647;10905;St.Gallen Stadt Moosbruggst. 2;19.11.2020;Donnerstag;2;5;0;4;1;2;7;32;61;62;57;67;86;55;53;55;61;79;107;64;37;19;18;19;8
648;10905;St.Gallen Stadt Moosbruggst. 2;20.11.2020;Freitag;1;10;3;5;2;1;15;83;195;160;139;139;158;129;158;132;140;197;187;169;99;83;49;47;35
649;10905;St.Gallen Stadt Moosbruggst. 2;20.11.2020;Freitag;2;5;2;2;2;0;3;35;64;59;89;49;82;44;63;68;56;97;84;68;43;21;20;25;25
650;10905;St.Gallen Stadt Moosbruggst. 2;21.11.2020;Samstag;1;13;7;8;7;4;4;13;32;81;95;119;150;138;108;117;122;118;131;74;64;57;41;30;31
651;10905;St.Gallen Stadt Moosbruggst. 2;21.11.2020;Samstag;2;3;4;6;3;1;2;7;11;35;43;42;41;43;44;44;49;49;47;35;25;19;27;12;15
652;10905;St.Gallen Stadt Moosbruggst. 2;22.11.2020;Sonntag;1;18;13;4;9;4;2;9;22;19;48;56;88;75;76;91;80;86;77;60;60;38;20;17;9
653;10905;St.Gallen Stadt Moosbruggst. 2;22.11.2020;Sonntag;2;9;4;2;5;2;3;5;4;10;30;21;28;36;22;34;38;39;24;25;19;16;4;1;3
654;10905;St.Gallen Stadt Moosbruggst. 2;23.11.2020;Montag;1;2;1;3;4;2;14;88;209;151;116;110;126;121;140;150;117;164;199;142;73;59;36;21;11
655;10905;St.Gallen Stadt Moosbruggst. 2;23.11.2020;Montag;2;2;0;4;1;0;4;27;59;54;46;55;69;54;69;68;53;91;93;57;35;22;9;7;5
656;10905;St.Gallen Stadt Moosbruggst. 2;24.11.2020;Dienstag;1;5;2;4;9;2;13;89;245;176;137;147;116;149;158;118;113;177;221;140;76;46;35;25;15
657;10905;St.Gallen Stadt Moosbruggst. 2;24.11.2020;Dienstag;2;2;0;2;3;2;6;32;77;60;47;64;69;62;74;59;53;78;99;68;28;21;13;15;6
658;10905;St.Gallen Stadt Moosbruggst. 2;25.11.2020;Mittwoch;1;3;2;2;4;1;12;89;206;162;108;118;169;132;138;107;136;176;186;154;95;64;34;21;15
659;10905;St.Gallen Stadt Moosbruggst. 2;25.11.2020;Mittwoch;2;3;5;5;2;1;5;28;63;62;48;56;83;51;60;50;59;89;97;65;32;25;25;16;10
660;10905;St.Gallen Stadt Moosbruggst. 2;26.11.2020;Donnerstag;1;6;2;1;4;4;17;90;184;140;121;146;157;146;177;143;129;189;208;147;108;53;45;28;19
661;10905;St.Gallen Stadt Moosbruggst. 2;26.11.2020;Donnerstag;2;3;2;3;2;1;8;39;57;70;46;58;83;67;63;45;63;91;93;55;47;28;22;14;9
662;10905;St.Gallen Stadt Moosbruggst. 2;27.11.2020;Freitag;1;9;4;1;4;1;16;77;196;177;154;139;168;140;168;147;175;183;205;140;103;68;53;45;47
663;10905;St.Gallen Stadt Moosbruggst. 2;27.11.2020;Freitag;2;7;1;2;2;1;6;25;57;61;75;47;93;65;69;78;66;94;80;47;36;25;21;22;19
664;10905;St.Gallen Stadt Moosbruggst. 2;28.11.2020;Samstag;1;15;6;6;4;7;14;16;32;81;88;127;125;126;107;152;137;123;117;107;82;44;43;41;34
665;10905;St.Gallen Stadt Moosbruggst. 2;28.11.2020;Samstag;2;9;4;5;2;2;4;13;13;39;35;76;36;39;52;56;72;58;53;41;36;16;18;24;15
666;10905;St.Gallen Stadt Moosbruggst. 2;29.11.2020;Sonntag;1;19;12;7;7;2;5;7;14;29;41;64;67;67;81;86;80;88;84;81;66;36;30;23;9
667;10905;St.Gallen Stadt Moosbruggst. 2;29.11.2020;Sonntag;2;6;10;6;2;1;1;6;5;13;13;18;22;25;29;35;24;34;37;29;17;11;11;9;3
668;10905;St.Gallen Stadt Moosbruggst. 2;30.11.2020;Montag;1;4;4;1;6;3;15;81;223;137;131;131;126;109;151;127;151;138;223;138;82;66;31;21;18
669;10905;St.Gallen Stadt Moosbruggst. 2;30.11.2020;Montag;2;4;0;2;4;2;5;25;84;43;64;63;56;45;51;65;52;86;99;62;37;24;10;9;7
670;10905;St.Gallen Stadt Moosbruggst. 2;01.12.2020;Dienstag;1;4;1;2;2;2;15;104;190;137;138;159;134;111;163;121;125;142;202;156;88;51;37;31;17
671;10905;St.Gallen Stadt Moosbruggst. 2;01.12.2020;Dienstag;2;1;2;2;3;3;6;34;55;51;56;47;77;47;66;67;56;83;75;61;35;22;18;13;9
672;10905;St.Gallen Stadt Moosbruggst. 2;02.12.2020;Mittwoch;1;5;2;3;4;2;18;91;220;149;133;131;132;135;149;142;114;146;201;158;106;48;33;28;20
673;10905;St.Gallen Stadt Moosbruggst. 2;02.12.2020;Mittwoch;2;2;0;5;5;1;3;31;51;61;70;59;74;54;66;63;58;69;81;80;55;17;17;15;13
674;10905;St.Gallen Stadt Moosbruggst. 2;03.12.2020;Donnerstag;1;6;3;2;1;3;28;86;186;151;120;117;156;118;164;115;144;141;209;154;94;65;45;28;18
675;10905;St.Gallen Stadt Moosbruggst. 2;03.12.2020;Donnerstag;2;6;2;4;1;2;13;29;78;63;58;68;69;60;75;48;53;86;96;65;37;31;22;13;9
676;10905;St.Gallen Stadt Moosbruggst. 2;04.12.2020;Freitag;1;11;2;3;3;3;12;83;212;137;144;164;163;151;188;141;162;184;195;165;101;74;39;35;45
677;10905;St.Gallen Stadt Moosbruggst. 2;04.12.2020;Freitag;2;7;2;3;1;4;7;26;56;51;71;85;91;52;65;59;73;80;92;65;44;28;17;16;24
678;10905;St.Gallen Stadt Moosbruggst. 2;05.12.2020;Samstag;1;16;8;11;7;6;9;22;34;69;78;106;127;123;104;111;129;132;103;82;53;54;51;19;37
679;10905;St.Gallen Stadt Moosbruggst. 2;05.12.2020;Samstag;2;11;3;7;2;1;8;9;13;30;34;39;43;48;34;50;56;55;48;28;31;25;13;10;16
680;10905;St.Gallen Stadt Moosbruggst. 2;06.12.2020;Sonntag;1;24;12;12;12;5;6;16;17;23;34;49;63;65;76;74;67;79;60;61;46;36;27;12;9
681;10905;St.Gallen Stadt Moosbruggst. 2;06.12.2020;Sonntag;2;8;4;3;1;2;0;8;5;9;19;20;28;18;27;18;20;31;29;21;14;16;7;4;6
682;10905;St.Gallen Stadt Moosbruggst. 2;07.12.2020;Montag;1;7;1;2;4;10;17;96;177;122;113;103;114;129;163;116;126;169;166;128;80;50;26;17;11
683;10905;St.Gallen Stadt Moosbruggst. 2;07.12.2020;Montag;2;2;1;1;2;3;8;52;53;57;51;63;66;61;53;53;55;75;69;58;40;17;11;4;7
684;10905;St.Gallen Stadt Moosbruggst. 2;08.12.2020;Dienstag;1;8;1;3;1;2;18;89;201;134;135;121;146;134;130;127;118;155;197;143;79;55;31;32;9
685;10905;St.Gallen Stadt Moosbruggst. 2;08.12.2020;Dienstag;2;3;1;3;5;2;11;30;77;58;54;53;72;56;54;63;64;82;82;60;31;21;12;13;4
686;10905;St.Gallen Stadt Moosbruggst. 2;09.12.2020;Mittwoch;1;6;5;3;2;3;16;87;173;140;121;108;115;119;127;113;121;143;161;127;76;59;38;21;11
687;10905;St.Gallen Stadt Moosbruggst. 2;09.12.2020;Mittwoch;2;3;1;3;2;1;4;32;49;53;68;59;51;51;45;49;68;61;96;71;34;23;21;10;4
688;10905;St.Gallen Stadt Moosbruggst. 2;10.12.2020;Donnerstag;1;3;3;5;4;2;21;84;198;127;123;130;145;123;145;119;133;162;209;128;101;53;60;21;17
689;10905;St.Gallen Stadt Moosbruggst. 2;10.12.2020;Donnerstag;2;6;2;5;2;2;16;34;62;52;56;77;72;48;63;63;59;79;76;54;56;26;26;12;7
690;10905;St.Gallen Stadt Moosbruggst. 2;11.12.2020;Freitag;1;8;4;3;1;6;18;74;188;152;124;141;161;144;160;135;378;171;173;141;89;63;53;33;31
691;10905;St.Gallen Stadt Moosbruggst. 2;11.12.2020;Freitag;2;5;1;1;3;1;6;22;72;58;62;77;73;51;51;66;74;79;83;58;47;30;13;14;13
692;10905;St.Gallen Stadt Moosbruggst. 2;12.12.2020;Samstag;1;16;6;7;2;10;14;13;28;67;96;120;127;124;124;121;136;113;104;72;59;34;29;22;18
693;10905;St.Gallen Stadt Moosbruggst. 2;12.12.2020;Samstag;2;4;3;4;1;4;3;6;14;29;44;48;51;42;48;49;66;48;47;30;28;22;12;8;9
694;10905;St.Gallen Stadt Moosbruggst. 2;13.12.2020;Sonntag;1;7;12;3;4;4;1;8;12;19;37;58;55;56;66;81;106;91;65;58;53;36;24;15;5
695;10905;St.Gallen Stadt Moosbruggst. 2;13.12.2020;Sonntag;2;2;3;1;1;0;0;6;3;8;15;19;27;26;28;28;42;36;28;15;17;10;10;3;0
696;10905;St.Gallen Stadt Moosbruggst. 2;14.12.2020;Montag;1;4;2;2;1;2;13;93;198;142;121;125;137;137;149;142;127;173;189;108;82;37;26;20;10
697;10905;St.Gallen Stadt Moosbruggst. 2;14.12.2020;Montag;2;0;0;1;1;4;4;33;63;55;48;70;75;57;52;62;55;91;85;59;25;14;11;5;2
698;10905;St.Gallen Stadt Moosbruggst. 2;15.12.2020;Dienstag;1;4;1;3;2;5;13;95;179;148;125;129;125;135;154;117;138;167;199;147;96;47;28;20;13
699;10905;St.Gallen Stadt Moosbruggst. 2;15.12.2020;Dienstag;2;0;2;3;3;1;4;31;61;84;61;69;91;66;76;64;68;72;81;60;39;21;14;10;3
700;10905;St.Gallen Stadt Moosbruggst. 2;16.12.2020;Mittwoch;1;7;5;5;2;3;14;92;193;153;128;129;138;136;128;135;145;156;189;124;101;46;32;20;12
701;10905;St.Gallen Stadt Moosbruggst. 2;16.12.2020;Mittwoch;2;2;2;3;1;4;6;33;48;67;62;65;88;64;60;60;72;83;95;53;33;18;10;8;7
702;10905;St.Gallen Stadt Moosbruggst. 2;17.12.2020;Donnerstag;1;7;2;1;1;1;20;77;163;153;141;147;148;139;168;121;147;192;222;154;104;59;35;19;17
703;10905;St.Gallen Stadt Moosbruggst. 2;17.12.2020;Donnerstag;2;7;1;2;1;2;7;23;60;58;64;78;90;55;66;65;66;95;113;65;52;19;13;9;9
704;10905;St.Gallen Stadt Moosbruggst. 2;18.12.2020;Freitag;1;9;5;2;1;1;9;75;171;156;163;145;161;144;177;160;184;184;188;161;93;51;31;27;25
705;10905;St.Gallen Stadt Moosbruggst. 2;18.12.2020;Freitag;2;1;1;3;1;1;4;23;47;66;64;71;90;51;78;64;81;88;90;54;43;18;11;13;11
706;10905;St.Gallen Stadt Moosbruggst. 2;19.12.2020;Samstag;1;12;7;12;1;7;15;14;33;69;105;131;133;145;118;133;151;136;105;79;64;47;29;15;13
707;10905;St.Gallen Stadt Moosbruggst. 2;19.12.2020;Samstag;2;5;3;7;1;3;4;7;13;28;42;50;44;48;45;47;49;60;50;34;32;14;6;7;6
708;10905;St.Gallen Stadt Moosbruggst. 2;20.12.2020;Sonntag;1;9;7;6;2;1;4;5;17;21;50;52;86;69;85;89;103;82;84;75;53;47;25;13;12
709;10905;St.Gallen Stadt Moosbruggst. 2;20.12.2020;Sonntag;2;4;4;2;0;0;1;4;4;9;17;18;27;26;25;23;34;31;40;27;27;14;8;5;3
710;10905;St.Gallen Stadt Moosbruggst. 2;21.12.2020;Montag;1;3;0;2;1;4;19;70;130;95;136;161;168;119;139;154;162;136;172;115;100;47;20;23;12
711;10905;St.Gallen Stadt Moosbruggst. 2;21.12.2020;Montag;2;0;1;2;4;4;6;29;41;32;49;63;66;64;47;67;76;71;76;53;51;11;15;11;5
712;10905;St.Gallen Stadt Moosbruggst. 2;22.12.2020;Dienstag;1;4;2;3;0;2;11;72;123;122;127;143;123;138;132;138;148;167;169;138;69;34;21;12;10
713;10905;St.Gallen Stadt Moosbruggst. 2;22.12.2020;Dienstag;2;2;3;2;2;0;2;21;47;47;48;57;60;48;58;63;47;74;68;58;30;13;6;7;3
714;10905;St.Gallen Stadt Moosbruggst. 2;23.12.2020;Mittwoch;1;6;2;0;2;1;13;57;109;110;124;145;152;113;141;156;163;198;172;121;77;38;23;21;12
715;10905;St.Gallen Stadt Moosbruggst. 2;23.12.2020;Mittwoch;2;3;1;2;2;4;5;16;51;55;47;65;55;63;57;65;56;67;76;67;27;20;15;9;6
716;10905;St.Gallen Stadt Moosbruggst. 2;24.12.2020;Donnerstag;1;5;6;4;0;3;13;51;66;83;97;139;138;123;122;118;122;116;88;58;17;25;38;38;36
717;10905;St.Gallen Stadt Moosbruggst. 2;24.12.2020;Donnerstag;2;5;4;4;2;2;4;14;33;40;55;57;59;70;67;45;70;52;41;24;11;10;8;20;15
718;10905;St.Gallen Stadt Moosbruggst. 2;25.12.2020;Freitag;1;29;8;7;5;1;11;12;9;18;33;44;42;58;48;61;57;64;63;34;32;32;28;33;21
719;10905;St.Gallen Stadt Moosbruggst. 2;25.12.2020;Freitag;2;18;6;1;1;2;3;5;5;9;11;14;18;32;14;17;25;20;30;7;13;10;7;10;10
720;10905;St.Gallen Stadt Moosbruggst. 2;26.12.2020;Samstag;1;14;13;4;3;1;4;9;11;13;26;39;49;72;64;70;69;85;64;64;49;23;28;24;14
721;10905;St.Gallen Stadt Moosbruggst. 2;26.12.2020;Samstag;2;1;4;0;2;3;1;3;6;2;10;12;8;18;23;18;22;34;29;29;13;8;9;6;6
722;10905;St.Gallen Stadt Moosbruggst. 2;27.12.2020;Sonntag;1;4;4;8;6;3;4;10;10;18;30;47;51;64;66;85;69;66;73;48;53;30;24;12;9
723;10905;St.Gallen Stadt Moosbruggst. 2;27.12.2020;Sonntag;2;4;1;2;3;4;1;7;6;10;17;11;17;18;18;30;28;26;25;21;23;18;9;2;4
724;10905;St.Gallen Stadt Moosbruggst. 2;28.12.2020;Montag;1;6;2;4;3;2;10;48;53;75;80;101;90;99;102;116;101;87;104;83;54;30;21;17;14
725;10905;St.Gallen Stadt Moosbruggst. 2;28.12.2020;Montag;2;2;0;2;2;2;4;17;22;22;31;34;44;54;39;43;51;40;49;41;20;18;6;9;10
726;10905;St.Gallen Stadt Moosbruggst. 2;29.12.2020;Dienstag;1;5;2;4;2;2;8;35;62;66;87;102;116;99;108;104;113;119;127;85;48;36;28;13;12
727;10905;St.Gallen Stadt Moosbruggst. 2;29.12.2020;Dienstag;2;1;1;4;3;1;3;12;28;30;27;34;47;38;45;50;40;60;55;43;18;15;8;6;3
728;10905;St.Gallen Stadt Moosbruggst. 2;30.12.2020;Mittwoch;1;5;4;1;4;7;6;39;61;69;80;92;117;107;130;114;104;119;118;108;64;29;19;16;22
729;10905;St.Gallen Stadt Moosbruggst. 2;30.12.2020;Mittwoch;2;1;1;3;5;1;3;11;21;29;35;33;56;46;54;44;42;62;47;40;25;8;14;6;3
730;10905;St.Gallen Stadt Moosbruggst. 2;31.12.2020;Donnerstag;1;8;8;5;6;5;13;26;44;68;80;108;110;124;112;106;89;88;78;72;35;18;25;18;26
731;10905;St.Gallen Stadt Moosbruggst. 2;31.12.2020;Donnerstag;2;6;3;3;4;0;4;12;27;34;41;41;59;62;44;39;37;33;31;25;13;7;13;9;14
