LNR;ORT-ID;BEZEICHNUNG;DATUM;WOCHENTAG;RI;1;2;3;4;5;6;7;8;9;10;11;12;13;14;15;16;17;18;19;20;21;22;23;24
0;10904;St.Gallen Stadt Heiligkreuz;01.01.2020;Mittwoch;1;115;148;111;60;47;40;61;42;43;89;125;177;202;205;243;209;217;158;135;131;125;96;73;36
1;10904;St.Gallen Stadt Heiligkreuz;01.01.2020;Mittwoch;2;35;56;34;15;10;7;33;24;28;28;44;61;67;97;106;75;97;70;51;40;40;30;18;13
2;10904;St.Gallen Stadt Heiligkreuz;01.01.2020;Mittwoch;4;140;198;155;118;77;57;69;72;51;75;119;147;231;238;298;379;451;361;278;209;180;153;119;76
3;10904;St.Gallen Stadt Heiligkreuz;02.01.2020;Donnerstag;1;19;19;11;13;30;35;128;138;182;283;340;338;364;435;413;352;299;230;194;176;139;107;78;67
4;10904;St.Gallen Stadt Heiligkreuz;02.01.2020;Donnerstag;2;10;3;4;9;2;18;61;71;97;111;145;151;117;155;178;146;111;81;79;71;48;45;20;17
5;10904;St.Gallen Stadt Heiligkreuz;02.01.2020;Donnerstag;4;44;34;19;28;22;35;103;131;187;250;338;434;407;429;527;663;700;559;420;332;249;193;149;113
6;10904;St.Gallen Stadt Heiligkreuz;03.01.2020;Freitag;1;39;17;15;15;45;85;182;255;249;258;316;327;280;362;379;367;347;289;265;199;153;119;106;84
7;10904;St.Gallen Stadt Heiligkreuz;03.01.2020;Freitag;2;7;4;2;4;3;26;84;125;98;145;156;165;134;160;190;143;142;120;91;82;57;55;33;28
8;10904;St.Gallen Stadt Heiligkreuz;03.01.2020;Freitag;4;71;34;21;21;35;61;124;201;240;306;430;473;426;516;590;577;689;609;463;340;215;189;164;167
9;10904;St.Gallen Stadt Heiligkreuz;04.01.2020;Samstag;1;57;42;38;27;40;41;72;109;157;251;302;318;318;323;360;350;303;265;203;200;152;118;118;80
10;10904;St.Gallen Stadt Heiligkreuz;04.01.2020;Samstag;2;12;5;8;12;4;17;32;40;93;139;139;170;152;165;179;118;134;82;85;66;46;40;41;24
11;10904;St.Gallen Stadt Heiligkreuz;04.01.2020;Samstag;4;119;82;60;55;58;34;71;105;169;286;386;458;476;472;468;505;520;523;274;256;181;185;224;171
12;10904;St.Gallen Stadt Heiligkreuz;05.01.2020;Sonntag;1;59;57;32;30;24;34;48;61;87;158;246;273;261;322;270;284;271;231;183;155;134;71;48;35
13;10904;St.Gallen Stadt Heiligkreuz;05.01.2020;Sonntag;2;17;23;10;8;11;7;27;12;45;115;81;102;96;109;123;125;125;101;82;65;51;38;20;11
14;10904;St.Gallen Stadt Heiligkreuz;05.01.2020;Sonntag;4;120;120;44;61;54;46;56;70;114;168;230;319;368;367;426;426;519;443;304;276;219;169;97;83
15;10904;St.Gallen Stadt Heiligkreuz;06.01.2020;Montag;1;32;12;9;22;62;119;398;521;343;311;318;293;280;394;362;327;376;374;293;206;126;106;87;31
16;10904;St.Gallen Stadt Heiligkreuz;06.01.2020;Montag;2;10;8;0;6;12;45;258;270;175;172;146;121;145;192;199;153;179;193;126;85;56;48;28;27
17;10904;St.Gallen Stadt Heiligkreuz;06.01.2020;Montag;4;44;23;11;18;37;99;388;426;368;365;439;504;449;491;514;648;785;852;613;384;269;212;167;73
18;10904;St.Gallen Stadt Heiligkreuz;07.01.2020;Dienstag;1;22;14;12;23;54;124;410;533;368;312;292;302;284;362;334;331;359;406;320;223;132;110;85;37
19;10904;St.Gallen Stadt Heiligkreuz;07.01.2020;Dienstag;2;3;12;3;8;12;50;238;285;175;140;124;158;139;196;163;143;182;211;148;92;44;44;33;19
20;10904;St.Gallen Stadt Heiligkreuz;07.01.2020;Dienstag;4;53;17;21;24;25;95;386;423;344;377;421;559;446;467;516;569;767;795;591;410;261;245;181;120
21;10904;St.Gallen Stadt Heiligkreuz;08.01.2020;Mittwoch;1;34;17;7;17;58;135;414;519;369;315;294;294;296;435;374;345;430;384;301;237;151;127;94;39
22;10904;St.Gallen Stadt Heiligkreuz;08.01.2020;Mittwoch;2;10;3;2;7;14;42;243;270;190;137;156;149;160;217;157;164;182;188;153;93;50;37;39;23
23;10904;St.Gallen Stadt Heiligkreuz;08.01.2020;Mittwoch;4;40;18;15;20;40;97;375;417;390;382;435;571;470;493;560;544;831;817;608;442;263;271;208;104
24;10904;St.Gallen Stadt Heiligkreuz;09.01.2020;Donnerstag;1;25;12;14;22;62;123;405;541;387;310;306;327;287;381;336;370;407;424;383;218;148;124;99;53
25;10904;St.Gallen Stadt Heiligkreuz;09.01.2020;Donnerstag;2;9;7;6;4;12;46;250;276;184;142;141;157;146;188;164;160;183;188;184;129;61;55;39;31
26;10904;St.Gallen Stadt Heiligkreuz;09.01.2020;Donnerstag;4;52;22;17;20;31;102;383;440;371;401;453;558;474;504;519;611;778;798;587;447;341;300;223;126
27;10904;St.Gallen Stadt Heiligkreuz;10.01.2020;Freitag;1;21;13;9;25;53;131;386;500;390;320;310;313;288;404;347;351;456;391;346;248;201;151;124;98
28;10904;St.Gallen Stadt Heiligkreuz;10.01.2020;Freitag;2;13;7;3;4;13;51;228;253;185;141;171;153;171;201;190;202;215;188;164;110;62;62;57;39
29;10904;St.Gallen Stadt Heiligkreuz;10.01.2020;Freitag;4;64;18;20;14;41;104;343;426;353;410;471;557;481;578;588;665;815;841;588;424;249;250;235;229
30;10904;St.Gallen Stadt Heiligkreuz;11.01.2020;Samstag;1;56;32;34;24;35;59;114;149;220;292;400;329;351;392;370;362;341;257;239;180;171;141;122;95
31;10904;St.Gallen Stadt Heiligkreuz;11.01.2020;Samstag;2;26;8;11;7;3;16;41;51;114;144;154;188;172;178;194;161;158;135;83;71;40;43;40;31
32;10904;St.Gallen Stadt Heiligkreuz;11.01.2020;Samstag;4;127;82;59;38;42;47;87;153;218;380;472;548;521;568;520;571;591;589;347;259;234;228;161;206
33;10904;St.Gallen Stadt Heiligkreuz;12.01.2020;Sonntag;1;107;66;31;37;31;20;46;49;94;185;265;300;298;341;310;285;301;311;214;168;114;104;55;32
34;10904;St.Gallen Stadt Heiligkreuz;12.01.2020;Sonntag;2;35;20;6;9;14;10;22;25;35;84;81;103;110;121;139;111;144;109;78;62;49;45;20;11
35;10904;St.Gallen Stadt Heiligkreuz;12.01.2020;Sonntag;4;160;108;65;68;50;43;66;65;99;162;209;308;436;380;461;523;593;449;328;305;199;185;118;80
36;10904;St.Gallen Stadt Heiligkreuz;13.01.2020;Montag;1;24;13;7;20;57;151;414;550;374;323;276;273;311;403;329;369;397;401;296;196;150;114;76;38
37;10904;St.Gallen Stadt Heiligkreuz;13.01.2020;Montag;2;8;3;4;1;16;55;268;276;167;136;152;140;171;188;174;163;208;203;153;85;60;34;29;20
38;10904;St.Gallen Stadt Heiligkreuz;13.01.2020;Montag;4;41;12;12;21;29;127;392;417;357;405;478;516;460;470;537;623;748;898;556;431;302;237;182;95
39;10904;St.Gallen Stadt Heiligkreuz;14.01.2020;Dienstag;1;20;5;14;19;60;132;446;555;402;284;322;282;274;398;352;345;424;393;320;199;150;110;85;33
40;10904;St.Gallen Stadt Heiligkreuz;14.01.2020;Dienstag;2;7;6;2;5;15;55;259;279;192;138;139;141;169;174;175;157;196;196;171;112;57;43;50;18
41;10904;St.Gallen Stadt Heiligkreuz;14.01.2020;Dienstag;4;41;21;14;15;35;109;404;443;382;384;457;537;427;510;490;589;822;833;618;423;301;239;200;107
42;10904;St.Gallen Stadt Heiligkreuz;15.01.2020;Mittwoch;1;20;13;6;15;59;161;411;541;397;305;317;299;296;421;392;391;391;412;340;240;137;105;97;43
43;10904;St.Gallen Stadt Heiligkreuz;15.01.2020;Mittwoch;2;7;6;1;1;17;54;258;262;192;170;136;165;161;206;189;128;192;211;148;112;62;45;30;20
44;10904;St.Gallen Stadt Heiligkreuz;15.01.2020;Mittwoch;4;39;21;15;21;37;112;394;461;380;388;452;572;492;545;498;585;831;831;618;425;276;242;218;112
45;10904;St.Gallen Stadt Heiligkreuz;16.01.2020;Donnerstag;1;24;10;9;17;58;151;422;553;373;322;312;259;284;390;335;353;420;444;341;246;139;121;112;40
46;10904;St.Gallen Stadt Heiligkreuz;16.01.2020;Donnerstag;2;5;2;8;3;14;49;255;282;184;162;145;172;170;195;176;193;179;222;177;116;69;51;49;21
47;10904;St.Gallen Stadt Heiligkreuz;16.01.2020;Donnerstag;4;49;22;12;11;32;116;399;476;363;396;463;534;474;529;549;570;808;871;645;477;372;277;225;124
48;10904;St.Gallen Stadt Heiligkreuz;17.01.2020;Freitag;1;29;11;11;18;49;145;408;549;387;327;353;329;334;396;365;361;409;381;370;254;178;167;141;113
49;10904;St.Gallen Stadt Heiligkreuz;17.01.2020;Freitag;2;6;10;6;6;16;47;234;259;200;184;152;173;153;213;173;200;203;207;235;92;63;57;56;51
50;10904;St.Gallen Stadt Heiligkreuz;17.01.2020;Freitag;4;54;27;16;16;36;118;390;475;391;414;487;566;510;551;572;704;844;834;692;420;312;241;235;217
51;10904;St.Gallen Stadt Heiligkreuz;18.01.2020;Samstag;1;73;38;25;36;25;52;99;149;242;351;391;377;336;401;423;346;345;300;288;190;161;140;127;111
52;10904;St.Gallen Stadt Heiligkreuz;18.01.2020;Samstag;2;22;18;15;10;4;19;46;57;111;160;163;187;160;181;181;172;135;159;100;62;43;41;60;40
53;10904;St.Gallen Stadt Heiligkreuz;18.01.2020;Samstag;4;123;103;53;47;48;42;104;135;249;384;475;533;520;515;594;646;585;637;377;276;235;231;228;184
54;10904;St.Gallen Stadt Heiligkreuz;19.01.2020;Sonntag;1;76;63;44;34;31;28;59;60;91;212;249;285;255;289;304;299;277;257;202;164;119;98;65;34
55;10904;St.Gallen Stadt Heiligkreuz;19.01.2020;Sonntag;2;25;10;15;13;8;9;25;26;68;108;108;97;97;97;150;105;130;144;107;64;38;30;20;13
56;10904;St.Gallen Stadt Heiligkreuz;19.01.2020;Sonntag;4;139;109;67;66;57;31;58;64;127;158;228;341;391;380;434;469;490;500;359;314;237;169;103;89
57;10904;St.Gallen Stadt Heiligkreuz;20.01.2020;Montag;1;18;17;2;18;69;141;433;552;383;322;291;303;290;413;358;320;387;415;303;220;131;113;72;45
58;10904;St.Gallen Stadt Heiligkreuz;20.01.2020;Montag;2;4;2;5;4;15;46;287;278;190;132;154;145;160;169;163;155;180;214;157;102;66;40;26;15
59;10904;St.Gallen Stadt Heiligkreuz;20.01.2020;Montag;4;40;18;11;18;39;110;395;479;423;387;455;598;432;512;567;594;778;839;560;380;290;243;181;103
60;10904;St.Gallen Stadt Heiligkreuz;21.01.2020;Dienstag;1;22;5;8;14;67;131;430;558;395;344;304;296;263;441;452;344;409;396;321;223;138;122;82;38
61;10904;St.Gallen Stadt Heiligkreuz;21.01.2020;Dienstag;2;2;1;4;5;16;60;283;276;200;127;124;225;150;104;69;143;201;206;172;107;50;55;35;17
62;10904;St.Gallen Stadt Heiligkreuz;21.01.2020;Dienstag;4;39;16;9;11;38;116;410;439;404;362;468;531;440;495;487;628;826;908;627;373;283;244;191;117
63;10904;St.Gallen Stadt Heiligkreuz;22.01.2020;Mittwoch;1;19;12;11;16;53;153;413;566;411;325;336;331;291;398;406;329;401;396;358;247;168;110;97;55
64;10904;St.Gallen Stadt Heiligkreuz;22.01.2020;Mittwoch;2;5;2;3;6;11;55;279;249;185;163;128;151;165;233;165;188;191;188;172;125;47;49;31;16
65;10904;St.Gallen Stadt Heiligkreuz;22.01.2020;Mittwoch;4;44;20;13;14;31;112;406;486;376;388;420;611;496;549;488;574;779;929;616;460;293;244;199;117
66;10904;St.Gallen Stadt Heiligkreuz;23.01.2020;Donnerstag;1;27;13;8;25;48;150;407;572;391;332;314;320;265;368;330;381;406;450;329;254;166;130;84;47
67;10904;St.Gallen Stadt Heiligkreuz;23.01.2020;Donnerstag;2;4;5;3;4;17;51;283;274;202;162;143;152;167;183;170;179;198;202;166;116;95;51;41;17
68;10904;St.Gallen Stadt Heiligkreuz;23.01.2020;Donnerstag;4;49;18;11;15;24;111;395;476;409;416;426;572;461;523;505;609;801;890;587;471;332;315;210;134
69;10904;St.Gallen Stadt Heiligkreuz;24.01.2020;Freitag;1;27;18;13;24;58;143;384;512;395;344;320;355;316;409;389;421;428;438;357;243;173;158;115;107
70;10904;St.Gallen Stadt Heiligkreuz;24.01.2020;Freitag;2;13;6;4;4;13;54;258;236;194;166;164;170;167;179;188;203;224;204;146;134;67;67;55;36
71;10904;St.Gallen Stadt Heiligkreuz;24.01.2020;Freitag;4;51;27;20;21;31;106;398;445;374;405;482;576;478;588;613;706;867;806;603;460;284;308;210;207
72;10904;St.Gallen Stadt Heiligkreuz;25.01.2020;Samstag;1;83;53;36;28;44;51;97;144;255;307;375;396;370;397;446;345;316;280;245;185;154;147;143;104
73;10904;St.Gallen Stadt Heiligkreuz;25.01.2020;Samstag;2;22;13;15;5;3;23;59;67;122;152;216;200;173;159;186;170;166;138;102;63;64;43;43;33
74;10904;St.Gallen Stadt Heiligkreuz;25.01.2020;Samstag;4;166;102;56;53;48;44;104;146;257;400;470;546;498;525;555;544;573;597;368;283;244;227;199;177
75;10904;St.Gallen Stadt Heiligkreuz;26.01.2020;Sonntag;1;86;70;64;48;34;25;46;47;87;132;208;290;256;386;355;342;287;226;194;167;124;97;55;28
76;10904;St.Gallen Stadt Heiligkreuz;26.01.2020;Sonntag;2;22;25;11;13;6;9;30;47;46;107;100;105;103;128;135;121;100;114;96;70;48;34;12;19
77;10904;St.Gallen Stadt Heiligkreuz;26.01.2020;Sonntag;4;162;108;68;55;46;47;60;76;106;143;220;319;339;352;441;496;570;436;398;284;220;153;114;94
78;10904;St.Gallen Stadt Heiligkreuz;27.01.2020;Montag;1;19;5;7;18;55;134;377;507;304;263;274;305;273;370;357;304;340;365;277;195;156;103;50;35
79;10904;St.Gallen Stadt Heiligkreuz;27.01.2020;Montag;2;8;2;6;2;18;56;244;246;144;135;141;139;162;176;150;164;168;207;115;81;53;42;28;22
80;10904;St.Gallen Stadt Heiligkreuz;27.01.2020;Montag;4;36;12;14;13;36;107;379;411;347;363;406;521;408;488;535;607;787;756;513;357;242;208;156;86
81;10904;St.Gallen Stadt Heiligkreuz;28.01.2020;Dienstag;1;23;10;8;13;56;122;380;496;298;267;273;264;252;360;345;314;364;408;298;216;132;96;75;44
82;10904;St.Gallen Stadt Heiligkreuz;28.01.2020;Dienstag;2;9;5;4;7;16;55;244;239;153;133;121;121;138;157;196;167;165;175;145;86;41;59;31;6
83;10904;St.Gallen Stadt Heiligkreuz;28.01.2020;Dienstag;4;52;14;12;14;42;116;388;399;315;357;412;442;417;507;482;570;765;769;559;357;234;223;193;86
84;10904;St.Gallen Stadt Heiligkreuz;29.01.2020;Mittwoch;1;18;13;10;26;58;149;367;451;326;301;294;270;253;352;365;306;342;404;295;211;134;122;68;36
85;10904;St.Gallen Stadt Heiligkreuz;29.01.2020;Mittwoch;2;12;5;3;5;14;69;236;252;152;128;152;142;160;170;174;136;161;188;153;75;60;42;32;23
86;10904;St.Gallen Stadt Heiligkreuz;29.01.2020;Mittwoch;4;53;18;18;31;41;123;389;407;320;318;377;517;438;468;464;565;733;745;544;382;260;235;169;107
87;10904;St.Gallen Stadt Heiligkreuz;30.01.2020;Donnerstag;1;24;13;11;17;50;124;388;452;334;285;296;296;294;365;331;335;359;429;317;205;146;121;90;43
88;10904;St.Gallen Stadt Heiligkreuz;30.01.2020;Donnerstag;2;6;3;6;4;14;59;224;257;167;147;139;143;141;195;180;146;179;199;138;90;60;48;21;14
89;10904;St.Gallen Stadt Heiligkreuz;30.01.2020;Donnerstag;4;43;16;19;12;27;111;366;394;335;366;404;483;461;523;531;556;799;770;564;393;309;258;198;121
90;10904;St.Gallen Stadt Heiligkreuz;31.01.2020;Freitag;1;26;20;15;21;48;130;368;439;319;321;336;309;279;371;403;388;420;401;350;241;185;180;134;97
91;10904;St.Gallen Stadt Heiligkreuz;31.01.2020;Freitag;2;13;4;4;2;14;53;227;228;156;143;147;165;163;165;172;190;214;197;147;88;46;56;41;21
92;10904;St.Gallen Stadt Heiligkreuz;31.01.2020;Freitag;4;57;31;22;13;42;110;352;395;324;357;454;544;476;606;612;651;802;759;559;366;270;243;188;213
93;10904;St.Gallen Stadt Heiligkreuz;01.02.2020;Samstag;1;53;49;39;35;29;55;83;144;236;301;361;384;345;380;397;351;316;258;241;172;157;135;110;94
94;10904;St.Gallen Stadt Heiligkreuz;01.02.2020;Samstag;2;18;6;11;8;5;22;46;68;113;166;197;179;170;168;168;154;143;112;88;71;49;45;33;33
95;10904;St.Gallen Stadt Heiligkreuz;01.02.2020;Samstag;4;125;83;61;64;45;40;89;149;273;392;504;542;534;581;577;570;566;508;368;238;199;203;175;181
96;10904;St.Gallen Stadt Heiligkreuz;02.02.2020;Sonntag;1;72;46;30;33;34;19;42;35;78;157;198;212;233;268;277;273;282;268;215;199;150;95;54;27
97;10904;St.Gallen Stadt Heiligkreuz;02.02.2020;Sonntag;2;26;12;15;7;14;8;31;19;37;100;81;105;105;124;128;111;115;124;77;59;60;40;15;13
98;10904;St.Gallen Stadt Heiligkreuz;02.02.2020;Sonntag;4;140;95;55;57;62;40;61;63;101;165;242;305;352;344;394;412;401;425;341;312;218;170;129;83
99;10904;St.Gallen Stadt Heiligkreuz;03.02.2020;Montag;1;30;12;11;20;68;148;429;507;423;268;263;301;273;388;340;329;376;397;306;197;136;122;70;31
100;10904;St.Gallen Stadt Heiligkreuz;03.02.2020;Montag;2;5;3;2;5;18;68;252;267;201;144;146;140;161;197;182;164;190;203;118;111;64;63;31;23
101;10904;St.Gallen Stadt Heiligkreuz;03.02.2020;Montag;4;42;17;18;17;54;102;423;473;375;387;451;505;424;500;550;570;813;864;596;406;280;248;174;83
102;10904;St.Gallen Stadt Heiligkreuz;04.02.2020;Dienstag;1;25;13;14;24;62;143;435;579;384;310;313;281;253;419;326;315;376;414;334;227;125;114;65;46
103;10904;St.Gallen Stadt Heiligkreuz;04.02.2020;Dienstag;2;10;3;4;7;15;65;251;275;211;139;139;136;141;189;146;156;184;172;162;111;65;55;41;19
104;10904;St.Gallen Stadt Heiligkreuz;04.02.2020;Dienstag;4;35;22;21;19;37;117;425;460;408;358;454;546;438;481;528;600;765;871;641;453;291;234;185;105
105;10904;St.Gallen Stadt Heiligkreuz;05.02.2020;Mittwoch;1;25;8;11;23;73;164;425;544;425;302;294;329;308;399;375;343;374;423;343;257;148;132;80;46
106;10904;St.Gallen Stadt Heiligkreuz;05.02.2020;Mittwoch;2;11;6;4;3;18;64;262;284;240;168;132;162;160;223;158;179;198;197;161;114;52;56;41;22
107;10904;St.Gallen Stadt Heiligkreuz;05.02.2020;Mittwoch;4;47;26;8;16;39;123;400;437;364;392;456;523;470;518;555;602;841;936;610;459;303;272;209;101
108;10904;St.Gallen Stadt Heiligkreuz;06.02.2020;Donnerstag;1;24;12;15;26;62;151;385;582;423;325;303;324;280;414;368;344;396;487;388;267;160;145;116;50
109;10904;St.Gallen Stadt Heiligkreuz;06.02.2020;Donnerstag;2;11;4;5;5;11;62;261;261;217;181;140;137;150;205;172;186;190;225;184;103;71;57;39;22
110;10904;St.Gallen Stadt Heiligkreuz;06.02.2020;Donnerstag;4;43;23;19;20;33;107;391;453;426;401;459;607;484;510;554;625;806;888;690;455;372;305;231;111
111;10904;St.Gallen Stadt Heiligkreuz;07.02.2020;Freitag;1;26;19;14;17;59;141;432;537;408;312;330;317;317;415;372;380;408;435;376;272;198;171;127;121
112;10904;St.Gallen Stadt Heiligkreuz;07.02.2020;Freitag;2;14;6;4;4;11;56;250;253;234;159;155;153;189;191;214;194;225;226;175;115;59;56;54;38
113;10904;St.Gallen Stadt Heiligkreuz;07.02.2020;Freitag;4;52;25;17;16;41;124;388;440;363;418;487;587;493;609;616;735;863;845;617;424;311;227;247;212
114;10904;St.Gallen Stadt Heiligkreuz;08.02.2020;Samstag;1;78;33;28;24;41;57;102;197;282;287;417;380;386;373;399;328;344;305;283;236;182;169;144;115
115;10904;St.Gallen Stadt Heiligkreuz;08.02.2020;Samstag;2;21;17;9;13;7;17;49;65;129;152;172;205;156;184;200;160;179;134;109;84;72;59;47;39
116;10904;St.Gallen Stadt Heiligkreuz;08.02.2020;Samstag;4;142;95;57;56;50;53;118;190;251;411;525;566;515;575;569;581;653;645;396;284;222;224;234;194
117;10904;St.Gallen Stadt Heiligkreuz;09.02.2020;Sonntag;1;79;52;50;34;34;36;61;58;87;168;256;279;265;316;388;338;350;245;232;169;136;94;56;39
118;10904;St.Gallen Stadt Heiligkreuz;09.02.2020;Sonntag;2;22;15;11;9;3;10;29;33;59;93;88;124;118;132;119;130;154;128;79;59;65;37;26;10
119;10904;St.Gallen Stadt Heiligkreuz;09.02.2020;Sonntag;4;141;118;71;68;41;50;70;79;119;168;234;388;403;415;486;451;489;431;415;327;235;156;95;79
120;10904;St.Gallen Stadt Heiligkreuz;10.02.2020;Montag;1;23;10;7;22;69;133;433;578;366;282;262;264;243;386;347;379;397;408;307;217;132;102;63;22
121;10904;St.Gallen Stadt Heiligkreuz;10.02.2020;Montag;2;7;3;1;0;15;63;256;278;198;118;133;137;148;185;174;154;188;210;162;84;51;33;32;17
122;10904;St.Gallen Stadt Heiligkreuz;10.02.2020;Montag;4;32;15;16;13;37;107;388;454;423;384;370;511;419;417;466;595;778;832;610;392;278;250;165;68
123;10904;St.Gallen Stadt Heiligkreuz;11.02.2020;Dienstag;1;24;6;8;23;61;140;468;550;402;323;309;237;262;377;365;358;395;441;345;220;152;108;80;39
124;10904;St.Gallen Stadt Heiligkreuz;11.02.2020;Dienstag;2;4;3;7;4;13;68;257;256;207;161;112;156;146;187;149;171;208;203;160;113;64;51;28;24
125;10904;St.Gallen Stadt Heiligkreuz;11.02.2020;Dienstag;4;33;18;9;15;24;116;415;454;366;404;426;539;427;507;546;615;837;849;579;425;306;258;198;127
126;10904;St.Gallen Stadt Heiligkreuz;12.02.2020;Mittwoch;1;24;13;5;23;63;155;437;532;431;312;340;309;287;443;345;353;378;431;351;260;139;138;98;37
127;10904;St.Gallen Stadt Heiligkreuz;12.02.2020;Mittwoch;2;12;2;1;5;16;60;257;284;187;164;124;157;167;187;191;194;175;215;158;208;41;42;33;25
128;10904;St.Gallen Stadt Heiligkreuz;12.02.2020;Mittwoch;4;38;21;15;20;36;112;403;465;420;394;493;541;491;513;547;599;826;891;586;421;286;279;205;100
129;10904;St.Gallen Stadt Heiligkreuz;13.02.2020;Donnerstag;1;28;16;10;18;64;134;426;547;407;328;281;342;293;430;377;335;415;458;356;269;142;113;112;52
130;10904;St.Gallen Stadt Heiligkreuz;13.02.2020;Donnerstag;2;8;0;2;7;15;55;266;280;198;155;140;152;149;204;175;156;206;199;182;128;52;49;37;20
131;10904;St.Gallen Stadt Heiligkreuz;13.02.2020;Donnerstag;4;50;22;15;15;36;112;407;455;406;406;470;572;442;541;526;653;831;851;623;459;408;296;222;123
132;10904;St.Gallen Stadt Heiligkreuz;14.02.2020;Freitag;1;19;18;7;22;53;147;403;525;416;336;342;341;330;378;385;352;435;458;374;265;193;153;175;126
133;10904;St.Gallen Stadt Heiligkreuz;14.02.2020;Freitag;2;9;3;4;7;15;55;241;278;200;154;199;168;164;174;182;171;218;188;147;108;97;56;56;33
134;10904;St.Gallen Stadt Heiligkreuz;14.02.2020;Freitag;4;48;18;12;20;29;115;399;450;438;440;495;591;446;548;559;672;830;790;665;444;345;240;218;205
135;10904;St.Gallen Stadt Heiligkreuz;15.02.2020;Samstag;1;51;45;30;32;27;49;109;157;257;321;371;353;394;410;398;366;318;351;290;228;185;143;137;111
136;10904;St.Gallen Stadt Heiligkreuz;15.02.2020;Samstag;2;27;14;13;7;8;23;44;71;119;163;197;203;162;182;206;183;158;134;102;59;65;54;54;45
137;10904;St.Gallen Stadt Heiligkreuz;15.02.2020;Samstag;4;118;94;50;36;46;53;122;177;290;410;489;574;551;548;604;607;601;617;411;283;242;226;192;200
138;10904;St.Gallen Stadt Heiligkreuz;16.02.2020;Sonntag;1;71;53;39;35;30;36;58;73;105;180;220;225;270;321;361;304;310;261;202;186;145;89;56;45
139;10904;St.Gallen Stadt Heiligkreuz;16.02.2020;Sonntag;2;25;15;9;12;5;13;30;29;61;112;85;108;106;119;167;124;116;149;99;76;47;36;25;11
140;10904;St.Gallen Stadt Heiligkreuz;16.02.2020;Sonntag;4;128;102;72;65;35;45;69;83;115;184;283;398;354;413;444;491;486;500;397;300;230;141;116;80
141;10904;St.Gallen Stadt Heiligkreuz;17.02.2020;Montag;1;16;16;10;21;64;146;455;542;408;276;264;283;291;413;311;359;392;422;274;238;122;106;86;33
142;10904;St.Gallen Stadt Heiligkreuz;17.02.2020;Montag;2;7;5;3;5;19;55;278;261;203;149;147;145;186;187;162;170;197;196;140;97;61;41;22;18
143;10904;St.Gallen Stadt Heiligkreuz;17.02.2020;Montag;4;34;25;13;15;31;120;411;474;407;380;423;530;464;550;573;681;775;887;608;423;287;230;192;79
144;10904;St.Gallen Stadt Heiligkreuz;18.02.2020;Dienstag;1;21;16;13;20;63;140;454;570;402;336;301;295;272;413;333;368;412;478;347;230;153;109;66;46
145;10904;St.Gallen Stadt Heiligkreuz;18.02.2020;Dienstag;2;8;3;0;7;13;60;257;277;205;154;129;145;173;178;186;170;207;222;144;125;72;42;38;17
146;10904;St.Gallen Stadt Heiligkreuz;18.02.2020;Dienstag;4;48;16;12;20;28;104;392;473;398;407;484;594;457;508;478;637;803;892;654;454;297;267;177;122
147;10904;St.Gallen Stadt Heiligkreuz;19.02.2020;Mittwoch;1;29;12;11;23;50;132;460;542;408;344;312;322;296;390;372;374;380;441;355;218;132;122;85;53
148;10904;St.Gallen Stadt Heiligkreuz;19.02.2020;Mittwoch;2;13;2;3;5;10;62;264;260;216;150;140;153;194;190;166;172;212;199;150;112;74;62;36;25
149;10904;St.Gallen Stadt Heiligkreuz;19.02.2020;Mittwoch;4;44;16;20;17;31;108;419;427;439;377;497;569;495;517;536;537;837;926;622;472;316;271;209;107
150;10904;St.Gallen Stadt Heiligkreuz;20.02.2020;Donnerstag;1;31;20;8;19;61;160;450;583;487;397;334;308;282;388;366;361;439;458;385;261;134;116;90;44
151;10904;St.Gallen Stadt Heiligkreuz;20.02.2020;Donnerstag;2;6;5;6;8;11;57;265;270;219;156;138;163;162;218;180;173;205;204;183;108;46;56;44;19
152;10904;St.Gallen Stadt Heiligkreuz;20.02.2020;Donnerstag;4;60;31;22;14;37;112;381;419;390;431;499;546;493;593;552;620;838;976;651;477;347;300;224;148
153;10904;St.Gallen Stadt Heiligkreuz;21.02.2020;Freitag;1;31;24;11;23;64;130;426;544;508;385;348;333;326;401;364;387;442;430;404;268;195;158;126;95
154;10904;St.Gallen Stadt Heiligkreuz;21.02.2020;Freitag;2;11;6;3;5;16;57;250;265;228;163;158;164;177;196;191;192;206;222;174;109;66;62;40;45
155;10904;St.Gallen Stadt Heiligkreuz;21.02.2020;Freitag;4;72;29;20;17;37;123;375;445;360;399;501;593;512;600;654;752;859;940;689;425;318;250;286;238
156;10904;St.Gallen Stadt Heiligkreuz;22.02.2020;Samstag;1;57;44;40;27;31;61;112;200;353;410;409;401;369;414;384;383;391;348;299;227;162;158;111;100
157;10904;St.Gallen Stadt Heiligkreuz;22.02.2020;Samstag;2;27;19;7;10;6;17;67;68;124;175;178;217;178;175;190;173;180;130;86;63;57;48;48;35
158;10904;St.Gallen Stadt Heiligkreuz;22.02.2020;Samstag;4;154;92;71;42;45;40;112;188;328;437;461;595;594;594;562;622;630;666;406;291;232;226;220;197
159;10904;St.Gallen Stadt Heiligkreuz;23.02.2020;Sonntag;1;80;49;39;42;36;36;59;65;221;258;293;262;301;349;351;310;306;257;242;186;122;103;50;54
160;10904;St.Gallen Stadt Heiligkreuz;23.02.2020;Sonntag;2;26;12;12;7;8;12;25;24;48;108;110;110;117;112;136;139;116;116;87;65;46;42;24;7
161;10904;St.Gallen Stadt Heiligkreuz;23.02.2020;Sonntag;4;139;113;75;63;49;41;62;89;181;215;274;370;362;373;409;525;557;516;476;340;249;196;138;73
162;10904;St.Gallen Stadt Heiligkreuz;24.02.2020;Montag;1;22;12;9;20;64;129;463;551;445;293;320;275;313;373;363;331;428;431;310;223;135;107;75;35
163;10904;St.Gallen Stadt Heiligkreuz;24.02.2020;Montag;2;3;7;1;3;15;53;271;260;217;149;154;146;155;196;183;146;192;217;188;91;76;49;27;16
164;10904;St.Gallen Stadt Heiligkreuz;24.02.2020;Montag;4;39;18;12;19;36;112;393;472;392;402;473;621;399;524;553;598;831;893;635;421;283;252;182;98
165;10904;St.Gallen Stadt Heiligkreuz;25.02.2020;Dienstag;1;20;16;8;16;64;138;448;583;414;344;318;310;258;384;355;344;404;447;342;227;150;117;97;64
166;10904;St.Gallen Stadt Heiligkreuz;25.02.2020;Dienstag;2;12;8;6;2;17;54;263;261;217;169;139;146;158;161;170;169;220;220;159;128;61;38;36;18
167;10904;St.Gallen Stadt Heiligkreuz;25.02.2020;Dienstag;4;39;18;11;20;29;121;397;491;408;434;463;536;460;531;535;597;823;865;637;465;306;274;212;146
168;10904;St.Gallen Stadt Heiligkreuz;26.02.2020;Mittwoch;1;33;17;10;23;70;152;439;570;410;306;290;287;282;377;319;324;386;427;379;248;164;123;83;40
169;10904;St.Gallen Stadt Heiligkreuz;26.02.2020;Mittwoch;2;3;3;1;5;22;66;258;262;198;155;121;145;149;193;179;183;202;194;180;111;73;51;32;29
170;10904;St.Gallen Stadt Heiligkreuz;26.02.2020;Mittwoch;4;55;25;15;18;40;118;409;419;399;343;439;523;479;492;507;596;759;809;654;438;310;243;213;117
171;10904;St.Gallen Stadt Heiligkreuz;27.02.2020;Donnerstag;1;23;19;11;25;59;150;427;568;406;336;312;278;259;407;362;320;391;426;352;265;154;133;101;42
172;10904;St.Gallen Stadt Heiligkreuz;27.02.2020;Donnerstag;2;10;4;2;4;18;58;257;260;202;157;183;144;160;158;181;160;197;207;175;109;77;44;43;23
173;10904;St.Gallen Stadt Heiligkreuz;27.02.2020;Donnerstag;4;45;27;18;26;32;124;390;442;405;409;486;565;423;518;557;605;761;819;591;489;324;303;227;123
174;10904;St.Gallen Stadt Heiligkreuz;28.02.2020;Freitag;1;24;20;9;28;54;140;377;539;403;303;335;337;349;374;384;360;434;439;357;284;210;166;127;92
175;10904;St.Gallen Stadt Heiligkreuz;28.02.2020;Freitag;2;6;4;2;5;20;58;244;252;221;147;176;156;174;223;225;202;245;230;182;109;70;61;48;32
176;10904;St.Gallen Stadt Heiligkreuz;28.02.2020;Freitag;4;49;26;27;14;39;117;375;453;398;420;473;608;493;523;668;663;848;834;649;487;301;282;238;231
177;10904;St.Gallen Stadt Heiligkreuz;29.02.2020;Samstag;1;78;40;32;29;48;52;109;179;226;346;378;356;349;401;410;400;350;322;223;232;147;151;160;97
178;10904;St.Gallen Stadt Heiligkreuz;29.02.2020;Samstag;2;17;9;8;7;10;21;47;75;141;174;199;196;179;212;196;194;145;138;114;70;57;49;46;42
179;10904;St.Gallen Stadt Heiligkreuz;29.02.2020;Samstag;4;117;86;52;48;52;45;118;184;268;422;537;571;546;541;594;619;623;605;370;295;211;195;221;209
180;10904;St.Gallen Stadt Heiligkreuz;01.03.2020;Sonntag;1;77;54;37;37;30;29;58;51;78;168;212;259;238;316;326;349;343;334;235;189;161;95;57;38
181;10904;St.Gallen Stadt Heiligkreuz;01.03.2020;Sonntag;2;34;11;16;13;7;10;25;21;40;104;102;109;123;132;146;158;128;110;99;69;63;44;22;11
182;10904;St.Gallen Stadt Heiligkreuz;01.03.2020;Sonntag;4;152;101;68;56;53;44;61;57;106;173;254;410;390;417;456;490;485;497;363;319;277;162;116;94
183;10904;St.Gallen Stadt Heiligkreuz;02.03.2020;Montag;1;25;17;10;18;59;138;421;570;379;351;305;283;284;356;352;351;364;429;289;198;130;116;54;43
184;10904;St.Gallen Stadt Heiligkreuz;02.03.2020;Montag;2;2;6;2;3;20;48;267;271;198;145;144;161;159;200;181;194;190;203;144;110;52;45;31;17
185;10904;St.Gallen Stadt Heiligkreuz;02.03.2020;Montag;4;42;21;12;15;39;111;412;466;392;411;418;578;486;518;528;611;792;830;616;395;286;210;166;91
186;10904;St.Gallen Stadt Heiligkreuz;03.03.2020;Dienstag;1;17;12;6;19;65;149;419;576;377;316;301;307;283;430;339;328;392;423;314;212;160;114;88;40
187;10904;St.Gallen Stadt Heiligkreuz;03.03.2020;Dienstag;2;3;3;1;5;23;48;262;287;185;147;139;145;154;172;156;171;193;194;186;111;52;42;40;12
188;10904;St.Gallen Stadt Heiligkreuz;03.03.2020;Dienstag;4;37;15;7;10;30;107;412;461;367;373;471;583;429;515;542;637;722;851;619;413;297;260;216;91
189;10904;St.Gallen Stadt Heiligkreuz;04.03.2020;Mittwoch;1;19;13;6;19;58;148;405;563;424;327;322;305;306;419;353;335;370;472;368;263;142;113;93;40
190;10904;St.Gallen Stadt Heiligkreuz;04.03.2020;Mittwoch;2;3;6;4;4;16;48;266;255;228;141;151;150;192;190;178;195;224;194;156;101;64;54;40;21
191;10904;St.Gallen Stadt Heiligkreuz;04.03.2020;Mittwoch;4;48;24;16;11;30;118;410;463;426;403;438;569;507;588;569;616;805;856;584;436;317;252;226;114
192;10904;St.Gallen Stadt Heiligkreuz;05.03.2020;Donnerstag;1;21;18;11;26;51;172;412;567;389;303;306;296;278;362;342;320;369;446;334;257;149;126;95;44
193;10904;St.Gallen Stadt Heiligkreuz;05.03.2020;Donnerstag;2;4;7;8;4;19;52;262;276;202;161;149;153;183;186;204;167;197;224;181;115;64;49;43;15
194;10904;St.Gallen Stadt Heiligkreuz;05.03.2020;Donnerstag;4;56;22;21;18;29;118;384;460;387;431;474;605;460;512;509;628;740;898;598;456;350;287;232;113
195;10904;St.Gallen Stadt Heiligkreuz;06.03.2020;Freitag;1;39;12;9;20;64;137;419;521;376;334;313;331;309;357;374;353;460;404;378;242;211;144;110;83
196;10904;St.Gallen Stadt Heiligkreuz;06.03.2020;Freitag;2;7;6;3;6;20;60;243;268;203;157;166;141;181;193;185;201;242;194;179;103;74;79;60;31
197;10904;St.Gallen Stadt Heiligkreuz;06.03.2020;Freitag;4;58;22;25;15;28;124;396;447;392;408;496;610;497;577;585;702;834;790;620;435;286;243;250;192
198;10904;St.Gallen Stadt Heiligkreuz;07.03.2020;Samstag;1;75;34;36;26;34;66;97;183;258;326;374;400;363;391;378;342;347;291;264;185;157;147;129;117
199;10904;St.Gallen Stadt Heiligkreuz;07.03.2020;Samstag;2;15;13;11;10;9;22;45;55;146;186;194;168;148;198;204;162;173;120;124;69;67;45;53;42
200;10904;St.Gallen Stadt Heiligkreuz;07.03.2020;Samstag;4;106;84;57;37;43;48;121;176;280;392;511;571;575;570;580;580;582;554;395;273;221;194;217;197
201;10904;St.Gallen Stadt Heiligkreuz;08.03.2020;Sonntag;1;66;42;42;35;33;31;52;65;86;179;231;269;260;307;344;329;322;269;248;176;136;95;63;36
202;10904;St.Gallen Stadt Heiligkreuz;08.03.2020;Sonntag;2;24;23;14;6;8;11;25;40;84;88;82;95;112;132;129;161;129;111;87;77;62;40;22;9
203;10904;St.Gallen Stadt Heiligkreuz;08.03.2020;Sonntag;4;134;85;63;55;60;38;54;75;144;190;302;376;390;416;415;459;470;435;364;304;253;153;129;89
204;10904;St.Gallen Stadt Heiligkreuz;09.03.2020;Montag;1;19;12;10;18;67;141;287;417;430;324;267;290;285;365;348;309;360;424;292;221;151;107;82;23
205;10904;St.Gallen Stadt Heiligkreuz;09.03.2020;Montag;2;4;5;3;2;17;50;181;211;251;136;141;150;138;169;174;154;203;182;165;101;59;49;35;14
206;10904;St.Gallen Stadt Heiligkreuz;09.03.2020;Montag;4;37;16;11;14;32;129;406;453;397;370;445;538;429;509;509;608;774;857;578;419;294;231;157;83
207;10904;St.Gallen Stadt Heiligkreuz;10.03.2020;Dienstag;1;14;12;10;17;58;165;431;575;369;341;265;292;278;362;324;308;391;430;328;209;128;103;85;31
208;10904;St.Gallen Stadt Heiligkreuz;10.03.2020;Dienstag;2;8;4;4;5;17;62;262;258;179;146;140;136;171;193;177;162;215;195;189;101;46;41;37;15
209;10904;St.Gallen Stadt Heiligkreuz;10.03.2020;Dienstag;4;32;15;13;16;30;116;424;463;349;404;432;541;410;513;530;597;749;808;609;378;284;231;195;93
210;10904;St.Gallen Stadt Heiligkreuz;11.03.2020;Mittwoch;1;21;12;7;20;48;154;414;556;378;323;266;307;287;395;380;375;364;430;329;248;143;102;83;34
211;10904;St.Gallen Stadt Heiligkreuz;11.03.2020;Mittwoch;2;6;2;2;3;12;59;279;258;181;141;145;169;171;194;170;182;179;230;174;91;63;38;27;18
212;10904;St.Gallen Stadt Heiligkreuz;11.03.2020;Mittwoch;4;48;18;13;18;32;128;426;452;383;406;448;523;476;520;522;608;781;893;592;428;285;223;212;118
213;10904;St.Gallen Stadt Heiligkreuz;12.03.2020;Donnerstag;1;22;18;9;25;53;147;414;540;402;316;314;295;273;386;308;342;382;440;369;272;140;121;88;38
214;10904;St.Gallen Stadt Heiligkreuz;12.03.2020;Donnerstag;2;2;2;2;4;14;50;274;270;201;163;141;165;165;215;180;187;190;228;177;103;79;60;35;13
215;10904;St.Gallen Stadt Heiligkreuz;12.03.2020;Donnerstag;4;38;20;21;15;32;113;413;470;370;422;527;541;463;544;546;611;794;863;627;442;316;262;196;99
216;10904;St.Gallen Stadt Heiligkreuz;13.03.2020;Freitag;1;27;16;13;24;59;130;381;524;363;339;315;320;299;354;396;396;439;403;388;279;177;143;112;59
217;10904;St.Gallen Stadt Heiligkreuz;13.03.2020;Freitag;2;6;7;4;6;11;53;258;252;173;147;179;162;187;187;187;215;235;226;203;96;67;55;48;24
218;10904;St.Gallen Stadt Heiligkreuz;13.03.2020;Freitag;4;46;21;21;17;37;134;396;447;428;430;484;624;480;578;575;722;887;842;691;446;305;246;193;147
219;10904;St.Gallen Stadt Heiligkreuz;14.03.2020;Samstag;1;49;39;18;32;24;51;88;175;282;341;376;391;349;369;377;351;312;268;221;178;125;144;96;92
220;10904;St.Gallen Stadt Heiligkreuz;14.03.2020;Samstag;2;23;16;5;7;5;11;52;82;154;209;218;216;187;191;149;158;158;133;80;68;55;58;42;34
221;10904;St.Gallen Stadt Heiligkreuz;14.03.2020;Samstag;4;107;67;41;23;25;33;96;212;331;497;609;611;623;526;580;541;537;517;331;219;215;199;174;155
222;10904;St.Gallen Stadt Heiligkreuz;15.03.2020;Sonntag;1;52;33;33;23;20;23;54;37;67;182;194;196;212;322;302;316;321;298;227;189;131;75;55;38
223;10904;St.Gallen Stadt Heiligkreuz;15.03.2020;Sonntag;2;23;10;10;1;4;4;26;24;40;62;98;87;91;139;153;156;147;122;92;64;68;34;19;9
224;10904;St.Gallen Stadt Heiligkreuz;15.03.2020;Sonntag;4;91;90;50;27;25;26;55;72;96;190;290;352;379;429;431;418;471;382;327;273;210;160;104;53
225;10904;St.Gallen Stadt Heiligkreuz;16.03.2020;Montag;1;15;13;9;20;49;155;423;521;353;344;312;276;314;381;377;353;394;409;341;188;123;120;56;26
226;10904;St.Gallen Stadt Heiligkreuz;16.03.2020;Montag;2;4;2;4;5;11;60;261;289;208;152;157;169;156;207;209;175;207;196;153;92;42;31;18;14
227;10904;St.Gallen Stadt Heiligkreuz;16.03.2020;Montag;4;33;17;16;13;38;112;414;490;411;449;465;559;551;561;586;649;784;791;642;375;204;154;98;69
228;10904;St.Gallen Stadt Heiligkreuz;17.03.2020;Dienstag;1;19;10;8;23;56;133;418;490;292;286;290;257;268;341;294;313;324;387;261;143;99;67;45;28
229;10904;St.Gallen Stadt Heiligkreuz;17.03.2020;Dienstag;2;2;2;2;8;13;48;247;251;165;127;143;133;140;167;166;173;175;163;117;78;33;24;10;6
230;10904;St.Gallen Stadt Heiligkreuz;17.03.2020;Dienstag;4;40;24;13;7;35;112;400;476;372;398;457;498;456;502;497;515;691;849;474;272;134;101;82;53
231;10904;St.Gallen Stadt Heiligkreuz;18.03.2020;Mittwoch;1;14;9;9;17;48;141;392;463;291;248;243;314;260;329;320;321;352;363;268;140;89;57;46;25
232;10904;St.Gallen Stadt Heiligkreuz;18.03.2020;Mittwoch;2;3;2;4;8;12;56;237;237;135;124;136;113;143;188;134;158;193;211;116;72;31;30;17;11
233;10904;St.Gallen Stadt Heiligkreuz;18.03.2020;Mittwoch;4;19;17;6;8;29;117;381;471;321;364;421;498;464;508;526;545;701;814;450;278;176;97;99;54
234;10904;St.Gallen Stadt Heiligkreuz;19.03.2020;Donnerstag;1;12;13;12;16;56;124;378;452;284;236;275;277;253;326;300;262;333;356;250;173;102;74;43;21
235;10904;St.Gallen Stadt Heiligkreuz;19.03.2020;Donnerstag;2;9;4;5;5;14;43;226;228;140;136;171;128;161;195;153;162;161;210;138;91;37;21;18;6
236;10904;St.Gallen Stadt Heiligkreuz;19.03.2020;Donnerstag;4;43;11;10;9;31;102;380;450;352;358;448;515;451;494;503;479;649;749;529;259;186;113;85;54
237;10904;St.Gallen Stadt Heiligkreuz;20.03.2020;Freitag;1;18;7;9;16;48;119;368;420;269;283;297;279;243;316;318;318;377;341;229;188;106;82;59;27
238;10904;St.Gallen Stadt Heiligkreuz;20.03.2020;Freitag;2;5;1;5;6;12;48;247;212;157;164;153;138;143;182;159;165;187;190;122;79;35;27;23;9
239;10904;St.Gallen Stadt Heiligkreuz;20.03.2020;Freitag;4;24;15;10;8;31;112;359;382;392;427;493;529;463;480;536;578;735;646;433;263;185;116;82;73
240;10904;St.Gallen Stadt Heiligkreuz;21.03.2020;Samstag;1;31;12;10;19;20;39;85;96;144;199;232;222;219;219;261;239;248;167;136;86;88;56;39;39
241;10904;St.Gallen Stadt Heiligkreuz;21.03.2020;Samstag;2;3;6;5;2;5;20;44;53;82;94;122;134;109;95;121;107;116;82;55;41;35;24;23;16
242;10904;St.Gallen Stadt Heiligkreuz;21.03.2020;Samstag;4;38;15;19;10;23;26;80;140;218;295;357;358;380;377;372;398;342;297;200;165;123;89;77;55
243;10904;St.Gallen Stadt Heiligkreuz;22.03.2020;Sonntag;1;25;16;6;5;7;17;37;26;45;77;84;109;105;147;193;181;197;199;148;118;80;64;38;17
244;10904;St.Gallen Stadt Heiligkreuz;22.03.2020;Sonntag;2;8;7;5;4;1;7;28;16;15;35;35;54;45;59;92;77;94;73;59;49;37;23;5;3
245;10904;St.Gallen Stadt Heiligkreuz;22.03.2020;Sonntag;4;34;22;7;9;8;14;43;57;57;106;128;153;175;228;254;290;304;242;237;189;132;92;58;47
246;10904;St.Gallen Stadt Heiligkreuz;23.03.2020;Montag;1;21;6;12;16;51;122;393;431;252;228;215;233;213;319;265;295;348;376;199;119;97;60;32;21
247;10904;St.Gallen Stadt Heiligkreuz;23.03.2020;Montag;2;4;3;3;3;9;47;242;233;99;110;99;105;126;141;147;156;168;200;106;53;32;15;17;6
248;10904;St.Gallen Stadt Heiligkreuz;23.03.2020;Montag;4;22;9;6;4;33;101;395;407;291;291;356;448;391;421;448;497;652;757;403;212;153;105;71;47
249;10904;St.Gallen Stadt Heiligkreuz;24.03.2020;Dienstag;1;16;7;6;16;49;115;396;405;236;231;204;269;229;305;258;286;357;338;231;115;104;60;41;27
250;10904;St.Gallen Stadt Heiligkreuz;24.03.2020;Dienstag;2;3;3;2;4;13;48;241;203;117;107;111;112;139;169;141;133;167;175;108;76;44;23;14;14
251;10904;St.Gallen Stadt Heiligkreuz;24.03.2020;Dienstag;4;19;15;7;9;25;103;391;414;280;280;363;449;382;458;448;510;647;688;427;249;141;96;79;51
252;10904;St.Gallen Stadt Heiligkreuz;25.03.2020;Mittwoch;1;15;10;7;16;47;114;393;410;225;234;204;250;223;318;269;289;326;347;216;134;98;56;44;20
253;10904;St.Gallen Stadt Heiligkreuz;25.03.2020;Mittwoch;2;1;0;3;5;11;54;243;223;122;124;111;148;146;184;207;146;180;159;120;61;40;24;17;8
254;10904;St.Gallen Stadt Heiligkreuz;25.03.2020;Mittwoch;4;29;10;10;7;27;104;389;405;281;321;377;451;445;423;463;504;692;691;423;247;169;104;73;48
255;10904;St.Gallen Stadt Heiligkreuz;26.03.2020;Donnerstag;1;14;8;10;14;46;127;346;399;233;248;222;257;242;283;256;275;315;358;220;151;98;54;47;33
256;10904;St.Gallen Stadt Heiligkreuz;26.03.2020;Donnerstag;2;2;0;7;3;15;41;230;202;112;124;117;123;142;152;137;128;168;151;146;69;33;35;23;7
257;10904;St.Gallen Stadt Heiligkreuz;26.03.2020;Donnerstag;4;29;12;8;5;30;102;360;372;319;338;372;438;416;390;434;476;648;648;459;271;162;94;90;56
258;10904;St.Gallen Stadt Heiligkreuz;27.03.2020;Freitag;1;12;11;11;11;39;106;346;384;261;240;293;289;252;314;314;300;356;350;240;137;118;66;64;41
259;10904;St.Gallen Stadt Heiligkreuz;27.03.2020;Freitag;2;6;2;8;3;15;46;236;221;138;127;132;140;142;168;178;171;186;183;128;69;40;31;23;11
260;10904;St.Gallen Stadt Heiligkreuz;27.03.2020;Freitag;4;37;13;12;9;25;108;338;380;330;368;443;471;471;498;528;613;674;628;415;258;196;138;89;67
261;10904;St.Gallen Stadt Heiligkreuz;28.03.2020;Samstag;1;32;12;13;14;18;37;79;108;150;208;242;268;249;278;305;291;307;234;169;123;102;70;63;61
262;10904;St.Gallen Stadt Heiligkreuz;28.03.2020;Samstag;2;14;4;3;5;5;14;41;73;75;131;153;162;118;140;180;171;163;114;91;54;38;28;22;2
263;10904;St.Gallen Stadt Heiligkreuz;28.03.2020;Samstag;4;44;24;14;10;20;33;99;156;214;339;380;469;416;438;477;477;415;361;272;197;140;115;101;64
264;10904;St.Gallen Stadt Heiligkreuz;29.03.2020;Sonntag;1;24;0;19;19;10;15;39;26;36;70;87;139;145;153;198;178;200;141;130;100;94;59;39;36
265;10904;St.Gallen Stadt Heiligkreuz;29.03.2020;Sonntag;2;6;0;6;4;3;4;21;12;8;37;48;63;55;50;83;75;69;46;60;54;40;19;7;4
266;10904;St.Gallen Stadt Heiligkreuz;29.03.2020;Sonntag;4;41;0;29;17;14;21;45;48;42;80;150;209;197;197;283;230;246;237;205;164;148;90;72;41
267;10904;St.Gallen Stadt Heiligkreuz;30.03.2020;Montag;1;21;8;6;18;57;115;370;349;237;191;203;211;206;267;269;254;310;342;176;136;105;81;48;23
268;10904;St.Gallen Stadt Heiligkreuz;30.03.2020;Montag;2;2;6;1;9;23;54;210;210;113;114;106;96;137;156;139;127;131;157;99;59;30;19;14;13
269;10904;St.Gallen Stadt Heiligkreuz;30.03.2020;Montag;4;18;11;5;5;38;98;345;352;299;266;342;407;409;393;383;423;572;665;367;250;149;104;98;40
270;10904;St.Gallen Stadt Heiligkreuz;31.03.2020;Dienstag;1;13;13;6;18;41;109;389;395;213;222;263;218;228;286;273;268;328;355;233;130;102;63;57;36
271;10904;St.Gallen Stadt Heiligkreuz;31.03.2020;Dienstag;2;2;1;3;8;12;52;242;213;135;105;104;113;149;170;191;159;193;181;115;84;38;22;18;7
272;10904;St.Gallen Stadt Heiligkreuz;31.03.2020;Dienstag;4;23;12;10;7;22;106;371;365;289;295;375;428;396;449;447;463;651;732;435;246;160;130;88;64
273;10904;St.Gallen Stadt Heiligkreuz;01.04.2020;Mittwoch;1;26;6;8;12;37;115;388;368;226;233;235;240;228;344;259;296;372;359;223;147;98;73;45;25
274;10904;St.Gallen Stadt Heiligkreuz;01.04.2020;Mittwoch;2;6;0;4;7;12;50;228;221;117;120;163;132;136;168;145;166;189;187;105;74;40;32;19;12
275;10904;St.Gallen Stadt Heiligkreuz;01.04.2020;Mittwoch;4;33;10;6;12;28;125;340;382;296;293;346;470;455;453;494;504;659;711;404;258;152;108;84;44
276;10904;St.Gallen Stadt Heiligkreuz;02.04.2020;Donnerstag;1;18;6;9;11;47;119;372;384;233;228;248;255;232;305;273;281;347;390;225;154;126;81;58;42
277;10904;St.Gallen Stadt Heiligkreuz;02.04.2020;Donnerstag;2;5;4;5;6;17;48;220;227;146;118;132;133;149;166;149;157;196;187;120;82;56;25;18;9
278;10904;St.Gallen Stadt Heiligkreuz;02.04.2020;Donnerstag;4;30;13;8;6;31;118;348;397;289;343;389;445;414;484;483;520;616;732;467;275;186;125;88;81
279;10904;St.Gallen Stadt Heiligkreuz;03.04.2020;Freitag;1;20;10;10;14;38;112;380;385;238;237;292;309;267;334;296;326;392;374;279;168;125;93;54;46
280;10904;St.Gallen Stadt Heiligkreuz;03.04.2020;Freitag;2;8;2;4;9;10;53;220;208;139;142;150;130;153;189;174;184;230;189;127;94;48;44;24;8
281;10904;St.Gallen Stadt Heiligkreuz;03.04.2020;Freitag;4;34;10;12;15;31;105;351;351;302;358;419;547;495;535;592;586;735;674;449;285;218;142;104;73
282;10904;St.Gallen Stadt Heiligkreuz;04.04.2020;Samstag;1;27;25;8;12;16;43;90;104;145;199;220;319;273;298;290;310;266;247;193;146;108;87;72;40
283;10904;St.Gallen Stadt Heiligkreuz;04.04.2020;Samstag;2;5;5;8;2;8;19;47;42;83;117;178;187;152;173;150;146;167;104;80;71;44;41;21;19
284;10904;St.Gallen Stadt Heiligkreuz;04.04.2020;Samstag;4;43;33;18;16;19;38;107;140;207;308;426;520;510;454;474;479;407;343;239;198;164;114;85;73
285;10904;St.Gallen Stadt Heiligkreuz;05.04.2020;Sonntag;1;32;19;11;6;11;13;41;27;41;96;143;140;182;188;252;234;255;217;162;148;120;77;48;26
286;10904;St.Gallen Stadt Heiligkreuz;05.04.2020;Sonntag;2;13;7;1;3;1;8;23;9;26;41;58;84;86;95;118;124;112;121;78;65;50;28;16;7
287;10904;St.Gallen Stadt Heiligkreuz;05.04.2020;Sonntag;4;55;28;12;7;7;15;42;46;66;123;191;259;309;334;329;353;334;313;285;211;169;112;71;44
288;10904;St.Gallen Stadt Heiligkreuz;06.04.2020;Montag;1;13;9;4;12;46;113;365;415;249;240;250;238;266;308;288;328;335;358;248;166;108;68;47;31
289;10904;St.Gallen Stadt Heiligkreuz;06.04.2020;Montag;2;3;6;2;4;18;53;240;219;124;132;115;155;141;173;184;149;173;193;152;92;42;21;10;12
290;10904;St.Gallen Stadt Heiligkreuz;06.04.2020;Montag;4;24;10;3;11;22;117;360;390;302;346;405;446;455;434;503;548;677;786;473;290;183;120;81;44
291;10904;St.Gallen Stadt Heiligkreuz;07.04.2020;Dienstag;1;14;5;10;16;49;106;385;404;250;243;276;263;261;332;278;324;401;404;284;140;127;79;46;41
292;10904;St.Gallen Stadt Heiligkreuz;07.04.2020;Dienstag;2;5;1;4;3;18;51;238;219;144;145;155;154;138;194;163;138;201;216;126;83;60;25;14;12
293;10904;St.Gallen Stadt Heiligkreuz;07.04.2020;Dienstag;4;25;13;11;15;26;108;360;402;323;352;469;513;473;467;520;532;733;793;468;285;171;138;84;65
294;10904;St.Gallen Stadt Heiligkreuz;08.04.2020;Mittwoch;1;20;11;12;12;48;117;377;384;253;291;263;284;277;356;336;331;374;388;263;182;140;84;78;28
295;10904;St.Gallen Stadt Heiligkreuz;08.04.2020;Mittwoch;2;8;3;2;3;24;50;238;232;141;146;150;154;188;177;205;184;200;223;120;116;69;46;16;10
296;10904;St.Gallen Stadt Heiligkreuz;08.04.2020;Mittwoch;4;32;12;12;13;22;132;367;390;327;389;479;537;485;514;550;608;742;729;508;317;208;165;91;68
297;10904;St.Gallen Stadt Heiligkreuz;09.04.2020;Donnerstag;1;18;7;9;17;44;122;357;380;254;320;286;345;317;363;364;381;386;384;276;204;161;91;61;47
298;10904;St.Gallen Stadt Heiligkreuz;09.04.2020;Donnerstag;2;8;3;5;8;18;44;220;224;167;162;162;169;202;191;207;205;229;167;141;85;74;47;30;8
299;10904;St.Gallen Stadt Heiligkreuz;09.04.2020;Donnerstag;4;32;21;8;13;29;112;321;397;331;458;514;591;539;583;629;665;788;665;460;288;238;167;109;79
300;10904;St.Gallen Stadt Heiligkreuz;10.04.2020;Freitag;1;23;13;11;7;4;18;48;43;57;120;159;172;171;211;202;207;262;211;174;144;145;115;74;31
301;10904;St.Gallen Stadt Heiligkreuz;10.04.2020;Freitag;2;14;3;5;7;2;9;30;20;33;55;61;84;89;102;135;128;108;108;91;79;67;35;27;13
302;10904;St.Gallen Stadt Heiligkreuz;10.04.2020;Freitag;4;37;24;16;10;8;18;54;62;85;165;237;304;284;321;383;377;362;314;258;223;180;146;101;76
303;10904;St.Gallen Stadt Heiligkreuz;11.04.2020;Samstag;1;21;17;11;8;28;35;81;99;196;263;331;351;300;302;324;291;321;233;200;169;148;116;76;59
304;10904;St.Gallen Stadt Heiligkreuz;11.04.2020;Samstag;2;9;4;2;4;4;13;46;73;124;183;223;193;196;169;199;143;167;134;92;78;71;44;41;15
305;10904;St.Gallen Stadt Heiligkreuz;11.04.2020;Samstag;4;41;29;12;16;17;25;84;166;309;457;553;586;558;522;496;512;485;393;276;268;212;154;107;85
306;10904;St.Gallen Stadt Heiligkreuz;12.04.2020;Sonntag;1;39;16;13;9;8;10;42;31;51;117;136;185;173;184;209;233;261;221;168;174;133;85;77;40
307;10904;St.Gallen Stadt Heiligkreuz;12.04.2020;Sonntag;2;11;10;3;0;4;7;26;18;30;54;67;85;88;101;114;123;116;124;99;70;47;35;19;12
308;10904;St.Gallen Stadt Heiligkreuz;12.04.2020;Sonntag;4;62;28;21;8;11;16;45;65;80;156;280;285;286;299;299;354;319;307;265;180;183;152;83;66
309;10904;St.Gallen Stadt Heiligkreuz;13.04.2020;Montag;1;16;16;9;8;10;21;50;39;51;98;132;161;181;204;220;223;268;240;177;174;149;75;49;32
310;10904;St.Gallen Stadt Heiligkreuz;13.04.2020;Montag;2;7;4;5;2;1;4;25;13;32;60;81;87;82;104;126;142;137;112;91;77;41;30;12;3
311;10904;St.Gallen Stadt Heiligkreuz;13.04.2020;Montag;4;48;22;15;5;5;19;45;63;74;153;223;286;253;329;380;382;397;281;270;223;186;123;78;46
312;10904;St.Gallen Stadt Heiligkreuz;14.04.2020;Dienstag;1;12;14;5;10;38;135;388;426;276;273;258;271;268;317;321;323;361;391;273;137;104;69;49;27
313;10904;St.Gallen Stadt Heiligkreuz;14.04.2020;Dienstag;2;5;2;1;6;20;52;247;225;144;159;144;144;158;156;157;165;219;190;143;65;42;33;23;6
314;10904;St.Gallen Stadt Heiligkreuz;14.04.2020;Dienstag;4;26;5;7;8;26;118;358;410;297;371;449;535;422;431;547;509;717;794;445;296;158;103;93;42
315;10904;St.Gallen Stadt Heiligkreuz;15.04.2020;Mittwoch;1;21;8;7;13;34;111;378;401;243;254;251;259;270;326;294;346;372;393;279;184;129;82;54;34
316;10904;St.Gallen Stadt Heiligkreuz;15.04.2020;Mittwoch;2;6;1;4;8;11;53;238;229;141;143;145;144;156;176;177;159;183;213;130;83;57;38;15;12
317;10904;St.Gallen Stadt Heiligkreuz;15.04.2020;Mittwoch;4;30;17;12;10;24;118;339;400;319;375;449;516;462;501;525;539;696;780;441;306;207;130;89;58
318;10904;St.Gallen Stadt Heiligkreuz;16.04.2020;Donnerstag;1;16;9;11;15;36;119;375;412;287;264;266;277;263;327;306;333;364;376;288;186;132;58;64;50
319;10904;St.Gallen Stadt Heiligkreuz;16.04.2020;Donnerstag;2;3;1;6;6;14;49;229;222;149;125;139;160;184;183;191;173;186;215;139;99;61;29;34;10
320;10904;St.Gallen Stadt Heiligkreuz;16.04.2020;Donnerstag;4;20;18;13;9;27;99;350;413;325;364;450;514;447;528;512;532;712;803;481;296;196;141;106;65
321;10904;St.Gallen Stadt Heiligkreuz;17.04.2020;Freitag;1;18;15;4;17;42;122;334;396;244;305;287;325;289;318;337;344;428;384;288;183;173;98;94;58
322;10904;St.Gallen Stadt Heiligkreuz;17.04.2020;Freitag;2;5;5;3;6;14;47;214;201;127;161;160;188;160;164;193;206;226;178;154;97;69;44;30;15
323;10904;St.Gallen Stadt Heiligkreuz;17.04.2020;Freitag;4;28;25;7;14;32;99;321;356;342;379;508;565;518;532;630;646;721;735;472;291;253;186;122;99
324;10904;St.Gallen Stadt Heiligkreuz;18.04.2020;Samstag;1;43;24;15;12;20;47;104;116;164;237;324;319;288;324;334;328;344;252;217;159;157;113;86;49
325;10904;St.Gallen Stadt Heiligkreuz;18.04.2020;Samstag;2;16;9;8;4;5;24;45;48;92;120;177;191;154;167;194;181;164;118;110;77;67;40;29;14
326;10904;St.Gallen Stadt Heiligkreuz;18.04.2020;Samstag;4;57;43;17;13;12;40;104;156;254;365;506;575;511;507;560;501;483;387;317;229;193;158;132;92
327;10904;St.Gallen Stadt Heiligkreuz;19.04.2020;Sonntag;1;34;27;8;8;10;16;41;22;64;118;141;193;202;213;281;280;239;260;211;186;131;97;52;33
328;10904;St.Gallen Stadt Heiligkreuz;19.04.2020;Sonntag;2;18;6;6;7;2;7;18;14;30;63;78;102;102;112;143;140;140;123;96;80;59;29;24;6
329;10904;St.Gallen Stadt Heiligkreuz;19.04.2020;Sonntag;4;58;37;16;12;11;15;49;58;89;192;249;293;327;355;375;358;396;372;300;229;206;164;90;50
330;10904;St.Gallen Stadt Heiligkreuz;20.04.2020;Montag;1;26;2;10;12;50;112;414;393;263;237;233;251;244;327;314;296;363;406;268;141;112;98;56;21
331;10904;St.Gallen Stadt Heiligkreuz;20.04.2020;Montag;2;6;3;5;5;17;45;252;244;120;114;130;138;151;149;155;178;199;196;120;75;47;32;20;6
332;10904;St.Gallen Stadt Heiligkreuz;20.04.2020;Montag;4;32;13;6;8;29;112;384;386;328;341;387;452;413;465;488;525;711;747;478;281;204;146;107;57
333;10904;St.Gallen Stadt Heiligkreuz;21.04.2020;Dienstag;1;28;8;4;13;46;113;374;424;278;249;260;250;265;330;272;332;374;410;274;160;115;81;58;29
334;10904;St.Gallen Stadt Heiligkreuz;21.04.2020;Dienstag;2;4;7;1;7;15;58;252;227;135;115;150;161;140;184;171;191;187;205;150;83;58;41;25;8
335;10904;St.Gallen Stadt Heiligkreuz;21.04.2020;Dienstag;4;26;11;13;11;28;105;364;418;341;327;379;487;450;473;445;544;757;826;470;289;182;139;121;60
336;10904;St.Gallen Stadt Heiligkreuz;22.04.2020;Mittwoch;1;24;8;4;9;52;130;389;404;263;266;285;290;258;356;297;333;403;400;301;203;148;92;62;22
337;10904;St.Gallen Stadt Heiligkreuz;22.04.2020;Mittwoch;2;4;3;7;4;13;62;257;236;140;152;140;149;155;198;174;156;218;211;160;72;56;40;36;9
338;10904;St.Gallen Stadt Heiligkreuz;22.04.2020;Mittwoch;4;35;20;8;12;29;119;376;463;326;381;442;522;488;516;485;549;757;832;514;320;213;180;119;64
339;10904;St.Gallen Stadt Heiligkreuz;23.04.2020;Donnerstag;1;17;7;4;14;51;123;384;401;272;260;260;278;282;357;264;318;353;420;307;200;141;120;73;50
340;10904;St.Gallen Stadt Heiligkreuz;23.04.2020;Donnerstag;2;10;4;4;6;14;51;262;252;149;138;164;159;165;186;166;180;198;216;158;110;73;56;31;12
341;10904;St.Gallen Stadt Heiligkreuz;23.04.2020;Donnerstag;4;37;17;5;12;27;110;346;415;334;404;415;504;466;489;525;552;679;806;575;310;256;196;110;68
342;10904;St.Gallen Stadt Heiligkreuz;24.04.2020;Freitag;1;26;9;6;21;49;110;365;414;273;287;301;333;335;361;334;419;378;417;319;214;180;140;94;75
343;10904;St.Gallen Stadt Heiligkreuz;24.04.2020;Freitag;2;4;2;5;7;11;46;230;232;165;170;181;186;149;180;195;181;227;197;150;119;76;52;36;24
344;10904;St.Gallen Stadt Heiligkreuz;24.04.2020;Freitag;4;31;20;9;14;27;102;342;409;353;427;506;569;499;552;604;659;756;742;498;385;251;191;150;93
345;10904;St.Gallen Stadt Heiligkreuz;25.04.2020;Samstag;1;41;26;16;13;18;42;85;97;174;261;293;332;318;314;367;311;322;300;200;183;125;124;69;51
346;10904;St.Gallen Stadt Heiligkreuz;25.04.2020;Samstag;2;6;11;6;5;3;15;47;45;81;139;150;179;188;144;207;184;171;133;88;63;61;45;33;15
347;10904;St.Gallen Stadt Heiligkreuz;25.04.2020;Samstag;4;62;36;20;11;18;38;96;145;239;344;491;521;526;496;578;557;475;438;285;239;184;167;115;106
348;10904;St.Gallen Stadt Heiligkreuz;26.04.2020;Sonntag;1;34;24;22;6;9;19;48;29;62;110;135;150;165;198;238;252;263;264;221;195;151;98;67;31
349;10904;St.Gallen Stadt Heiligkreuz;26.04.2020;Sonntag;2;21;9;10;5;2;6;20;13;22;51;63;79;62;103;119;123;122;117;106;90;65;37;15;5
350;10904;St.Gallen Stadt Heiligkreuz;26.04.2020;Sonntag;4;68;44;34;13;10;16;46;52;69;126;216;257;256;315;358;392;379;340;295;281;209;156;89;59
351;10904;St.Gallen Stadt Heiligkreuz;27.04.2020;Montag;1;16;6;6;16;49;124;438;481;279;285;279;257;269;391;360;359;416;427;315;196;164;80;58;27
352;10904;St.Gallen Stadt Heiligkreuz;27.04.2020;Montag;2;7;2;3;6;16;47;255;256;203;143;192;160;164;209;201;186;239;218;145;93;70;50;18;7
353;10904;St.Gallen Stadt Heiligkreuz;27.04.2020;Montag;4;31;8;6;13;22;131;380;490;364;388;484;518;543;523;555;621;774;861;529;322;249;205;141;92
354;10904;St.Gallen Stadt Heiligkreuz;28.04.2020;Dienstag;1;23;12;6;15;47;131;419;462;300;314;301;270;300;369;315;350;348;429;316;174;128;91;59;25
355;10904;St.Gallen Stadt Heiligkreuz;28.04.2020;Dienstag;2;5;6;0;6;14;53;273;234;150;174;171;152;172;203;173;177;206;223;165;101;46;31;26;15
356;10904;St.Gallen Stadt Heiligkreuz;28.04.2020;Dienstag;4;34;20;8;12;53;117;373;434;365;392;484;517;499;499;544;604;769;923;617;353;234;168;115;87
357;10904;St.Gallen Stadt Heiligkreuz;29.04.2020;Mittwoch;1;16;10;13;11;47;140;412;477;323;288;269;292;262;378;317;351;397;435;307;191;134;93;61;30
358;10904;St.Gallen Stadt Heiligkreuz;29.04.2020;Mittwoch;2;8;4;5;10;14;44;258;252;153;150;131;124;165;201;172;154;186;228;156;95;51;37;24;19
359;10904;St.Gallen Stadt Heiligkreuz;29.04.2020;Mittwoch;4;41;15;14;17;37;124;385;472;367;376;451;519;475;461;523;639;731;913;570;341;205;157;119;63
360;10904;St.Gallen Stadt Heiligkreuz;30.04.2020;Donnerstag;1;26;6;8;9;45;146;411;428;309;310;323;282;315;369;385;333;382;381;299;169;135;101;65;42
361;10904;St.Gallen Stadt Heiligkreuz;30.04.2020;Donnerstag;2;9;5;3;7;13;50;241;273;179;146;157;158;174;186;185;191;207;194;161;101;45;37;26;13
362;10904;St.Gallen Stadt Heiligkreuz;30.04.2020;Donnerstag;4;46;13;11;10;28;114;366;467;399;446;489;550;533;498;584;597;773;803;546;320;242;158;110;86
363;10904;St.Gallen Stadt Heiligkreuz;01.05.2020;Freitag;1;21;12;5;16;33;96;366;382;279;335;365;351;354;420;423;437;439;382;293;178;112;113;72;61
364;10904;St.Gallen Stadt Heiligkreuz;01.05.2020;Freitag;2;10;5;5;6;10;42;246;232;148;176;192;198;198;196;239;206;219;192;159;89;55;36;23;17
365;10904;St.Gallen Stadt Heiligkreuz;01.05.2020;Freitag;4;37;16;13;13;24;87;314;369;328;456;560;656;648;626;701;746;743;787;547;330;210;143;143;94
366;10904;St.Gallen Stadt Heiligkreuz;02.05.2020;Samstag;1;44;25;17;14;20;34;102;132;174;247;304;316;332;341;328;346;328;267;164;149;109;126;91;56
367;10904;St.Gallen Stadt Heiligkreuz;02.05.2020;Samstag;2;14;7;5;3;7;16;40;60;92;123;166;208;162;161;178;207;179;128;78;67;44;36;35;26
368;10904;St.Gallen Stadt Heiligkreuz;02.05.2020;Samstag;4;69;37;29;9;24;33;93;156;229;386;488;550;494;530;547;516;499;413;269;231;176;173;146;96
369;10904;St.Gallen Stadt Heiligkreuz;03.05.2020;Sonntag;1;58;39;16;17;12;9;47;33;55;104;169;205;215;268;268;274;282;271;200;176;158;97;78;36
370;10904;St.Gallen Stadt Heiligkreuz;03.05.2020;Sonntag;2;20;15;6;7;5;8;17;19;31;49;74;102;95;124;157;132;130;132;110;87;58;33;18;12
371;10904;St.Gallen Stadt Heiligkreuz;03.05.2020;Sonntag;4;70;52;21;19;16;13;56;53;72;163;278;301;334;397;404;449;414;367;310;270;218;173;114;63
372;10904;St.Gallen Stadt Heiligkreuz;04.05.2020;Montag;1;23;12;8;12;50;139;447;437;300;278;283;291;267;381;310;358;382;436;296;188;122;84;77;27
373;10904;St.Gallen Stadt Heiligkreuz;04.05.2020;Montag;2;7;3;3;3;15;45;274;263;161;127;142;155;143;184;182;186;188;203;179;97;59;34;20;13
374;10904;St.Gallen Stadt Heiligkreuz;04.05.2020;Montag;4;42;17;5;7;34;123;401;464;369;369;495;508;498;480;597;606;776;843;540;324;262;174;123;82
375;10904;St.Gallen Stadt Heiligkreuz;05.05.2020;Dienstag;1;30;9;7;13;52;132;421;461;322;277;303;275;295;373;346;375;398;420;274;170;99;82;70;44
376;10904;St.Gallen Stadt Heiligkreuz;05.05.2020;Dienstag;2;12;2;2;7;15;53;268;240;132;133;146;131;173;184;155;157;194;198;131;84;60;25;23;16
377;10904;St.Gallen Stadt Heiligkreuz;05.05.2020;Dienstag;4;49;18;11;12;32;119;396;462;398;389;450;503;473;484;556;604;764;865;523;310;215;150;125;85
378;10904;St.Gallen Stadt Heiligkreuz;06.05.2020;Mittwoch;1;24;10;8;9;42;127;438;485;304;291;294;292;306;371;359;321;377;396;324;181;150;84;68;39
379;10904;St.Gallen Stadt Heiligkreuz;06.05.2020;Mittwoch;2;3;4;4;6;14;51;267;264;133;164;157;139;206;180;173;188;225;190;208;94;65;42;35;16
380;10904;St.Gallen Stadt Heiligkreuz;06.05.2020;Mittwoch;4;29;15;9;11;39;134;375;503;352;398;502;534;522;524;539;644;800;871;565;330;262;189;136;90
381;10904;St.Gallen Stadt Heiligkreuz;07.05.2020;Donnerstag;1;15;11;5;18;45;131;459;540;391;346;292;297;316;398;342;365;377;459;340;194;149;121;87;41
382;10904;St.Gallen Stadt Heiligkreuz;07.05.2020;Donnerstag;2;4;4;2;6;19;52;256;252;191;168;156;159;159;198;211;193;190;234;201;82;83;51;25;15
383;10904;St.Gallen Stadt Heiligkreuz;07.05.2020;Donnerstag;4;37;11;10;11;32;124;403;435;385;433;489;582;545;557;587;647;787;870;611;364;303;239;141;86
384;10904;St.Gallen Stadt Heiligkreuz;08.05.2020;Freitag;1;22;16;12;20;37;122;425;456;351;345;344;339;335;388;365;409;456;416;346;225;156;123;100;68
385;10904;St.Gallen Stadt Heiligkreuz;08.05.2020;Freitag;2;6;3;7;7;11;52;253;236;169;170;159;177;161;196;208;202;226;228;194;91;81;47;40;24
386;10904;St.Gallen Stadt Heiligkreuz;08.05.2020;Freitag;4;37;18;15;10;34;122;397;435;407;446;549;616;555;613;637;699;845;825;549;412;271;183;140;121
387;10904;St.Gallen Stadt Heiligkreuz;09.05.2020;Samstag;1;45;24;28;15;24;47;91;146;229;273;327;340;350;384;400;395;340;301;240;197;144;146;119;80
388;10904;St.Gallen Stadt Heiligkreuz;09.05.2020;Samstag;2;18;11;6;7;4;21;53;63;102;164;221;210;200;190;251;216;191;140;108;81;59;57;52;27
389;10904;St.Gallen Stadt Heiligkreuz;09.05.2020;Samstag;4;75;55;28;27;23;43;102;179;291;443;545;607;647;603;546;600;556;434;346;256;219;205;169;122
390;10904;St.Gallen Stadt Heiligkreuz;10.05.2020;Sonntag;1;56;33;20;14;13;9;46;46;71;113;175;213;230;255;277;277;316;300;268;257;190;130;75;38
391;10904;St.Gallen Stadt Heiligkreuz;10.05.2020;Sonntag;2;14;14;6;9;5;3;25;19;27;64;74;103;122;136;126;140;130;141;103;107;104;53;27;13
392;10904;St.Gallen Stadt Heiligkreuz;10.05.2020;Sonntag;4;85;49;24;17;11;18;52;59;69;168;237;319;413;423;436;474;451;405;392;345;281;201;128;84
393;10904;St.Gallen Stadt Heiligkreuz;11.05.2020;Montag;1;25;14;9;14;56;148;461;517;332;349;329;300;304;418;334;337;405;441;302;162;98;85;59;29
394;10904;St.Gallen Stadt Heiligkreuz;11.05.2020;Montag;2;9;1;2;6;20;46;268;267;179;150;174;162;150;231;176;139;198;201;139;82;55;41;27;11
395;10904;St.Gallen Stadt Heiligkreuz;11.05.2020;Montag;4;38;14;8;13;34;116;412;479;424;434;484;610;514;549;527;604;778;887;583;329;227;169;154;75
396;10904;St.Gallen Stadt Heiligkreuz;12.05.2020;Dienstag;1;25;13;13;18;58;144;449;510;368;349;337;311;329;400;366;391;421;449;316;182;125;89;77;46
397;10904;St.Gallen Stadt Heiligkreuz;12.05.2020;Dienstag;2;7;2;1;9;18;46;267;249;146;147;156;150;167;174;169;192;219;191;155;76;63;59;26;15
398;10904;St.Gallen Stadt Heiligkreuz;12.05.2020;Dienstag;4;32;19;14;10;37;112;421;481;369;400;481;628;497;495;610;614;795;951;616;370;264;181;143;84
399;10904;St.Gallen Stadt Heiligkreuz;13.05.2020;Mittwoch;1;24;9;11;19;45;154;439;539;360;345;307;288;329;390;408;358;409;446;280;172;119;111;82;33
400;10904;St.Gallen Stadt Heiligkreuz;13.05.2020;Mittwoch;2;1;2;1;7;14;48;277;261;171;136;168;156;180;202;196;164;195;211;136;85;52;39;27;7
401;10904;St.Gallen Stadt Heiligkreuz;13.05.2020;Mittwoch;4;49;19;9;11;24;123;403;471;384;451;475;590;547;560;558;666;789;865;622;365;222;177;175;95
402;10904;St.Gallen Stadt Heiligkreuz;14.05.2020;Donnerstag;1;29;7;15;13;58;140;431;504;349;348;357;322;288;395;407;357;415;441;334;205;123;97;80;46
403;10904;St.Gallen Stadt Heiligkreuz;14.05.2020;Donnerstag;2;5;4;3;12;13;40;262;262;194;137;162;159;172;219;192;194;190;197;148;109;63;52;32;19
404;10904;St.Gallen Stadt Heiligkreuz;14.05.2020;Donnerstag;4;42;14;5;10;25;119;392;444;389;440;490;547;515;531;596;666;783;864;615;422;277;249;150;89
405;10904;St.Gallen Stadt Heiligkreuz;15.05.2020;Freitag;1;27;17;15;23;47;152;386;500;371;328;367;343;341;378;392;432;438;429;350;211;173;127;100;85
406;10904;St.Gallen Stadt Heiligkreuz;15.05.2020;Freitag;2;10;1;7;6;16;49;251;238;166;158;192;169;188;201;204;182;212;194;173;97;61;42;44;24
407;10904;St.Gallen Stadt Heiligkreuz;15.05.2020;Freitag;4;54;26;18;12;35;122;402;487;383;442;524;661;524;565;637;726;812;847;592;425;274;227;168;134
408;10904;St.Gallen Stadt Heiligkreuz;16.05.2020;Samstag;1;66;35;25;12;25;57;99;166;264;312;405;437;380;406;422;394;371;295;236;175;203;139;121;101
409;10904;St.Gallen Stadt Heiligkreuz;16.05.2020;Samstag;2;22;15;7;6;8;21;49;56;113;140;186;193;193;184;194;174;167;145;108;73;60;48;42;40
410;10904;St.Gallen Stadt Heiligkreuz;16.05.2020;Samstag;4;123;44;42;19;27;31;96;158;275;427;548;626;581;615;657;623;612;568;374;301;222;191;171;140
411;10904;St.Gallen Stadt Heiligkreuz;17.05.2020;Sonntag;1;70;45;23;16;11;19;54;47;99;160;172;222;235;248;327;261;325;318;258;206;206;122;78;50
412;10904;St.Gallen Stadt Heiligkreuz;17.05.2020;Sonntag;2;31;23;8;8;7;9;19;18;57;64;92;87;101;120;167;148;153;135;102;87;81;62;22;15
413;10904;St.Gallen Stadt Heiligkreuz;17.05.2020;Sonntag;4;163;79;49;27;18;19;54;64;95;196;237;353;355;409;446;473;449;406;364;266;271;218;150;93
414;10904;St.Gallen Stadt Heiligkreuz;18.05.2020;Montag;1;31;8;11;16;50;141;429;508;352;324;282;325;321;409;383;364;407;433;286;201;144;115;78;34
415;10904;St.Gallen Stadt Heiligkreuz;18.05.2020;Montag;2;9;3;6;3;26;45;248;260;178;159;169;174;149;225;203;188;201;223;199;95;78;66;29;13
416;10904;St.Gallen Stadt Heiligkreuz;18.05.2020;Montag;4;48;25;11;11;32;127;378;459;443;411;549;609;482;548;572;624;761;931;611;408;289;193;161;93
417;10904;St.Gallen Stadt Heiligkreuz;19.05.2020;Dienstag;1;24;7;10;16;48;145;413;550;394;384;326;325;343;400;346;366;441;450;354;205;158;113;103;47
418;10904;St.Gallen Stadt Heiligkreuz;19.05.2020;Dienstag;2;6;3;1;6;15;60;265;280;194;192;169;185;168;218;177;198;204;214;194;122;58;49;28;18
419;10904;St.Gallen Stadt Heiligkreuz;19.05.2020;Dienstag;4;42;23;14;6;32;125;414;463;434;449;572;623;546;562;590;736;842;985;624;432;294;210;197;94
420;10904;St.Gallen Stadt Heiligkreuz;20.05.2020;Mittwoch;1;22;11;13;14;48;151;401;519;389;383;339;385;348;471;422;402;449;453;324;238;182;167;113;83
421;10904;St.Gallen Stadt Heiligkreuz;20.05.2020;Mittwoch;2;11;1;8;7;20;54;250;268;191;183;210;189;172;235;217;194;236;213;153;112;89;67;26;37
422;10904;St.Gallen Stadt Heiligkreuz;20.05.2020;Mittwoch;4;53;23;13;16;33;137;391;484;439;484;589;622;609;625;657;787;879;841;639;434;319;204;187;136
423;10904;St.Gallen Stadt Heiligkreuz;21.05.2020;Donnerstag;1;49;41;11;11;12;22;60;81;149;185;227;255;230;241;286;264;320;284;262;220;214;164;115;77
424;10904;St.Gallen Stadt Heiligkreuz;21.05.2020;Donnerstag;2;20;10;9;5;7;14;23;37;56;87;101;114;116;111;141;122;144;126;135;103;99;71;36;24
425;10904;St.Gallen Stadt Heiligkreuz;21.05.2020;Donnerstag;4;122;52;22;22;15;23;64;87;145;223;285;416;358;415;441;397;443;432;361;326;289;213;190;126
426;10904;St.Gallen Stadt Heiligkreuz;22.05.2020;Freitag;1;34;22;23;18;35;90;201;294;360;447;415;401;368;424;441;383;391;380;297;219;151;147;122;95
427;10904;St.Gallen Stadt Heiligkreuz;22.05.2020;Freitag;2;22;10;6;7;8;27;102;114;164;199;230;203;169;167;215;184;210;181;139;91;71;59;52;21
428;10904;St.Gallen Stadt Heiligkreuz;22.05.2020;Freitag;4;85;27;26;21;15;59;177;286;378;526;606;666;626;635;661;736;717;678;522;403;279;213;170;149
429;10904;St.Gallen Stadt Heiligkreuz;23.05.2020;Samstag;1;66;47;29;16;22;51;83;157;235;337;398;366;337;432;338;348;275;203;199;165;149;108;86;64
430;10904;St.Gallen Stadt Heiligkreuz;23.05.2020;Samstag;2;24;13;14;8;3;17;40;60;111;158;199;190;167;186;176;144;103;107;82;56;52;44;38;34
431;10904;St.Gallen Stadt Heiligkreuz;23.05.2020;Samstag;4;116;67;42;23;20;39;83;153;273;429;547;564;541;583;546;529;510;448;314;239;175;177;166;130
432;10904;St.Gallen Stadt Heiligkreuz;24.05.2020;Sonntag;1;61;40;28;18;9;19;51;48;73;130;181;231;212;272;297;303;330;267;240;227;214;122;96;38
433;10904;St.Gallen Stadt Heiligkreuz;24.05.2020;Sonntag;2;23;18;11;4;1;6;18;20;26;77;95;105;109;114;127;125;134;113;114;91;86;62;34;11
434;10904;St.Gallen Stadt Heiligkreuz;24.05.2020;Sonntag;4;140;54;28;18;2;21;47;68;94;172;232;363;355;392;449;393;434;426;385;295;285;213;172;109
435;10904;St.Gallen Stadt Heiligkreuz;25.05.2020;Montag;1;23;12;9;12;41;131;444;482;333;329;293;322;316;425;421;393;429;449;298;184;133;119;81;32
436;10904;St.Gallen Stadt Heiligkreuz;25.05.2020;Montag;2;10;1;3;6;15;62;258;247;182;158;167;139;154;180;178;168;211;201;153;98;59;55;32;15
437;10904;St.Gallen Stadt Heiligkreuz;25.05.2020;Montag;4;48;18;5;13;44;128;388;457;383;383;490;595;511;537;605;677;814;899;603;383;290;233;190;109
438;10904;St.Gallen Stadt Heiligkreuz;26.05.2020;Dienstag;1;22;11;17;13;48;137;456;511;374;413;362;357;342;418;366;374;427;435;348;227;165;147;79;52
439;10904;St.Gallen Stadt Heiligkreuz;26.05.2020;Dienstag;2;6;2;9;8;20;65;254;226;172;149;145;151;153;188;177;184;201;214;163;104;85;80;43;21
440;10904;St.Gallen Stadt Heiligkreuz;26.05.2020;Dienstag;4;38;14;18;18;45;148;394;455;394;437;550;574;516;502;609;657;799;895;656;493;371;298;236;131
441;10904;St.Gallen Stadt Heiligkreuz;27.05.2020;Mittwoch;1;25;8;10;17;41;142;429;502;372;372;376;378;337;436;372;387;449;421;358;224;190;140;91;63
442;10904;St.Gallen Stadt Heiligkreuz;27.05.2020;Mittwoch;2;11;7;3;5;25;65;257;246;191;178;151;167;182;202;185;173;185;209;154;102;99;79;54;20
443;10904;St.Gallen Stadt Heiligkreuz;27.05.2020;Mittwoch;4;65;24;16;17;43;144;385;453;411;496;520;610;556;563;621;673;771;931;670;516;386;345;269;144
444;10904;St.Gallen Stadt Heiligkreuz;28.05.2020;Donnerstag;1;21;14;14;15;41;146;428;510;363;387;382;352;336;409;394;413;416;456;342;267;151;122;86;55
445;10904;St.Gallen Stadt Heiligkreuz;28.05.2020;Donnerstag;2;16;4;6;7;21;56;265;250;184;164;160;153;172;197;195;207;218;211;188;115;88;67;48;23
446;10904;St.Gallen Stadt Heiligkreuz;28.05.2020;Donnerstag;4;70;26;15;17;41;139;380;421;428;461;505;624;514;617;615;694;785;933;708;485;420;296;258;151
447;10904;St.Gallen Stadt Heiligkreuz;29.05.2020;Freitag;1;27;24;11;16;41;137;392;490;398;405;373;339;383;430;408;430;429;449;315;263;210;187;111;85
448;10904;St.Gallen Stadt Heiligkreuz;29.05.2020;Freitag;2;11;10;7;7;20;51;253;220;165;189;181;199;156;206;218;212;222;229;178;117;86;49;34;39
449;10904;St.Gallen Stadt Heiligkreuz;29.05.2020;Freitag;4;72;30;16;20;39;117;367;455;413;487;567;674;587;600;712;750;826;860;601;447;303;240;202;173
450;10904;St.Gallen Stadt Heiligkreuz;30.05.2020;Samstag;1;76;33;17;15;29;43;113;177;316;350;442;447;372;407;403;349;336;298;237;200;212;158;132;103
451;10904;St.Gallen Stadt Heiligkreuz;30.05.2020;Samstag;2;28;16;10;4;6;19;51;71;109;193;205;201;181;220;172;221;181;146;101;88;84;56;48;30
452;10904;St.Gallen Stadt Heiligkreuz;30.05.2020;Samstag;4;150;63;26;23;32;31;119;180;299;492;604;638;658;586;628;619;654;543;350;305;271;202;208;179
453;10904;St.Gallen Stadt Heiligkreuz;31.05.2020;Sonntag;1;68;49;26;14;25;18;54;65;91;152;237;237;222;240;260;240;319;301;252;211;216;170;105;79
454;10904;St.Gallen Stadt Heiligkreuz;31.05.2020;Sonntag;2;32;19;10;6;3;7;28;20;35;86;97;103;97;104;137;151;157;120;112;76;74;64;44;34
455;10904;St.Gallen Stadt Heiligkreuz;31.05.2020;Sonntag;4;161;65;41;22;23;16;51;59;92;205;308;377;392;407;420;475;433;419;348;297;274;218;183;121
456;10904;St.Gallen Stadt Heiligkreuz;01.06.2020;Montag;1;64;36;22;11;15;26;63;60;102;177;219;225;244;267;263;264;305;309;270;226;212;152;79;54
457;10904;St.Gallen Stadt Heiligkreuz;01.06.2020;Montag;2;17;9;2;4;7;2;20;31;50;85;92;130;108;143;156;142;135;150;125;101;102;71;27;17
458;10904;St.Gallen Stadt Heiligkreuz;01.06.2020;Montag;4;116;65;23;13;15;20;68;77;118;205;322;411;402;476;447;436;452;444;373;319;318;223;131;79
459;10904;St.Gallen Stadt Heiligkreuz;02.06.2020;Dienstag;1;24;10;15;18;56;150;483;544;402;347;354;326;311;404;368;347;416;448;347;221;184;128;81;42
460;10904;St.Gallen Stadt Heiligkreuz;02.06.2020;Dienstag;2;8;3;3;3;22;69;262;263;190;160;164;153;193;178;162;176;193;214;189;108;87;62;40;14
461;10904;St.Gallen Stadt Heiligkreuz;02.06.2020;Dienstag;4;45;12;11;11;31;152;423;498;422;436;565;586;493;523;575;646;832;875;650;451;324;242;189;93
462;10904;St.Gallen Stadt Heiligkreuz;03.06.2020;Mittwoch;1;24;11;16;11;57;143;443;533;376;361;350;345;329;454;398;345;431;441;373;234;148;131;89;40
463;10904;St.Gallen Stadt Heiligkreuz;03.06.2020;Mittwoch;2;9;7;5;8;16;54;284;264;170;160;170;154;176;192;182;183;213;199;170;115;77;67;52;21
464;10904;St.Gallen Stadt Heiligkreuz;03.06.2020;Mittwoch;4;56;20;16;10;34;134;402;495;414;456;534;567;573;572;622;644;847;962;685;385;296;225;223;101
465;10904;St.Gallen Stadt Heiligkreuz;04.06.2020;Donnerstag;1;26;9;10;15;57;146;476;540;389;369;329;322;300;385;388;392;429;448;354;213;130;123;83;55
466;10904;St.Gallen Stadt Heiligkreuz;04.06.2020;Donnerstag;2;11;6;2;6;17;63;262;266;182;157;165;171;165;191;184;196;183;195;178;104;72;62;51;24
467;10904;St.Gallen Stadt Heiligkreuz;04.06.2020;Donnerstag;4;69;12;11;15;33;135;418;456;425;437;529;559;489;544;585;637;861;944;729;473;295;237;173;134
468;10904;St.Gallen Stadt Heiligkreuz;05.06.2020;Freitag;1;26;17;11;14;51;156;446;506;375;368;372;356;346;431;405;429;465;391;348;277;165;157;114;91
469;10904;St.Gallen Stadt Heiligkreuz;05.06.2020;Freitag;2;11;5;4;8;18;58;248;261;177;155;207;154;164;193;239;199;228;211;162;114;91;51;40;35
470;10904;St.Gallen Stadt Heiligkreuz;05.06.2020;Freitag;4;57;10;20;21;32;134;393;471;411;434;538;660;552;589;628;736;878;825;672;445;306;213;188;166
471;10904;St.Gallen Stadt Heiligkreuz;06.06.2020;Samstag;1;64;32;15;11;29;50;109;188;258;382;421;467;423;426;468;392;367;283;238;206;161;139;142;131
472;10904;St.Gallen Stadt Heiligkreuz;06.06.2020;Samstag;2;32;10;9;4;10;15;58;56;131;169;216;205;193;200;198;192;163;119;88;74;62;63;44;38
473;10904;St.Gallen Stadt Heiligkreuz;06.06.2020;Samstag;4;112;62;33;18;27;37;105;187;296;426;576;636;649;636;637;683;619;546;361;257;244;191;220;200
474;10904;St.Gallen Stadt Heiligkreuz;07.06.2020;Sonntag;1;88;62;38;29;22;21;46;44;77;119;193;216;196;209;252;261;249;237;213;178;155;102;85;40
475;10904;St.Gallen Stadt Heiligkreuz;07.06.2020;Sonntag;2;40;10;8;7;6;10;20;20;57;59;85;93;63;92;109;106;102;106;96;69;76;53;39;17
476;10904;St.Gallen Stadt Heiligkreuz;07.06.2020;Sonntag;4;195;74;51;33;30;27;50;62;90;154;244;288;324;311;303;347;375;390;341;289;221;176;182;129
477;10904;St.Gallen Stadt Heiligkreuz;08.06.2020;Montag;1;30;12;15;19;55;160;489;544;385;331;308;320;269;393;363;394;406;409;338;203;143;110;82;37
478;10904;St.Gallen Stadt Heiligkreuz;08.06.2020;Montag;2;5;6;7;9;17;60;262;271;181;151;148;142;161;192;189;158;192;229;166;95;70;60;34;10
479;10904;St.Gallen Stadt Heiligkreuz;08.06.2020;Montag;4;55;30;19;18;38;160;400;472;416;416;483;606;485;524;539;641;784;894;602;395;282;212;185;110
480;10904;St.Gallen Stadt Heiligkreuz;09.06.2020;Dienstag;1;17;10;13;13;59;158;481;534;363;330;343;311;301;395;382;371;371;451;326;214;162;123;89;43
481;10904;St.Gallen Stadt Heiligkreuz;09.06.2020;Dienstag;2;9;9;3;9;23;65;275;245;182;171;158;147;180;192;196;207;195;210;144;119;85;79;46;20
482;10904;St.Gallen Stadt Heiligkreuz;09.06.2020;Dienstag;4;46;18;22;26;44;144;424;471;387;382;495;616;500;534;539;667;786;902;717;456;287;260;207;137
483;10904;St.Gallen Stadt Heiligkreuz;10.06.2020;Mittwoch;1;19;16;12;19;56;149;485;542;414;333;337;313;351;439;393;372;397;411;350;219;142;126;98;38
484;10904;St.Gallen Stadt Heiligkreuz;10.06.2020;Mittwoch;2;7;5;7;6;22;49;285;254;153;166;154;164;184;219;168;202;193;228;160;117;80;58;37;25
485;10904;St.Gallen Stadt Heiligkreuz;10.06.2020;Mittwoch;4;52;28;17;24;45;138;412;500;416;391;532;577;539;546;628;672;859;872;646;436;288;253;183;96
486;10904;St.Gallen Stadt Heiligkreuz;11.06.2020;Donnerstag;1;31;12;12;13;50;148;435;522;414;354;340;339;324;411;383;402;439;503;389;287;172;155;106;60
487;10904;St.Gallen Stadt Heiligkreuz;11.06.2020;Donnerstag;2;9;5;6;8;22;55;259;277;178;148;165;158;170;161;196;196;217;134;201;128;83;82;42;22
488;10904;St.Gallen Stadt Heiligkreuz;11.06.2020;Donnerstag;4;52;13;13;17;35;142;397;500;396;424;538;585;496;579;625;661;768;946;706;497;372;276;230;146
489;10904;St.Gallen Stadt Heiligkreuz;12.06.2020;Freitag;1;24;22;19;15;45;163;445;506;418;366;354;366;339;403;378;394;476;456;353;297;219;191;148;105
490;10904;St.Gallen Stadt Heiligkreuz;12.06.2020;Freitag;2;9;7;8;8;15;48;235;243;242;176;189;177;158;228;185;198;213;223;189;123;89;81;52;45
491;10904;St.Gallen Stadt Heiligkreuz;12.06.2020;Freitag;4;65;24;25;18;31;115;388;476;432;485;594;677;589;583;669;734;832;829;619;498;342;279;230;205
492;10904;St.Gallen Stadt Heiligkreuz;13.06.2020;Samstag;1;101;41;25;21;27;62;101;191;298;372;364;410;373;412;399;384;372;339;320;213;182;154;131;96
493;10904;St.Gallen Stadt Heiligkreuz;13.06.2020;Samstag;2;33;23;6;5;9;21;51;77;128;176;192;208;188;178;199;176;177;161;121;78;64;46;50;32
494;10904;St.Gallen Stadt Heiligkreuz;13.06.2020;Samstag;4;172;83;34;27;31;36;121;182;318;487;582;622;606;622;645;620;621;568;381;285;243;188;205;166
495;10904;St.Gallen Stadt Heiligkreuz;14.06.2020;Sonntag;1;104;42;34;15;19;19;52;49;74;126;172;190;209;258;255;261;297;270;238;191;159;78;76;48
496;10904;St.Gallen Stadt Heiligkreuz;14.06.2020;Sonntag;2;31;18;12;5;4;5;24;10;50;67;76;95;77;111;117;113;115;139;77;106;61;39;21;15
497;10904;St.Gallen Stadt Heiligkreuz;14.06.2020;Sonntag;4;213;97;57;29;20;22;49;62;106;118;218;305;333;350;366;392;425;371;331;295;238;169;140;83
498;10904;St.Gallen Stadt Heiligkreuz;15.06.2020;Montag;1;24;11;9;11;62;134;474;544;368;320;326;324;318;464;338;377;424;420;305;231;177;144;87;31
499;10904;St.Gallen Stadt Heiligkreuz;15.06.2020;Montag;2;4;4;1;2;18;67;261;244;205;171;150;149;185;186;170;180;198;223;171;101;70;64;39;9
500;10904;St.Gallen Stadt Heiligkreuz;15.06.2020;Montag;4;45;20;10;13;29;135;421;528;400;400;467;567;480;566;568;632;779;852;637;398;288;220;196;75
501;10904;St.Gallen Stadt Heiligkreuz;16.06.2020;Dienstag;1;21;12;13;11;53;148;440;603;416;350;307;299;282;379;386;371;427;432;351;238;157;154;99;64
502;10904;St.Gallen Stadt Heiligkreuz;16.06.2020;Dienstag;2;4;7;7;4;18;53;296;249;193;132;129;155;169;188;185;185;209;222;194;114;99;66;50;15
503;10904;St.Gallen Stadt Heiligkreuz;16.06.2020;Dienstag;4;46;16;10;18;31;138;427;476;413;434;470;519;469;506;593;654;840;974;673;449;307;248;211;111
504;10904;St.Gallen Stadt Heiligkreuz;17.06.2020;Mittwoch;1;20;18;13;19;47;155;428;570;416;375;305;337;364;414;396;357;421;437;318;275;181;138;96;69
505;10904;St.Gallen Stadt Heiligkreuz;17.06.2020;Mittwoch;2;11;10;8;5;20;71;275;260;181;135;155;165;186;218;217;175;200;207;159;140;79;69;41;29
506;10904;St.Gallen Stadt Heiligkreuz;17.06.2020;Mittwoch;4;49;19;21;16;28;134;413;509;419;402;506;597;560;550;555;626;843;902;664;473;307;237;198;105
507;10904;St.Gallen Stadt Heiligkreuz;18.06.2020;Donnerstag;1;29;15;14;22;59;139;430;563;429;348;369;350;319;407;363;390;447;488;349;238;180;134;94;62
508;10904;St.Gallen Stadt Heiligkreuz;18.06.2020;Donnerstag;2;10;6;5;11;18;55;258;265;226;187;151;139;166;215;181;191;214;226;171;127;77;71;42;21
509;10904;St.Gallen Stadt Heiligkreuz;18.06.2020;Donnerstag;4;50;23;12;13;31;139;382;449;444;481;550;580;526;541;605;619;847;874;630;491;329;254;210;125
510;10904;St.Gallen Stadt Heiligkreuz;19.06.2020;Freitag;1;21;26;6;11;68;151;442;509;398;366;364;379;343;396;354;413;390;414;353;310;225;168;148;92
511;10904;St.Gallen Stadt Heiligkreuz;19.06.2020;Freitag;2;12;5;4;6;17;54;245;252;188;155;169;162;189;186;204;188;250;210;191;111;83;65;47;33
512;10904;St.Gallen Stadt Heiligkreuz;19.06.2020;Freitag;4;54;23;14;15;37;137;375;468;426;426;547;624;570;601;630;696;773;786;642;450;327;249;248;212
513;10904;St.Gallen Stadt Heiligkreuz;20.06.2020;Samstag;1;76;46;25;16;30;45;100;174;301;370;373;389;335;379;402;399;353;338;246;229;156;177;147;90
514;10904;St.Gallen Stadt Heiligkreuz;20.06.2020;Samstag;2;30;13;7;5;8;10;55;66;114;176;212;200;171;183;185;178;190;128;104;69;74;87;69;38
515;10904;St.Gallen Stadt Heiligkreuz;20.06.2020;Samstag;4;180;60;47;23;38;52;129;185;304;424;543;572;567;556;617;612;599;584;391;246;234;239;214;180
516;10904;St.Gallen Stadt Heiligkreuz;21.06.2020;Sonntag;1;84;54;33;24;23;18;53;47;106;186;216;221;261;259;266;256;314;316;250;235;177;134;74;51
517;10904;St.Gallen Stadt Heiligkreuz;21.06.2020;Sonntag;2;29;21;11;7;9;6;21;31;68;88;94;112;110;145;137;145;137;125;99;78;75;55;30;11
518;10904;St.Gallen Stadt Heiligkreuz;21.06.2020;Sonntag;4;195;113;61;30;28;25;54;64;113;185;298;371;368;383;474;440;469;464;374;294;262;214;133;101
519;10904;St.Gallen Stadt Heiligkreuz;22.06.2020;Montag;1;30;17;10;14;55;136;443;539;397;326;337;321;305;383;359;396;426;418;317;253;171;156;90;40
520;10904;St.Gallen Stadt Heiligkreuz;22.06.2020;Montag;2;3;6;3;4;20;56;274;276;191;165;142;141;146;192;162;212;222;207;154;134;89;67;39;17
521;10904;St.Gallen Stadt Heiligkreuz;22.06.2020;Montag;4;50;18;9;14;36;144;435;484;379;405;482;555;522;499;591;655;819;876;649;399;300;252;174;95
522;10904;St.Gallen Stadt Heiligkreuz;23.06.2020;Dienstag;1;24;14;9;14;49;151;443;560;458;340;361;290;299;363;353;364;383;418;343;252;196;165;128;50
523;10904;St.Gallen Stadt Heiligkreuz;23.06.2020;Dienstag;2;9;5;4;5;18;61;271;247;263;149;158;141;193;207;176;155;231;214;217;119;100;74;55;20
524;10904;St.Gallen Stadt Heiligkreuz;23.06.2020;Dienstag;4;43;19;14;11;36;125;423;487;410;445;509;590;533;540;563;645;736;874;677;470;312;280;242;124
525;10904;St.Gallen Stadt Heiligkreuz;24.06.2020;Mittwoch;1;24;12;10;12;44;161;443;567;436;343;357;301;347;452;343;375;394;449;354;240;182;182;122;50
526;10904;St.Gallen Stadt Heiligkreuz;24.06.2020;Mittwoch;2;4;5;2;4;18;50;269;259;181;147;184;136;173;207;180;204;203;226;172;130;100;82;47;29
527;10904;St.Gallen Stadt Heiligkreuz;24.06.2020;Mittwoch;4;62;21;12;14;37;157;410;471;411;451;508;616;561;585;645;644;803;867;658;446;329;272;224;127
528;10904;St.Gallen Stadt Heiligkreuz;25.06.2020;Donnerstag;1;20;17;9;16;51;159;431;575;444;372;359;336;300;382;334;341;427;419;397;268;191;197;151;71
529;10904;St.Gallen Stadt Heiligkreuz;25.06.2020;Donnerstag;2;10;7;4;5;16;61;254;257;190;186;166;180;150;201;180;251;261;221;221;146;93;94;54;24
530;10904;St.Gallen Stadt Heiligkreuz;25.06.2020;Donnerstag;4;72;25;17;15;30;144;405;486;437;453;555;605;516;569;529;662;824;893;691;475;426;341;230;136
531;10904;St.Gallen Stadt Heiligkreuz;26.06.2020;Freitag;1;44;24;16;20;45;169;413;515;442;376;399;373;351;395;410;416;485;454;372;278;200;174;147;108
532;10904;St.Gallen Stadt Heiligkreuz;26.06.2020;Freitag;2;9;10;5;7;19;53;237;237;220;185;184;178;172;198;203;212;228;231;173;128;74;64;52;34
533;10904;St.Gallen Stadt Heiligkreuz;26.06.2020;Freitag;4;76;31;16;26;39;126;411;465;438;480;550;691;557;611;705;749;813;888;638;459;325;262;236;209
534;10904;St.Gallen Stadt Heiligkreuz;27.06.2020;Samstag;1;72;61;27;35;37;47;123;195;280;376;389;402;365;410;376;415;340;340;270;205;207;214;161;155
535;10904;St.Gallen Stadt Heiligkreuz;27.06.2020;Samstag;2;31;19;11;9;7;24;55;72;123;153;191;205;174;183;179;184;157;128;90;104;78;72;73;61
536;10904;St.Gallen Stadt Heiligkreuz;27.06.2020;Samstag;4;120;91;55;54;50;51;97;203;321;419;539;581;599;566;647;667;596;586;410;312;229;234;206;222
537;10904;St.Gallen Stadt Heiligkreuz;28.06.2020;Sonntag;1;105;66;59;49;34;30;68;66;107;136;225;255;213;296;306;299;272;277;236;235;179;121;72;38
538;10904;St.Gallen Stadt Heiligkreuz;28.06.2020;Sonntag;2;30;23;11;12;11;13;30;19;46;88;99;106;94;141;122;151;124;125;96;99;86;56;24;17
539;10904;St.Gallen Stadt Heiligkreuz;28.06.2020;Sonntag;4;183;129;84;81;54;45;73;79;118;202;255;377;377;385;452;428;418;441;365;305;265;188;140;93
540;10904;St.Gallen Stadt Heiligkreuz;29.06.2020;Montag;1;19;20;6;16;54;155;467;535;395;326;327;334;310;415;383;402;426;417;338;217;177;144;81;41
541;10904;St.Gallen Stadt Heiligkreuz;29.06.2020;Montag;2;12;6;2;4;16;52;267;256;203;151;167;146;153;204;185;197;185;211;157;113;80;56;43;15
542;10904;St.Gallen Stadt Heiligkreuz;29.06.2020;Montag;4;48;20;20;15;36;136;413;473;400;379;505;584;512;556;589;664;812;906;674;458;285;234;180;112
543;10904;St.Gallen Stadt Heiligkreuz;30.06.2020;Dienstag;1;21;16;6;20;58;165;409;413;468;373;334;343;297;445;364;376;415;456;404;239;185;187;112;46
544;10904;St.Gallen Stadt Heiligkreuz;30.06.2020;Dienstag;2;3;4;2;7;19;60;220;210;208;159;152;152;176;187;187;188;201;236;179;135;86;68;78;26
545;10904;St.Gallen Stadt Heiligkreuz;30.06.2020;Dienstag;4;45;23;9;18;26;164;432;468;409;469;558;581;550;496;579;686;799;913;697;510;362;262;234;123
