LNR;ORT-ID;BEZEICHNUNG;DATUM;WOCHENTAG;RI;1;2;3;4;5;6;7;8;9;10;11;12;13;14;15;16;17;18;19;20;21;22;23;24
0;10942;St.Gallen Stadt Favrestr. 5;22.07.2020;Mittwoch;1;14;6;1;2;2;4;10;66;97;111;251;339;325;345;275;299;338;364;368;232;98;29;30;17
1;10942;St.Gallen Stadt Favrestr. 5;22.07.2020;Mittwoch;2;14;6;1;3;4;7;34;114;152;205;329;337;294;332;290;320;336;310;289;115;52;32;29;13
2;10942;St.Gallen Stadt Favrestr. 5;23.07.2020;Donnerstag;1;15;6;1;1;4;3;13;55;80;145;223;296;328;329;281;326;307;346;361;281;198;139;62;17
3;10942;St.Gallen Stadt Favrestr. 5;23.07.2020;Donnerstag;2;16;6;1;0;5;8;29;115;157;227;267;293;331;303;286;354;307;316;310;227;141;92;25;16
4;10942;St.Gallen Stadt Favrestr. 5;24.07.2020;Freitag;1;12;10;2;1;2;4;12;56;101;147;259;382;414;433;343;357;444;427;424;339;112;29;32;16
5;10942;St.Gallen Stadt Favrestr. 5;24.07.2020;Freitag;2;12;9;1;3;4;5;33;124;177;245;345;405;432;378;324;383;386;410;351;183;50;32;29;14
6;10942;St.Gallen Stadt Favrestr. 5;25.07.2020;Samstag;1;17;6;3;0;1;3;14;24;38;160;269;381;439;401;379;349;392;402;185;43;26;30;22;17
7;10942;St.Gallen Stadt Favrestr. 5;25.07.2020;Samstag;2;16;6;5;0;3;4;25;40;138;249;351;417;459;359;351;339;384;261;64;44;27;28;25;18
8;10942;St.Gallen Stadt Favrestr. 5;26.07.2020;Sonntag;1;16;10;3;1;0;3;6;9;12;25;38;45;30;48;46;40;44;41;51;45;36;35;24;12
9;10942;St.Gallen Stadt Favrestr. 5;26.07.2020;Sonntag;2;14;9;2;1;0;1;6;11;14;24;36;41;33;50;40;41;50;48;51;39;33;37;23;16
10;10942;St.Gallen Stadt Favrestr. 5;27.07.2020;Montag;1;9;10;1;0;3;3;16;42;90;144;267;300;351;324;264;270;301;354;333;280;75;27;28;15
11;10942;St.Gallen Stadt Favrestr. 5;27.07.2020;Montag;2;8;8;1;0;2;10;31;108;148;226;320;271;346;297;257;289;312;325;271;159;27;35;26;10
12;10942;St.Gallen Stadt Favrestr. 5;28.07.2020;Dienstag;1;9;6;1;0;2;3;14;40;95;124;209;285;307;294;279;287;303;369;354;267;103;22;16;14
13;10942;St.Gallen Stadt Favrestr. 5;28.07.2020;Dienstag;2;12;6;0;0;2;9;30;102;142;188;261;298;296;298;280;302;324;321;276;168;51;19;14;14
14;10942;St.Gallen Stadt Favrestr. 5;29.07.2020;Mittwoch;1;12;6;0;0;2;4;13;57;81;133;254;339;364;350;282;322;338;323;368;292;99;46;33;25
15;10942;St.Gallen Stadt Favrestr. 5;29.07.2020;Mittwoch;2;13;6;0;0;3;9;37;104;146;221;347;340;350;277;303;358;298;318;321;181;46;51;29;16
16;10942;St.Gallen Stadt Favrestr. 5;30.07.2020;Donnerstag;1;13;9;0;1;2;4;12;55;81;170;301;323;364;294;325;335;352;400;374;350;230;195;59;15
17;10942;St.Gallen Stadt Favrestr. 5;30.07.2020;Donnerstag;2;15;7;1;0;4;9;29;112;160;261;370;340;371;295;315;358;329;354;350;287;213;91;24;11
18;10942;St.Gallen Stadt Favrestr. 5;31.07.2020;Freitag;1;11;6;3;0;1;4;18;55;68;213;372;458;494;495;428;428;503;499;443;318;122;42;39;15
19;10942;St.Gallen Stadt Favrestr. 5;31.07.2020;Freitag;2;14;9;1;2;3;8;34;105;190;357;438;494;498;407;379;492;491;420;389;162;51;35;36;14
20;10942;St.Gallen Stadt Favrestr. 5;01.08.2020;Samstag;1;13;9;2;2;0;1;8;11;29;38;76;90;94;85;80;73;64;53;55;51;26;39;23;19
21;10942;St.Gallen Stadt Favrestr. 5;01.08.2020;Samstag;2;12;9;2;2;0;0;8;17;27;49;74;90;92;79;80;71;66;57;57;51;28;35;20;22
22;10942;St.Gallen Stadt Favrestr. 5;02.08.2020;Sonntag;1;13;11;7;3;2;2;5;12;14;17;36;41;49;39;49;45;52;47;52;48;28;32;22;15
23;10942;St.Gallen Stadt Favrestr. 5;02.08.2020;Sonntag;2;15;11;1;1;3;1;7;12;15;20;37;40;45;47;47;46;55;52;50;44;30;30;20;16
24;10942;St.Gallen Stadt Favrestr. 5;03.08.2020;Montag;1;11;8;0;0;2;6;19;64;94;140;240;338;403;392;305;379;431;472;443;397;124;23;21;14
25;10942;St.Gallen Stadt Favrestr. 5;03.08.2020;Montag;2;10;8;0;0;6;12;36;128;147;215;340;354;416;359;310;410;418;390;405;248;35;25;17;12
26;10942;St.Gallen Stadt Favrestr. 5;04.08.2020;Dienstag;1;9;7;1;1;3;5;14;53;83;124;220;298;368;371;334;322;374;425;442;325;128;26;21;13
27;10942;St.Gallen Stadt Favrestr. 5;04.08.2020;Dienstag;2;11;7;2;0;4;7;29;108;151;196;310;340;322;375;313;370;390;360;332;216;1;29;22;12
28;10942;St.Gallen Stadt Favrestr. 5;05.08.2020;Mittwoch;1;10;8;1;0;1;3;15;46;87;133;209;297;320;326;294;327;314;372;394;301;93;30;19;16
29;10942;St.Gallen Stadt Favrestr. 5;05.08.2020;Mittwoch;2;9;9;0;0;1;8;27;105;147;210;302;314;301;292;316;349;312;345;312;191;39;25;18;14
30;10942;St.Gallen Stadt Favrestr. 5;06.08.2020;Donnerstag;1;16;7;3;1;2;5;15;49;87;115;248;306;323;337;266;296;342;335;384;294;199;179;69;24
31;10942;St.Gallen Stadt Favrestr. 5;06.08.2020;Donnerstag;2;11;6;3;1;3;12;23;109;145;207;299;286;339;280;287;308;343;350;280;243;173;126;26;19
32;10942;St.Gallen Stadt Favrestr. 5;07.08.2020;Freitag;1;17;5;5;0;4;2;18;42;88;150;259;353;393;390;306;364;390;398;394;325;136;32;27;17
33;10942;St.Gallen Stadt Favrestr. 5;07.08.2020;Freitag;2;20;6;3;0;4;7;34;100;147;248;346;354;387;327;321;373;367;383;340;200;53;36;27;15
34;10942;St.Gallen Stadt Favrestr. 5;08.08.2020;Samstag;1;16;14;7;2;2;1;14;24;29;168;310;427;449;478;409;362;396;413;204;46;27;30;26;16
35;10942;St.Gallen Stadt Favrestr. 5;08.08.2020;Samstag;2;18;11;5;2;2;3;21;41;98;305;388;463;474;376;369;371;395;286;74;47;29;29;26;14
36;10942;St.Gallen Stadt Favrestr. 5;09.08.2020;Sonntag;1;13;11;5;3;0;0;6;10;17;33;48;42;61;44;52;45;40;57;58;43;35;40;25;27
37;10942;St.Gallen Stadt Favrestr. 5;09.08.2020;Sonntag;2;16;16;2;3;0;0;8;10;21;27;51;49;55;41;50;42;46;56;56;46;39;44;20;28
38;10942;St.Gallen Stadt Favrestr. 5;10.08.2020;Montag;1;21;9;2;4;1;4;16;55;117;147;230;306;356;347;249;273;324;335;392;313;114;29;30;16
39;10942;St.Gallen Stadt Favrestr. 5;10.08.2020;Montag;2;23;9;0;4;1;14;37;128;186;200;320;319;313;312;266;304;297;324;321;204;53;30;27;15
40;10942;St.Gallen Stadt Favrestr. 5;11.08.2020;Dienstag;1;14;7;1;0;4;5;18;59;100;151;227;296;340;299;246;275;291;347;358;307;124;38;23;15
41;10942;St.Gallen Stadt Favrestr. 5;11.08.2020;Dienstag;2;13;7;1;0;4;10;35;125;176;227;298;299;307;272;271;274;289;315;306;202;59;31;22;17
42;10942;St.Gallen Stadt Favrestr. 5;12.08.2020;Mittwoch;1;12;7;0;0;1;1;15;65;115;149;253;293;333;352;258;255;306;366;347;323;102;34;29;18
43;10942;St.Gallen Stadt Favrestr. 5;12.08.2020;Mittwoch;2;14;7;1;0;2;10;34;128;188;255;311;305;316;313;272;256;301;304;300;191;61;33;27;16
44;10942;St.Gallen Stadt Favrestr. 5;13.08.2020;Donnerstag;1;13;10;3;0;2;3;13;63;115;145;270;325;325;321;276;274;324;393;379;345;249;166;77;16
45;10942;St.Gallen Stadt Favrestr. 5;13.08.2020;Donnerstag;2;15;10;4;0;2;8;26;135;185;254;321;326;319;285;258;315;346;347;328;271;203;111;27;16
46;10942;St.Gallen Stadt Favrestr. 5;14.08.2020;Freitag;1;14;6;4;0;2;4;16;58;98;149;319;437;415;403;322;394;403;423;395;366;150;35;34;14
47;10942;St.Gallen Stadt Favrestr. 5;14.08.2020;Freitag;2;15;5;6;0;7;6;39;116;166;283;422;415;382;328;378;402;365;377;355;222;64;39;33;12
48;10942;St.Gallen Stadt Favrestr. 5;15.08.2020;Samstag;1;17;7;3;1;3;1;12;28;33;160;299;429;457;493;440;417;402;462;211;46;42;24;33;16
49;10942;St.Gallen Stadt Favrestr. 5;15.08.2020;Samstag;2;16;6;7;1;5;2;16;47;95;283;422;478;476;430;422;410;409;300;83;49;35;25;33;17
50;10942;St.Gallen Stadt Favrestr. 5;16.08.2020;Sonntag;1;15;11;6;3;0;1;5;9;16;30;37;41;45;45;49;47;48;49;51;34;39;27;21;11
51;10942;St.Gallen Stadt Favrestr. 5;16.08.2020;Sonntag;2;12;9;7;1;1;2;5;8;17;31;34;42;45;52;50;42;47;50;44;35;36;33;15;17
52;10942;St.Gallen Stadt Favrestr. 5;17.08.2020;Montag;1;11;5;1;0;0;8;17;54;124;133;240;267;316;348;261;280;345;387;389;277;106;32;25;11
53;10942;St.Gallen Stadt Favrestr. 5;17.08.2020;Montag;2;8;6;1;0;2;12;41;127;177;214;285;287;331;288;272;324;342;319;301;194;46;30;21;11
54;10942;St.Gallen Stadt Favrestr. 5;18.08.2020;Dienstag;1;12;5;0;1;0;5;18;61;113;143;213;258;315;304;229;262;343;357;365;316;98;24;1;9
55;10942;St.Gallen Stadt Favrestr. 5;18.08.2020;Dienstag;2;13;6;0;1;0;10;31;135;183;199;270;277;290;279;247;330;322;266;313;193;52;26;20;11
56;10942;St.Gallen Stadt Favrestr. 5;19.08.2020;Mittwoch;1;11;6;2;0;0;6;14;55;114;161;221;323;298;262;260;268;296;321;371;280;99;43;36;18
57;10942;St.Gallen Stadt Favrestr. 5;19.08.2020;Mittwoch;2;14;6;1;0;1;12;36;123;172;228;300;323;248;264;257;309;263;302;268;189;52;42;30;11
58;10942;St.Gallen Stadt Favrestr. 5;20.08.2020;Donnerstag;1;9;9;1;1;1;6;14;69;109;144;188;306;328;309;277;297;293;325;387;290;164;140;1;20
59;10942;St.Gallen Stadt Favrestr. 5;20.08.2020;Donnerstag;2;11;8;1;1;1;13;30;131;180;243;258;295;295;315;263;314;287;285;306;227;177;89;26;15
60;10942;St.Gallen Stadt Favrestr. 5;21.08.2020;Freitag;1;11;7;0;0;3;4;17;68;116;187;327;367;385;372;293;339;374;390;359;294;114;44;28;12
61;10942;St.Gallen Stadt Favrestr. 5;21.08.2020;Freitag;2;12;8;3;0;7;8;45;129;199;319;388;359;334;318;305;376;351;335;293;184;58;44;29;14
62;10942;St.Gallen Stadt Favrestr. 5;22.08.2020;Samstag;1;15;13;8;0;2;2;7;31;43;149;271;461;522;538;506;490;542;546;227;48;31;31;23;17
63;10942;St.Gallen Stadt Favrestr. 5;22.08.2020;Samstag;2;16;15;7;1;4;2;13;48;112;274;409;528;531;489;494;528;497;325;78;49;35;31;27;16
64;10942;St.Gallen Stadt Favrestr. 5;23.08.2020;Sonntag;1;24;17;3;1;0;7;5;13;15;30;36;39;58;51;62;57;38;55;47;52;41;37;17;17
65;10942;St.Gallen Stadt Favrestr. 5;23.08.2020;Sonntag;2;14;10;5;1;0;6;5;15;16;37;45;39;62;40;58;56;39;56;50;53;45;41;18;10
66;10942;St.Gallen Stadt Favrestr. 5;24.08.2020;Montag;1;10;8;1;1;2;4;20;75;124;152;246;298;375;324;270;261;339;335;361;284;103;34;25;14
67;10942;St.Gallen Stadt Favrestr. 5;24.08.2020;Montag;2;11;6;1;1;3;12;41;135;196;245;294;324;328;306;262;297;340;286;281;176;45;32;28;13
68;10942;St.Gallen Stadt Favrestr. 5;25.08.2020;Dienstag;1;10;7;0;1;0;3;17;70;108;132;205;298;309;286;235;291;321;355;409;304;109;39;26;15
69;10942;St.Gallen Stadt Favrestr. 5;25.08.2020;Dienstag;2;12;6;1;0;0;5;41;125;167;196;304;281;298;279;259;315;294;330;322;207;51;39;19;16
70;10942;St.Gallen Stadt Favrestr. 5;26.08.2020;Mittwoch;1;12;6;1;1;0;7;17;68;92;148;265;317;321;337;216;270;358;322;403;286;91;38;21;14
71;10942;St.Gallen Stadt Favrestr. 5;26.08.2020;Mittwoch;2;13;6;1;0;2;13;31;110;178;245;317;306;326;273;251;323;315;301;308;177;6;38;20;15
72;10942;St.Gallen Stadt Favrestr. 5;27.08.2020;Donnerstag;1;13;8;2;0;2;5;16;66;120;155;262;280;369;296;258;293;311;336;377;293;201;143;51;14
73;10942;St.Gallen Stadt Favrestr. 5;27.08.2020;Donnerstag;2;11;10;0;0;2;10;29;124;200;248;286;317;313;281;301;297;303;328;287;228;179;77;26;16
74;10942;St.Gallen Stadt Favrestr. 5;28.08.2020;Freitag;1;10;5;2;1;1;3;14;73;104;177;282;391;431;376;300;392;445;467;421;338;135;39;33;20
75;10942;St.Gallen Stadt Favrestr. 5;28.08.2020;Freitag;2;12;5;3;0;7;6;39;123;182;300;368;387;377;344;313;455;398;386;370;204;59;40;26;16
76;10942;St.Gallen Stadt Favrestr. 5;29.08.2020;Samstag;1;12;8;2;2;0;3;12;32;40;164;309;451;538;544;510;548;548;583;228;32;29;20;22;17
77;10942;St.Gallen Stadt Favrestr. 5;29.08.2020;Samstag;2;15;8;5;1;3;3;19;48;111;310;423;509;550;530;482;567;544;342;50;29;26;27;17;22
78;10942;St.Gallen Stadt Favrestr. 5;30.08.2020;Sonntag;1;16;14;2;4;2;0;6;13;16;21;40;37;45;43;52;55;42;39;41;41;42;34;16;11
79;10942;St.Gallen Stadt Favrestr. 5;30.08.2020;Sonntag;2;14;11;3;3;2;0;7;14;18;23;37;37;46;45;47;54;45;38;47;43;39;32;12;12
80;10942;St.Gallen Stadt Favrestr. 5;31.08.2020;Montag;1;10;7;3;0;1;5;22;60;125;133;246;299;320;341;252;292;351;319;362;302;114;29;26;15
81;10942;St.Gallen Stadt Favrestr. 5;31.08.2020;Montag;2;11;8;2;0;1;12;39;138;199;224;301;278;328;299;265;338;302;291;285;196;52;31;26;15
82;10942;St.Gallen Stadt Favrestr. 5;01.09.2020;Dienstag;1;9;6;2;0;5;4;16;62;120;82;221;298;309;298;204;292;342;394;375;258;121;28;26;17
83;10942;St.Gallen Stadt Favrestr. 5;01.09.2020;Dienstag;2;9;7;2;0;3;11;31;145;172;200;292;277;279;285;236;321;338;291;295;171;55;26;26;14
84;10942;St.Gallen Stadt Favrestr. 5;02.09.2020;Mittwoch;1;11;7;4;1;1;4;18;59;93;136;250;315;331;305;254;273;293;326;369;287;113;35;23;12
85;10942;St.Gallen Stadt Favrestr. 5;02.09.2020;Mittwoch;2;9;11;0;0;3;12;41;132;184;228;293;331;288;274;272;305;262;295;270;198;67;30;20;15
86;10942;St.Gallen Stadt Favrestr. 5;03.09.2020;Donnerstag;1;9;7;5;0;2;5;14;63;98;133;215;277;316;291;263;283;317;335;347;303;208;129;53;11
87;10942;St.Gallen Stadt Favrestr. 5;03.09.2020;Donnerstag;2;11;7;1;0;4;13;34;124;157;214;273;250;313;269;283;337;283;282;297;238;155;85;19;13
88;10942;St.Gallen Stadt Favrestr. 5;04.09.2020;Freitag;1;10;9;0;2;3;4;18;70;110;161;271;329;377;306;309;302;405;336;370;335;128;53;34;23
89;10942;St.Gallen Stadt Favrestr. 5;04.09.2020;Freitag;2;12;8;1;1;7;10;41;139;183;237;316;358;318;310;311;371;354;307;328;204;59;44;22;24
90;10942;St.Gallen Stadt Favrestr. 5;05.09.2020;Samstag;1;15;10;1;1;2;4;13;31;35;151;299;405;424;396;396;374;390;444;196;51;35;27;20;12
91;10942;St.Gallen Stadt Favrestr. 5;05.09.2020;Samstag;2;16;9;5;1;2;5;21;50;109;272;381;425;426;375;342;390;373;317;79;44;34;26;20;13
92;10942;St.Gallen Stadt Favrestr. 5;06.09.2020;Sonntag;1;12;8;2;1;1;4;6;11;20;22;39;28;48;50;41;46;45;47;53;45;25;31;21;13
93;10942;St.Gallen Stadt Favrestr. 5;06.09.2020;Sonntag;2;12;10;1;1;0;4;5;17;16;22;38;34;41;50;44;47;45;52;54;41;25;27;18;12
94;10942;St.Gallen Stadt Favrestr. 5;07.09.2020;Montag;1;9;6;4;0;2;4;17;65;119;152;224;285;333;323;230;284;265;373;398;273;119;28;22;12
95;10942;St.Gallen Stadt Favrestr. 5;07.09.2020;Montag;2;13;6;1;0;3;13;37;142;203;223;296;288;293;270;258;317;255;326;318;175;57;28;23;12
96;10942;St.Gallen Stadt Favrestr. 5;08.09.2020;Dienstag;1;15;5;0;0;1;3;26;56;100;145;210;290;282;259;241;260;319;321;377;258;112;52;24;16
97;10942;St.Gallen Stadt Favrestr. 5;08.09.2020;Dienstag;2;13;5;1;0;2;16;40;126;191;212;234;298;271;254;255;266;300;308;286;173;53;50;20;10
98;10942;St.Gallen Stadt Favrestr. 5;09.09.2020;Mittwoch;1;10;6;2;1;1;3;17;58;113;149;235;310;306;274;249;245;288;359;322;223;108;47;34;15
99;10942;St.Gallen Stadt Favrestr. 5;09.09.2020;Mittwoch;2;13;5;3;0;2;13;35;133;190;225;295;291;257;293;229;292;277;281;218;153;71;46;27;17
100;10942;St.Gallen Stadt Favrestr. 5;10.09.2020;Donnerstag;1;13;5;0;2;1;2;15;64;118;154;239;311;323;280;259;291;318;313;344;301;232;138;53;18
101;10942;St.Gallen Stadt Favrestr. 5;10.09.2020;Donnerstag;2;11;5;0;2;1;14;31;132;187;255;291;304;296;254;317;319;276;277;296;260;179;72;16;17
102;10942;St.Gallen Stadt Favrestr. 5;11.09.2020;Freitag;1;11;5;1;0;1;2;22;49;110;166;199;368;369;357;278;354;397;402;346;342;79;33;34;20
103;10942;St.Gallen Stadt Favrestr. 5;11.09.2020;Freitag;2;11;6;1;0;6;6;38;137;174;291;289;348;343;348;273;375;369;342;339;174;49;37;32;17
104;10942;St.Gallen Stadt Favrestr. 5;12.09.2020;Samstag;1;15;6;0;1;4;5;11;28;36;160;317;407;476;396;404;416;416;433;215;39;40;36;28;20
105;10942;St.Gallen Stadt Favrestr. 5;12.09.2020;Samstag;2;17;7;5;0;4;5;20;51;102;285;419;457;433;373;387;415;417;291;74;44;34;31;25;16
106;10942;St.Gallen Stadt Favrestr. 5;13.09.2020;Sonntag;1;10;6;2;1;1;2;7;10;15;30;43;54;61;33;51;44;46;47;50;40;36;31;22;17
107;10942;St.Gallen Stadt Favrestr. 5;13.09.2020;Sonntag;2;12;6;1;2;1;4;7;9;22;23;46;57;50;35;46;53;47;50;48;42;39;29;21;17
108;10942;St.Gallen Stadt Favrestr. 5;14.09.2020;Montag;1;12;7;1;0;2;4;20;65;121;159;256;307;329;302;265;269;316;331;374;309;88;30;17;11
109;10942;St.Gallen Stadt Favrestr. 5;14.09.2020;Montag;2;15;6;1;0;4;11;49;145;202;251;282;321;267;286;278;274;301;285;324;164;53;27;21;14
110;10942;St.Gallen Stadt Favrestr. 5;15.09.2020;Dienstag;1;13;9;1;0;1;5;19;63;113;142;225;264;329;294;239;244;285;332;332;249;106;32;31;18
111;10942;St.Gallen Stadt Favrestr. 5;15.09.2020;Dienstag;2;11;6;1;1;2;12;36;141;170;206;297;267;321;243;239;270;269;291;245;167;55;37;28;11
112;10942;St.Gallen Stadt Favrestr. 5;16.09.2020;Mittwoch;1;17;6;1;1;3;6;21;54;122;165;245;314;338;249;255;283;301;351;323;286;108;33;30;18
113;10942;St.Gallen Stadt Favrestr. 5;16.09.2020;Mittwoch;2;11;9;0;1;4;12;40;119;211;265;294;287;274;240;291;292;283;292;252;182;53;44;27;15
114;10942;St.Gallen Stadt Favrestr. 5;17.09.2020;Donnerstag;1;12;6;1;0;2;6;14;64;115;153;260;325;336;300;267;269;314;354;381;280;221;126;53;16
115;10942;St.Gallen Stadt Favrestr. 5;17.09.2020;Donnerstag;2;14;6;0;0;1;11;29;126;188;239;311;315;337;247;295;305;347;281;308;244;171;78;22;15
116;10942;St.Gallen Stadt Favrestr. 5;18.09.2020;Freitag;1;13;7;3;0;3;2;19;61;122;141;294;364;434;394;340;346;386;379;363;341;96;32;28;15
117;10942;St.Gallen Stadt Favrestr. 5;18.09.2020;Freitag;2;14;6;2;0;7;8;46;133;186;264;381;359;422;336;309;383;344;308;332;199;39;35;24;13
118;10942;St.Gallen Stadt Favrestr. 5;19.09.2020;Samstag;1;15;10;5;1;2;2;11;33;36;164;318;443;510;446;416;430;396;444;199;66;36;23;24;13
119;10942;St.Gallen Stadt Favrestr. 5;19.09.2020;Samstag;2;15;9;8;2;3;2;18;56;107;321;404;452;514;404;408;400;385;316;82;59;32;28;22;15
120;10942;St.Gallen Stadt Favrestr. 5;20.09.2020;Sonntag;1;16;12;2;2;0;1;5;11;25;26;32;42;45;47;51;42;56;60;61;47;37;24;16;14
121;10942;St.Gallen Stadt Favrestr. 5;20.09.2020;Sonntag;2;12;10;2;0;1;2;5;16;24;31;29;36;48;47;50;45;52;64;62;48;37;25;16;11
122;10942;St.Gallen Stadt Favrestr. 5;21.09.2020;Montag;1;9;10;0;0;3;2;20;69;120;143;248;283;303;320;260;253;306;354;364;276;100;31;21;18
123;10942;St.Gallen Stadt Favrestr. 5;21.09.2020;Montag;2;9;9;0;1;3;10;48;138;182;246;279;286;295;289;260;282;305;292;274;175;55;31;23;13
124;10942;St.Gallen Stadt Favrestr. 5;22.09.2020;Dienstag;1;9;8;1;1;2;3;15;63;120;131;239;282;277;266;229;277;276;387;352;291;116;32;23;19
125;10942;St.Gallen Stadt Favrestr. 5;22.09.2020;Dienstag;2;11;8;0;1;3;9;35;132;192;213;291;245;290;258;252;316;306;281;297;175;59;29;25;12
126;10942;St.Gallen Stadt Favrestr. 5;23.09.2020;Mittwoch;1;12;7;1;1;1;4;19;59;130;120;279;309;328;288;280;306;357;374;368;304;91;35;22;17
127;10942;St.Gallen Stadt Favrestr. 5;23.09.2020;Mittwoch;2;15;9;1;1;1;11;41;128;183;248;319;309;298;298;288;333;329;294;289;167;55;34;24;19
128;10942;St.Gallen Stadt Favrestr. 5;24.09.2020;Donnerstag;1;13;5;1;0;3;4;18;66;123;145;265;316;310;335;262;285;291;371;373;271;219;138;63;14
129;10942;St.Gallen Stadt Favrestr. 5;24.09.2020;Donnerstag;2;15;6;1;0;4;10;29;137;212;242;315;306;302;292;294;313;269;325;312;199;177;63;26;13
130;10942;St.Gallen Stadt Favrestr. 5;25.09.2020;Freitag;1;12;5;1;0;2;3;21;64;105;158;296;412;411;424;338;386;452;485;426;349;111;30;28;16
131;10942;St.Gallen Stadt Favrestr. 5;25.09.2020;Freitag;2;13;6;2;0;9;7;44;123;216;296;368;407;396;373;379;438;416;384;347;197;45;36;26;15
132;10942;St.Gallen Stadt Favrestr. 5;26.09.2020;Samstag;1;20;12;1;1;1;3;10;28;38;176;287;473;555;547;492;483;558;537;214;40;32;26;20;13
133;10942;St.Gallen Stadt Favrestr. 5;26.09.2020;Samstag;2;14;7;6;1;3;4;22;41;123;282;417;566;575;498;467;498;510;331;71;37;26;30;22;11
134;10942;St.Gallen Stadt Favrestr. 5;27.09.2020;Sonntag;1;18;7;2;1;0;1;6;10;13;25;33;41;39;39;45;49;52;50;59;43;40;28;18;15
135;10942;St.Gallen Stadt Favrestr. 5;27.09.2020;Sonntag;2;17;7;2;2;0;2;7;12;14;22;36;40;39;42;46;52;51;50;54;47;39;29;12;14
136;10942;St.Gallen Stadt Favrestr. 5;28.09.2020;Montag;1;14;6;1;2;4;5;18;69;135;149;225;283;276;338;251;327;337;355;399;297;92;22;20;15
137;10942;St.Gallen Stadt Favrestr. 5;28.09.2020;Montag;2;15;7;1;2;5;10;40;151;183;211;284;308;280;302;279;334;303;312;353;160;41;25;22;11
138;10942;St.Gallen Stadt Favrestr. 5;29.09.2020;Dienstag;1;13;5;1;0;2;5;17;68;104;139;232;282;336;324;277;288;374;377;378;296;103;32;19;15
139;10942;St.Gallen Stadt Favrestr. 5;29.09.2020;Dienstag;2;13;5;1;0;1;12;33;135;187;226;271;307;328;291;271;334;332;338;306;185;48;27;17;15
140;10942;St.Gallen Stadt Favrestr. 5;30.09.2020;Mittwoch;1;10;8;0;0;2;8;19;65;108;133;226;273;305;284;238;269;294;332;386;278;100;38;25;17
141;10942;St.Gallen Stadt Favrestr. 5;30.09.2020;Mittwoch;2;14;6;0;0;2;14;45;122;175;199;308;280;259;267;259;289;296;305;297;169;59;34;23;20
142;10942;St.Gallen Stadt Favrestr. 5;01.10.2020;Donnerstag;1;15;6;1;0;9;3;18;51;117;132;226;288;329;301;303;280;312;343;382;223;201;100;48;13
143;10942;St.Gallen Stadt Favrestr. 5;01.10.2020;Donnerstag;2;12;6;1;0;9;11;36;114;187;233;260;308;316;291;286;324;279;306;326;208;133;56;23;15
144;10942;St.Gallen Stadt Favrestr. 5;02.10.2020;Freitag;1;16;5;0;0;4;4;19;62;101;156;297;374;416;390;353;371;434;439;381;301;95;28;34;18
145;10942;St.Gallen Stadt Favrestr. 5;02.10.2020;Freitag;2;12;5;1;1;8;6;43;134;178;261;365;399;402;351;372;375;419;365;282;157;56;29;29;13
146;10942;St.Gallen Stadt Favrestr. 5;03.10.2020;Samstag;1;14;6;2;1;1;4;9;34;35;154;307;416;553;535;522;514;497;510;207;48;35;30;23;20
147;10942;St.Gallen Stadt Favrestr. 5;03.10.2020;Samstag;2;16;5;5;2;4;3;19;53;122;251;422;559;526;526;495;486;452;314;76;39;33;31;21;18
148;10942;St.Gallen Stadt Favrestr. 5;04.10.2020;Sonntag;1;9;9;1;1;0;1;9;8;15;19;29;27;45;42;32;47;47;64;44;44;34;27;15;13
149;10942;St.Gallen Stadt Favrestr. 5;04.10.2020;Sonntag;2;10;8;1;1;1;0;10;10;16;20;24;27;42;41;40;45;50;60;45;45;36;25;16;10
150;10942;St.Gallen Stadt Favrestr. 5;05.10.2020;Montag;1;10;5;0;0;4;2;21;63;105;131;233;288;335;307;280;317;335;385;409;326;80;28;24;16
151;10942;St.Gallen Stadt Favrestr. 5;05.10.2020;Montag;2;11;5;0;0;6;9;46;131;166;208;288;280;339;268;311;316;350;343;319;183;40;30;26;11
152;10942;St.Gallen Stadt Favrestr. 5;06.10.2020;Dienstag;1;10;6;2;0;1;4;25;58;103;152;219;252;336;311;255;321;357;413;342;292;76;35;26;17
153;10942;St.Gallen Stadt Favrestr. 5;06.10.2020;Dienstag;2;12;6;2;0;3;11;36;139;172;218;245;294;330;287;289;336;365;315;257;180;43;34;24;14
154;10942;St.Gallen Stadt Favrestr. 5;07.10.2020;Mittwoch;1;10;5;0;0;4;3;25;59;126;137;236;283;334;290;260;302;368;373;415;284;78;31;18;15
155;10942;St.Gallen Stadt Favrestr. 5;07.10.2020;Mittwoch;2;13;5;0;1;3;10;46;127;192;200;278;320;305;258;300;362;348;310;324;140;43;39;17;14
156;10942;St.Gallen Stadt Favrestr. 5;08.10.2020;Donnerstag;1;10;9;1;0;4;4;22;68;93;153;223;266;327;270;262;273;301;315;330;284;200;105;45;13
157;10942;St.Gallen Stadt Favrestr. 5;08.10.2020;Donnerstag;2;13;9;1;1;3;12;37;124;167;216;272;294;310;254;282;304;275;267;293;235;138;60;19;12
158;10942;St.Gallen Stadt Favrestr. 5;09.10.2020;Freitag;1;14;5;0;0;1;5;20;55;110;155;258;346;350;344;306;347;369;399;367;285;105;36;21;13
159;10942;St.Gallen Stadt Favrestr. 5;09.10.2020;Freitag;2;12;6;0;0;7;7;35;137;171;243;349;319;373;276;305;369;384;311;299;171;57;38;19;18
160;10942;St.Gallen Stadt Favrestr. 5;10.10.2020;Samstag;1;18;11;5;0;3;4;12;22;28;175;334;472;534;490;465;466;517;518;194;42;29;21;20;15
161;10942;St.Gallen Stadt Favrestr. 5;10.10.2020;Samstag;2;17;7;7;0;5;4;20;44;124;283;463;530;521;443;457;479;483;299;78;40;25;21;18;15
162;10942;St.Gallen Stadt Favrestr. 5;11.10.2020;Sonntag;1;13;6;7;2;6;2;4;11;14;29;26;45;45;35;41;46;55;47;62;38;39;30;15;10
163;10942;St.Gallen Stadt Favrestr. 5;11.10.2020;Sonntag;2;13;8;5;2;5;3;4;11;16;27;27;42;41;37;36;50;54;50;53;39;37;29;17;10
164;10942;St.Gallen Stadt Favrestr. 5;12.10.2020;Montag;1;11;5;1;0;2;5;20;57;125;124;229;295;331;338;297;344;336;382;364;269;80;32;21;11
165;10942;St.Gallen Stadt Favrestr. 5;12.10.2020;Montag;2;13;7;1;0;3;11;35;158;173;194;275;336;324;263;334;366;316;299;271;162;39;36;24;13
166;10942;St.Gallen Stadt Favrestr. 5;13.10.2020;Dienstag;1;12;6;1;1;2;5;23;56;115;141;235;272;316;325;257;284;320;372;357;253;83;34;17;11
167;10942;St.Gallen Stadt Favrestr. 5;13.10.2020;Dienstag;2;14;6;0;2;2;8;34;137;177;205;287;298;321;297;266;304;312;291;270;148;44;30;15;14
168;10942;St.Gallen Stadt Favrestr. 5;14.10.2020;Mittwoch;1;13;9;0;0;2;5;25;54;108;147;230;290;310;349;264;305;326;377;413;287;71;33;25;10
169;10942;St.Gallen Stadt Favrestr. 5;14.10.2020;Mittwoch;2;14;9;0;0;3;13;40;131;175;222;277;282;331;310;277;322;309;334;308;162;53;36;22;12
170;10942;St.Gallen Stadt Favrestr. 5;15.10.2020;Donnerstag;1;15;5;0;2;3;6;23;63;124;143;254;312;358;372;316;364;397;383;388;302;206;135;48;17
171;10942;St.Gallen Stadt Favrestr. 5;15.10.2020;Donnerstag;2;13;5;0;2;5;12;35;147;193;228;279;346;368;347;350;403;338;342;293;234;169;67;24;14
172;10942;St.Gallen Stadt Favrestr. 5;16.10.2020;Freitag;1;13;7;1;1;2;5;20;65;100;162;274;416;431;407;401;396;464;443;407;343;106;23;27;20
173;10942;St.Gallen Stadt Favrestr. 5;16.10.2020;Freitag;2;14;8;1;2;5;6;41;143;154;269;399;392;459;367;401;425;413;354;360;173;49;28;23;16
174;10942;St.Gallen Stadt Favrestr. 5;17.10.2020;Samstag;1;12;11;2;1;1;4;15;28;29;160;292;431;524;509;425;436;455;499;200;48;22;31;27;17
175;10942;St.Gallen Stadt Favrestr. 5;17.10.2020;Samstag;2;15;7;3;2;3;7;23;41;127;272;382;515;501;435;407;466;450;283;76;40;26;30;27;17
176;10942;St.Gallen Stadt Favrestr. 5;18.10.2020;Sonntag;1;17;10;7;2;2;2;7;10;12;26;37;33;52;45;47;46;50;48;59;38;25;33;17;12
177;10942;St.Gallen Stadt Favrestr. 5;18.10.2020;Sonntag;2;18;9;8;5;0;1;6;11;14;28;38;30;48;42;50;44;51;50;52;42;33;33;12;10
178;10942;St.Gallen Stadt Favrestr. 5;19.10.2020;Montag;1;10;5;3;2;1;4;24;68;114;137;252;297;312;278;228;268;287;297;367;281;84;28;20;10
179;10942;St.Gallen Stadt Favrestr. 5;19.10.2020;Montag;2;11;7;2;2;3;12;45;148;182;217;285;285;280;267;251;293;262;252;301;163;48;27;21;11
180;10942;St.Gallen Stadt Favrestr. 5;20.10.2020;Dienstag;1;13;6;0;2;2;5;17;67;119;159;256;291;300;270;236;278;300;358;350;279;97;39;23;16
181;10942;St.Gallen Stadt Favrestr. 5;20.10.2020;Dienstag;2;12;5;0;2;3;8;38;156;177;230;277;312;270;248;281;284;283;311;305;155;45;31;26;20
182;10942;St.Gallen Stadt Favrestr. 5;21.10.2020;Mittwoch;1;14;4;1;1;2;5;27;71;113;139;256;297;327;269;261;289;316;393;372;269;89;28;15;14
183;10942;St.Gallen Stadt Favrestr. 5;21.10.2020;Mittwoch;2;14;6;0;1;3;12;44;129;200;228;295;312;271;293;265;317;315;329;289;147;45;27;14;15
184;10942;St.Gallen Stadt Favrestr. 5;22.10.2020;Donnerstag;1;13;7;0;1;0;4;22;75;132;175;252;307;334;302;276;339;332;288;351;303;224;130;54;16
185;10942;St.Gallen Stadt Favrestr. 5;22.10.2020;Donnerstag;2;13;7;0;1;2;10;33;149;217;258;297;289;328;280;319;336;309;258;328;253;155;65;29;15
186;10942;St.Gallen Stadt Favrestr. 5;23.10.2020;Freitag;1;14;5;1;2;0;2;21;62;106;183;310;404;461;410;362;442;435;469;433;382;98;27;23;18
187;10942;St.Gallen Stadt Favrestr. 5;23.10.2020;Freitag;2;14;7;1;2;2;10;42;147;205;292;417;388;435;363;418;418;427;402;362;187;53;33;23;13
188;10942;St.Gallen Stadt Favrestr. 5;24.10.2020;Samstag;1;14;8;6;0;2;2;11;33;37;166;287;437;517;499;450;499;531;507;182;45;29;31;26;19
189;10942;St.Gallen Stadt Favrestr. 5;24.10.2020;Samstag;2;15;7;7;1;3;3;20;47;140;287;356;505;533;455;472;520;438;304;54;41;27;28;27;17
190;10942;St.Gallen Stadt Favrestr. 5;25.10.2020;Sonntag;1;8;0;1;1;0;6;12;24;29;33;42;56;55;60;62;60;54;54;37;23;22;14;12;12
191;10942;St.Gallen Stadt Favrestr. 5;25.10.2020;Sonntag;2;9;0;2;1;0;7;12;24;38;40;53;53;54;57;64;57;53;46;36;19;26;15;11;11
192;10942;St.Gallen Stadt Favrestr. 5;26.10.2020;Montag;1;5;1;0;3;2;24;79;129;175;293;330;345;305;268;330;359;419;352;259;76;22;17;16;11
193;10942;St.Gallen Stadt Favrestr. 5;26.10.2020;Montag;2;6;0;0;4;8;42;170;197;271;345;314;311;280;317;332;342;317;287;136;36;22;18;14;12
194;10942;St.Gallen Stadt Favrestr. 5;27.10.2020;Dienstag;1;7;1;0;2;3;18;64;127;159;269;347;321;300;268;277;322;344;380;246;93;25;17;14;10
195;10942;St.Gallen Stadt Favrestr. 5;27.10.2020;Dienstag;2;6;1;0;3;11;40;163;175;265;322;315;310;292;271;274;316;312;291;130;47;25;16;13;10
196;10942;St.Gallen Stadt Favrestr. 5;28.10.2020;Mittwoch;1;6;1;0;2;5;21;63;110;160;279;303;338;292;280;318;336;383;358;292;74;25;25;12;8
197;10942;St.Gallen Stadt Favrestr. 5;28.10.2020;Mittwoch;2;5;1;0;3;10;40;139;191;270;319;293;323;272;313;325;327;303;274;145;43;26;23;10;10
198;10942;St.Gallen Stadt Favrestr. 5;29.10.2020;Donnerstag;1;8;1;0;2;4;22;62;132;160;278;339;332;315;307;339;337;406;340;278;178;123;50;15;13
199;10942;St.Gallen Stadt Favrestr. 5;29.10.2020;Donnerstag;2;7;1;0;3;11;38;135;224;263;327;309;310;300;360;333;360;297;261;239;133;65;22;11;14
200;10942;St.Gallen Stadt Favrestr. 5;30.10.2020;Freitag;1;6;1;0;3;4;20;67;138;196;330;391;381;350;346;331;431;473;448;314;90;29;26;13;16
201;10942;St.Gallen Stadt Favrestr. 5;30.10.2020;Freitag;2;7;0;0;8;6;45;152;214;335;381;348;367;347;332;389;411;416;364;170;41;26;22;13;17
202;10942;St.Gallen Stadt Favrestr. 5;31.10.2020;Samstag;1;9;0;0;0;4;9;32;36;193;340;487;478;429;448;442;447;500;181;42;33;33;21;15;23
203;10942;St.Gallen Stadt Favrestr. 5;31.10.2020;Samstag;2;7;3;0;3;1;22;53;153;314;449;519;449;408;444;429;464;274;71;42;32;26;22;22;18
204;10942;St.Gallen Stadt Favrestr. 5;01.11.2020;Sonntag;1;7;3;2;0;2;5;9;19;23;38;41;43;48;51;45;44;51;1;37;18;21;17;13;10
205;10942;St.Gallen Stadt Favrestr. 5;01.11.2020;Sonntag;2;7;4;2;0;1;6;10;19;28;37;45;41;42;49;44;46;52;41;1;20;21;14;12;11
206;10942;St.Gallen Stadt Favrestr. 5;02.11.2020;Montag;1;5;1;1;3;2;22;62;120;144;255;335;305;286;258;271;313;330;349;233;56;26;26;15;10
207;10942;St.Gallen Stadt Favrestr. 5;02.11.2020;Montag;2;6;0;1;3;11;43;151;177;248;278;295;305;266;267;293;280;282;286;123;35;24;28;12;11
208;10942;St.Gallen Stadt Favrestr. 5;03.11.2020;Dienstag;1;8;1;1;2;2;25;46;118;130;224;289;324;300;267;251;321;359;377;233;91;32;17;12;13
209;10942;St.Gallen Stadt Favrestr. 5;03.11.2020;Dienstag;2;8;0;0;3;6;45;112;187;211;305;279;312;287;256;309;299;299;287;89;39;28;15;10;15
210;10942;St.Gallen Stadt Favrestr. 5;04.11.2020;Mittwoch;1;7;0;1;1;5;14;59;105;157;264;302;305;317;270;279;334;388;386;253;86;6;26;12;12
211;10942;St.Gallen Stadt Favrestr. 5;04.11.2020;Mittwoch;2;6;1;1;0;13;35;122;188;274;308;303;278;292;287;354;322;303;294;145;41;19;25;9;12
212;10942;St.Gallen Stadt Favrestr. 5;05.11.2020;Donnerstag;1;7;0;1;1;2;13;52;29;140;236;291;348;299;302;312;394;365;353;282;205;125;62;17;13
213;10942;St.Gallen Stadt Favrestr. 5;05.11.2020;Donnerstag;2;7;1;0;0;11;26;109;140;233;296;312;314;309;316;371;332;298;301;234;148;65;26;14;17
214;10942;St.Gallen Stadt Favrestr. 5;06.11.2020;Freitag;1;6;0;1;0;2;15;63;96;162;308;351;398;392;324;329;426;483;423;363;129;26;19;13;13
215;10942;St.Gallen Stadt Favrestr. 5;06.11.2020;Freitag;2;7;1;0;7;5;37;124;168;307;393;360;382;344;327;394;408;408;385;178;52;27;21;10;16
216;10942;St.Gallen Stadt Favrestr. 5;07.11.2020;Samstag;1;9;5;3;2;2;11;28;28;156;329;448;496;468;466;473;504;532;248;45;31;31;17;11;13
217;10942;St.Gallen Stadt Favrestr. 5;07.11.2020;Samstag;2;14;6;1;5;0;18;47;115;313;404;504;487;447;428;476;519;360;70;44;24;32;17;11;15
218;10942;St.Gallen Stadt Favrestr. 5;08.11.2020;Sonntag;1;8;2;1;1;1;6;8;17;23;28;38;42;51;44;40;52;58;52;36;25;1;16;10;12
219;10942;St.Gallen Stadt Favrestr. 5;08.11.2020;Sonntag;2;7;3;0;1;1;7;9;17;22;30;38;45;49;41;44;58;50;48;35;25;24;10;12;12
220;10942;St.Gallen Stadt Favrestr. 5;09.11.2020;Montag;1;5;1;0;1;4;19;63;129;145;228;321;293;319;277;291;325;314;392;246;111;26;23;15;11
221;10942;St.Gallen Stadt Favrestr. 5;09.11.2020;Montag;2;7;0;0;2;9;42;147;175;248;290;295;291;303;280;324;296;288;291;154;53;27;27;13;10
222;10942;St.Gallen Stadt Favrestr. 5;10.11.2020;Dienstag;1;5;1;0;2;3;15;70;108;142;258;300;344;287;259;288;304;355;354;207;96;23;22;14;12
223;10942;St.Gallen Stadt Favrestr. 5;10.11.2020;Dienstag;2;7;0;0;2;10;36;138;170;243;301;325;283;288;275;316;294;287;305;131;45;22;21;13;11
224;10942;St.Gallen Stadt Favrestr. 5;11.11.2020;Mittwoch;1;5;4;0;2;6;18;71;123;167;249;332;355;313;286;299;327;374;416;269;98;29;26;13;10
225;10942;St.Gallen Stadt Favrestr. 5;11.11.2020;Mittwoch;2;6;4;1;1;12;40;134;195;269;327;331;327;275;323;322;313;328;309;155;53;27;20;12;11
226;10942;St.Gallen Stadt Favrestr. 5;12.11.2020;Donnerstag;1;6;1;1;2;4;15;61;104;149;258;279;336;325;282;297;337;354;372;319;213;134;73;15;14
227;10942;St.Gallen Stadt Favrestr. 5;12.11.2020;Donnerstag;2;5;1;1;3;10;29;118;179;267;296;299;331;295;317;317;338;297;335;257;159;70;33;13;13
228;10942;St.Gallen Stadt Favrestr. 5;13.11.2020;Freitag;1;7;1;0;2;3;22;60;112;218;343;429;408;385;350;344;416;470;477;321;120;27;19;19;11
229;10942;St.Gallen Stadt Favrestr. 5;13.11.2020;Freitag;2;8;0;0;9;5;53;123;208;368;409;382;384;352;374;372;414;435;358;140;49;31;19;18;11
230;10942;St.Gallen Stadt Favrestr. 5;14.11.2020;Samstag;1;11;3;0;1;2;12;30;33;189;365;501;539;486;515;482;467;524;225;1;29;23;24;16;15
231;10942;St.Gallen Stadt Favrestr. 5;14.11.2020;Samstag;2;8;6;1;4;1;24;45;124;364;475;549;517;460;487;456;445;363;70;37;28;27;23;15;14
232;10942;St.Gallen Stadt Favrestr. 5;15.11.2020;Sonntag;1;12;2;1;0;2;8;10;14;25;42;33;44;38;57;63;58;57;62;32;30;25;12;12;14
233;10942;St.Gallen Stadt Favrestr. 5;15.11.2020;Sonntag;2;11;3;2;0;0;5;13;20;29;33;34;46;40;59;54;62;66;58;32;26;32;11;14;12
234;10942;St.Gallen Stadt Favrestr. 5;16.11.2020;Montag;1;7;2;1;1;4;17;72;149;162;246;326;345;357;267;330;346;409;388;253;89;23;22;13;12
235;10942;St.Gallen Stadt Favrestr. 5;16.11.2020;Montag;2;6;2;1;0;11;46;157;205;252;317;342;321;314;310;333;343;319;286;155;31;31;21;12;14
236;10942;St.Gallen Stadt Favrestr. 5;17.11.2020;Dienstag;1;7;1;1;1;3;17;54;102;137;258;329;311;307;256;288;335;340;405;280;91;29;17;14;14
237;10942;St.Gallen Stadt Favrestr. 5;17.11.2020;Dienstag;2;7;1;1;2;9;35;129;164;248;322;323;292;292;262;332;314;309;306;156;42;29;17;14;12
238;10942;St.Gallen Stadt Favrestr. 5;18.11.2020;Mittwoch;1;9;1;2;1;3;22;61;110;144;262;363;327;333;262;303;330;406;383;287;92;25;23;13;15
239;10942;St.Gallen Stadt Favrestr. 5;18.11.2020;Mittwoch;2;12;2;0;1;9;47;121;192;257;328;344;249;288;302;357;325;334;272;169;46;20;25;16;14
240;10942;St.Gallen Stadt Favrestr. 5;19.11.2020;Donnerstag;1;6;0;0;3;4;21;60;112;173;286;373;385;349;319;349;409;412;408;304;218;116;27;12;10
241;10942;St.Gallen Stadt Favrestr. 5;19.11.2020;Donnerstag;2;5;0;0;4;8;41;116;182;298;367;348;347;350;355;400;356;352;345;239;142;64;25;12;11
242;10942;St.Gallen Stadt Favrestr. 5;20.11.2020;Freitag;1;5;4;2;0;2;17;57;116;177;338;405;425;362;352;437;492;570;382;318;119;28;19;14;14
243;10942;St.Gallen Stadt Favrestr. 5;20.11.2020;Freitag;2;5;3;2;7;4;46;129;178;363;412;406;340;376;412;463;496;410;299;174;49;30;17;13;15
244;10942;St.Gallen Stadt Favrestr. 5;21.11.2020;Samstag;1;12;1;2;3;1;13;22;38;165;334;526;587;540;473;514;553;529;203;38;21;31;19;19;22
245;10942;St.Gallen Stadt Favrestr. 5;21.11.2020;Samstag;2;13;4;2;4;1;21;41;126;325;479;572;532;488;465;534;481;341;68;40;23;29;20;16;17
246;10942;St.Gallen Stadt Favrestr. 5;22.11.2020;Sonntag;1;6;0;0;1;1;5;11;15;24;28;36;50;40;53;56;58;48;49;30;22;18;13;11;14
247;10942;St.Gallen Stadt Favrestr. 5;22.11.2020;Sonntag;2;8;0;1;1;0;7;13;14;28;23;35;50;39;51;61;55;57;43;30;21;20;12;10;12
248;10942;St.Gallen Stadt Favrestr. 5;23.11.2020;Montag;1;6;1;0;0;5;16;61;117;142;256;309;336;305;252;316;355;354;396;249;88;23;17;13;11
249;10942;St.Gallen Stadt Favrestr. 5;23.11.2020;Montag;2;6;1;0;1;10;43;143;188;222;317;297;303;285;310;345;311;296;317;132;35;33;14;14;11
250;10942;St.Gallen Stadt Favrestr. 5;24.11.2020;Dienstag;1;7;3;2;1;5;18;55;110;185;254;317;356;314;267;334;361;381;408;295;102;35;20;13;10
251;10942;St.Gallen Stadt Favrestr. 5;24.11.2020;Dienstag;2;6;1;1;2;8;38;136;178;283;287;336;302;282;293;369;341;346;306;161;39;25;20;14;10
252;10942;St.Gallen Stadt Favrestr. 5;25.11.2020;Mittwoch;1;7;1;1;5;3;13;61;120;145;264;352;383;316;278;336;412;432;402;297;85;23;24;19;9
253;10942;St.Gallen Stadt Favrestr. 5;25.11.2020;Mittwoch;2;8;1;1;4;11;36;130;219;260;335;349;309;312;308;387;365;357;327;136;41;26;25;14;10
254;10942;St.Gallen Stadt Favrestr. 5;26.11.2020;Donnerstag;1;7;0;0;4;1;14;65;110;132;304;316;320;337;322;343;375;404;409;323;219;138;53;12;11
255;10942;St.Gallen Stadt Favrestr. 5;26.11.2020;Donnerstag;2;7;0;1;3;9;30;126;197;194;345;332;278;333;328;362;381;326;368;240;145;71;22;12;11
256;10942;St.Gallen Stadt Favrestr. 5;27.11.2020;Freitag;1;6;0;1;1;4;19;62;121;198;360;468;425;434;387;416;468;527;488;385;136;57;22;19;12
257;10942;St.Gallen Stadt Favrestr. 5;27.11.2020;Freitag;2;6;0;1;5;6;41;137;222;361;433;438;405;414;383;459;469;438;412;205;68;33;25;17;11
258;10942;St.Gallen Stadt Favrestr. 5;28.11.2020;Samstag;1;16;2;0;2;1;15;32;43;172;344;469;598;534;583;577;624;626;243;40;22;25;18;14;13
259;10942;St.Gallen Stadt Favrestr. 5;28.11.2020;Samstag;2;14;6;2;4;0;18;54;118;345;444;579;606;512;537;608;601;369;71;38;24;22;19;13;10
260;10942;St.Gallen Stadt Favrestr. 5;29.11.2020;Sonntag;1;7;0;0;0;1;6;10;17;28;33;45;46;40;55;59;51;41;54;39;29;22;19;14;12
261;10942;St.Gallen Stadt Favrestr. 5;29.11.2020;Sonntag;2;9;1;0;1;1;6;10;25;29;35;42;48;34;62;59;44;45;50;41;24;23;17;16;11
262;10942;St.Gallen Stadt Favrestr. 5;30.11.2020;Montag;1;5;0;0;1;5;21;59;115;160;267;342;401;378;306;370;370;427;460;288;77;27;17;13;10
263;10942;St.Gallen Stadt Favrestr. 5;30.11.2020;Montag;2;5;0;0;3;10;47;133;208;259;324;350;367;338;366;378;356;372;342;133;41;30;17;11;11
264;10942;St.Gallen Stadt Favrestr. 5;01.12.2020;Dienstag;1;7;1;0;0;2;19;61;112;149;217;300;301;311;280;326;387;380;417;330;95;27;15;16;9
265;10942;St.Gallen Stadt Favrestr. 5;01.12.2020;Dienstag;2;7;1;0;0;11;35;130;191;241;255;282;314;271;305;380;359;335;305;191;49;24;19;12;9
266;10942;St.Gallen Stadt Favrestr. 5;02.12.2020;Mittwoch;1;7;0;0;2;5;18;57;113;143;295;362;400;355;321;351;399;431;370;305;86;25;17;12;10
267;10942;St.Gallen Stadt Favrestr. 5;02.12.2020;Mittwoch;2;7;0;0;4;14;43;125;195;267;357;349;378;342;292;407;390;376;280;146;48;26;19;12;13
268;10942;St.Gallen Stadt Favrestr. 5;03.12.2020;Donnerstag;1;7;1;0;4;7;21;59;117;149;223;361;369;333;275;362;378;417;383;340;194;167;54;16;13
269;10942;St.Gallen Stadt Favrestr. 5;03.12.2020;Donnerstag;2;5;1;1;4;13;40;134;198;253;308;337;350;298;341;372;361;360;329;257;168;86;14;17;13
270;10942;St.Gallen Stadt Favrestr. 5;04.12.2020;Freitag;1;5;1;1;2;2;26;59;113;181;336;450;438;418;412;470;488;502;451;379;124;32;32;16;11
271;10942;St.Gallen Stadt Favrestr. 5;04.12.2020;Freitag;2;5;1;1;9;6;49;125;207;340;421;422;436;413;415;480;460;444;360;210;47;40;26;12;12
272;10942;St.Gallen Stadt Favrestr. 5;05.12.2020;Samstag;1;6;1;6;1;6;15;29;30;194;349;477;629;558;529;599;569;561;201;37;23;23;25;16;15
273;10942;St.Gallen Stadt Favrestr. 5;05.12.2020;Samstag;2;5;6;4;4;6;22;44;129;348;439;585;639;486;539;572;565;304;57;39;22;25;21;15;19
274;10942;St.Gallen Stadt Favrestr. 5;06.12.2020;Sonntag;1;11;2;2;1;4;8;13;14;17;37;31;36;38;46;48;28;38;39;31;23;19;14;12;12
275;10942;St.Gallen Stadt Favrestr. 5;06.12.2020;Sonntag;2;11;5;0;0;4;10;13;14;16;37;28;43;38;45;48;32;35;37;34;17;20;10;16;13
276;10942;St.Gallen Stadt Favrestr. 5;07.12.2020;Montag;1;6;1;0;1;7;17;56;115;144;272;322;318;302;274;336;377;399;416;305;72;23;14;10;11
277;10942;St.Gallen Stadt Favrestr. 5;07.12.2020;Montag;2;7;1;1;1;15;38;139;202;237;302;304;312;326;251;384;349;355;301;178;33;21;15;9;12
278;10942;St.Gallen Stadt Favrestr. 5;08.12.2020;Dienstag;1;8;1;0;3;3;20;59;112;170;265;354;330;347;345;354;404;394;400;300;89;28;18;10;16
279;10942;St.Gallen Stadt Favrestr. 5;08.12.2020;Dienstag;2;8;2;1;3;12;32;137;213;260;351;331;337;342;320;408;362;321;313;155;45;27;19;13;15
280;10942;St.Gallen Stadt Favrestr. 5;09.12.2020;Mittwoch;1;6;2;0;2;7;22;61;117;162;265;332;326;357;263;313;331;367;359;289;84;27;16;11;10
281;10942;St.Gallen Stadt Favrestr. 5;09.12.2020;Mittwoch;2;6;1;1;3;13;40;131;219;270;314;342;323;309;276;339;328;267;287;154;46;21;16;11;8
282;10942;St.Gallen Stadt Favrestr. 5;10.12.2020;Donnerstag;1;6;1;1;1;5;23;48;105;146;236;357;400;340;298;370;404;400;410;338;174;121;56;13;13
283;10942;St.Gallen Stadt Favrestr. 5;10.12.2020;Donnerstag;2;6;2;1;2;11;40;126;213;272;312;360;349;326;351;407;354;351;346;224;122;72;23;13;14
284;10942;St.Gallen Stadt Favrestr. 5;11.12.2020;Freitag;1;9;1;3;2;5;21;59;110;204;282;406;430;411;350;430;462;511;410;355;143;25;21;13;10
285;10942;St.Gallen Stadt Favrestr. 5;11.12.2020;Freitag;2;7;1;3;6;11;40;130;225;317;373;417;406;376;376;456;422;446;346;179;52;31;16;12;14
286;10942;St.Gallen Stadt Favrestr. 5;12.12.2020;Samstag;1;7;4;3;1;5;10;29;46;198;344;504;608;522;487;580;578;570;244;35;28;25;20;13;9
287;10942;St.Gallen Stadt Favrestr. 5;12.12.2020;Samstag;2;7;6;3;1;6;19;53;155;341;474;579;569;477;531;572;528;341;87;31;32;22;22;13;11
288;10942;St.Gallen Stadt Favrestr. 5;13.12.2020;Sonntag;1;9;4;1;1;1;5;8;19;18;29;27;30;35;43;31;42;41;30;31;23;16;12;16;12
289;10942;St.Gallen Stadt Favrestr. 5;13.12.2020;Sonntag;2;9;3;1;0;0;5;9;18;19;26;29;30;35;46;35;35;42;30;30;25;18;11;14;11
290;10942;St.Gallen Stadt Favrestr. 5;14.12.2020;Montag;1;6;0;1;0;3;22;66;122;187;313;375;368;354;318;379;402;419;444;277;79;21;19;11;11
291;10942;St.Gallen Stadt Favrestr. 5;14.12.2020;Montag;2;6;0;1;2;13;38;143;215;305;385;363;333;349;329;414;384;353;329;152;38;19;16;10;14
292;10942;St.Gallen Stadt Favrestr. 5;15.12.2020;Dienstag;1;7;1;0;2;2;21;56;119;178;299;350;372;377;311;358;403;454;462;330;81;22;15;13;10
293;10942;St.Gallen Stadt Favrestr. 5;15.12.2020;Dienstag;2;7;0;0;2;11;40;135;204;275;360;370;358;331;362;388;378;377;369;164;45;23;14;13;10
294;10942;St.Gallen Stadt Favrestr. 5;16.12.2020;Mittwoch;1;7;5;1;0;4;23;72;120;197;333;384;412;367;326;380;413;441;464;336;52;26;20;13;12
295;10942;St.Gallen Stadt Favrestr. 5;16.12.2020;Mittwoch;2;9;3;1;1;13;44;136;230;343;376;354;366;366;359;394;388;408;364;190;32;20;17;13;13
296;10942;St.Gallen Stadt Favrestr. 5;17.12.2020;Donnerstag;1;11;0;1;1;6;21;67;116;163;305;420;411;347;344;418;383;446;468;410;126;24;20;15;13
297;10942;St.Gallen Stadt Favrestr. 5;17.12.2020;Donnerstag;2;10;0;1;2;12;39;141;213;278;383;404;366;350;398;380;401;403;411;211;48;23;23;12;12
298;10942;St.Gallen Stadt Favrestr. 5;18.12.2020;Freitag;1;8;1;1;0;3;17;66;128;222;371;462;523;429;426;481;531;525;455;401;95;27;22;14;12
299;10942;St.Gallen Stadt Favrestr. 5;18.12.2020;Freitag;2;11;1;1;5;8;45;140;242;383;433;471;473;415;448;517;507;461;347;200;45;24;19;15;14
300;10942;St.Gallen Stadt Favrestr. 5;19.12.2020;Samstag;1;13;5;1;2;6;11;25;41;239;457;505;536;549;561;577;534;530;195;55;32;23;14;10;12
301;10942;St.Gallen Stadt Favrestr. 5;19.12.2020;Samstag;2;17;8;1;0;7;21;48;174;409;492;552;553;517;515;578;537;297;82;45;1;11;14;12;13
302;10942;St.Gallen Stadt Favrestr. 5;20.12.2020;Sonntag;1;5;1;0;1;1;5;10;11;20;20;26;34;23;38;27;37;40;30;23;24;16;13;14;11
303;10942;St.Gallen Stadt Favrestr. 5;20.12.2020;Sonntag;2;5;2;0;1;0;5;14;15;16;21;22;34;22;39;29;35;36;27;24;22;13;17;16;9
304;10942;St.Gallen Stadt Favrestr. 5;21.12.2020;Montag;1;6;3;0;2;5;15;58;119;221;406;522;556;491;442;518;592;563;511;341;103;23;19;9;10
305;10942;St.Gallen Stadt Favrestr. 5;21.12.2020;Montag;2;8;1;0;5;11;48;137;243;359;485;532;534;444;497;595;525;487;349;173;42;25;16;10;12
306;10942;St.Gallen Stadt Favrestr. 5;22.12.2020;Dienstag;1;13;1;1;1;3;17;49;128;254;406;516;540;437;454;489;579;507;524;367;111;20;15;10;15
307;10942;St.Gallen Stadt Favrestr. 5;22.12.2020;Dienstag;2;9;1;2;3;7;48;171;229;358;473;541;479;431;464;521;520;484;412;170;39;19;14;12;12
308;10942;St.Gallen Stadt Favrestr. 5;23.12.2020;Mittwoch;1;6;1;0;1;3;15;49;187;356;466;554;633;588;531;638;609;592;489;373;111;26;19;13;12
309;10942;St.Gallen Stadt Favrestr. 5;23.12.2020;Mittwoch;2;6;5;1;8;6;48;160;367;460;525;590;585;551;549;637;594;482;417;187;39;1;14;13;12
310;10942;St.Gallen Stadt Favrestr. 5;24.12.2020;Donnerstag;1;9;4;0;1;4;16;38;233;311;421;519;551;505;482;474;417;306;146;34;22;22;15;16;14
311;10942;St.Gallen Stadt Favrestr. 5;24.12.2020;Donnerstag;2;10;5;3;6;7;44;154;314;365;473;560;517;472;479;422;341;191;61;33;24;3;14;17;15
312;10942;St.Gallen Stadt Favrestr. 5;25.12.2020;Freitag;1;10;3;4;2;0;4;10;10;9;17;15;27;21;20;29;17;30;22;14;16;20;14;16;11
313;10942;St.Gallen Stadt Favrestr. 5;25.12.2020;Freitag;2;8;4;5;1;0;4;9;11;10;18;16;24;22;21;23;20;26;22;17;20;18;15;12;13
314;10942;St.Gallen Stadt Favrestr. 5;26.12.2020;Samstag;1;9;2;4;0;1;8;11;10;13;23;30;33;29;32;42;52;38;26;18;16;15;13;12;16
315;10942;St.Gallen Stadt Favrestr. 5;26.12.2020;Samstag;2;10;4;3;0;3;8;11;10;13;23;27;31;32;33;41;46;41;26;18;14;17;15;12;17
316;10942;St.Gallen Stadt Favrestr. 5;27.12.2020;Sonntag;1;13;5;0;0;1;6;9;9;16;23;16;32;33;35;29;34;37;24;24;21;14;17;11;12
317;10942;St.Gallen Stadt Favrestr. 5;27.12.2020;Sonntag;2;13;6;0;1;0;5;9;11;15;22;16;39;31;32;25;33;39;26;22;21;12;14;11;12
318;10942;St.Gallen Stadt Favrestr. 5;28.12.2020;Montag;1;8;3;0;1;3;16;47;90;175;278;419;467;474;462;480;536;489;370;250;67;18;14;14;13
319;10942;St.Gallen Stadt Favrestr. 5;28.12.2020;Montag;2;10;2;0;4;10;45;88;126;286;370;451;496;456;442;542;481;396;274;121;27;20;16;10;15
320;10942;St.Gallen Stadt Favrestr. 5;29.12.2020;Dienstag;1;10;5;0;1;4;13;37;80;140;294;361;471;404;404;454;490;443;383;311;77;19;14;15;15
321;10942;St.Gallen Stadt Favrestr. 5;29.12.2020;Dienstag;2;8;5;0;5;4;30;89;127;266;350;452;406;398;436;448;486;372;319;157;31;15;18;14;14
322;10942;St.Gallen Stadt Favrestr. 5;30.12.2020;Mittwoch;1;8;3;0;0;5;14;37;88;173;340;435;472;465;489;622;576;535;517;365;83;17;16;12;10
323;10942;St.Gallen Stadt Favrestr. 5;30.12.2020;Mittwoch;2;7;3;0;5;5;37;91;152;290;429;517;452;480;592;548;555;510;368;186;30;14;14;11;12
324;10942;St.Gallen Stadt Favrestr. 5;31.12.2020;Donnerstag;1;8;0;2;2;2;14;42;119;211;355;467;545;576;583;595;554;431;156;45;30;18;12;10;9
325;10942;St.Gallen Stadt Favrestr. 5;31.12.2020;Donnerstag;2;8;4;1;3;10;41;100;216;261;448;563;568;537;563;568;474;241;56;43;25;14;12;11;12
