LNR	ORT-ID	BEZEICHNUNG	DATUM	WOCHENTAG	RI	1	2	3	4	5	6	7	8	9	10	11	12	13	14	15	16	17	18	19	20	21	22	23	24
0	10934	St.Gallen Stadt Speicherstr 54	01.01.2020	Mittwoch	1	107	73	46	29	17	12	12	27	14	46	62	59	86	139	154	223	255	149	53	51	45	17	16	17
1	10934	St.Gallen Stadt Speicherstr 54	01.01.2020	Mittwoch	2	51	51	39	35	17	20	16	14	24	29	60	98	118	137	202	135	99	65	56	56	34	32	20	14
4	10934	St.Gallen Stadt Speicherstr 54	02.01.2020	Donnerstag	1	4	6	4	1	6	7	40	73	73	87	108	127	124	181	236	341	305	206	90	53	45	32	23	19
5	10934	St.Gallen Stadt Speicherstr 54	02.01.2020	Donnerstag	2	5	5	1	5	3	13	29	37	52	78	127	173	203	243	245	162	144	139	91	70	69	42	46	22
8	10934	St.Gallen Stadt Speicherstr 54	03.01.2020	Freitag	1	11	4	2	5	10	17	62	111	95	110	132	113	109	147	170	151	146	123	82	55	38	39	38	31
9	10934	St.Gallen Stadt Speicherstr 54	03.01.2020	Freitag	2	16	8	2	3	10	20	30	46	52	84	113	136	127	140	140	139	160	159	123	84	58	41	35	41
12	10934	St.Gallen Stadt Speicherstr 54	04.01.2020	Samstag	1	17	9	11	8	7	6	22	47	80	98	115	125	101	110	124	109	104	95	77	69	49	36	34	33
13	10934	St.Gallen Stadt Speicherstr 54	04.01.2020	Samstag	2	26	10	14	6	12	9	16	20	44	51	82	133	112	102	135	110	148	131	92	51	48	46	53	43
16	10934	St.Gallen Stadt Speicherstr 54	05.01.2020	Sonntag	1	16	11	13	9	5	9	14	24	41	89	83	94	107	159	210	224	217	131	73	62	55	32	12	7
17	10934	St.Gallen Stadt Speicherstr 54	05.01.2020	Sonntag	2	38	23	16	13	11	9	8	27	25	58	101	147	165	205	210	144	128	114	75	80	61	36	29	11
20	10934	St.Gallen Stadt Speicherstr 54	06.01.2020	Montag	1	8	1	3	3	14	28	131	237	151	116	121	124	102	157	152	189	209	160	98	66	51	39	17	10
21	10934	St.Gallen Stadt Speicherstr 54	06.01.2020	Montag	2	5	4	2	2	4	23	87	111	99	77	122	149	123	159	156	165	171	202	158	113	86	52	50	22
24	10934	St.Gallen Stadt Speicherstr 54	07.01.2020	Dienstag	1	6	4	3	3	11	30	144	238	158	106	116	123	84	157	122	133	134	158	92	78	47	37	24	18
25	10934	St.Gallen Stadt Speicherstr 54	07.01.2020	Dienstag	2	5	5	2	3	5	24	83	98	81	95	95	140	120	134	102	132	162	188	153	129	81	64	48	33
28	10934	St.Gallen Stadt Speicherstr 54	08.01.2020	Mittwoch	1	5	1	3	3	8	25	149	212	175	124	99	131	121	140	139	167	182	167	116	95	48	48	36	20
29	10934	St.Gallen Stadt Speicherstr 54	08.01.2020	Mittwoch	2	9	3	3	2	9	19	70	113	89	83	114	156	148	136	154	137	174	194	177	127	96	62	74	35
32	10934	St.Gallen Stadt Speicherstr 54	09.01.2020	Donnerstag	1	10	3	5	3	13	29	147	243	172	132	134	144	102	146	172	170	188	168	149	91	57	56	29	18
33	10934	St.Gallen Stadt Speicherstr 54	09.01.2020	Donnerstag	2	5	4	4	1	8	28	87	101	114	103	131	148	120	177	146	133	164	192	183	113	98	84	68	41
36	10934	St.Gallen Stadt Speicherstr 54	10.01.2020	Freitag	1	13	4	2	1	9	28	123	207	167	161	119	128	99	155	156	171	150	152	147	82	69	52	48	62
37	10934	St.Gallen Stadt Speicherstr 54	10.01.2020	Freitag	2	17	7	3	1	5	28	76	83	108	99	116	148	119	144	158	148	180	199	198	113	86	68	70	60
40	10934	St.Gallen Stadt Speicherstr 54	11.01.2020	Samstag	1	26	14	15	8	6	11	26	66	93	137	133	146	107	135	147	136	144	106	103	69	48	65	40	38
41	10934	St.Gallen Stadt Speicherstr 54	11.01.2020	Samstag	2	28	27	12	11	8	12	37	28	48	81	109	148	105	143	145	166	167	147	136	85	44	60	48	58
44	10934	St.Gallen Stadt Speicherstr 54	12.01.2020	Sonntag	1	29	26	15	6	12	8	24	23	43	77	99	112	147	222	274	266	281	144	97	71	54	40	17	10
45	10934	St.Gallen Stadt Speicherstr 54	12.01.2020	Sonntag	2	35	24	18	11	13	9	15	22	38	77	113	185	241	254	202	189	135	110	89	77	72	45	23	9
48	10934	St.Gallen Stadt Speicherstr 54	13.01.2020	Montag	1	8	0	2	4	7	31	160	231	159	112	119	133	116	163	156	156	190	147	116	94	45	33	27	8
49	10934	St.Gallen Stadt Speicherstr 54	13.01.2020	Montag	2	7	1	0	2	3	27	81	117	83	115	110	147	120	141	161	129	165	224	180	122	92	82	48	21
52	10934	St.Gallen Stadt Speicherstr 54	14.01.2020	Dienstag	1	7	3	3	4	11	31	156	251	158	114	118	148	100	165	155	187	196	176	99	72	44	45	31	15
53	10934	St.Gallen Stadt Speicherstr 54	14.01.2020	Dienstag	2	7	3	6	2	7	19	90	105	91	106	104	157	127	170	171	145	167	222	194	117	89	59	62	25
56	10934	St.Gallen Stadt Speicherstr 54	15.01.2020	Mittwoch	1	9	5	2	1	11	32	145	251	184	122	121	120	107	174	179	178	187	173	135	92	56	28	42	22
57	10934	St.Gallen Stadt Speicherstr 54	15.01.2020	Mittwoch	2	8	4	1	0	7	22	75	119	98	81	95	173	127	161	177	146	198	236	193	117	91	62	72	27
60	10934	St.Gallen Stadt Speicherstr 54	16.01.2020	Donnerstag	1	6	4	3	6	7	28	151	225	150	131	137	141	103	162	169	171	212	199	109	88	75	42	38	25
61	10934	St.Gallen Stadt Speicherstr 54	16.01.2020	Donnerstag	2	14	4	3	2	7	23	66	124	103	102	129	152	130	189	178	138	172	216	185	128	99	85	62	44
64	10934	St.Gallen Stadt Speicherstr 54	17.01.2020	Freitag	1	14	8	5	5	5	33	149	221	156	157	133	137	106	169	168	146	177	158	136	87	85	50	56	39
65	10934	St.Gallen Stadt Speicherstr 54	17.01.2020	Freitag	2	25	4	5	2	5	25	91	124	99	115	107	182	137	139	138	144	198	244	174	120	57	77	71	56
68	10934	St.Gallen Stadt Speicherstr 54	18.01.2020	Samstag	1	32	9	12	9	4	11	35	76	99	142	125	136	108	126	174	145	148	139	79	70	52	53	49	42
69	10934	St.Gallen Stadt Speicherstr 54	18.01.2020	Samstag	2	40	22	5	11	5	13	21	40	53	80	109	152	136	149	173	146	168	158	118	62	50	45	41	66
72	10934	St.Gallen Stadt Speicherstr 54	19.01.2020	Sonntag	1	22	18	15	4	9	7	24	30	51	103	97	82	112	129	141	131	164	126	89	74	69	51	19	3
73	10934	St.Gallen Stadt Speicherstr 54	19.01.2020	Sonntag	2	39	19	13	11	13	13	16	27	35	53	66	114	99	143	139	137	145	132	109	80	82	47	20	11
76	10934	St.Gallen Stadt Speicherstr 54	20.01.2020	Montag	1	3	3	1	4	11	30	146	252	142	109	123	134	94	143	163	141	194	156	99	109	69	25	19	11
77	10934	St.Gallen Stadt Speicherstr 54	20.01.2020	Montag	2	7	1	2	3	9	22	82	108	98	103	113	118	114	144	129	156	162	230	174	123	78	77	54	23
80	10934	St.Gallen Stadt Speicherstr 54	21.01.2020	Dienstag	1	4	2	1	1	17	25	159	239	168	100	130	114	93	145	140	179	185	166	113	66	47	39	26	12
81	10934	St.Gallen Stadt Speicherstr 54	21.01.2020	Dienstag	2	9	5	0	4	8	21	74	101	106	79	144	135	103	134	161	143	158	219	173	116	84	72	61	19
84	10934	St.Gallen Stadt Speicherstr 54	22.01.2020	Mittwoch	1	7	2	1	4	13	25	154	243	181	132	131	116	92	139	153	176	208	170	127	93	45	51	44	17
85	10934	St.Gallen Stadt Speicherstr 54	22.01.2020	Mittwoch	2	12	5	0	0	6	23	78	114	120	93	111	158	129	150	151	132	173	216	178	124	66	71	77	39
88	10934	St.Gallen Stadt Speicherstr 54	23.01.2020	Donnerstag	1	10	4	3	2	9	31	143	248	180	120	141	121	116	164	135	160	182	189	125	87	73	54	49	37
89	10934	St.Gallen Stadt Speicherstr 54	23.01.2020	Donnerstag	2	14	7	2	1	4	22	88	103	128	96	138	154	135	141	120	136	155	209	206	154	85	87	77	44
92	10934	St.Gallen Stadt Speicherstr 54	24.01.2020	Freitag	1	10	5	5	4	11	31	146	206	154	147	156	144	104	163	186	203	202	222	142	102	55	47	47	34
93	10934	St.Gallen Stadt Speicherstr 54	24.01.2020	Freitag	2	15	5	4	2	8	14	94	95	94	133	132	197	154	161	174	156	192	233	179	90	85	71	59	53
96	10934	St.Gallen Stadt Speicherstr 54	25.01.2020	Samstag	1	30	15	9	5	9	9	32	71	78	141	158	135	112	154	177	189	177	122	93	56	44	47	48	22
97	10934	St.Gallen Stadt Speicherstr 54	25.01.2020	Samstag	2	28	17	10	10	7	13	31	37	61	82	116	160	136	147	210	188	150	142	102	59	49	35	54	30
100	10934	St.Gallen Stadt Speicherstr 54	26.01.2020	Sonntag	1	16	21	17	13	7	7	14	30	38	87	96	94	118	191	199	271	272	144	93	61	53	44	26	6
101	10934	St.Gallen Stadt Speicherstr 54	26.01.2020	Sonntag	2	33	23	16	13	8	11	16	30	33	66	92	171	176	227	236	173	118	104	93	56	53	39	33	12
104	10934	St.Gallen Stadt Speicherstr 54	27.01.2020	Montag	1	5	1	1	4	14	26	129	178	113	109	94	114	89	120	128	145	132	128	77	56	44	32	17	9
105	10934	St.Gallen Stadt Speicherstr 54	27.01.2020	Montag	2	8	2	1	5	3	20	64	87	72	85	100	119	89	123	143	104	128	201	147	70	65	51	30	18
108	10934	St.Gallen Stadt Speicherstr 54	28.01.2020	Dienstag	1	4	4	2	3	15	32	130	179	132	116	110	109	77	110	125	130	119	155	87	53	42	20	25	15
109	10934	St.Gallen Stadt Speicherstr 54	28.01.2020	Dienstag	2	6	5	1	4	7	17	65	101	74	91	97	125	100	103	106	109	131	187	146	106	55	52	45	30
112	10934	St.Gallen Stadt Speicherstr 54	29.01.2020	Mittwoch	1	9	7	4	7	14	36	133	188	132	103	109	117	81	113	125	135	138	128	96	74	51	44	26	16
113	10934	St.Gallen Stadt Speicherstr 54	29.01.2020	Mittwoch	2	11	4	5	2	11	27	66	81	91	98	88	111	96	114	109	121	122	197	151	102	82	64	37	23
116	10934	St.Gallen Stadt Speicherstr 54	30.01.2020	Donnerstag	1	5	3	4	1	11	40	135	177	129	122	136	116	107	131	175	153	153	149	108	83	59	32	32	20
117	10934	St.Gallen Stadt Speicherstr 54	30.01.2020	Donnerstag	2	7	3	2	2	7	23	73	98	98	95	90	139	113	163	129	121	156	200	132	118	85	65	47	33
120	10934	St.Gallen Stadt Speicherstr 54	31.01.2020	Freitag	1	10	6	2	4	13	35	111	167	111	125	123	122	103	113	153	147	161	164	101	79	53	54	47	31
121	10934	St.Gallen Stadt Speicherstr 54	31.01.2020	Freitag	2	10	4	3	6	9	23	60	73	69	103	121	111	102	138	155	136	169	209	156	93	67	56	49	44
124	10934	St.Gallen Stadt Speicherstr 54	01.02.2020	Samstag	1	23	11	12	7	6	5	25	50	85	129	140	119	119	153	170	127	98	117	65	58	50	50	51	35
125	10934	St.Gallen Stadt Speicherstr 54	01.02.2020	Samstag	2	25	25	7	7	6	9	23	21	54	83	128	124	142	166	148	135	144	109	98	77	56	44	45	37
128	10934	St.Gallen Stadt Speicherstr 54	02.02.2020	Sonntag	1	11	25	10	9	9	8	22	21	33	78	94	80	83	111	122	111	130	99	91	50	47	39	21	9
129	10934	St.Gallen Stadt Speicherstr 54	02.02.2020	Sonntag	2	30	29	12	15	9	10	15	30	29	50	66	103	93	90	120	122	125	87	89	74	63	36	25	13
132	10934	St.Gallen Stadt Speicherstr 54	03.02.2020	Montag	1	3	2	5	5	24	23	162	221	157	126	99	105	112	147	127	154	175	117	123	95	46	35	20	10
133	10934	St.Gallen Stadt Speicherstr 54	03.02.2020	Montag	2	5	3	3	2	8	28	86	97	105	101	105	121	126	123	125	128	155	214	185	113	77	82	41	18
136	10934	St.Gallen Stadt Speicherstr 54	04.02.2020	Dienstag	1	2	1	5	3	10	38	146	207	156	135	118	126	96	137	122	130	153	130	112	89	38	38	19	16
137	10934	St.Gallen Stadt Speicherstr 54	04.02.2020	Dienstag	2	6	8	2	6	8	30	75	97	89	121	110	125	98	126	110	114	135	203	186	112	73	62	52	29
140	10934	St.Gallen Stadt Speicherstr 54	05.02.2020	Mittwoch	1	5	3	2	5	11	33	163	238	153	113	127	147	102	156	144	149	160	176	124	91	56	47	34	12
141	10934	St.Gallen Stadt Speicherstr 54	05.02.2020	Mittwoch	2	10	5	1	2	16	18	79	106	113	112	89	161	112	137	146	137	152	224	155	126	101	72	67	29
144	10934	St.Gallen Stadt Speicherstr 54	06.02.2020	Donnerstag	1	11	0	5	2	11	33	159	240	154	138	129	138	94	146	150	166	200	191	145	93	79	30	42	18
145	10934	St.Gallen Stadt Speicherstr 54	06.02.2020	Donnerstag	2	13	3	3	1	7	23	87	111	94	109	120	163	121	134	148	148	174	193	196	143	122	85	72	37
148	10934	St.Gallen Stadt Speicherstr 54	07.02.2020	Freitag	1	4	3	7	3	9	21	152	231	157	149	135	144	117	164	167	177	218	198	137	105	61	46	38	29
149	10934	St.Gallen Stadt Speicherstr 54	07.02.2020	Freitag	2	22	12	1	1	8	22	85	87	118	116	139	166	126	171	169	154	214	209	156	112	68	65	74	65
152	10934	St.Gallen Stadt Speicherstr 54	08.02.2020	Samstag	1	31	14	8	8	8	15	27	66	102	129	184	156	127	147	158	147	161	138	108	63	36	56	52	30
153	10934	St.Gallen Stadt Speicherstr 54	08.02.2020	Samstag	2	46	21	8	8	12	11	26	28	69	97	140	146	147	139	165	172	168	142	136	69	52	60	75	38
156	10934	St.Gallen Stadt Speicherstr 54	09.02.2020	Sonntag	1	20	23	10	7	11	5	23	31	38	98	106	105	108	163	179	220	227	126	91	70	55	40	21	12
157	10934	St.Gallen Stadt Speicherstr 54	09.02.2020	Sonntag	2	32	22	14	13	10	4	19	25	43	54	92	176	166	177	185	163	144	118	126	87	61	38	24	15
160	10934	St.Gallen Stadt Speicherstr 54	10.02.2020	Montag	1	3	1	6	3	15	29	146	236	135	109	127	113	89	138	116	156	131	132	104	74	51	30	21	13
161	10934	St.Gallen Stadt Speicherstr 54	10.02.2020	Montag	2	4	2	2	4	3	26	66	102	111	90	105	129	117	118	106	118	147	220	177	96	90	70	41	21
164	10934	St.Gallen Stadt Speicherstr 54	11.02.2020	Dienstag	1	10	2	4	3	8	27	147	249	160	117	114	104	94	108	123	124	148	118	106	89	58	33	31	18
165	10934	St.Gallen Stadt Speicherstr 54	11.02.2020	Dienstag	2	9	2	3	1	5	23	70	93	90	95	104	113	108	109	110	125	152	210	165	108	90	70	60	28
168	10934	St.Gallen Stadt Speicherstr 54	12.02.2020	Mittwoch	1	7	1	4	2	9	33	159	230	182	123	114	142	84	144	166	145	164	169	125	80	60	45	42	19
169	10934	St.Gallen Stadt Speicherstr 54	12.02.2020	Mittwoch	2	10	4	1	3	6	30	75	111	110	99	100	138	135	128	124	147	183	216	172	120	76	69	70	40
172	10934	St.Gallen Stadt Speicherstr 54	13.02.2020	Donnerstag	1	8	3	6	3	14	42	152	240	157	138	119	138	88	137	152	159	186	140	115	104	74	41	41	24
173	10934	St.Gallen Stadt Speicherstr 54	13.02.2020	Donnerstag	2	9	7	5	3	6	29	66	120	111	106	113	149	112	139	123	129	182	217	161	151	109	75	55	29
176	10934	St.Gallen Stadt Speicherstr 54	14.02.2020	Freitag	1	3	5	4	1	11	26	160	224	157	159	127	124	101	157	163	135	149	139	125	80	83	64	68	40
177	10934	St.Gallen Stadt Speicherstr 54	14.02.2020	Freitag	2	11	4	3	3	10	27	87	97	104	123	116	162	120	121	116	123	199	216	160	123	93	69	57	64
180	10934	St.Gallen Stadt Speicherstr 54	15.02.2020	Samstag	1	32	17	19	6	14	14	30	78	81	155	156	143	114	151	149	169	152	158	107	72	64	43	39	39
181	10934	St.Gallen Stadt Speicherstr 54	15.02.2020	Samstag	2	46	26	13	7	10	11	24	39	65	101	103	139	147	143	177	176	164	149	97	69	63	62	49	52
184	10934	St.Gallen Stadt Speicherstr 54	16.02.2020	Sonntag	1	25	9	9	12	6	8	25	23	37	97	87	97	113	131	136	179	164	145	98	66	51	38	26	7
185	10934	St.Gallen Stadt Speicherstr 54	16.02.2020	Sonntag	2	33	22	9	14	9	10	11	34	26	60	78	124	141	136	162	140	154	127	81	67	66	44	18	15
188	10934	St.Gallen Stadt Speicherstr 54	17.02.2020	Montag	1	5	2	2	1	13	27	166	238	143	105	128	123	103	162	138	154	157	148	104	91	60	28	21	13
189	10934	St.Gallen Stadt Speicherstr 54	17.02.2020	Montag	2	6	3	2	4	4	21	82	113	98	97	111	139	109	135	118	135	163	231	193	102	86	67	38	29
192	10934	St.Gallen Stadt Speicherstr 54	18.02.2020	Dienstag	1	4	2	4	5	12	36	168	217	136	125	113	124	101	141	132	118	148	160	141	94	61	42	19	14
193	10934	St.Gallen Stadt Speicherstr 54	18.02.2020	Dienstag	2	8	5	2	3	5	25	77	101	96	98	105	111	107	125	113	157	182	233	188	129	84	78	51	33
196	10934	St.Gallen Stadt Speicherstr 54	19.02.2020	Mittwoch	1	6	2	3	3	10	30	157	223	154	129	111	132	107	165	122	152	181	156	128	94	53	50	32	15
197	10934	St.Gallen Stadt Speicherstr 54	19.02.2020	Mittwoch	2	7	3	0	1	5	19	76	106	112	117	111	126	131	143	135	138	177	209	195	144	87	68	55	28
200	10934	St.Gallen Stadt Speicherstr 54	20.02.2020	Donnerstag	1	7	5	4	4	10	40	152	219	186	131	131	141	75	146	159	159	204	166	140	93	61	63	46	15
201	10934	St.Gallen Stadt Speicherstr 54	20.02.2020	Donnerstag	2	17	6	2	3	4	35	84	127	110	88	110	151	117	150	155	147	152	230	176	142	93	92	73	35
204	10934	St.Gallen Stadt Speicherstr 54	21.02.2020	Freitag	1	13	10	6	4	13	32	148	203	158	151	119	154	109	179	163	169	195	149	142	108	69	61	55	32
205	10934	St.Gallen Stadt Speicherstr 54	21.02.2020	Freitag	2	27	10	5	3	2	17	86	102	97	114	129	186	98	127	158	166	178	195	198	105	97	65	85	75
208	10934	St.Gallen Stadt Speicherstr 54	22.02.2020	Samstag	1	16	18	13	5	9	7	33	70	101	148	150	123	115	146	194	171	195	135	129	74	53	47	49	32
209	10934	St.Gallen Stadt Speicherstr 54	22.02.2020	Samstag	2	30	24	13	8	6	11	24	28	68	117	117	143	147	165	173	174	152	162	140	68	46	50	53	52
212	10934	St.Gallen Stadt Speicherstr 54	23.02.2020	Sonntag	1	19	18	8	13	6	9	17	29	49	113	95	83	103	122	184	154	153	129	101	72	52	55	20	11
213	10934	St.Gallen Stadt Speicherstr 54	23.02.2020	Sonntag	2	37	27	17	8	11	8	16	27	35	56	78	115	132	129	150	177	128	121	129	97	82	48	28	9
216	10934	St.Gallen Stadt Speicherstr 54	24.02.2020	Montag	1	2	1	4	4	14	27	153	245	149	123	111	113	107	146	163	162	185	186	123	98	63	29	33	7
217	10934	St.Gallen Stadt Speicherstr 54	24.02.2020	Montag	2	2	2	4	2	5	20	73	120	95	86	98	124	130	128	164	154	175	227	189	126	102	57	43	21
220	10934	St.Gallen Stadt Speicherstr 54	25.02.2020	Dienstag	1	7	2	1	5	9	36	163	223	165	126	128	122	91	161	127	135	173	155	115	102	64	34	32	23
221	10934	St.Gallen Stadt Speicherstr 54	25.02.2020	Dienstag	2	13	2	2	2	3	16	83	97	110	97	122	158	107	113	108	146	169	231	163	124	87	74	67	33
224	10934	St.Gallen Stadt Speicherstr 54	26.02.2020	Mittwoch	1	7	5	1	6	18	29	165	226	160	119	119	131	97	126	129	129	170	150	149	93	57	42	29	20
225	10934	St.Gallen Stadt Speicherstr 54	26.02.2020	Mittwoch	2	11	5	4	3	10	22	92	114	96	90	91	144	125	126	146	125	145	207	210	142	77	85	71	41
228	10934	St.Gallen Stadt Speicherstr 54	27.02.2020	Donnerstag	1	4	3	1	4	16	36	151	240	177	140	146	118	92	142	123	134	148	132	124	88	59	41	32	19
229	10934	St.Gallen Stadt Speicherstr 54	27.02.2020	Donnerstag	2	5	3	4	2	11	32	78	111	119	95	127	136	114	137	110	130	147	191	191	146	94	90	50	46
232	10934	St.Gallen Stadt Speicherstr 54	28.02.2020	Freitag	1	13	4	6	1	11	33	138	239	194	158	145	157	100	151	149	171	170	189	157	97	67	52	55	37
233	10934	St.Gallen Stadt Speicherstr 54	28.02.2020	Freitag	2	20	6	2	3	11	26	83	113	120	115	130	150	139	138	151	176	179	209	198	119	89	77	65	69
236	10934	St.Gallen Stadt Speicherstr 54	29.02.2020	Samstag	1	31	31	18	13	14	12	30	78	114	125	134	120	120	126	141	151	131	149	129	85	58	62	54	44
237	10934	St.Gallen Stadt Speicherstr 54	29.02.2020	Samstag	2	40	26	10	17	8	12	30	30	61	94	112	132	137	131	147	157	179	156	129	94	68	53	59	52
240	10934	St.Gallen Stadt Speicherstr 54	01.03.2020	Sonntag	1	34	25	13	13	8	10	24	29	38	103	104	119	134	150	163	178	221	174	120	86	51	55	30	7
241	10934	St.Gallen Stadt Speicherstr 54	01.03.2020	Sonntag	2	47	37	20	16	11	16	13	32	41	58	107	139	142	184	190	177	152	126	151	103	64	31	29	17
244	10934	St.Gallen Stadt Speicherstr 54	02.03.2020	Montag	1	5	0	3	7	19	34	197	220	158	132	120	125	89	152	117	147	166	171	137	87	59	32	24	11
245	10934	St.Gallen Stadt Speicherstr 54	02.03.2020	Montag	2	4	5	3	4	7	20	79	108	93	103	111	124	122	123	116	126	177	240	179	133	105	60	48	25
248	10934	St.Gallen Stadt Speicherstr 54	03.03.2020	Dienstag	1	6	4	3	6	18	50	189	226	153	131	119	108	72	145	139	139	163	137	161	84	67	44	39	19
249	10934	St.Gallen Stadt Speicherstr 54	03.03.2020	Dienstag	2	14	5	6	7	5	20	79	102	84	94	127	135	117	121	132	147	170	238	209	135	85	74	59	18
252	10934	St.Gallen Stadt Speicherstr 54	04.03.2020	Mittwoch	1	8	1	5	3	19	40	183	233	170	128	118	133	110	167	135	160	166	178	155	111	62	36	35	24
253	10934	St.Gallen Stadt Speicherstr 54	04.03.2020	Mittwoch	2	12	3	3	3	4	20	90	114	112	109	116	146	130	124	131	160	183	228	208	148	106	80	70	31
256	10934	St.Gallen Stadt Speicherstr 54	05.03.2020	Donnerstag	1	6	3	4	7	14	36	188	241	168	132	145	117	71	163	112	130	180	143	159	105	51	54	36	18
257	10934	St.Gallen Stadt Speicherstr 54	05.03.2020	Donnerstag	2	8	5	3	7	2	20	83	125	99	107	119	121	121	112	89	138	180	239	224	136	87	94	69	38
260	10934	St.Gallen Stadt Speicherstr 54	06.03.2020	Freitag	1	12	8	4	7	16	32	169	219	170	152	131	129	106	148	171	152	155	171	125	101	65	48	55	53
261	10934	St.Gallen Stadt Speicherstr 54	06.03.2020	Freitag	2	18	4	3	3	6	19	68	116	95	114	131	142	124	128	144	130	172	233	225	127	86	60	75	55
264	10934	St.Gallen Stadt Speicherstr 54	07.03.2020	Samstag	1	28	15	14	7	10	11	32	70	97	155	153	138	111	131	142	144	108	91	110	66	42	48	60	44
265	10934	St.Gallen Stadt Speicherstr 54	07.03.2020	Samstag	2	38	24	14	7	11	13	33	26	58	91	134	128	123	131	132	131	158	167	109	76	62	43	42	59
268	10934	St.Gallen Stadt Speicherstr 54	08.03.2020	Sonntag	1	24	20	12	4	11	16	30	27	38	94	95	102	118	136	180	169	172	159	124	57	55	41	24	14
269	10934	St.Gallen Stadt Speicherstr 54	08.03.2020	Sonntag	2	32	28	18	10	9	17	24	29	35	66	90	124	144	159	181	143	169	113	102	92	77	55	29	11
272	10934	St.Gallen Stadt Speicherstr 54	09.03.2020	Montag	1	7	4	6	4	13	44	191	238	164	130	111	110	98	154	124	146	176	144	113	97	69	27	33	13
273	10934	St.Gallen Stadt Speicherstr 54	09.03.2020	Montag	2	6	4	1	0	5	29	85	117	99	113	110	121	127	111	117	137	164	231	211	122	100	72	45	25
276	10934	St.Gallen Stadt Speicherstr 54	10.03.2020	Dienstag	1	4	5	3	4	18	49	177	261	167	113	126	111	82	135	122	138	141	139	135	79	58	29	32	23
277	10934	St.Gallen Stadt Speicherstr 54	10.03.2020	Dienstag	2	7	6	1	0	10	17	86	117	103	89	113	154	108	114	142	150	158	215	224	124	106	71	57	30
280	10934	St.Gallen Stadt Speicherstr 54	11.03.2020	Mittwoch	1	10	1	3	5	13	41	173	244	167	137	130	131	111	184	159	163	170	155	173	94	60	33	32	24
281	10934	St.Gallen Stadt Speicherstr 54	11.03.2020	Mittwoch	2	5	2	5	0	4	23	81	120	109	104	129	145	150	152	153	126	186	227	191	146	77	74	79	30
284	10934	St.Gallen Stadt Speicherstr 54	12.03.2020	Donnerstag	1	7	2	5	6	12	35	172	238	191	145	120	145	94	157	161	153	185	165	140	93	55	61	32	16
285	10934	St.Gallen Stadt Speicherstr 54	12.03.2020	Donnerstag	2	11	3	4	1	8	20	81	114	115	104	135	145	130	147	146	142	150	220	230	117	102	88	64	26
288	10934	St.Gallen Stadt Speicherstr 54	13.03.2020	Freitag	1	5	2	3	7	12	38	174	221	159	140	149	140	92	147	165	188	179	158	146	94	57	53	49	35
289	10934	St.Gallen Stadt Speicherstr 54	13.03.2020	Freitag	2	12	7	3	2	6	18	86	103	103	96	116	167	128	149	150	169	204	210	208	135	87	59	66	40
292	10934	St.Gallen Stadt Speicherstr 54	14.03.2020	Samstag	1	26	15	9	8	5	6	30	76	116	134	144	133	98	126	133	109	125	110	111	60	53	59	47	24
293	10934	St.Gallen Stadt Speicherstr 54	14.03.2020	Samstag	2	28	21	12	8	4	14	25	29	100	91	120	145	132	137	148	153	137	140	99	72	53	44	36	42
296	10934	St.Gallen Stadt Speicherstr 54	15.03.2020	Sonntag	1	22	21	12	9	9	2	15	22	32	73	109	104	113	128	168	163	199	170	121	79	72	37	33	7
297	10934	St.Gallen Stadt Speicherstr 54	15.03.2020	Sonntag	2	32	21	15	13	8	6	12	29	43	76	101	141	93	163	155	149	137	131	110	74	72	30	26	7
300	10934	St.Gallen Stadt Speicherstr 54	16.03.2020	Montag	1	5	1	4	3	20	34	191	232	132	122	122	135	101	151	153	150	177	143	126	74	32	46	17	8
301	10934	St.Gallen Stadt Speicherstr 54	16.03.2020	Montag	2	4	3	5	2	5	23	76	108	91	101	137	136	122	151	149	155	162	181	203	128	77	43	24	13
304	10934	St.Gallen Stadt Speicherstr 54	17.03.2020	Dienstag	1	3	5	4	3	17	36	150	221	139	95	102	107	101	129	117	111	126	134	109	64	43	14	13	6
305	10934	St.Gallen Stadt Speicherstr 54	17.03.2020	Dienstag	2	7	3	3	3	4	16	76	113	84	96	101	132	111	119	111	107	150	222	168	90	57	19	15	16
308	10934	St.Gallen Stadt Speicherstr 54	18.03.2020	Mittwoch	1	4	3	4	2	17	29	146	194	119	92	104	118	113	145	126	137	170	153	104	60	40	15	17	7
309	10934	St.Gallen Stadt Speicherstr 54	18.03.2020	Mittwoch	2	4	2	2	2	6	14	59	103	77	108	86	134	116	137	150	148	149	220	165	74	53	25	19	4
312	10934	St.Gallen Stadt Speicherstr 54	19.03.2020	Donnerstag	1	6	1	2	3	21	30	128	174	132	106	98	112	84	139	136	114	152	139	108	62	34	17	16	16
313	10934	St.Gallen Stadt Speicherstr 54	19.03.2020	Donnerstag	2	4	4	1	1	6	17	61	99	74	102	105	125	121	128	140	127	159	191	154	80	44	23	21	8
316	10934	St.Gallen Stadt Speicherstr 54	20.03.2020	Freitag	1	5	1	4	5	12	39	117	182	114	130	124	107	95	127	126	142	127	109	89	71	35	24	21	10
317	10934	St.Gallen Stadt Speicherstr 54	20.03.2020	Freitag	2	6	2	3	2	3	12	45	88	95	104	122	119	134	106	113	124	141	181	140	74	59	30	16	17
320	10934	St.Gallen Stadt Speicherstr 54	21.03.2020	Samstag	1	5	4	2	2	4	8	25	45	64	80	85	89	73	82	93	94	91	64	59	32	36	19	21	15
321	10934	St.Gallen Stadt Speicherstr 54	21.03.2020	Samstag	2	1	4	1	2	5	9	18	37	41	59	100	95	92	88	100	96	98	62	54	45	33	19	21	17
324	10934	St.Gallen Stadt Speicherstr 54	22.03.2020	Sonntag	1	10	11	7	0	7	6	11	13	18	37	51	50	62	62	81	94	118	108	85	47	26	11	9	4
325	10934	St.Gallen Stadt Speicherstr 54	22.03.2020	Sonntag	2	13	8	7	3	1	9	8	16	24	26	45	66	63	65	77	106	102	98	74	43	31	12	9	6
328	10934	St.Gallen Stadt Speicherstr 54	23.03.2020	Montag	1	5	3	4	6	12	26	144	182	102	76	86	79	101	115	98	106	127	122	84	54	36	17	11	4
329	10934	St.Gallen Stadt Speicherstr 54	23.03.2020	Montag	2	5	2	2	1	4	17	55	108	75	74	77	91	102	100	99	102	165	192	140	69	44	28	14	9
332	10934	St.Gallen Stadt Speicherstr 54	24.03.2020	Dienstag	1	1	5	4	5	9	33	142	192	85	72	92	107	80	113	131	115	146	116	93	46	27	14	16	8
333	10934	St.Gallen Stadt Speicherstr 54	24.03.2020	Dienstag	2	5	4	1	3	4	11	54	93	80	98	78	88	109	105	118	123	141	191	142	66	38	29	12	10
336	10934	St.Gallen Stadt Speicherstr 54	25.03.2020	Mittwoch	1	1	2	2	4	7	33	148	158	100	94	91	100	83	89	101	137	156	117	83	46	33	25	24	9
337	10934	St.Gallen Stadt Speicherstr 54	25.03.2020	Mittwoch	2	0	4	1	1	5	15	57	104	67	84	106	103	103	102	119	112	145	190	138	69	39	30	18	9
340	10934	St.Gallen Stadt Speicherstr 54	26.03.2020	Donnerstag	1	1	1	5	2	9	31	141	183	92	103	140	109	92	114	111	119	122	122	82	52	28	18	13	7
341	10934	St.Gallen Stadt Speicherstr 54	26.03.2020	Donnerstag	2	4	3	4	3	3	11	50	93	69	95	60	111	113	106	120	101	130	208	147	74	43	23	22	9
344	10934	St.Gallen Stadt Speicherstr 54	27.03.2020	Freitag	1	3	7	2	7	8	36	143	149	115	100	87	101	104	129	131	164	147	120	106	72	42	44	22	16
345	10934	St.Gallen Stadt Speicherstr 54	27.03.2020	Freitag	2	8	2	2	4	4	13	50	83	71	86	115	124	135	136	127	144	143	171	157	97	47	33	25	21
348	10934	St.Gallen Stadt Speicherstr 54	28.03.2020	Samstag	1	13	8	5	5	5	9	26	44	66	83	124	120	103	145	137	157	142	125	108	62	36	31	24	20
349	10934	St.Gallen Stadt Speicherstr 54	28.03.2020	Samstag	2	11	7	3	1	4	6	19	32	48	90	121	126	115	137	154	151	124	112	80	52	41	30	23	16
352	10934	St.Gallen Stadt Speicherstr 54	29.03.2020	Sonntag	1	12	0	4	6	6	0	14	16	23	35	50	71	81	70	86	76	74	49	56	40	38	28	15	3
353	10934	St.Gallen Stadt Speicherstr 54	29.03.2020	Sonntag	2	13	0	3	7	5	5	13	11	21	37	59	72	65	74	75	86	71	58	57	55	35	22	20	13
356	10934	St.Gallen Stadt Speicherstr 54	30.03.2020	Montag	1	6	5	3	9	14	37	130	188	103	98	89	99	78	92	84	116	118	122	76	47	40	20	14	7
357	10934	St.Gallen Stadt Speicherstr 54	30.03.2020	Montag	2	3	3	3	2	7	19	58	88	80	72	95	101	91	83	87	108	120	200	142	73	34	19	17	10
360	10934	St.Gallen Stadt Speicherstr 54	31.03.2020	Dienstag	1	1	4	2	5	10	32	127	200	95	111	120	102	96	116	109	194	160	133	98	59	42	27	15	7
361	10934	St.Gallen Stadt Speicherstr 54	31.03.2020	Dienstag	2	4	3	1	2	2	14	49	84	78	73	90	98	111	102	129	125	142	202	163	79	49	26	19	9
364	10934	St.Gallen Stadt Speicherstr 54	01.04.2020	Mittwoch	1	3	3	2	4	10	32	140	155	110	81	113	119	106	133	133	133	145	138	102	81	43	26	18	9
365	10934	St.Gallen Stadt Speicherstr 54	01.04.2020	Mittwoch	2	7	5	4	3	4	10	41	99	78	74	105	104	121	121	165	143	150	198	149	89	61	33	20	10
368	10934	St.Gallen Stadt Speicherstr 54	02.04.2020	Donnerstag	1	3	2	4	3	10	35	131	149	129	94	108	130	85	118	102	131	150	142	115	83	50	41	11	11
369	10934	St.Gallen Stadt Speicherstr 54	02.04.2020	Donnerstag	2	6	8	4	2	4	13	47	97	84	83	106	120	117	100	112	121	163	203	161	104	67	42	18	13
372	10934	St.Gallen Stadt Speicherstr 54	03.04.2020	Freitag	1	3	2	8	3	9	35	137	155	111	93	104	116	108	147	124	134	143	127	107	85	60	36	31	13
373	10934	St.Gallen Stadt Speicherstr 54	03.04.2020	Freitag	2	5	5	5	4	1	13	48	95	77	80	109	107	110	101	128	119	179	202	136	121	58	35	26	15
376	10934	St.Gallen Stadt Speicherstr 54	04.04.2020	Samstag	1	11	4	7	5	8	8	16	36	63	89	108	100	106	102	153	121	125	100	107	66	46	39	26	17
377	10934	St.Gallen Stadt Speicherstr 54	04.04.2020	Samstag	2	12	3	7	3	3	8	14	30	54	80	97	121	107	110	131	98	122	122	88	66	37	34	17	16
380	10934	St.Gallen Stadt Speicherstr 54	05.04.2020	Sonntag	1	15	8	8	0	4	2	9	15	19	45	59	78	77	96	101	120	138	124	91	72	51	26	14	11
381	10934	St.Gallen Stadt Speicherstr 54	05.04.2020	Sonntag	2	18	5	9	1	2	2	11	18	28	42	64	75	96	95	118	106	104	82	78	65	56	22	17	9
384	10934	St.Gallen Stadt Speicherstr 54	06.04.2020	Montag	1	3	2	1	2	11	27	133	181	108	84	111	135	82	107	121	132	145	134	97	72	48	32	15	6
385	10934	St.Gallen Stadt Speicherstr 54	06.04.2020	Montag	2	7	2	2	4	1	13	58	104	80	100	95	113	106	113	122	127	133	199	154	88	53	26	15	7
388	10934	St.Gallen Stadt Speicherstr 54	07.04.2020	Dienstag	1	4	4	3	2	8	30	137	168	92	111	116	122	110	136	117	126	125	167	102	84	69	36	33	5
389	10934	St.Gallen Stadt Speicherstr 54	07.04.2020	Dienstag	2	4	1	2	2	1	17	53	111	79	88	114	133	147	128	131	128	167	217	162	113	67	29	24	11
392	10934	St.Gallen Stadt Speicherstr 54	08.04.2020	Mittwoch	1	5	3	3	3	14	41	121	173	105	114	126	133	109	110	152	138	156	156	114	109	76	43	19	15
393	10934	St.Gallen Stadt Speicherstr 54	08.04.2020	Mittwoch	2	3	2	3	0	9	17	50	110	81	109	107	139	128	136	116	139	146	226	152	127	69	38	31	16
396	10934	St.Gallen Stadt Speicherstr 54	09.04.2020	Donnerstag	1	2	3	1	4	13	31	134	156	118	124	145	115	98	126	165	140	138	142	159	102	66	33	30	18
397	10934	St.Gallen Stadt Speicherstr 54	09.04.2020	Donnerstag	2	6	2	3	0	7	14	67	87	94	103	135	133	131	129	136	163	190	211	138	95	64	38	29	22
400	10934	St.Gallen Stadt Speicherstr 54	10.04.2020	Freitag	1	17	5	2	1	6	5	24	19	30	50	77	67	93	88	98	105	120	109	116	70	56	41	31	23
401	10934	St.Gallen Stadt Speicherstr 54	10.04.2020	Freitag	2	7	6	2	0	4	6	21	17	35	52	70	81	80	98	99	111	94	97	85	72	58	41	31	20
404	10934	St.Gallen Stadt Speicherstr 54	11.04.2020	Samstag	1	12	4	9	2	7	9	26	48	69	93	150	125	107	107	116	119	133	142	121	72	75	41	40	17
405	10934	St.Gallen Stadt Speicherstr 54	11.04.2020	Samstag	2	6	9	2	2	4	10	17	25	53	110	119	134	129	123	159	130	131	123	92	93	52	34	35	14
408	10934	St.Gallen Stadt Speicherstr 54	12.04.2020	Sonntag	1	11	6	2	1	2	2	22	22	24	58	68	78	92	87	105	105	117	112	85	69	73	46	24	25
409	10934	St.Gallen Stadt Speicherstr 54	12.04.2020	Sonntag	2	21	11	2	2	3	5	14	23	28	60	74	87	84	88	111	106	99	90	71	64	50	38	24	16
412	10934	St.Gallen Stadt Speicherstr 54	13.04.2020	Montag	1	9	2	2	2	5	2	15	9	31	55	62	86	87	95	111	122	138	106	107	81	52	23	16	9
413	10934	St.Gallen Stadt Speicherstr 54	13.04.2020	Montag	2	13	6	4	4	1	0	11	15	32	42	75	70	88	96	117	145	98	123	82	66	48	25	16	18
416	10934	St.Gallen Stadt Speicherstr 54	14.04.2020	Dienstag	1	7	1	2	4	13	25	127	176	111	100	106	115	88	133	113	126	132	128	116	74	60	27	16	7
417	10934	St.Gallen Stadt Speicherstr 54	14.04.2020	Dienstag	2	5	3	2	3	3	15	60	109	79	93	104	106	100	111	126	115	164	236	188	77	47	24	18	6
420	10934	St.Gallen Stadt Speicherstr 54	15.04.2020	Mittwoch	1	10	5	5	6	11	26	120	181	101	101	126	141	92	154	138	145	181	132	128	88	57	32	28	9
421	10934	St.Gallen Stadt Speicherstr 54	15.04.2020	Mittwoch	2	11	9	3	1	3	19	69	99	102	94	124	132	140	146	154	146	187	225	184	108	50	17	29	9
424	10934	St.Gallen Stadt Speicherstr 54	16.04.2020	Donnerstag	1	7	1	6	8	9	25	130	186	134	115	127	126	89	144	128	113	162	141	136	101	62	41	26	12
425	10934	St.Gallen Stadt Speicherstr 54	16.04.2020	Donnerstag	2	9	5	4	1	7	17	71	112	92	129	106	137	113	119	137	139	155	229	176	102	68	40	21	12
428	10934	St.Gallen Stadt Speicherstr 54	17.04.2020	Freitag	1	6	2	8	6	9	26	127	167	112	107	139	139	91	149	131	132	182	160	129	103	92	48	29	13
429	10934	St.Gallen Stadt Speicherstr 54	17.04.2020	Freitag	2	10	1	5	3	2	16	71	89	101	105	114	130	135	120	135	165	195	230	167	113	72	46	27	23
432	10934	St.Gallen Stadt Speicherstr 54	18.04.2020	Samstag	1	16	9	5	6	4	5	25	44	55	114	112	127	104	105	127	131	153	122	91	89	70	39	31	23
433	10934	St.Gallen Stadt Speicherstr 54	18.04.2020	Samstag	2	13	7	7	3	3	4	21	34	53	101	95	115	118	140	122	146	121	104	87	72	61	26	32	17
436	10934	St.Gallen Stadt Speicherstr 54	19.04.2020	Sonntag	1	11	7	7	3	1	6	10	16	32	50	90	95	95	110	101	118	137	143	107	94	53	30	20	6
437	10934	St.Gallen Stadt Speicherstr 54	19.04.2020	Sonntag	2	16	14	5	8	3	3	17	27	32	69	91	79	88	95	119	123	103	100	99	77	52	29	14	11
440	10934	St.Gallen Stadt Speicherstr 54	20.04.2020	Montag	1	4	2	4	4	11	30	132	206	109	109	125	103	92	124	128	128	140	140	104	72	57	34	20	8
441	10934	St.Gallen Stadt Speicherstr 54	20.04.2020	Montag	2	5	4	4	3	0	21	65	101	89	82	99	111	124	98	122	113	191	261	181	95	54	38	23	14
444	10934	St.Gallen Stadt Speicherstr 54	21.04.2020	Dienstag	1	4	0	4	3	11	31	139	219	129	116	114	127	110	126	132	140	172	168	114	86	43	36	20	8
445	10934	St.Gallen Stadt Speicherstr 54	21.04.2020	Dienstag	2	6	3	4	4	1	15	71	112	97	101	92	139	106	136	139	152	174	273	171	80	67	33	23	14
448	10934	St.Gallen Stadt Speicherstr 54	22.04.2020	Mittwoch	1	7	1	3	4	11	29	144	214	123	117	137	127	121	160	136	141	175	143	116	102	76	55	20	19
449	10934	St.Gallen Stadt Speicherstr 54	22.04.2020	Mittwoch	2	3	2	3	1	6	19	66	114	95	132	110	124	134	137	137	132	189	276	180	132	71	40	20	29
452	10934	St.Gallen Stadt Speicherstr 54	23.04.2020	Donnerstag	1	8	2	7	3	14	27	150	227	125	131	125	106	117	130	142	181	159	171	122	89	67	45	26	22
453	10934	St.Gallen Stadt Speicherstr 54	23.04.2020	Donnerstag	2	9	0	4	2	3	15	67	109	94	116	101	131	144	138	128	163	192	267	185	108	57	45	25	19
456	10934	St.Gallen Stadt Speicherstr 54	24.04.2020	Freitag	1	4	2	2	4	11	25	127	209	127	149	136	142	111	149	130	166	188	153	147	91	68	46	47	34
457	10934	St.Gallen Stadt Speicherstr 54	24.04.2020	Freitag	2	5	2	2	1	2	21	58	109	102	119	129	141	141	166	164	160	219	266	168	100	71	49	47	22
460	10934	St.Gallen Stadt Speicherstr 54	25.04.2020	Samstag	1	23	3	10	4	6	9	33	45	74	87	138	136	105	119	145	143	116	144	101	58	55	62	41	23
461	10934	St.Gallen Stadt Speicherstr 54	25.04.2020	Samstag	2	14	11	7	2	4	4	16	34	50	95	99	143	135	132	139	144	149	111	87	60	56	36	32	17
464	10934	St.Gallen Stadt Speicherstr 54	26.04.2020	Sonntag	1	15	7	8	4	0	3	24	20	23	43	76	88	81	128	129	141	144	126	127	73	69	28	29	9
465	10934	St.Gallen Stadt Speicherstr 54	26.04.2020	Sonntag	2	20	10	6	4	3	7	20	21	25	41	69	67	89	134	159	126	135	108	102	76	56	29	21	8
468	10934	St.Gallen Stadt Speicherstr 54	27.04.2020	Montag	1	7	1	4	6	14	30	142	256	156	137	111	114	131	151	149	165	197	155	102	85	62	44	18	9
469	10934	St.Gallen Stadt Speicherstr 54	27.04.2020	Montag	2	7	0	2	6	4	19	70	124	114	96	118	143	146	125	141	142	219	328	216	95	52	44	35	9
472	10934	St.Gallen Stadt Speicherstr 54	28.04.2020	Dienstag	1	5	3	1	3	13	33	173	273	148	142	140	121	110	149	133	147	166	170	98	67	35	31	18	9
473	10934	St.Gallen Stadt Speicherstr 54	28.04.2020	Dienstag	2	7	5	2	2	3	19	88	131	101	117	117	143	142	132	103	131	190	333	188	96	55	34	27	10
476	10934	St.Gallen Stadt Speicherstr 54	29.04.2020	Mittwoch	1	5	2	1	3	11	37	155	265	164	133	123	114	111	165	137	151	168	143	127	71	48	39	27	8
477	10934	St.Gallen Stadt Speicherstr 54	29.04.2020	Mittwoch	2	5	2	1	4	3	19	78	125	95	116	105	158	141	136	122	144	211	285	196	116	64	38	25	9
480	10934	St.Gallen Stadt Speicherstr 54	30.04.2020	Donnerstag	1	3	2	1	4	13	32	166	248	155	140	124	155	143	149	143	145	154	144	99	60	51	28	27	13
481	10934	St.Gallen Stadt Speicherstr 54	30.04.2020	Donnerstag	2	5	1	1	1	1	30	81	132	127	110	135	150	167	135	114	168	182	286	164	100	69	38	28	13
484	10934	St.Gallen Stadt Speicherstr 54	01.05.2020	Freitag	1	5	3	4	5	13	25	121	239	154	139	123	157	129	159	161	185	189	153	120	65	56	31	27	27
485	10934	St.Gallen Stadt Speicherstr 54	01.05.2020	Freitag	2	1	1	3	4	1	18	89	115	102	120	138	148	170	166	153	166	206	242	169	97	61	44	29	23
488	10934	St.Gallen Stadt Speicherstr 54	02.05.2020	Samstag	1	12	8	2	4	10	9	31	61	69	96	116	131	103	112	136	134	115	107	81	52	63	41	29	27
489	10934	St.Gallen Stadt Speicherstr 54	02.05.2020	Samstag	2	10	13	5	6	6	11	32	37	45	101	102	125	107	156	121	143	134	111	79	52	48	33	32	29
492	10934	St.Gallen Stadt Speicherstr 54	03.05.2020	Sonntag	1	20	10	4	3	4	2	19	20	22	53	84	104	83	127	134	147	171	141	114	82	52	58	24	16
493	10934	St.Gallen Stadt Speicherstr 54	03.05.2020	Sonntag	2	15	19	4	3	5	6	16	24	36	54	98	107	95	114	171	132	119	106	116	75	54	44	27	12
496	10934	St.Gallen Stadt Speicherstr 54	04.05.2020	Montag	1	3	1	2	8	14	25	170	273	159	117	113	172	136	141	152	191	226	207	105	99	78	46	27	12
497	10934	St.Gallen Stadt Speicherstr 54	04.05.2020	Montag	2	4	1	3	4	4	27	83	154	101	123	104	89	138	138	151	147	186	323	170	103	57	39	22	17
500	10934	St.Gallen Stadt Speicherstr 54	05.05.2020	Dienstag	1	7	4	7	3	15	32	150	314	173	164	172	162	120	128	130	132	168	169	105	65	33	37	29	13
501	10934	St.Gallen Stadt Speicherstr 54	05.05.2020	Dienstag	2	7	2	2	4	2	19	80	140	97	123	83	133	158	190	157	157	207	319	189	89	54	44	20	18
504	10934	St.Gallen Stadt Speicherstr 54	06.05.2020	Mittwoch	1	4	2	2	2	10	35	151	239	132	123	106	130	99	100	90	95	135	155	88	46	28	12	11	0
505	10934	St.Gallen Stadt Speicherstr 54	06.05.2020	Mittwoch	2	8	3	2	1	6	26	73	222	135	153	147	167	150	219	226	276	322	399	265	157	131	93	80	31
508	10934	St.Gallen Stadt Speicherstr 54	07.05.2020	Donnerstag	1	2	0	0	0	0	0	43	108	64	118	143	130	125	206	172	203	213	202	155	123	89	63	32	26
509	10934	St.Gallen Stadt Speicherstr 54	07.05.2020	Donnerstag	2	13	5	5	7	13	54	199	287	238	167	136	157	176	173	182	186	241	301	235	127	69	60	39	20
512	10934	St.Gallen Stadt Speicherstr 54	08.05.2020	Freitag	1	9	5	3	8	10	29	156	243	166	139	173	146	123	175	158	185	198	180	114	83	85	62	59	27
513	10934	St.Gallen Stadt Speicherstr 54	08.05.2020	Freitag	2	7	6	2	1	7	21	84	119	128	146	119	177	161	168	175	187	220	251	193	142	107	48	46	26
516	10934	St.Gallen Stadt Speicherstr 54	09.05.2020	Samstag	1	23	16	9	2	6	6	26	57	79	140	168	123	119	140	167	135	167	131	102	106	68	60	59	18
517	10934	St.Gallen Stadt Speicherstr 54	09.05.2020	Samstag	2	22	18	2	2	6	9	22	37	65	113	137	132	138	150	148	175	151	132	99	84	61	60	49	28
520	10934	St.Gallen Stadt Speicherstr 54	10.05.2020	Sonntag	1	26	21	6	2	5	2	18	23	29	59	78	98	108	125	137	149	180	165	133	87	76	51	22	9
521	10934	St.Gallen Stadt Speicherstr 54	10.05.2020	Sonntag	2	23	25	4	7	4	8	16	22	33	61	79	107	117	128	143	147	132	137	119	77	71	57	31	8
524	10934	St.Gallen Stadt Speicherstr 54	11.05.2020	Montag	1	4	2	0	6	15	34	183	196	81	181	120	163	93	120	137	152	166	151	77	52	32	31	11	7
525	10934	St.Gallen Stadt Speicherstr 54	11.05.2020	Montag	2	5	2	1	5	4	28	90	208	176	84	143	149	159	169	127	139	200	270	212	109	45	45	35	16
528	10934	St.Gallen Stadt Speicherstr 54	12.05.2020	Dienstag	1	4	2	4	1	12	25	149	260	150	120	119	104	88	156	158	153	136	157	111	59	49	25	30	12
529	10934	St.Gallen Stadt Speicherstr 54	12.05.2020	Dienstag	2	6	5	4	2	13	27	86	152	107	113	119	147	146	139	135	175	191	296	194	121	73	54	47	21
532	10934	St.Gallen Stadt Speicherstr 54	13.05.2020	Mittwoch	1	3	1	0	3	12	29	148	259	150	137	134	117	113	149	146	146	154	154	111	67	44	33	26	10
533	10934	St.Gallen Stadt Speicherstr 54	13.05.2020	Mittwoch	2	9	5	1	3	8	23	98	136	126	148	126	135	141	165	135	150	199	285	188	110	74	59	39	24
536	10934	St.Gallen Stadt Speicherstr 54	14.05.2020	Donnerstag	1	1	5	4	4	11	32	141	223	177	135	54	67	62	80	100	138	168	177	110	82	33	43	30	16
537	10934	St.Gallen Stadt Speicherstr 54	14.05.2020	Donnerstag	2	12	5	3	3	10	31	79	118	148	126	287	242	193	204	233	166	189	248	176	143	62	63	37	23
540	10934	St.Gallen Stadt Speicherstr 54	15.05.2020	Freitag	1	10	5	2	3	10	31	132	258	168	176	160	149	122	156	154	169	198	139	99	86	62	52	58	38
541	10934	St.Gallen Stadt Speicherstr 54	15.05.2020	Freitag	2	15	3	2	2	4	19	94	116	122	133	142	157	145	143	155	174	199	250	200	135	76	44	53	29
544	10934	St.Gallen Stadt Speicherstr 54	16.05.2020	Samstag	1	18	18	7	5	5	6	31	59	84	153	153	151	121	139	129	148	114	143	121	70	63	62	49	34
545	10934	St.Gallen Stadt Speicherstr 54	16.05.2020	Samstag	2	37	12	6	5	4	16	22	46	70	104	131	148	146	129	148	156	170	151	116	71	64	51	49	50
548	10934	St.Gallen Stadt Speicherstr 54	17.05.2020	Sonntag	1	30	14	5	5	5	3	16	18	36	76	82	94	107	127	142	175	175	157	124	100	82	56	34	19
549	10934	St.Gallen Stadt Speicherstr 54	17.05.2020	Sonntag	2	45	18	8	8	5	4	18	22	38	80	93	123	118	116	148	140	117	132	121	84	70	46	18	18
552	10934	St.Gallen Stadt Speicherstr 54	18.05.2020	Montag	1	5	5	0	6	20	36	146	154	1	1	60	37	0	0	0	0	0	0	0	0	0	1	0	0
553	10934	St.Gallen Stadt Speicherstr 54	18.05.2020	Montag	2	7	3	4	6	9	29	90	106	9	3	48	34	2	0	0	0	3	0	1	0	0	1	1	0
556	10934	St.Gallen Stadt Speicherstr 54	19.05.2020	Dienstag	1	0	0	1	1	0	25	143	218	110	133	140	106	120	163	197	174	164	188	107	79	87	46	35	21
557	10934	St.Gallen Stadt Speicherstr 54	19.05.2020	Dienstag	2	2	0	35	0	1	18	60	77	155	154	136	200	134	147	146	139	178	234	190	128	68	41	42	21
560	10934	St.Gallen Stadt Speicherstr 54	20.05.2020	Mittwoch	1	5	3	3	4	9	44	146	232	183	140	166	146	121	187	177	199	172	179	126	98	80	70	54	32
561	10934	St.Gallen Stadt Speicherstr 54	20.05.2020	Mittwoch	2	6	4	3	0	5	28	75	131	147	139	150	172	158	184	151	175	205	245	186	121	98	73	55	29
564	10934	St.Gallen Stadt Speicherstr 54	21.05.2020	Donnerstag	1	18	13	5	6	7	4	25	28	69	97	101	115	103	110	156	145	180	152	153	96	94	93	48	27
565	10934	St.Gallen Stadt Speicherstr 54	21.05.2020	Donnerstag	2	26	13	3	5	3	9	41	41	62	103	133	142	134	112	150	136	132	123	121	92	87	42	42	23
568	10934	St.Gallen Stadt Speicherstr 54	22.05.2020	Freitag	1	14	5	5	3	13	17	60	127	145	176	152	146	119	145	185	170	191	156	95	90	78	56	56	41
569	10934	St.Gallen Stadt Speicherstr 54	22.05.2020	Freitag	2	12	5	5	3	5	23	59	80	110	131	156	151	159	139	153	138	189	169	164	94	75	45	42	32
572	10934	St.Gallen Stadt Speicherstr 54	23.05.2020	Samstag	1	31	10	3	4	5	4	27	50	91	152	158	150	107	143	116	95	97	81	81	54	44	59	29	31
573	10934	St.Gallen Stadt Speicherstr 54	23.05.2020	Samstag	2	30	13	7	2	6	8	27	43	65	105	107	150	110	126	94	114	134	135	68	65	41	40	38	27
576	10934	St.Gallen Stadt Speicherstr 54	24.05.2020	Sonntag	1	19	11	3	2	6	0	16	26	25	65	70	102	102	94	135	122	159	148	116	84	68	72	38	4
577	10934	St.Gallen Stadt Speicherstr 54	24.05.2020	Sonntag	2	32	13	5	7	6	5	20	19	27	64	78	105	99	104	140	138	140	121	97	69	58	41	24	12
580	10934	St.Gallen Stadt Speicherstr 54	25.05.2020	Montag	1	3	3	5	3	12	33	138	226	152	152	151	127	100	164	156	174	182	172	118	95	74	48	34	18
581	10934	St.Gallen Stadt Speicherstr 54	25.05.2020	Montag	2	4	5	4	2	6	23	81	132	114	138	114	150	132	145	126	143	169	264	213	143	92	58	47	27
584	10934	St.Gallen Stadt Speicherstr 54	26.05.2020	Dienstag	1	6	1	1	6	14	40	154	229	159	139	152	145	106	170	162	154	180	163	133	101	79	65	43	12
585	10934	St.Gallen Stadt Speicherstr 54	26.05.2020	Dienstag	2	4	2	2	7	4	20	93	120	101	122	144	159	122	156	143	162	170	258	235	121	96	76	42	26
588	10934	St.Gallen Stadt Speicherstr 54	27.05.2020	Mittwoch	1	4	6	4	4	21	36	148	221	187	175	172	158	131	171	188	221	202	182	126	108	84	86	51	15
589	10934	St.Gallen Stadt Speicherstr 54	27.05.2020	Mittwoch	2	9	3	2	1	5	22	81	141	116	138	157	172	156	176	118	109	176	294	204	146	99	67	52	28
592	10934	St.Gallen Stadt Speicherstr 54	28.05.2020	Donnerstag	1	8	3	3	4	15	46	139	251	184	151	149	157	113	170	186	169	193	197	98	104	62	53	56	14
593	10934	St.Gallen Stadt Speicherstr 54	28.05.2020	Donnerstag	2	3	8	2	4	8	30	95	131	141	126	128	173	152	151	148	163	193	236	204	136	98	72	60	23
596	10934	St.Gallen Stadt Speicherstr 54	29.05.2020	Freitag	1	7	7	5	3	12	36	140	241	168	176	169	172	136	161	197	204	209	191	136	103	92	60	45	45
597	10934	St.Gallen Stadt Speicherstr 54	29.05.2020	Freitag	2	11	9	3	1	4	24	90	121	122	172	155	187	148	167	158	178	192	253	219	143	98	59	52	52
600	10934	St.Gallen Stadt Speicherstr 54	30.05.2020	Samstag	1	32	15	2	3	11	7	31	64	120	158	185	126	133	128	164	143	129	151	113	79	77	68	42	34
601	10934	St.Gallen Stadt Speicherstr 54	30.05.2020	Samstag	2	29	24	7	4	6	10	25	36	74	134	116	170	137	153	177	140	188	181	122	80	53	47	54	45
604	10934	St.Gallen Stadt Speicherstr 54	31.05.2020	Sonntag	1	25	19	7	4	4	2	17	21	51	65	102	128	113	100	135	161	192	161	110	91	92	79	35	32
605	10934	St.Gallen Stadt Speicherstr 54	31.05.2020	Sonntag	2	29	20	6	7	7	4	15	28	31	88	100	130	111	125	137	136	139	120	99	84	90	51	33	28
608	10934	St.Gallen Stadt Speicherstr 54	01.06.2020	Montag	1	9	13	4	3	3	5	21	41	34	73	120	114	128	136	148	199	164	165	118	113	100	79	36	8
609	10934	St.Gallen Stadt Speicherstr 54	01.06.2020	Montag	2	24	10	4	3	4	8	21	31	40	83	136	164	107	144	141	154	145	155	125	97	93	46	42	15
612	10934	St.Gallen Stadt Speicherstr 54	02.06.2020	Dienstag	1	9	2	1	3	12	43	152	259	152	136	142	143	141	150	141	152	185	186	136	92	71	84	42	21
613	10934	St.Gallen Stadt Speicherstr 54	02.06.2020	Dienstag	2	7	2	3	2	6	20	91	126	121	118	160	164	138	145	141	170	171	281	222	161	97	62	54	22
616	10934	St.Gallen Stadt Speicherstr 54	03.06.2020	Mittwoch	1	9	2	5	4	7	38	151	247	201	148	157	170	116	189	178	194	188	206	178	81	67	61	28	13
617	10934	St.Gallen Stadt Speicherstr 54	03.06.2020	Mittwoch	2	11	5	3	1	5	29	90	130	119	133	149	195	143	177	155	156	169	289	215	133	82	59	49	26
620	10934	St.Gallen Stadt Speicherstr 54	04.06.2020	Donnerstag	1	6	2	3	3	11	42	172	249	176	141	137	154	101	158	174	141	148	166	114	82	46	38	32	17
621	10934	St.Gallen Stadt Speicherstr 54	04.06.2020	Donnerstag	2	11	1	3	1	7	17	96	133	113	116	126	136	111	139	123	150	179	247	193	117	87	49	55	26
624	10934	St.Gallen Stadt Speicherstr 54	05.06.2020	Freitag	1	5	2	3	6	11	37	150	241	177	171	131	165	96	153	196	158	173	150	120	94	57	64	37	35
625	10934	St.Gallen Stadt Speicherstr 54	05.06.2020	Freitag	2	7	8	1	4	4	24	83	113	124	134	146	152	134	127	152	147	216	226	221	125	81	61	66	39
628	10934	St.Gallen Stadt Speicherstr 54	06.06.2020	Samstag	1	25	11	17	6	5	4	26	73	113	171	150	146	122	131	161	172	170	113	75	73	55	61	51	34
629	10934	St.Gallen Stadt Speicherstr 54	06.06.2020	Samstag	2	38	19	12	5	5	9	22	44	58	93	129	158	138	134	166	171	167	168	118	68	58	49	54	44
632	10934	St.Gallen Stadt Speicherstr 54	07.06.2020	Sonntag	1	24	13	14	11	4	4	19	24	35	57	82	78	90	94	123	90	116	113	84	76	86	46	41	14
633	10934	St.Gallen Stadt Speicherstr 54	07.06.2020	Sonntag	2	36	32	15	10	7	7	18	14	20	52	61	82	96	83	94	95	136	125	109	74	61	48	45	18
636	10934	St.Gallen Stadt Speicherstr 54	08.06.2020	Montag	1	7	4	2	4	18	36	148	249	149	140	148	144	128	156	148	169	179	150	100	76	53	23	20	13
637	10934	St.Gallen Stadt Speicherstr 54	08.06.2020	Montag	2	5	3	0	3	2	18	97	125	124	115	114	167	120	134	130	147	176	251	192	116	81	65	44	22
640	10934	St.Gallen Stadt Speicherstr 54	09.06.2020	Dienstag	1	4	5	0	4	13	30	160	267	189	128	158	135	107	116	155	134	159	163	134	76	47	65	22	17
641	10934	St.Gallen Stadt Speicherstr 54	09.06.2020	Dienstag	2	9	3	3	3	5	22	93	103	130	121	137	147	117	118	126	134	175	268	202	108	77	85	42	22
644	10934	St.Gallen Stadt Speicherstr 54	10.06.2020	Mittwoch	1	8	1	1	6	14	37	160	274	208	159	147	150	111	155	182	156	147	157	122	81	46	49	36	10
645	10934	St.Gallen Stadt Speicherstr 54	10.06.2020	Mittwoch	2	11	5	3	5	4	15	94	129	128	134	131	152	124	154	155	127	191	258	224	108	92	57	57	31
648	10934	St.Gallen Stadt Speicherstr 54	11.06.2020	Donnerstag	1	7	2	5	7	11	31	147	265	169	153	152	164	96	161	164	157	185	182	138	120	63	80	60	20
649	10934	St.Gallen Stadt Speicherstr 54	11.06.2020	Donnerstag	2	15	1	3	2	7	18	79	130	128	111	134	153	156	157	150	153	194	259	203	143	98	73	71	37
652	10934	St.Gallen Stadt Speicherstr 54	12.06.2020	Freitag	1	14	2	2	5	9	28	140	247	163	181	169	173	117	208	208	206	213	221	159	125	110	86	71	53
653	10934	St.Gallen Stadt Speicherstr 54	12.06.2020	Freitag	2	22	4	4	3	7	20	92	126	115	158	169	194	156	165	240	168	208	247	201	166	127	89	71	48
656	10934	St.Gallen Stadt Speicherstr 54	13.06.2020	Samstag	1	40	23	10	5	7	10	34	63	121	138	162	158	114	162	170	176	163	185	118	75	58	63	53	34
657	10934	St.Gallen Stadt Speicherstr 54	13.06.2020	Samstag	2	57	24	4	7	4	13	31	46	94	135	112	152	160	157	179	176	181	194	125	84	60	59	40	50
660	10934	St.Gallen Stadt Speicherstr 54	14.06.2020	Sonntag	1	37	16	14	7	4	3	19	23	37	68	80	92	80	89	113	121	126	129	80	71	58	47	25	16
661	10934	St.Gallen Stadt Speicherstr 54	14.06.2020	Sonntag	2	45	18	10	8	3	5	11	15	22	56	70	97	92	99	96	121	100	128	100	76	68	35	31	19
664	10934	St.Gallen Stadt Speicherstr 54	15.06.2020	Montag	1	11	4	2	5	13	40	152	300	155	118	146	147	102	151	163	167	185	149	130	74	53	35	33	9
665	10934	St.Gallen Stadt Speicherstr 54	15.06.2020	Montag	2	9	2	3	5	4	25	87	122	94	106	113	143	126	131	112	152	172	244	217	125	86	59	48	27
668	10934	St.Gallen Stadt Speicherstr 54	16.06.2020	Dienstag	1	5	3	1	5	10	33	177	298	152	140	122	132	92	139	146	216	170	186	126	93	57	49	35	16
669	10934	St.Gallen Stadt Speicherstr 54	16.06.2020	Dienstag	2	6	0	2	2	7	20	92	132	116	92	110	159	108	119	131	96	183	294	207	148	88	66	48	28
672	10934	St.Gallen Stadt Speicherstr 54	17.06.2020	Mittwoch	1	8	0	0	6	14	30	153	301	193	143	138	122	109	157	156	151	172	169	131	89	48	73	54	17
673	10934	St.Gallen Stadt Speicherstr 54	17.06.2020	Mittwoch	2	5	5	2	5	8	22	88	132	113	112	106	142	135	138	128	152	163	255	222	127	92	90	73	32
676	10934	St.Gallen Stadt Speicherstr 54	18.06.2020	Donnerstag	1	7	5	3	5	7	41	146	304	195	168	133	172	106	166	151	169	175	187	107	101	72	52	38	21
677	10934	St.Gallen Stadt Speicherstr 54	18.06.2020	Donnerstag	2	9	0	2	2	3	23	84	113	123	117	126	164	122	135	140	166	208	236	200	131	96	61	63	32
680	10934	St.Gallen Stadt Speicherstr 54	19.06.2020	Freitag	1	5	4	2	6	13	27	144	251	194	184	158	152	93	148	153	162	159	161	115	79	68	61	67	48
681	10934	St.Gallen Stadt Speicherstr 54	19.06.2020	Freitag	2	11	5	2	3	4	15	91	107	101	132	144	160	134	127	131	129	157	237	173	159	96	55	63	45
684	10934	St.Gallen Stadt Speicherstr 54	20.06.2020	Samstag	1	41	10	12	5	14	13	29	80	105	136	165	151	121	149	152	131	137	133	91	68	63	60	76	36
685	10934	St.Gallen Stadt Speicherstr 54	20.06.2020	Samstag	2	42	20	12	5	10	9	24	50	74	93	111	152	140	150	148	151	158	167	114	82	62	55	65	49
688	10934	St.Gallen Stadt Speicherstr 54	21.06.2020	Sonntag	1	40	16	10	2	3	6	25	24	50	92	94	117	102	113	154	177	198	137	101	96	72	68	39	21
689	10934	St.Gallen Stadt Speicherstr 54	21.06.2020	Sonntag	2	45	20	13	8	8	8	18	23	36	68	96	112	139	127	160	141	115	128	119	102	80	61	36	16
692	10934	St.Gallen Stadt Speicherstr 54	22.06.2020	Montag	1	2	1	2	3	12	45	147	264	167	135	149	128	119	164	165	151	169	162	119	99	68	61	57	24
693	10934	St.Gallen Stadt Speicherstr 54	22.06.2020	Montag	2	12	2	2	5	8	25	78	111	95	118	110	158	142	147	117	134	159	271	217	128	98	88	59	38
696	10934	St.Gallen Stadt Speicherstr 54	23.06.2020	Dienstag	1	11	5	4	5	13	34	172	279	160	132	123	135	99	162	142	150	183	189	139	99	88	91	61	30
697	10934	St.Gallen Stadt Speicherstr 54	23.06.2020	Dienstag	2	20	4	2	3	3	24	87	102	116	117	118	154	125	155	150	146	183	256	217	153	95	84	67	32
700	10934	St.Gallen Stadt Speicherstr 54	24.06.2020	Mittwoch	1	12	4	3	6	14	39	150	272	171	149	157	158	92	185	170	177	196	205	164	111	95	88	70	19
701	10934	St.Gallen Stadt Speicherstr 54	24.06.2020	Mittwoch	2	13	7	3	5	4	23	83	127	113	140	139	175	161	198	152	146	184	273	253	148	106	76	73	35
704	10934	St.Gallen Stadt Speicherstr 54	25.06.2020	Donnerstag	1	8	10	2	7	14	37	171	283	198	159	140	153	115	168	177	177	181	198	168	124	103	96	74	32
705	10934	St.Gallen Stadt Speicherstr 54	25.06.2020	Donnerstag	2	11	2	5	4	4	26	87	114	126	137	139	179	161	168	122	153	210	276	235	150	120	89	80	50
708	10934	St.Gallen Stadt Speicherstr 54	26.06.2020	Freitag	1	20	9	5	4	13	39	151	272	196	188	160	141	129	163	176	193	207	208	166	88	69	68	52	59
709	10934	St.Gallen Stadt Speicherstr 54	26.06.2020	Freitag	2	16	8	5	2	6	14	94	107	115	134	148	183	152	178	183	184	224	241	220	152	107	63	79	48
712	10934	St.Gallen Stadt Speicherstr 54	27.06.2020	Samstag	1	45	15	15	14	11	16	32	69	128	140	166	146	117	137	166	190	175	132	121	83	84	90	89	77
713	10934	St.Gallen Stadt Speicherstr 54	27.06.2020	Samstag	2	32	30	10	16	15	14	23	49	75	90	129	121	171	162	173	175	192	154	130	114	106	93	73	54
716	10934	St.Gallen Stadt Speicherstr 54	28.06.2020	Sonntag	1	83	19	26	15	12	6	20	33	47	91	90	116	95	122	145	132	141	115	92	92	79	28	41	9
717	10934	St.Gallen Stadt Speicherstr 54	28.06.2020	Sonntag	2	63	33	22	16	10	6	19	31	42	81	76	128	110	104	143	137	115	120	117	76	78	42	24	15
720	10934	St.Gallen Stadt Speicherstr 54	29.06.2020	Montag	1	7	1	1	5	17	33	161	302	215	122	143	151	90	192	142	160	162	163	117	92	96	56	30	11
721	10934	St.Gallen Stadt Speicherstr 54	29.06.2020	Montag	2	12	2	5	4	3	19	91	114	122	110	120	143	115	159	133	148	201	286	243	120	79	80	45	28
724	10934	St.Gallen Stadt Speicherstr 54	30.06.2020	Dienstag	1	5	3	1	3	8	43	188	308	175	143	145	135	123	191	170	161	169	178	165	100	74	93	65	29
725	10934	St.Gallen Stadt Speicherstr 54	30.06.2020	Dienstag	2	10	3	1	1	6	25	89	114	116	107	128	176	129	160	152	151	207	290	251	154	98	92	60	37
