LNR	ORT-ID	BEZEICHNUNG	DATUM	WOCHENTAG	RI	1	2	3	4	5	6	7	8	9	10	11	12	13	14	15	16	17	18	19	20	21	22	23	24
1	10943	St.Gallen Stadt Wildeggstr.	01.01.2020	Mittwoch	1	35	46	38	14	12	6	7	15	9	21	43	45	55	63	77	66	84	63	45	38	39	24	14	19
2	10943	St.Gallen Stadt Wildeggstr.	01.01.2020	Mittwoch	2	36	53	39	19	18	13	18	13	18	21	46	57	60	80	86	104	139	87	57	47	27	27	12	8
3	10943	St.Gallen Stadt Wildeggstr.	02.01.2020	Donnerstag	1	6	3	4	1	4	3	14	38	44	52	88	97	84	116	106	116	107	121	85	63	47	40	25	21
4	10943	St.Gallen Stadt Wildeggstr.	02.01.2020	Donnerstag	2	9	2	4	4	4	12	32	86	72	77	94	105	96	124	156	219	285	268	85	61	44	34	28	15
5	10943	St.Gallen Stadt Wildeggstr.	03.01.2020	Freitag	1	9	6	1	1	6	7	24	62	64	69	81	102	102	115	97	115	151	140	100	79	53	32	23	37
6	10943	St.Gallen Stadt Wildeggstr.	03.01.2020	Freitag	2	9	3	2	1	6	9	64	122	102	127	129	114	108	153	151	140	156	156	95	80	35	33	43	14
7	10943	St.Gallen Stadt Wildeggstr.	04.01.2020	Samstag	1	8	8	9	10	4	4	16	22	41	64	62	109	96	90	105	94	105	102	75	58	46	31	35	25
8	10943	St.Gallen Stadt Wildeggstr.	04.01.2020	Samstag	2	15	8	4	5	5	3	28	32	65	98	121	127	108	134	136	105	131	85	86	63	36	49	33	27
9	10943	St.Gallen Stadt Wildeggstr.	05.01.2020	Sonntag	1	22	10	5	6	4	4	8	7	26	30	48	86	80	85	85	85	115	83	65	43	37	35	12	13
10	10943	St.Gallen Stadt Wildeggstr.	05.01.2020	Sonntag	2	19	18	12	8	5	5	24	15	39	71	58	68	79	135	124	122	129	90	55	54	42	35	15	8
11	10943	St.Gallen Stadt Wildeggstr.	06.01.2020	Montag	1	4	0	1	0	7	19	48	127	112	85	102	114	98	117	94	131	166	238	163	88	55	43	37	20
12	10943	St.Gallen Stadt Wildeggstr.	06.01.2020	Montag	2	2	1	2	2	6	26	155	291	170	96	99	129	101	169	144	152	188	225	147	107	55	41	34	9
13	10943	St.Gallen Stadt Wildeggstr.	07.01.2020	Dienstag	1	5	2	3	2	7	12	50	105	110	87	106	107	107	105	91	106	154	245	171	92	62	55	40	21
14	10943	St.Gallen Stadt Wildeggstr.	07.01.2020	Dienstag	2	5	0	1	1	7	19	170	323	170	124	115	127	118	164	118	141	167	204	163	84	61	36	37	16
15	10943	St.Gallen Stadt Wildeggstr.	08.01.2020	Mittwoch	1	10	4	2	3	9	9	43	125	130	100	95	117	108	127	112	143	156	250	164	116	63	45	55	26
16	10943	St.Gallen Stadt Wildeggstr.	08.01.2020	Mittwoch	2	10	1	3	0	6	20	153	292	183	127	113	139	129	161	159	132	205	197	161	113	59	43	26	17
17	10943	St.Gallen Stadt Wildeggstr.	09.01.2020	Donnerstag	1	9	5	1	2	10	9	47	123	134	96	105	128	118	135	120	133	168	236	173	117	72	55	43	24
18	10943	St.Gallen Stadt Wildeggstr.	09.01.2020	Donnerstag	2	9	1	1	2	13	21	154	322	186	122	133	139	125	189	165	122	155	233	163	126	71	56	35	16
19	10943	St.Gallen Stadt Wildeggstr.	10.01.2020	Freitag	1	14	8	2	4	6	6	40	116	120	107	109	132	117	119	122	145	171	221	152	88	42	52	47	34
20	10943	St.Gallen Stadt Wildeggstr.	10.01.2020	Freitag	2	10	4	2	3	10	22	144	306	181	165	127	132	113	167	156	164	202	229	169	105	57	49	48	42
21	10943	St.Gallen Stadt Wildeggstr.	11.01.2020	Samstag	1	26	13	5	4	5	3	31	28	66	82	115	137	95	86	107	131	132	110	98	60	47	26	31	40
22	10943	St.Gallen Stadt Wildeggstr.	11.01.2020	Samstag	2	21	8	2	6	7	7	40	42	112	136	161	149	136	134	144	139	125	108	102	71	43	45	40	33
23	10943	St.Gallen Stadt Wildeggstr.	12.01.2020	Sonntag	1	20	16	13	5	1	3	13	13	19	37	81	106	94	102	119	118	114	121	66	56	53	50	14	9
24	10943	St.Gallen Stadt Wildeggstr.	12.01.2020	Sonntag	2	25	21	11	6	4	10	31	20	44	71	85	103	92	124	135	158	160	120	85	49	54	37	20	7
25	10943	St.Gallen Stadt Wildeggstr.	13.01.2020	Montag	1	6	4	1	1	7	9	61	132	117	76	90	123	108	121	98	127	163	255	151	87	63	46	42	17
26	10943	St.Gallen Stadt Wildeggstr.	13.01.2020	Montag	2	2	2	4	1	7	18	161	300	176	99	122	141	94	170	144	154	177	229	172	87	66	43	41	12
27	10943	St.Gallen Stadt Wildeggstr.	14.01.2020	Dienstag	1	6	2	1	4	7	6	50	114	122	78	108	135	88	137	91	129	148	231	157	112	70	53	39	11
28	10943	St.Gallen Stadt Wildeggstr.	14.01.2020	Dienstag	2	6	0	4	1	6	23	166	327	193	123	111	141	95	169	123	131	201	210	184	84	50	42	35	15
29	10943	St.Gallen Stadt Wildeggstr.	15.01.2020	Mittwoch	1	4	3	0	4	5	8	49	164	129	89	98	142	129	137	116	111	171	221	176	118	55	48	54	27
30	10943	St.Gallen Stadt Wildeggstr.	15.01.2020	Mittwoch	2	4	2	2	1	7	25	152	321	172	129	121	150	127	173	189	137	208	224	154	109	53	46	47	22
31	10943	St.Gallen Stadt Wildeggstr.	16.01.2020	Donnerstag	1	11	5	2	5	4	11	54	142	131	97	93	123	116	112	131	129	163	252	169	97	73	57	51	29
32	10943	St.Gallen Stadt Wildeggstr.	16.01.2020	Donnerstag	2	9	1	2	3	6	24	159	308	146	81	59	127	120	206	160	159	181	227	189	134	61	51	48	17
33	10943	St.Gallen Stadt Wildeggstr.	17.01.2020	Freitag	1	16	8	3	4	7	7	49	126	141	94	116	139	115	131	121	132	193	227	186	126	58	53	39	44
34	10943	St.Gallen Stadt Wildeggstr.	17.01.2020	Freitag	2	10	5	2	3	3	26	129	304	185	137	131	154	125	154	158	176	219	294	276	114	47	51	74	50
35	10943	St.Gallen Stadt Wildeggstr.	18.01.2020	Samstag	1	25	14	10	7	6	5	19	31	64	85	104	118	100	101	113	129	146	128	87	59	39	30	28	36
36	10943	St.Gallen Stadt Wildeggstr.	18.01.2020	Samstag	2	22	13	3	2	4	14	23	49	106	146	177	154	126	144	149	142	95	133	104	56	48	50	38	37
37	10943	St.Gallen Stadt Wildeggstr.	19.01.2020	Sonntag	1	22	13	7	7	2	4	11	14	33	49	56	64	70	78	107	92	106	111	55	77	49	35	16	15
38	10943	St.Gallen Stadt Wildeggstr.	19.01.2020	Sonntag	2	24	14	5	8	9	4	22	25	40	81	93	84	89	106	110	126	111	113	66	53	50	29	14	9
39	10943	St.Gallen Stadt Wildeggstr.	20.01.2020	Montag	1	5	1	5	2	8	9	52	132	112	90	94	118	114	115	98	108	167	225	152	94	57	48	37	22
40	10943	St.Gallen Stadt Wildeggstr.	20.01.2020	Montag	2	3	0	2	2	3	21	145	329	183	112	126	139	103	169	129	146	175	221	173	92	61	33	28	10
41	10943	St.Gallen Stadt Wildeggstr.	21.01.2020	Dienstag	1	7	3	1	2	8	4	52	118	118	84	90	104	97	114	91	117	145	249	184	103	65	60	32	21
42	10943	St.Gallen Stadt Wildeggstr.	21.01.2020	Dienstag	2	4	4	2	2	6	18	164	342	180	123	115	123	122	166	137	146	177	233	182	114	46	47	26	20
43	10943	St.Gallen Stadt Wildeggstr.	22.01.2020	Mittwoch	1	9	5	3	4	9	8	42	115	133	82	107	129	125	121	116	132	135	244	194	103	61	55	48	21
44	10943	St.Gallen Stadt Wildeggstr.	22.01.2020	Mittwoch	2	7	1	3	5	13	28	151	335	174	139	101	129	125	162	132	125	189	223	164	91	72	48	27	13
45	10943	St.Gallen Stadt Wildeggstr.	23.01.2020	Donnerstag	1	4	6	1	3	3	7	47	122	122	95	96	125	97	144	97	110	135	222	156	112	61	55	45	45
46	10943	St.Gallen Stadt Wildeggstr.	23.01.2020	Donnerstag	2	7	2	2	5	12	26	155	332	196	126	134	141	115	175	116	131	182	265	196	118	53	56	36	24
47	10943	St.Gallen Stadt Wildeggstr.	24.01.2020	Freitag	1	11	7	3	3	5	8	45	128	124	110	92	132	103	129	126	133	160	240	154	91	58	55	40	45
48	10943	St.Gallen Stadt Wildeggstr.	24.01.2020	Freitag	2	8	2	2	4	13	22	118	314	204	144	129	164	147	174	168	182	232	271	175	110	61	55	47	42
49	10943	St.Gallen Stadt Wildeggstr.	25.01.2020	Samstag	1	24	20	5	5	9	7	20	34	54	95	103	121	119	95	112	111	126	89	67	40	34	38	29	18
50	10943	St.Gallen Stadt Wildeggstr.	25.01.2020	Samstag	2	18	17	10	5	8	13	37	51	116	142	153	143	142	154	155	162	122	103	98	56	22	37	36	25
51	10943	St.Gallen Stadt Wildeggstr.	26.01.2020	Sonntag	1	19	9	9	8	5	4	12	12	28	42	59	75	81	93	94	105	94	80	55	56	38	36	21	9
52	10943	St.Gallen Stadt Wildeggstr.	26.01.2020	Sonntag	2	17	7	6	5	5	8	27	14	41	78	66	76	96	124	133	114	144	101	69	70	34	30	21	6
53	10943	St.Gallen Stadt Wildeggstr.	27.01.2020	Montag	1	5	3	3	1	5	9	45	103	78	68	72	94	85	110	77	95	136	197	135	65	34	38	13	15
54	10943	St.Gallen Stadt Wildeggstr.	27.01.2020	Montag	2	5	4	0	0	6	14	128	236	136	109	100	96	104	157	140	125	141	193	125	63	42	37	14	8
55	10943	St.Gallen Stadt Wildeggstr.	28.01.2020	Dienstag	1	6	6	2	2	6	8	46	103	91	84	82	111	91	101	83	110	126	180	116	78	37	35	42	23
56	10943	St.Gallen Stadt Wildeggstr.	28.01.2020	Dienstag	2	7	5	0	2	8	21	136	249	136	127	99	103	105	129	122	100	157	191	137	68	35	38	21	13
57	10943	St.Gallen Stadt Wildeggstr.	29.01.2020	Mittwoch	1	8	5	7	2	5	13	36	93	108	76	82	91	87	96	99	92	144	200	129	72	53	50	37	26
58	10943	St.Gallen Stadt Wildeggstr.	29.01.2020	Mittwoch	2	4	1	4	3	7	26	128	247	132	102	93	115	79	152	132	125	123	166	128	99	49	37	33	16
59	10943	St.Gallen Stadt Wildeggstr.	30.01.2020	Donnerstag	1	8	8	3	2	5	6	46	102	99	79	88	92	97	114	104	93	135	204	157	96	53	52	49	18
60	10943	St.Gallen Stadt Wildeggstr.	30.01.2020	Donnerstag	2	8	4	2	3	7	22	123	259	155	116	99	127	92	168	122	133	167	197	150	89	65	47	36	8
61	10943	St.Gallen Stadt Wildeggstr.	31.01.2020	Freitag	1	8	12	8	2	2	6	51	109	94	68	99	102	99	97	122	127	154	220	130	84	56	33	40	25
62	10943	St.Gallen Stadt Wildeggstr.	31.01.2020	Freitag	2	6	3	5	1	6	18	114	230	142	129	140	135	106	131	164	127	184	183	125	96	41	30	32	17
63	10943	St.Gallen Stadt Wildeggstr.	01.02.2020	Samstag	1	15	13	5	3	4	5	16	21	56	76	83	103	110	86	102	113	122	92	103	50	41	37	36	41
64	10943	St.Gallen Stadt Wildeggstr.	01.02.2020	Samstag	2	20	10	8	4	7	7	30	49	92	120	137	109	153	129	153	142	115	102	87	60	36	33	30	25
65	10943	St.Gallen Stadt Wildeggstr.	02.02.2020	Sonntag	1	15	18	11	9	4	2	6	9	20	26	45	72	72	75	95	85	108	86	80	51	41	25	14	16
66	10943	St.Gallen Stadt Wildeggstr.	02.02.2020	Sonntag	2	24	12	6	5	9	8	13	9	25	70	82	90	92	98	93	94	90	89	84	61	48	32	14	10
67	10943	St.Gallen Stadt Wildeggstr.	03.02.2020	Montag	1	4	4	2	3	9	6	52	117	139	77	94	104	103	137	92	112	171	199	196	92	61	63	42	21
68	10943	St.Gallen Stadt Wildeggstr.	03.02.2020	Montag	2	4	4	2	0	15	19	159	298	181	142	115	131	115	184	135	132	183	221	172	87	59	33	35	7
69	10943	St.Gallen Stadt Wildeggstr.	04.02.2020	Dienstag	1	7	4	3	3	5	8	44	123	120	69	92	120	99	109	82	110	140	209	153	103	62	45	48	18
70	10943	St.Gallen Stadt Wildeggstr.	04.02.2020	Dienstag	2	5	3	5	3	10	22	145	307	189	130	106	136	111	140	117	121	169	221	190	95	52	37	35	13
71	10943	St.Gallen Stadt Wildeggstr.	05.02.2020	Mittwoch	1	5	7	5	3	8	7	53	130	118	72	93	121	98	124	103	104	168	244	183	97	83	53	40	26
72	10943	St.Gallen Stadt Wildeggstr.	05.02.2020	Mittwoch	2	5	4	3	5	7	24	151	323	199	135	123	158	113	188	111	149	194	250	152	97	61	45	31	14
73	10943	St.Gallen Stadt Wildeggstr.	06.02.2020	Donnerstag	1	10	3	3	3	4	10	52	124	131	95	102	153	169	132	98	128	151	251	206	90	81	58	61	30
74	10943	St.Gallen Stadt Wildeggstr.	06.02.2020	Donnerstag	2	6	2	3	2	8	26	139	332	196	159	137	145	111	186	157	153	183	267	191	117	77	51	41	17
75	10943	St.Gallen Stadt Wildeggstr.	07.02.2020	Freitag	1	11	3	6	2	5	6	53	131	119	81	99	129	117	107	142	145	171	232	174	101	58	48	59	44
76	10943	St.Gallen Stadt Wildeggstr.	07.02.2020	Freitag	2	4	6	3	4	9	27	148	300	199	131	118	136	122	173	131	187	218	264	179	97	55	45	44	39
77	10943	St.Gallen Stadt Wildeggstr.	08.02.2020	Samstag	1	19	19	6	8	7	8	19	29	57	89	91	115	115	120	116	123	124	121	64	69	42	41	47	35
78	10943	St.Gallen Stadt Wildeggstr.	08.02.2020	Samstag	2	29	7	3	6	4	13	45	60	100	138	147	155	135	140	161	128	131	125	87	68	49	42	44	32
79	10943	St.Gallen Stadt Wildeggstr.	09.02.2020	Sonntag	1	20	22	9	7	7	3	8	11	21	45	62	99	85	88	103	102	109	96	62	62	52	28	25	18
80	10943	St.Gallen Stadt Wildeggstr.	09.02.2020	Sonntag	2	19	12	7	3	7	9	20	23	40	73	99	106	90	116	114	131	128	94	91	72	50	23	16	7
81	10943	St.Gallen Stadt Wildeggstr.	10.02.2020	Montag	1	2	4	2	1	4	11	57	135	108	75	106	108	78	107	86	119	165	230	159	75	63	54	52	17
82	10943	St.Gallen Stadt Wildeggstr.	10.02.2020	Montag	2	4	3	2	1	9	20	148	335	187	123	86	113	106	147	127	124	168	255	200	92	63	38	41	8
83	10943	St.Gallen Stadt Wildeggstr.	11.02.2020	Dienstag	1	8	5	2	4	6	7	53	128	142	100	101	109	97	115	88	117	184	249	143	104	75	46	33	15
84	10943	St.Gallen Stadt Wildeggstr.	11.02.2020	Dienstag	2	4	2	4	0	6	22	159	356	213	147	110	133	101	176	114	138	197	217	186	94	60	44	30	13
85	10943	St.Gallen Stadt Wildeggstr.	12.02.2020	Mittwoch	1	9	8	3	3	6	18	57	144	126	76	89	116	112	102	117	108	143	241	183	95	60	42	46	23
86	10943	St.Gallen Stadt Wildeggstr.	12.02.2020	Mittwoch	2	6	4	2	0	4	31	138	325	192	127	111	145	114	184	141	125	176	227	189	105	52	46	32	13
87	10943	St.Gallen Stadt Wildeggstr.	13.02.2020	Donnerstag	1	9	6	2	1	4	9	50	141	111	89	104	137	95	109	116	126	177	222	178	95	77	63	44	27
88	10943	St.Gallen Stadt Wildeggstr.	13.02.2020	Donnerstag	2	7	3	4	2	6	25	155	323	201	138	122	133	102	182	148	153	179	249	184	122	60	53	36	16
89	10943	St.Gallen Stadt Wildeggstr.	14.02.2020	Freitag	1	9	5	3	4	6	5	49	132	115	100	99	135	119	137	113	139	175	215	144	95	51	61	38	48
90	10943	St.Gallen Stadt Wildeggstr.	14.02.2020	Freitag	2	5	4	4	2	6	24	127	296	201	150	142	148	138	184	149	162	212	245	195	109	64	56	43	29
91	10943	St.Gallen Stadt Wildeggstr.	15.02.2020	Samstag	1	17	13	12	0	3	6	24	52	54	76	96	117	99	87	105	117	133	123	113	66	51	43	36	37
92	10943	St.Gallen Stadt Wildeggstr.	15.02.2020	Samstag	2	28	22	3	3	5	10	36	68	94	154	143	146	153	166	156	160	132	123	102	74	46	53	51	32
93	10943	St.Gallen Stadt Wildeggstr.	16.02.2020	Sonntag	1	13	19	9	6	0	3	11	9	28	42	46	88	75	84	91	100	117	103	80	58	45	41	20	13
94	10943	St.Gallen Stadt Wildeggstr.	16.02.2020	Sonntag	2	14	25	0	8	5	8	12	23	41	75	78	106	103	96	148	117	100	112	88	58	51	31	18	11
95	10943	St.Gallen Stadt Wildeggstr.	17.02.2020	Montag	1	9	5	5	1	8	9	50	140	133	70	100	106	101	126	108	112	155	251	157	94	57	39	44	20
96	10943	St.Gallen Stadt Wildeggstr.	17.02.2020	Montag	2	5	2	4	1	13	22	170	314	173	105	106	119	105	172	136	159	186	253	180	80	50	42	39	12
97	10943	St.Gallen Stadt Wildeggstr.	18.02.2020	Dienstag	1	7	3	5	3	9	10	63	131	123	101	114	107	100	127	98	99	181	241	159	99	70	62	42	23
98	10943	St.Gallen Stadt Wildeggstr.	18.02.2020	Dienstag	2	3	1	3	0	10	24	160	313	216	134	115	142	121	165	138	143	147	260	202	113	45	44	48	11
99	10943	St.Gallen Stadt Wildeggstr.	19.02.2020	Mittwoch	1	6	5	3	3	3	10	50	135	128	93	77	139	125	115	120	120	173	255	200	94	86	63	41	18
100	10943	St.Gallen Stadt Wildeggstr.	19.02.2020	Mittwoch	2	2	2	3	3	14	27	155	296	203	133	118	155	128	165	150	129	206	240	191	125	65	42	32	13
101	10943	St.Gallen Stadt Wildeggstr.	20.02.2020	Donnerstag	1	8	5	4	3	4	9	52	115	126	91	119	133	111	110	131	128	203	279	195	100	68	52	47	31
102	10943	St.Gallen Stadt Wildeggstr.	20.02.2020	Donnerstag	2	7	5	6	2	10	33	162	319	207	182	119	152	128	194	148	151	203	259	210	116	69	50	31	27
103	10943	St.Gallen Stadt Wildeggstr.	21.02.2020	Freitag	1	15	7	4	3	8	8	46	122	97	110	105	138	116	113	142	142	270	375	297	125	72	55	44	40
104	10943	St.Gallen Stadt Wildeggstr.	21.02.2020	Freitag	2	9	6	5	2	15	16	151	277	180	147	138	170	139	209	161	163	197	232	199	128	72	38	43	33
105	10943	St.Gallen Stadt Wildeggstr.	22.02.2020	Samstag	1	37	16	12	5	8	5	20	26	70	92	97	119	104	108	115	128	147	144	84	67	42	50	34	30
106	10943	St.Gallen Stadt Wildeggstr.	22.02.2020	Samstag	2	22	16	9	3	7	12	34	65	104	154	154	152	127	152	135	148	137	134	105	67	53	49	26	26
107	10943	St.Gallen Stadt Wildeggstr.	23.02.2020	Sonntag	1	19	18	7	10	3	6	7	13	26	41	63	84	96	100	185	136	159	118	81	59	44	24	14	5
108	10943	St.Gallen Stadt Wildeggstr.	23.02.2020	Sonntag	2	27	17	14	3	6	6	7	18	65	110	106	118	92	132	183	163	102	99	91	70	37	39	12	4
109	10943	St.Gallen Stadt Wildeggstr.	24.02.2020	Montag	1	5	3	5	4	5	10	58	124	119	93	92	119	108	108	127	127	168	252	171	95	68	43	46	24
110	10943	St.Gallen Stadt Wildeggstr.	24.02.2020	Montag	2	3	1	3	0	9	27	169	309	170	115	114	136	120	150	154	145	204	262	177	115	67	41	39	10
111	10943	St.Gallen Stadt Wildeggstr.	25.02.2020	Dienstag	1	4	5	4	2	7	9	55	138	139	110	103	144	106	111	105	129	180	238	160	104	69	62	49	23
112	10943	St.Gallen Stadt Wildeggstr.	25.02.2020	Dienstag	2	4	1	3	1	9	24	158	322	203	132	119	140	100	189	132	145	193	244	179	116	63	49	36	21
113	10943	St.Gallen Stadt Wildeggstr.	26.02.2020	Mittwoch	1	6	6	6	2	8	15	49	148	118	82	86	110	91	114	102	122	149	233	219	118	71	55	46	20
114	10943	St.Gallen Stadt Wildeggstr.	26.02.2020	Mittwoch	2	3	2	10	2	8	31	159	340	185	109	107	156	96	162	167	120	177	281	260	126	70	55	40	17
115	10943	St.Gallen Stadt Wildeggstr.	27.02.2020	Donnerstag	1	10	6	5	2	5	17	58	145	118	94	94	123	90	119	98	128	148	210	171	121	79	63	48	25
116	10943	St.Gallen Stadt Wildeggstr.	27.02.2020	Donnerstag	2	4	4	7	2	4	27	159	327	192	150	127	138	103	185	125	133	157	247	198	123	54	52	29	19
117	10943	St.Gallen Stadt Wildeggstr.	28.02.2020	Freitag	1	13	7	3	4	7	12	46	126	135	107	112	157	99	109	127	152	178	199	187	102	70	69	53	39
118	10943	St.Gallen Stadt Wildeggstr.	28.02.2020	Freitag	2	7	6	4	1	13	34	136	307	199	141	142	140	113	179	142	158	212	237	170	122	67	58	49	37
119	10943	St.Gallen Stadt Wildeggstr.	29.02.2020	Samstag	1	26	11	10	12	6	10	21	36	64	88	105	139	122	118	120	104	125	152	98	68	51	47	31	43
120	10943	St.Gallen Stadt Wildeggstr.	29.02.2020	Samstag	2	21	10	9	7	9	9	37	72	127	152	150	158	142	144	160	131	151	116	98	86	47	38	43	40
121	10943	St.Gallen Stadt Wildeggstr.	01.03.2020	Sonntag	1	27	17	9	4	4	1	7	9	23	51	63	78	78	89	99	87	135	125	73	83	70	38	22	8
122	10943	St.Gallen Stadt Wildeggstr.	01.03.2020	Sonntag	2	25	10	11	11	6	6	22	15	26	90	93	101	101	110	122	123	127	121	99	58	55	39	13	14
123	10943	St.Gallen Stadt Wildeggstr.	02.03.2020	Montag	1	7	1	3	3	7	7	76	119	140	70	84	134	94	103	105	122	174	230	179	93	54	51	36	25
124	10943	St.Gallen Stadt Wildeggstr.	02.03.2020	Montag	2	5	1	1	1	8	23	178	312	182	120	102	129	95	161	129	144	197	257	193	93	60	37	29	17
125	10943	St.Gallen Stadt Wildeggstr.	03.03.2020	Dienstag	1	8	4	5	1	7	18	73	121	107	80	99	106	113	121	103	108	143	237	195	99	80	63	40	27
126	10943	St.Gallen Stadt Wildeggstr.	03.03.2020	Dienstag	2	7	2	3	1	10	21	175	332	196	125	126	132	114	171	131	132	170	250	211	120	56	41	38	17
127	10943	St.Gallen Stadt Wildeggstr.	04.03.2020	Mittwoch	1	7	3	6	3	3	10	57	124	123	75	86	127	112	129	121	105	149	248	189	110	71	68	52	17
128	10943	St.Gallen Stadt Wildeggstr.	04.03.2020	Mittwoch	2	3	5	2	0	11	23	157	328	191	130	128	146	126	184	136	132	209	260	193	140	75	44	38	13
129	10943	St.Gallen Stadt Wildeggstr.	05.03.2020	Donnerstag	1	12	7	4	2	5	14	55	146	130	87	100	129	100	101	92	113	158	247	208	103	74	59	43	23
130	10943	St.Gallen Stadt Wildeggstr.	05.03.2020	Donnerstag	2	6	3	3	0	8	25	149	339	187	142	129	126	103	145	133	127	190	246	233	135	67	66	49	18
131	10943	St.Gallen Stadt Wildeggstr.	06.03.2020	Freitag	1	11	5	7	3	7	6	61	131	102	109	89	139	104	111	113	118	164	192	169	102	67	53	43	47
132	10943	St.Gallen Stadt Wildeggstr.	06.03.2020	Freitag	2	8	0	1	3	10	29	132	300	189	126	143	123	118	146	155	158	207	255	181	122	62	59	52	27
133	10943	St.Gallen Stadt Wildeggstr.	07.03.2020	Samstag	1	23	14	7	9	7	4	23	28	71	89	99	121	105	117	91	117	97	100	95	60	47	29	31	39
134	10943	St.Gallen Stadt Wildeggstr.	07.03.2020	Samstag	2	16	17	5	6	10	14	33	71	110	143	143	115	139	143	122	137	122	100	102	72	63	42	35	21
135	10943	St.Gallen Stadt Wildeggstr.	08.03.2020	Sonntag	1	22	10	4	4	7	8	10	14	18	42	54	97	76	75	95	120	114	105	98	84	46	38	25	10
136	10943	St.Gallen Stadt Wildeggstr.	08.03.2020	Sonntag	2	16	19	14	10	9	12	24	36	48	69	79	88	85	124	106	122	128	113	93	89	52	34	21	6
137	10943	St.Gallen Stadt Wildeggstr.	09.03.2020	Montag	1	7	2	5	4	7	12	64	154	123	105	111	116	99	111	98	124	175	206	192	107	67	46	42	22
138	10943	St.Gallen Stadt Wildeggstr.	09.03.2020	Montag	2	8	4	3	4	10	13	167	323	202	132	108	134	109	171	121	140	180	239	208	118	83	43	30	8
139	10943	St.Gallen Stadt Wildeggstr.	10.03.2020	Dienstag	1	5	6	3	2	8	10	59	143	127	95	95	113	96	104	108	131	127	227	186	84	77	45	40	16
140	10943	St.Gallen Stadt Wildeggstr.	10.03.2020	Dienstag	2	1	3	3	3	7	22	157	351	187	108	104	132	100	170	121	144	156	239	192	100	56	53	35	15
141	10943	St.Gallen Stadt Wildeggstr.	11.03.2020	Mittwoch	1	7	10	4	2	6	11	59	124	125	87	87	138	123	137	124	117	162	257	166	102	56	55	47	30
142	10943	St.Gallen Stadt Wildeggstr.	11.03.2020	Mittwoch	2	1	4	3	1	8	26	168	327	153	122	107	148	125	176	167	134	184	215	191	127	62	62	30	13
143	10943	St.Gallen Stadt Wildeggstr.	12.03.2020	Donnerstag	1	14	2	2	5	7	15	69	126	113	83	101	123	114	105	127	109	176	235	190	108	66	59	48	20
144	10943	St.Gallen Stadt Wildeggstr.	12.03.2020	Donnerstag	2	6	2	3	3	5	22	158	309	180	129	116	116	116	177	147	134	167	219	188	113	63	33	37	23
145	10943	St.Gallen Stadt Wildeggstr.	13.03.2020	Freitag	1	9	6	3	6	6	12	50	119	107	109	99	134	109	108	122	132	185	229	185	96	41	31	32	39
146	10943	St.Gallen Stadt Wildeggstr.	13.03.2020	Freitag	2	7	4	2	3	10	26	139	287	190	134	140	143	118	184	129	181	215	239	172	87	55	40	41	30
147	10943	St.Gallen Stadt Wildeggstr.	14.03.2020	Samstag	1	22	7	5	6	7	6	17	31	66	95	114	114	101	90	125	123	96	105	73	45	36	27	37	33
148	10943	St.Gallen Stadt Wildeggstr.	14.03.2020	Samstag	2	8	10	6	3	8	8	37	65	114	149	143	131	136	115	103	125	96	97	95	72	48	32	48	41
149	10943	St.Gallen Stadt Wildeggstr.	15.03.2020	Sonntag	1	13	13	4	2	0	2	12	11	20	42	56	65	79	93	99	84	104	100	73	71	38	27	21	13
150	10943	St.Gallen Stadt Wildeggstr.	15.03.2020	Sonntag	2	17	14	10	3	4	4	22	18	36	66	77	95	72	108	113	106	116	108	101	57	56	37	26	2
151	10943	St.Gallen Stadt Wildeggstr.	16.03.2020	Montag	1	6	2	3	3	10	8	73	136	98	76	87	135	114	105	114	114	136	214	189	90	47	28	23	13
152	10943	St.Gallen Stadt Wildeggstr.	16.03.2020	Montag	2	2	1	4	2	9	27	153	305	158	112	130	113	104	169	139	139	191	190	172	95	55	32	20	11
153	10943	St.Gallen Stadt Wildeggstr.	17.03.2020	Dienstag	1	6	7	5	2	8	6	60	126	98	91	76	104	98	130	106	101	139	213	148	54	31	22	8	9
154	10943	St.Gallen Stadt Wildeggstr.	17.03.2020	Dienstag	2	2	4	2	2	9	22	152	273	159	101	104	127	116	130	131	114	159	196	124	71	44	19	11	10
155	10943	St.Gallen Stadt Wildeggstr.	18.03.2020	Mittwoch	1	1	3	4	4	5	9	57	118	93	75	94	102	119	116	119	122	162	188	135	78	38	14	10	12
156	10943	St.Gallen Stadt Wildeggstr.	18.03.2020	Mittwoch	2	1	0	5	3	12	23	140	250	133	104	105	128	107	158	136	131	160	190	121	64	37	23	16	9
157	10943	St.Gallen Stadt Wildeggstr.	19.03.2020	Donnerstag	1	4	3	3	2	6	7	62	138	77	85	94	118	87	98	107	108	139	195	121	71	32	22	15	12
158	10943	St.Gallen Stadt Wildeggstr.	19.03.2020	Donnerstag	2	2	5	4	1	10	19	133	257	129	124	109	124	109	152	129	110	166	206	124	71	38	25	11	12
159	10943	St.Gallen Stadt Wildeggstr.	20.03.2020	Freitag	1	1	3	5	4	7	6	50	114	88	92	91	101	106	97	112	106	128	173	114	55	34	13	28	10
160	10943	St.Gallen Stadt Wildeggstr.	20.03.2020	Freitag	2	4	1	2	3	10	12	133	198	118	107	113	131	133	164	124	126	148	149	103	64	41	18	13	5
161	10943	St.Gallen Stadt Wildeggstr.	21.03.2020	Samstag	1	11	5	2	2	2	5	20	20	48	49	74	76	68	74	75	69	74	64	33	40	16	13	13	9
162	10943	St.Gallen Stadt Wildeggstr.	21.03.2020	Samstag	2	8	7	2	3	6	8	31	51	54	73	98	111	87	106	96	86	76	60	49	50	26	16	12	10
163	10943	St.Gallen Stadt Wildeggstr.	22.03.2020	Sonntag	1	11	6	2	0	1	4	9	8	14	22	24	34	47	45	62	63	51	66	53	28	24	18	10	6
164	10943	St.Gallen Stadt Wildeggstr.	22.03.2020	Sonntag	2	4	8	2	7	3	3	22	10	19	37	40	41	46	73	64	87	80	59	69	42	24	15	17	5
165	10943	St.Gallen Stadt Wildeggstr.	23.03.2020	Montag	1	4	2	5	2	9	9	63	116	79	68	57	78	81	80	85	90	128	179	110	53	28	15	11	16
166	10943	St.Gallen Stadt Wildeggstr.	23.03.2020	Montag	2	3	4	4	2	8	20	135	213	121	107	90	90	88	123	98	107	132	157	121	45	25	30	16	6
167	10943	St.Gallen Stadt Wildeggstr.	24.03.2020	Dienstag	1	2	0	2	3	8	10	49	121	81	67	77	67	87	99	99	96	130	192	122	49	44	17	13	13
168	10943	St.Gallen Stadt Wildeggstr.	24.03.2020	Dienstag	2	6	2	2	2	11	13	132	218	109	107	77	115	95	151	113	100	176	168	117	61	41	27	15	7
169	10943	St.Gallen Stadt Wildeggstr.	25.03.2020	Mittwoch	1	5	3	3	3	5	8	57	116	79	56	73	93	101	90	96	106	132	171	106	58	32	10	12	14
170	10943	St.Gallen Stadt Wildeggstr.	25.03.2020	Mittwoch	2	3	3	1	3	9	17	129	226	104	98	91	103	113	135	110	106	130	151	102	59	35	20	18	4
171	10943	St.Gallen Stadt Wildeggstr.	26.03.2020	Donnerstag	1	1	4	4	2	4	10	52	113	85	76	92	98	95	100	79	109	129	161	117	57	27	13	15	11
172	10943	St.Gallen Stadt Wildeggstr.	26.03.2020	Donnerstag	2	1	5	1	1	7	21	126	228	122	102	97	117	83	105	123	97	146	150	132	59	35	20	7	5
173	10943	St.Gallen Stadt Wildeggstr.	27.03.2020	Freitag	1	5	2	1	3	6	8	45	114	91	78	77	97	97	101	101	105	140	174	119	67	41	26	23	13
174	10943	St.Gallen Stadt Wildeggstr.	27.03.2020	Freitag	2	1	3	4	2	10	18	130	203	117	111	111	114	133	132	141	131	151	149	120	71	49	37	19	13
175	10943	St.Gallen Stadt Wildeggstr.	28.03.2020	Samstag	1	8	7	1	4	7	4	16	22	46	63	91	110	103	102	120	91	96	76	66	38	27	18	15	15
176	10943	St.Gallen Stadt Wildeggstr.	28.03.2020	Samstag	2	9	3	2	3	4	8	37	47	61	84	113	124	100	119	108	100	103	95	86	53	27	21	11	12
177	10943	St.Gallen Stadt Wildeggstr.	29.03.2020	Sonntag	1	9	0	5	5	2	0	10	6	13	26	27	46	36	45	64	53	59	51	41	39	23	10	11	17
178	10943	St.Gallen Stadt Wildeggstr.	29.03.2020	Sonntag	2	8	0	3	4	2	4	17	12	8	25	45	53	66	52	74	58	62	62	51	42	30	22	13	8
179	10943	St.Gallen Stadt Wildeggstr.	30.03.2020	Montag	1	4	1	1	4	19	17	47	110	77	66	66	66	73	82	89	79	116	152	127	65	23	21	9	12
180	10943	St.Gallen Stadt Wildeggstr.	30.03.2020	Montag	2	4	3	2	1	20	20	109	242	132	82	74	76	90	134	80	84	119	141	105	53	36	16	20	6
181	10943	St.Gallen Stadt Wildeggstr.	31.03.2020	Dienstag	1	2	0	3	4	10	16	43	110	78	64	72	93	87	104	88	108	146	160	133	68	37	18	20	10
182	10943	St.Gallen Stadt Wildeggstr.	31.03.2020	Dienstag	2	1	1	2	3	7	24	157	227	111	82	101	107	96	124	113	110	148	152	110	71	34	28	14	11
183	10943	St.Gallen Stadt Wildeggstr.	01.04.2020	Mittwoch	1	5	3	7	3	8	10	55	99	82	80	79	86	94	103	115	100	117	187	150	71	39	21	9	11
184	10943	St.Gallen Stadt Wildeggstr.	01.04.2020	Mittwoch	2	1	4	3	4	10	19	136	231	109	82	105	123	103	134	127	115	148	168	110	74	47	33	26	8
185	10943	St.Gallen Stadt Wildeggstr.	02.04.2020	Donnerstag	1	4	2	4	1	6	10	54	103	72	76	77	100	100	100	96	110	143	168	158	72	38	24	18	9
186	10943	St.Gallen Stadt Wildeggstr.	02.04.2020	Donnerstag	2	0	3	1	1	8	19	132	229	123	87	102	126	125	155	121	127	144	163	126	70	44	33	13	9
187	10943	St.Gallen Stadt Wildeggstr.	03.04.2020	Freitag	1	3	6	10	2	7	6	45	99	69	94	81	99	110	112	103	110	141	157	138	71	30	23	19	14
188	10943	St.Gallen Stadt Wildeggstr.	03.04.2020	Freitag	2	4	6	5	3	9	17	125	217	127	107	128	124	108	118	134	140	149	182	94	101	44	31	17	10
189	10943	St.Gallen Stadt Wildeggstr.	04.04.2020	Samstag	1	8	6	4	3	3	4	18	17	36	57	75	87	82	98	115	82	86	77	73	51	30	25	18	10
190	10943	St.Gallen Stadt Wildeggstr.	04.04.2020	Samstag	2	7	4	3	3	4	15	33	40	59	82	112	105	101	104	116	105	102	75	76	67	39	16	19	9
191	10943	St.Gallen Stadt Wildeggstr.	05.04.2020	Sonntag	1	9	4	4	3	0	2	13	9	16	33	50	52	51	70	68	76	74	78	64	57	40	25	14	9
192	10943	St.Gallen Stadt Wildeggstr.	05.04.2020	Sonntag	2	8	6	7	1	2	5	18	6	18	39	48	73	79	81	83	78	99	76	75	64	66	21	10	8
193	10943	St.Gallen Stadt Wildeggstr.	06.04.2020	Montag	1	0	1	0	4	3	8	54	97	72	82	76	122	96	108	92	112	130	183	155	74	36	17	14	6
194	10943	St.Gallen Stadt Wildeggstr.	06.04.2020	Montag	2	5	2	2	3	6	16	124	232	115	94	119	130	99	119	130	118	160	163	114	72	55	28	14	10
195	10943	St.Gallen Stadt Wildeggstr.	07.04.2020	Dienstag	1	3	2	2	2	7	7	52	83	69	82	100	124	111	103	70	94	143	206	131	58	49	20	18	5
196	10943	St.Gallen Stadt Wildeggstr.	07.04.2020	Dienstag	2	1	0	0	4	5	20	131	196	111	107	128	126	118	131	128	114	136	163	130	71	47	33	9	3
197	10943	St.Gallen Stadt Wildeggstr.	08.04.2020	Mittwoch	1	7	0	4	2	9	4	53	94	78	99	97	116	102	105	125	131	149	163	161	74	61	29	20	16
198	10943	St.Gallen Stadt Wildeggstr.	08.04.2020	Mittwoch	2	2	1	4	0	9	16	142	216	117	124	131	155	125	155	120	132	169	184	125	92	55	32	19	7
199	10943	St.Gallen Stadt Wildeggstr.	09.04.2020	Donnerstag	1	3	2	2	3	5	10	50	95	73	103	108	106	104	119	127	147	156	182	126	73	53	24	16	23
200	10943	St.Gallen Stadt Wildeggstr.	09.04.2020	Donnerstag	2	3	2	2	3	10	19	138	176	140	115	137	148	113	158	149	163	202	143	123	95	43	37	18	15
201	10943	St.Gallen Stadt Wildeggstr.	10.04.2020	Freitag	1	5	6	3	0	1	2	10	12	25	34	47	58	69	55	91	69	74	91	77	56	41	27	20	18
202	10943	St.Gallen Stadt Wildeggstr.	10.04.2020	Freitag	2	9	3	4	0	4	6	25	15	22	49	72	82	78	77	93	81	72	68	74	92	51	27	22	16
203	10943	St.Gallen Stadt Wildeggstr.	11.04.2020	Samstag	1	14	6	4	0	3	2	15	24	46	83	111	111	112	110	118	95	125	92	73	63	48	35	24	13
204	10943	St.Gallen Stadt Wildeggstr.	11.04.2020	Samstag	2	5	6	2	3	5	8	26	51	84	119	149	139	135	119	144	102	99	112	88	61	56	40	27	11
205	10943	St.Gallen Stadt Wildeggstr.	12.04.2020	Sonntag	1	11	4	4	2	0	2	10	18	17	69	47	63	48	69	72	71	84	85	80	54	43	26	17	7
206	10943	St.Gallen Stadt Wildeggstr.	12.04.2020	Sonntag	2	15	1	2	4	3	10	24	12	24	55	65	75	66	84	79	81	104	86	103	69	45	31	20	12
207	10943	St.Gallen Stadt Wildeggstr.	13.04.2020	Montag	1	7	5	3	1	0	0	3	14	23	30	64	48	43	74	70	81	86	63	78	62	40	26	20	6
208	10943	St.Gallen Stadt Wildeggstr.	13.04.2020	Montag	2	2	8	1	0	5	1	20	16	25	51	65	63	82	84	95	83	132	82	80	74	37	33	14	6
209	10943	St.Gallen Stadt Wildeggstr.	14.04.2020	Dienstag	1	6	3	2	2	5	7	55	84	73	87	98	95	90	108	90	113	121	177	112	57	38	24	16	10
210	10943	St.Gallen Stadt Wildeggstr.	14.04.2020	Dienstag	2	5	4	1	3	9	19	140	192	115	93	108	126	94	135	121	126	134	153	111	64	34	30	20	6
211	10943	St.Gallen Stadt Wildeggstr.	15.04.2020	Mittwoch	1	5	3	5	1	3	8	48	111	85	71	94	113	94	125	125	122	120	176	147	81	42	21	14	9
212	10943	St.Gallen Stadt Wildeggstr.	15.04.2020	Mittwoch	2	2	1	0	1	6	19	100	167	99	109	104	118	114	137	128	118	141	161	123	62	43	22	8	6
213	10943	St.Gallen Stadt Wildeggstr.	16.04.2020	Donnerstag	1	6	3	4	2	4	13	49	86	84	74	98	85	97	108	83	100	115	170	111	87	51	27	16	10
214	10943	St.Gallen Stadt Wildeggstr.	16.04.2020	Donnerstag	2	0	4	2	0	9	16	98	159	117	107	110	120	98	136	123	112	148	153	137	71	58	27	14	7
215	10943	St.Gallen Stadt Wildeggstr.	17.04.2020	Freitag	1	4	4	4	5	3	10	46	87	69	65	99	110	89	117	125	107	133	168	108	71	47	39	30	11
216	10943	St.Gallen Stadt Wildeggstr.	17.04.2020	Freitag	2	8	1	1	3	8	17	84	145	103	113	100	120	101	136	138	138	159	148	133	78	54	48	29	23
217	10943	St.Gallen Stadt Wildeggstr.	18.04.2020	Samstag	1	17	7	4	2	4	3	13	19	39	57	94	84	91	82	78	80	89	98	60	62	41	32	18	25
218	10943	St.Gallen Stadt Wildeggstr.	18.04.2020	Samstag	2	13	10	7	3	3	8	24	34	63	100	99	116	105	109	111	98	72	73	91	67	41	28	27	16
219	10943	St.Gallen Stadt Wildeggstr.	19.04.2020	Sonntag	1	7	6	3	1	5	3	6	6	21	20	37	59	51	46	80	76	84	81	69	59	61	31	15	14
220	10943	St.Gallen Stadt Wildeggstr.	19.04.2020	Sonntag	2	11	7	6	6	1	4	14	11	21	48	74	80	57	88	88	77	87	87	101	58	62	25	15	1
221	10943	St.Gallen Stadt Wildeggstr.	20.04.2020	Montag	1	4	2	2	6	6	12	51	91	82	74	61	92	73	108	68	86	91	132	113	60	64	28	20	7
222	10943	St.Gallen Stadt Wildeggstr.	20.04.2020	Montag	2	8	1	1	1	6	21	97	163	131	84	117	107	87	100	107	117	133	171	111	57	45	26	15	6
223	10943	St.Gallen Stadt Wildeggstr.	21.04.2020	Dienstag	1	3	1	3	1	4	8	41	100	84	68	74	64	67	73	75	82	109	164	106	58	36	36	22	12
224	10943	St.Gallen Stadt Wildeggstr.	21.04.2020	Dienstag	2	8	0	0	1	11	18	122	151	121	111	98	151	98	126	130	118	150	145	106	73	42	34	21	7
225	10943	St.Gallen Stadt Wildeggstr.	22.04.2020	Mittwoch	1	5	5	3	3	7	6	40	115	87	69	68	82	92	112	111	97	116	160	112	74	46	37	21	11
226	10943	St.Gallen Stadt Wildeggstr.	22.04.2020	Mittwoch	2	1	0	1	0	10	23	111	169	128	111	104	149	98	145	107	116	160	164	118	72	62	37	18	10
227	10943	St.Gallen Stadt Wildeggstr.	23.04.2020	Donnerstag	1	9	5	7	3	6	8	46	94	81	92	92	86	88	110	102	88	125	168	129	63	47	43	18	17
228	10943	St.Gallen Stadt Wildeggstr.	23.04.2020	Donnerstag	2	11	3	3	3	11	19	112	152	120	107	88	147	105	133	133	118	154	161	120	85	52	27	19	7
229	10943	St.Gallen Stadt Wildeggstr.	24.04.2020	Freitag	1	8	4	1	4	3	8	35	103	74	93	83	124	81	124	124	125	134	154	97	84	47	31	34	14
230	10943	St.Gallen Stadt Wildeggstr.	24.04.2020	Freitag	2	3	2	1	1	9	21	86	150	116	109	147	138	111	147	146	140	168	188	131	92	50	32	32	16
231	10943	St.Gallen Stadt Wildeggstr.	25.04.2020	Samstag	1	13	5	3	3	4	2	15	24	49	56	87	88	90	97	97	92	75	80	70	40	36	31	26	23
232	10943	St.Gallen Stadt Wildeggstr.	25.04.2020	Samstag	2	10	3	5	2	4	6	29	36	62	92	112	126	112	126	132	110	99	79	68	57	44	33	22	14
233	10943	St.Gallen Stadt Wildeggstr.	26.04.2020	Sonntag	1	11	7	2	4	3	3	9	10	13	32	49	56	49	65	72	79	85	71	57	47	45	29	21	8
234	10943	St.Gallen Stadt Wildeggstr.	26.04.2020	Sonntag	2	14	8	4	5	3	5	18	5	17	36	56	56	67	95	90	95	94	79	74	72	41	29	12	3
235	10943	St.Gallen Stadt Wildeggstr.	27.04.2020	Montag	1	5	3	2	2	11	10	42	130	96	89	80	86	84	122	108	113	140	175	142	74	46	33	22	6
236	10943	St.Gallen Stadt Wildeggstr.	27.04.2020	Montag	2	3	0	1	4	8	18	106	154	122	102	116	100	105	162	128	128	156	215	133	74	53	40	26	10
237	10943	St.Gallen Stadt Wildeggstr.	28.04.2020	Dienstag	1	7	3	3	1	6	11	51	118	98	97	81	104	99	121	147	132	131	171	129	59	37	19	8	11
238	10943	St.Gallen Stadt Wildeggstr.	28.04.2020	Dienstag	2	5	1	3	1	9	18	98	161	135	89	120	111	116	124	117	139	171	188	108	71	45	30	15	8
239	10943	St.Gallen Stadt Wildeggstr.	29.04.2020	Mittwoch	1	0	3	4	2	11	6	43	125	93	76	96	70	94	127	103	101	137	181	147	64	54	32	31	19
240	10943	St.Gallen Stadt Wildeggstr.	29.04.2020	Mittwoch	2	2	3	0	0	8	21	107	182	120	93	96	126	100	152	131	123	167	175	106	66	60	28	22	6
241	10943	St.Gallen Stadt Wildeggstr.	30.04.2020	Donnerstag	1	5	3	4	2	7	13	45	108	96	92	80	107	94	98	117	108	104	179	134	69	58	41	20	30
242	10943	St.Gallen Stadt Wildeggstr.	30.04.2020	Donnerstag	2	2	1	0	3	7	24	96	165	131	110	119	144	117	138	141	129	151	167	129	69	52	41	16	10
243	10943	St.Gallen Stadt Wildeggstr.	01.05.2020	Freitag	1	10	4	5	4	7	10	44	115	119	79	96	120	115	123	117	117	134	150	113	75	40	34	33	25
244	10943	St.Gallen Stadt Wildeggstr.	01.05.2020	Freitag	2	9	1	3	4	4	16	77	141	122	122	146	134	134	171	152	167	199	142	109	84	33	39	29	21
245	10943	St.Gallen Stadt Wildeggstr.	02.05.2020	Samstag	1	20	9	6	2	4	4	18	24	46	73	78	89	99	80	104	109	101	73	76	40	34	20	21	12
246	10943	St.Gallen Stadt Wildeggstr.	02.05.2020	Samstag	2	9	3	3	4	3	5	26	38	60	98	121	121	96	121	127	111	106	90	72	49	43	31	23	18
247	10943	St.Gallen Stadt Wildeggstr.	03.05.2020	Sonntag	1	13	10	6	1	2	1	7	12	12	30	61	48	35	78	86	67	61	78	69	44	41	36	26	8
248	10943	St.Gallen Stadt Wildeggstr.	03.05.2020	Sonntag	2	7	14	3	1	1	2	13	11	28	38	65	77	86	83	105	96	90	70	76	49	51	40	15	8
249	10943	St.Gallen Stadt Wildeggstr.	04.05.2020	Montag	1	9	3	2	2	4	10	47	135	83	72	79	86	91	99	108	107	110	168	138	66	50	51	35	10
250	10943	St.Gallen Stadt Wildeggstr.	04.05.2020	Montag	2	3	2	3	2	7	14	99	172	107	87	113	118	113	140	112	118	141	166	96	62	59	47	25	9
251	10943	St.Gallen Stadt Wildeggstr.	05.05.2020	Dienstag	1	7	5	5	2	5	12	41	129	101	100	64	101	97	118	90	112	106	172	132	53	36	34	23	4
252	10943	St.Gallen Stadt Wildeggstr.	05.05.2020	Dienstag	2	4	1	4	2	5	20	113	179	139	119	126	127	118	153	138	136	135	159	120	78	45	36	15	11
253	10943	St.Gallen Stadt Wildeggstr.	06.05.2020	Mittwoch	1	7	9	3	2	5	9	49	130	91	83	81	112	85	121	111	102	130	173	127	76	69	63	36	16
254	10943	St.Gallen Stadt Wildeggstr.	06.05.2020	Mittwoch	2	2	2	0	0	7	20	104	181	124	81	111	130	109	148	132	135	173	182	129	96	73	80	35	10
255	10943	St.Gallen Stadt Wildeggstr.	07.05.2020	Donnerstag	1	4	7	2	3	6	10	43	132	93	89	97	97	101	140	123	107	143	193	147	89	79	78	65	15
256	10943	St.Gallen Stadt Wildeggstr.	07.05.2020	Donnerstag	2	2	0	1	1	4	23	110	174	131	112	112	126	113	153	144	130	159	185	125	104	84	74	50	13
257	10943	St.Gallen Stadt Wildeggstr.	08.05.2020	Freitag	1	9	5	3	2	4	13	39	130	102	112	108	118	111	132	112	126	133	160	142	87	49	31	51	19
258	10943	St.Gallen Stadt Wildeggstr.	08.05.2020	Freitag	2	13	1	2	6	6	21	104	170	130	125	129	137	124	148	158	163	194	154	121	77	65	42	43	23
259	10943	St.Gallen Stadt Wildeggstr.	09.05.2020	Samstag	1	18	8	3	1	3	4	15	31	57	79	103	109	119	121	135	96	128	112	80	56	46	45	43	23
260	10943	St.Gallen Stadt Wildeggstr.	09.05.2020	Samstag	2	17	8	3	4	4	14	35	58	81	129	149	141	152	128	155	122	122	102	87	64	63	57	39	26
261	10943	St.Gallen Stadt Wildeggstr.	10.05.2020	Sonntag	1	14	15	5	4	2	0	7	14	24	44	52	70	69	70	86	102	114	111	91	62	72	121	49	9
262	10943	St.Gallen Stadt Wildeggstr.	10.05.2020	Sonntag	2	14	13	6	5	2	5	17	18	34	59	67	98	100	100	124	121	117	105	110	78	95	64	29	9
263	10943	St.Gallen Stadt Wildeggstr.	11.05.2020	Montag	1	9	4	1	4	8	14	56	129	111	95	81	124	117	111	127	136	137	222	146	66	50	30	36	8
264	10943	St.Gallen Stadt Wildeggstr.	11.05.2020	Montag	2	5	1	1	3	7	21	143	233	159	114	113	134	131	189	158	139	171	192	155	53	58	37	23	10
265	10943	St.Gallen Stadt Wildeggstr.	12.05.2020	Dienstag	1	8	5	4	4	12	17	52	144	111	97	97	110	93	123	140	130	177	241	181	84	53	33	29	21
266	10943	St.Gallen Stadt Wildeggstr.	12.05.2020	Dienstag	2	3	0	1	3	7	30	190	281	151	118	118	133	115	183	172	177	208	220	179	89	61	47	29	9
267	10943	St.Gallen Stadt Wildeggstr.	13.05.2020	Mittwoch	1	9	3	4	4	8	13	63	154	125	102	113	111	115	129	123	126	174	201	166	80	70	56	28	19
268	10943	St.Gallen Stadt Wildeggstr.	13.05.2020	Mittwoch	2	5	3	1	2	9	22	166	256	170	148	122	158	124	190	160	166	179	224	126	85	57	54	27	9
269	10943	St.Gallen Stadt Wildeggstr.	14.05.2020	Donnerstag	1	4	4	3	3	9	12	51	147	107	115	121	137	120	129	124	121	171	231	162	107	72	38	27	26
270	10943	St.Gallen Stadt Wildeggstr.	14.05.2020	Donnerstag	2	3	3	2	2	6	25	162	304	207	157	157	145	126	203	178	166	195	239	137	110	79	85	41	14
271	10943	St.Gallen Stadt Wildeggstr.	15.05.2020	Freitag	1	11	12	6	4	5	5	60	127	138	107	123	137	137	112	154	180	185	202	174	99	56	32	42	26
272	10943	St.Gallen Stadt Wildeggstr.	15.05.2020	Freitag	2	4	4	1	2	9	26	142	298	160	151	155	160	137	201	218	211	210	214	163	88	50	45	39	29
273	10943	St.Gallen Stadt Wildeggstr.	16.05.2020	Samstag	1	24	14	5	4	4	7	18	32	50	85	98	119	110	90	129	108	136	121	86	58	40	44	37	28
274	10943	St.Gallen Stadt Wildeggstr.	16.05.2020	Samstag	2	15	13	4	7	4	8	34	58	91	129	152	159	136	157	160	142	118	119	111	73	61	41	34	24
275	10943	St.Gallen Stadt Wildeggstr.	17.05.2020	Sonntag	1	22	11	7	2	2	3	12	14	25	56	63	68	54	76	79	86	95	91	92	57	77	115	43	25
276	10943	St.Gallen Stadt Wildeggstr.	17.05.2020	Sonntag	2	22	15	9	4	4	4	19	19	31	69	66	87	80	108	100	110	123	126	99	76	77	81	32	15
277	10943	St.Gallen Stadt Wildeggstr.	18.05.2020	Montag	1	13	9	3	3	9	11	67	143	178	181	155	225	201	240	189	211	276	377	308	175	124	112	64	32
278	10943	St.Gallen Stadt Wildeggstr.	18.05.2020	Montag	2	11	4	3	3	8	28	160	305	199	178	180	175	164	240	220	201	269	291	197	132	98	75	52	17
279	10943	St.Gallen Stadt Wildeggstr.	19.05.2020	Dienstag	1	20	6	2	8	11	17	59	157	123	133	95	152	138	151	137	174	184	233	170	100	92	61	47	12
280	10943	St.Gallen Stadt Wildeggstr.	19.05.2020	Dienstag	2	12	5	1	2	13	23	157	317	218	165	164	173	145	210	174	189	211	270	168	96	67	74	48	19
281	10943	St.Gallen Stadt Wildeggstr.	20.05.2020	Mittwoch	1	11	5	4	2	9	14	58	158	123	132	126	165	137	170	141	188	190	230	162	99	79	55	39	34
282	10943	St.Gallen Stadt Wildeggstr.	20.05.2020	Mittwoch	2	8	2	1	0	12	31	172	272	174	176	157	179	154	199	227	209	228	253	195	112	73	59	52	28
283	10943	St.Gallen Stadt Wildeggstr.	21.05.2020	Donnerstag	1	12	7	6	2	1	4	6	37	39	75	88	77	89	89	86	82	108	95	72	59	54	60	31	29
284	10943	St.Gallen Stadt Wildeggstr.	21.05.2020	Donnerstag	2	17	7	7	1	1	3	28	31	54	74	89	106	93	109	106	103	127	122	122	79	70	54	34	20
285	10943	St.Gallen Stadt Wildeggstr.	22.05.2020	Freitag	1	16	8	2	7	5	4	23	80	88	127	141	160	122	142	145	120	166	177	118	94	59	41	41	31
286	10943	St.Gallen Stadt Wildeggstr.	22.05.2020	Freitag	2	19	8	3	7	4	18	69	135	141	153	182	194	155	166	206	192	186	140	113	83	66	36	33	30
287	10943	St.Gallen Stadt Wildeggstr.	23.05.2020	Samstag	1	20	10	9	2	3	8	20	31	49	86	95	119	116	117	118	111	91	92	73	44	41	29	34	21
288	10943	St.Gallen Stadt Wildeggstr.	23.05.2020	Samstag	2	16	13	5	4	3	8	30	47	85	131	144	168	134	157	134	108	102	72	86	57	36	27	27	31
289	10943	St.Gallen Stadt Wildeggstr.	24.05.2020	Sonntag	1	24	9	2	3	4	0	9	19	25	35	53	62	68	67	92	75	97	100	92	80	48	44	49	23
290	10943	St.Gallen Stadt Wildeggstr.	24.05.2020	Sonntag	2	21	15	3	4	3	3	17	11	27	71	85	71	67	96	106	93	119	126	104	74	61	37	33	14
291	10943	St.Gallen Stadt Wildeggstr.	25.05.2020	Montag	1	8	3	2	6	9	8	59	153	127	107	112	148	101	144	96	156	179	229	183	88	75	79	55	25
292	10943	St.Gallen Stadt Wildeggstr.	25.05.2020	Montag	2	7	0	4	2	6	26	158	293	181	150	133	160	127	200	178	147	218	242	144	80	89	79	48	17
293	10943	St.Gallen Stadt Wildeggstr.	26.05.2020	Dienstag	1	11	4	0	6	8	10	57	147	124	120	127	136	100	124	140	145	192	248	197	179	242	149	54	29
294	10943	St.Gallen Stadt Wildeggstr.	26.05.2020	Dienstag	2	7	3	2	5	6	25	166	291	190	151	147	163	136	200	181	176	214	264	194	111	87	88	44	20
295	10943	St.Gallen Stadt Wildeggstr.	27.05.2020	Mittwoch	1	20	10	3	5	11	16	72	146	127	101	109	151	155	143	134	113	193	237	183	252	251	200	86	31
296	10943	St.Gallen Stadt Wildeggstr.	27.05.2020	Mittwoch	2	8	6	0	4	12	23	159	291	168	126	129	156	156	191	177	171	208	292	216	118	97	125	59	24
297	10943	St.Gallen Stadt Wildeggstr.	28.05.2020	Donnerstag	1	14	10	3	2	9	16	45	167	110	138	120	144	113	129	142	148	181	270	175	115	92	91	52	23
298	10943	St.Gallen Stadt Wildeggstr.	28.05.2020	Donnerstag	2	9	2	3	2	8	27	151	296	209	160	139	143	143	196	196	191	215	269	211	138	97	116	93	21
299	10943	St.Gallen Stadt Wildeggstr.	29.05.2020	Freitag	1	9	7	4	5	10	9	53	149	135	127	149	168	143	135	158	169	206	234	143	126	69	47	40	46
300	10943	St.Gallen Stadt Wildeggstr.	29.05.2020	Freitag	2	13	0	2	3	7	23	116	266	182	175	158	199	167	210	202	235	245	227	175	111	86	53	45	27
301	10943	St.Gallen Stadt Wildeggstr.	30.05.2020	Samstag	1	31	12	5	4	6	7	18	47	64	98	121	131	119	108	119	122	117	129	84	63	61	35	43	37
302	10943	St.Gallen Stadt Wildeggstr.	30.05.2020	Samstag	2	27	11	5	7	7	8	31	58	104	181	169	164	144	159	160	144	143	142	94	70	55	53	41	35
303	10943	St.Gallen Stadt Wildeggstr.	31.05.2020	Sonntag	1	28	8	12	4	6	2	8	11	27	45	68	70	75	84	64	87	102	103	69	53	70	36	25	18
304	10943	St.Gallen Stadt Wildeggstr.	31.05.2020	Sonntag	2	19	13	5	4	2	6	19	24	38	52	86	99	96	100	96	124	126	111	98	72	62	42	44	24
305	10943	St.Gallen Stadt Wildeggstr.	01.06.2020	Montag	1	17	4	4	2	4	2	6	22	22	41	72	84	83	82	99	105	109	116	100	54	69	50	40	15
306	10943	St.Gallen Stadt Wildeggstr.	01.06.2020	Montag	2	16	6	4	4	3	4	22	26	38	73	108	106	93	117	120	106	146	131	101	90	66	53	44	13
307	10943	St.Gallen Stadt Wildeggstr.	02.06.2020	Dienstag	1	13	7	5	2	10	14	69	155	129	116	119	144	132	154	122	137	211	277	178	118	112	107	63	28
308	10943	St.Gallen Stadt Wildeggstr.	02.06.2020	Dienstag	2	6	5	4	1	9	23	181	306	199	148	139	147	142	200	156	193	216	269	211	111	91	89	41	21
309	10943	St.Gallen Stadt Wildeggstr.	03.06.2020	Mittwoch	1	8	2	5	5	6	17	59	164	133	113	135	142	125	149	126	148	209	272	193	109	83	80	47	31
310	10943	St.Gallen Stadt Wildeggstr.	03.06.2020	Mittwoch	2	5	4	4	1	6	25	172	304	192	172	137	163	142	191	181	154	235	226	214	104	84	77	54	20
311	10943	St.Gallen Stadt Wildeggstr.	04.06.2020	Donnerstag	1	7	2	2	3	9	17	59	146	130	98	134	119	131	113	124	161	167	249	189	112	74	80	52	23
312	10943	St.Gallen Stadt Wildeggstr.	04.06.2020	Donnerstag	2	4	2	2	2	11	22	164	337	218	166	134	167	132	181	172	147	215	241	177	119	70	96	69	25
313	10943	St.Gallen Stadt Wildeggstr.	05.06.2020	Freitag	1	15	5	6	4	9	10	55	148	124	100	116	143	131	143	146	149	192	218	154	96	67	56	37	39
314	10943	St.Gallen Stadt Wildeggstr.	05.06.2020	Freitag	2	8	4	4	3	8	35	144	280	183	145	131	188	131	182	189	175	232	212	146	118	77	65	44	27
315	10943	St.Gallen Stadt Wildeggstr.	06.06.2020	Samstag	1	24	12	5	4	4	10	15	36	60	104	105	151	133	125	135	120	143	115	78	71	49	31	35	38
316	10943	St.Gallen Stadt Wildeggstr.	06.06.2020	Samstag	2	25	10	7	8	4	9	28	46	97	163	186	167	161	156	167	158	150	116	89	99	62	45	46	35
317	10943	St.Gallen Stadt Wildeggstr.	07.06.2020	Sonntag	1	26	7	7	3	9	2	9	14	20	30	41	60	58	63	83	70	88	87	73	64	73	37	30	19
318	10943	St.Gallen Stadt Wildeggstr.	07.06.2020	Sonntag	2	24	19	6	6	6	4	19	10	26	56	52	86	73	100	93	85	92	94	93	78	65	46	42	10
319	10943	St.Gallen Stadt Wildeggstr.	08.06.2020	Montag	1	8	8	1	3	6	9	59	167	109	97	112	141	119	121	114	130	193	248	184	101	67	49	48	30
320	10943	St.Gallen Stadt Wildeggstr.	08.06.2020	Montag	2	6	0	2	2	9	26	167	297	199	128	141	173	108	167	167	163	217	273	183	96	71	36	58	14
321	10943	St.Gallen Stadt Wildeggstr.	09.06.2020	Dienstag	1	5	5	1	7	12	12	65	154	147	102	114	113	115	134	132	149	176	260	192	88	77	64	45	35
322	10943	St.Gallen Stadt Wildeggstr.	09.06.2020	Dienstag	2	5	3	2	3	6	33	186	325	269	148	138	169	139	205	131	174	237	233	204	109	65	66	60	21
323	10943	St.Gallen Stadt Wildeggstr.	10.06.2020	Mittwoch	1	8	9	0	3	10	14	57	154	127	109	110	151	125	135	138	130	154	274	174	103	77	63	32	18
324	10943	St.Gallen Stadt Wildeggstr.	10.06.2020	Mittwoch	2	3	5	0	5	10	28	163	319	217	144	128	191	141	217	157	152	206	231	165	115	79	51	33	22
325	10943	St.Gallen Stadt Wildeggstr.	11.06.2020	Donnerstag	1	13	2	1	6	7	10	57	132	164	122	132	142	136	162	142	152	197	273	184	103	85	72	53	23
326	10943	St.Gallen Stadt Wildeggstr.	11.06.2020	Donnerstag	2	7	1	2	1	7	26	159	310	190	191	149	180	131	202	169	153	213	264	201	125	79	66	44	23
327	10943	St.Gallen Stadt Wildeggstr.	12.06.2020	Freitag	1	14	7	6	10	8	19	63	155	137	131	129	161	130	152	146	154	188	241	157	87	69	62	61	48
328	10943	St.Gallen Stadt Wildeggstr.	12.06.2020	Freitag	2	11	7	2	6	3	28	131	309	203	157	154	176	139	198	208	211	286	302	234	153	91	70	59	46
329	10943	St.Gallen Stadt Wildeggstr.	13.06.2020	Samstag	1	29	20	4	6	4	6	24	29	79	96	139	142	133	115	105	131	130	135	96	54	58	46	34	33
330	10943	St.Gallen Stadt Wildeggstr.	13.06.2020	Samstag	2	18	19	5	7	7	10	32	50	149	187	170	169	152	162	143	148	154	132	106	64	57	48	37	35
331	10943	St.Gallen Stadt Wildeggstr.	14.06.2020	Sonntag	1	39	20	7	3	6	1	9	10	19	26	42	56	56	77	89	97	85	101	50	62	56	34	25	14
332	10943	St.Gallen Stadt Wildeggstr.	14.06.2020	Sonntag	2	29	9	13	1	5	5	13	15	24	57	76	87	80	101	101	97	104	110	67	71	61	44	22	11
333	10943	St.Gallen Stadt Wildeggstr.	15.06.2020	Montag	1	11	5	3	4	5	17	64	140	105	87	105	131	101	119	116	145	179	229	178	77	69	39	48	25
334	10943	St.Gallen Stadt Wildeggstr.	15.06.2020	Montag	2	5	4	4	4	1	26	171	316	174	129	135	168	131	182	145	169	215	230	178	74	72	38	47	10
335	10943	St.Gallen Stadt Wildeggstr.	16.06.2020	Dienstag	1	4	5	2	7	5	15	59	145	118	97	95	140	111	115	110	143	235	340	183	112	63	70	42	27
336	10943	St.Gallen Stadt Wildeggstr.	16.06.2020	Dienstag	2	5	3	4	3	8	22	175	307	198	135	117	161	123	193	157	166	210	278	188	110	66	52	49	12
337	10943	St.Gallen Stadt Wildeggstr.	17.06.2020	Mittwoch	1	6	6	1	5	4	16	59	135	127	86	99	137	136	145	112	152	179	276	201	103	74	52	49	29
338	10943	St.Gallen Stadt Wildeggstr.	17.06.2020	Mittwoch	2	8	4	1	2	6	19	172	311	196	138	153	148	158	194	177	181	181	278	212	126	76	50	31	21
339	10943	St.Gallen Stadt Wildeggstr.	18.06.2020	Donnerstag	1	12	5	5	7	4	17	64	142	157	111	97	150	113	151	118	129	186	305	183	134	93	56	49	20
340	10943	St.Gallen Stadt Wildeggstr.	18.06.2020	Donnerstag	2	13	1	5	4	7	26	157	332	216	133	149	148	129	188	181	172	251	281	231	129	64	58	51	20
341	10943	St.Gallen Stadt Wildeggstr.	19.06.2020	Freitag	1	10	6	3	4	8	14	61	153	137	120	116	158	124	134	128	141	191	246	151	104	62	58	42	48
342	10943	St.Gallen Stadt Wildeggstr.	19.06.2020	Freitag	2	2	4	2	4	7	22	156	302	194	171	169	166	146	212	183	173	241	245	165	114	70	52	36	44
343	10943	St.Gallen Stadt Wildeggstr.	20.06.2020	Samstag	1	29	13	10	4	4	5	22	44	77	96	110	124	140	127	127	108	128	134	99	60	44	52	43	31
344	10943	St.Gallen Stadt Wildeggstr.	20.06.2020	Samstag	2	19	13	8	5	5	9	40	50	115	146	175	163	134	174	170	147	148	138	96	74	57	54	44	28
345	10943	St.Gallen Stadt Wildeggstr.	21.06.2020	Sonntag	1	36	16	5	1	3	1	10	19	41	47	61	83	72	76	108	99	104	114	77	68	67	47	24	16
346	10943	St.Gallen Stadt Wildeggstr.	21.06.2020	Sonntag	2	36	19	6	7	2	7	19	9	37	83	84	84	103	102	140	104	118	119	121	83	64	44	31	8
347	10943	St.Gallen Stadt Wildeggstr.	22.06.2020	Montag	1	8	3	2	5	7	17	61	155	130	79	92	124	118	131	114	144	182	273	178	117	68	67	59	18
348	10943	St.Gallen Stadt Wildeggstr.	22.06.2020	Montag	2	7	3	1	3	6	23	146	265	175	121	122	161	123	202	150	160	220	269	193	100	81	52	59	15
349	10943	St.Gallen Stadt Wildeggstr.	23.06.2020	Dienstag	1	11	5	3	8	10	14	78	168	137	114	109	142	112	136	128	139	209	243	189	94	70	76	59	24
350	10943	St.Gallen Stadt Wildeggstr.	23.06.2020	Dienstag	2	8	2	2	3	8	25	182	334	210	132	139	143	133	210	167	154	225	299	229	113	86	61	63	18
351	10943	St.Gallen Stadt Wildeggstr.	24.06.2020	Mittwoch	1	8	8	3	4	6	10	66	148	128	108	137	159	126	144	129	135	203	277	203	124	96	59	54	39
352	10943	St.Gallen Stadt Wildeggstr.	24.06.2020	Mittwoch	2	3	2	3	4	6	26	169	295	188	154	148	187	145	205	164	159	226	276	217	133	82	72	46	18
353	10943	St.Gallen Stadt Wildeggstr.	25.06.2020	Donnerstag	1	4	8	3	3	7	10	64	179	131	105	121	134	137	146	143	149	191	295	187	127	100	69	66	34
354	10943	St.Gallen Stadt Wildeggstr.	25.06.2020	Donnerstag	2	11	4	3	2	7	11	170	327	243	155	140	190	123	165	195	274	276	303	235	122	95	85	72	28
355	10943	St.Gallen Stadt Wildeggstr.	26.06.2020	Freitag	1	17	4	6	2	7	9	65	144	122	110	137	132	133	139	143	168	201	238	151	107	75	61	45	45
356	10943	St.Gallen Stadt Wildeggstr.	26.06.2020	Freitag	2	8	2	5	3	12	18	137	288	207	195	174	169	137	215	212	214	238	274	190	108	84	59	49	44
357	10943	St.Gallen Stadt Wildeggstr.	27.06.2020	Samstag	1	33	11	7	10	8	12	29	42	72	98	110	151	106	101	121	143	136	102	78	57	57	60	52	53
358	10943	St.Gallen Stadt Wildeggstr.	27.06.2020	Samstag	2	14	18	8	3	8	12	40	66	132	157	148	172	134	150	180	177	174	143	117	92	77	58	52	48
359	10943	St.Gallen Stadt Wildeggstr.	28.06.2020	Sonntag	1	30	20	7	2	9	3	19	27	24	59	46	73	73	78	79	116	118	96	90	54	77	32	32	12
360	10943	St.Gallen Stadt Wildeggstr.	28.06.2020	Sonntag	2	34	14	12	9	12	6	24	17	45	70	79	99	99	119	135	132	108	115	92	74	53	43	21	7
361	10943	St.Gallen Stadt Wildeggstr.	29.06.2020	Montag	1	7	5	2	5	3	12	62	149	116	112	106	128	129	134	90	125	190	250	195	100	95	65	43	28
362	10943	St.Gallen Stadt Wildeggstr.	29.06.2020	Montag	2	1	5	2	4	6	20	173	296	216	154	112	151	119	206	162	154	233	245	219	99	71	63	37	13
363	10943	St.Gallen Stadt Wildeggstr.	30.06.2020	Dienstag	1	9	6	5	3	4	17	75	150	128	131	117	128	127	151	123	138	200	267	192	110	77	84	74	39
364	10943	St.Gallen Stadt Wildeggstr.	30.06.2020	Dienstag	2	5	3	0	3	7	29	167	299	200	150	144	171	141	209	179	203	248	328	230	135	93	56	38	23
