LNR;ORT-ID;BEZEICHNUNG;DATUM;WOCHENTAG;RI;1;2;3;4;5;6;7;8;9;10;11;12;13;14;15;16;17;18;19;20;21;22;23;24
0;10917;St.Gallen Stadt Mühlegg;01.01.2020;Mittwoch;1;35;54;35;28;15;13;17;19;17;21;38;47;49;75;78;83;99;94;71;48;39;34;25;14
1;10917;St.Gallen Stadt Mühlegg;01.01.2020;Mittwoch;2;40;49;30;26;16;10;11;15;16;26;41;44;46;53;82;80;100;76;68;41;30;34;20;11
2;10917;St.Gallen Stadt Mühlegg;01.01.2020;Mittwoch;4;24;64;46;20;20;7;8;12;14;23;38;55;66;77;86;83;87;64;46;47;43;34;22;13
3;10917;St.Gallen Stadt Mühlegg;01.01.2020;Mittwoch;5;31;51;40;20;16;15;26;11;18;19;32;47;55;76;69;94;129;93;54;34;23;26;12;11
4;10917;St.Gallen Stadt Mühlegg;02.01.2020;Donnerstag;1;7;8;2;2;1;13;19;40;45;64;94;114;106;121;164;129;121;116;94;73;52;41;33;25
5;10917;St.Gallen Stadt Mühlegg;02.01.2020;Donnerstag;2;8;4;2;2;3;10;41;47;79;81;102;83;74;119;152;145;143;96;68;47;32;27;30;15
6;10917;St.Gallen Stadt Mühlegg;02.01.2020;Donnerstag;4;5;6;7;2;4;3;17;42;40;58;96;103;88;113;115;112;124;123;102;65;53;46;37;25
7;10917;St.Gallen Stadt Mühlegg;02.01.2020;Donnerstag;5;8;3;3;3;4;8;30;79;69;77;84;81;78;107;135;222;291;245;74;42;42;23;22;13
8;10917;St.Gallen Stadt Mühlegg;03.01.2020;Freitag;1;14;4;3;1;8;12;27;44;54;70;90;130;110;105;136;131;140;161;138;64;44;29;45;30
9;10917;St.Gallen Stadt Mühlegg;03.01.2020;Freitag;2;8;2;3;2;6;19;58;84;76;102;125;109;109;122;132;104;103;98;58;60;43;30;24;27
10;10917;St.Gallen Stadt Mühlegg;03.01.2020;Freitag;4;13;7;4;5;3;8;21;47;58;63;89;123;111;102;110;123;151;166;109;93;59;39;29;29
11;10917;St.Gallen Stadt Mühlegg;03.01.2020;Freitag;5;6;6;4;2;5;9;59;103;86;124;114;99;90;135;132;122;119;111;79;67;27;23;42;16
12;10917;St.Gallen Stadt Mühlegg;04.01.2020;Samstag;1;23;7;9;4;7;10;18;25;45;86;87;139;127;134;124;116;149;125;74;43;50;32;38;35
13;10917;St.Gallen Stadt Mühlegg;04.01.2020;Samstag;2;24;7;1;3;6;8;24;31;83;111;123;117;94;102;128;106;99;89;48;41;35;43;30;33
14;10917;St.Gallen Stadt Mühlegg;04.01.2020;Samstag;4;18;15;7;6;3;4;15;18;45;66;82;138;96;87;103;95;123;114;67;58;47;38;38;30
15;10917;St.Gallen Stadt Mühlegg;04.01.2020;Samstag;5;14;9;4;5;6;4;22;30;70;89;122;118;98;104;108;82;92;87;69;46;34;41;28;18
16;10917;St.Gallen Stadt Mühlegg;05.01.2020;Sonntag;1;25;15;19;9;10;12;13;13;18;48;81;92;110;141;126;134;108;96;80;76;52;37;21;14
17;10917;St.Gallen Stadt Mühlegg;05.01.2020;Sonntag;2;23;9;7;3;6;10;19;22;39;52;85;78;87;117;131;148;143;101;65;77;35;22;12;12
18;10917;St.Gallen Stadt Mühlegg;05.01.2020;Sonntag;4;24;17;12;12;9;4;7;10;27;45;67;96;107;108;88;87;121;90;70;53;41;35;19;7
19;10917;St.Gallen Stadt Mühlegg;05.01.2020;Sonntag;5;14;15;18;15;6;5;24;13;36;63;59;60;64;102;122;109;117;77;51;47;39;30;13;8
20;10917;St.Gallen Stadt Mühlegg;06.01.2020;Montag;1;5;3;3;3;7;12;41;78;90;85;116;135;123;107;134;117;153;241;180;104;70;41;36;17
21;10917;St.Gallen Stadt Mühlegg;06.01.2020;Montag;2;5;2;2;3;6;39;123;170;139;116;98;108;85;146;104;118;134;126;110;65;51;26;16;10
22;10917;St.Gallen Stadt Mühlegg;06.01.2020;Montag;4;6;3;1;0;5;13;43;102;83;81;106;125;138;100;94;132;165;270;175;88;62;52;44;17
23;10917;St.Gallen Stadt Mühlegg;06.01.2020;Montag;5;1;1;2;2;4;23;148;276;145;96;90;97;80;143;125;130;167;182;115;73;38;26;24;10
24;10917;St.Gallen Stadt Mühlegg;07.01.2020;Dienstag;1;15;2;3;2;4;19;45;91;97;85;124;114;105;103;99;125;144;241;160;106;70;66;52;22
25;10917;St.Gallen Stadt Mühlegg;07.01.2020;Dienstag;2;7;2;2;7;9;29;118;178;133;111;104;105;92;136;113;104;124;112;107;84;40;32;30;15
26;10917;St.Gallen Stadt Mühlegg;07.01.2020;Dienstag;4;9;2;6;4;3;10;42;95;108;81;115;110;123;95;101;113;183;283;196;97;59;57;37;27
27;10917;St.Gallen Stadt Mühlegg;07.01.2020;Dienstag;5;5;2;2;0;4;24;166;294;149;115;110;98;86;136;106;107;151;177;118;70;46;35;24;8
28;10917;St.Gallen Stadt Mühlegg;08.01.2020;Mittwoch;1;8;5;4;2;2;15;35;101;86;86;106;141;113;113;97;136;169;232;156;101;72;62;45;22
29;10917;St.Gallen Stadt Mühlegg;08.01.2020;Mittwoch;2;8;3;3;4;8;29;123;180;132;128;95;124;91;138;123;121;146;126;101;76;40;28;27;10
30;10917;St.Gallen Stadt Mühlegg;08.01.2020;Mittwoch;4;7;4;3;3;4;4;37;105;103;100;108;137;128;110;104;139;157;281;191;123;82;61;56;26
31;10917;St.Gallen Stadt Mühlegg;08.01.2020;Mittwoch;5;6;2;3;2;5;23;141;264;147;118;100;125;92;147;128;126;171;149;126;82;46;30;17;15
32;10917;St.Gallen Stadt Mühlegg;09.01.2020;Donnerstag;1;9;3;3;1;5;14;41;91;102;89;115;143;121;108;109;135;182;273;170;120;67;55;66;31
33;10917;St.Gallen Stadt Mühlegg;09.01.2020;Donnerstag;2;8;4;5;3;6;31;121;191;128;114;111;105;85;149;131;116;177;213;96;93;56;37;21;19
34;10917;St.Gallen Stadt Mühlegg;09.01.2020;Donnerstag;4;7;6;2;2;6;6;35;130;106;93;117;136;129;122;104;167;243;356;208;123;73;55;59;25
35;10917;St.Gallen Stadt Mühlegg;09.01.2020;Donnerstag;5;6;1;0;2;10;23;136;301;150;109;130;110;86;174;126;105;162;244;140;96;54;38;29;13
36;10917;St.Gallen Stadt Mühlegg;10.01.2020;Freitag;1;12;4;1;2;8;16;41;91;93;99;150;138;117;117;129;141;197;262;152;104;88;36;61;44
37;10917;St.Gallen Stadt Mühlegg;10.01.2020;Freitag;2;7;3;2;5;13;24;111;175;165;116;114;109;94;135;125;127;130;120;106;89;49;37;40;45
38;10917;St.Gallen Stadt Mühlegg;10.01.2020;Freitag;4;11;6;4;5;2;4;40;110;109;106;119;140;148;108;119;146;182;245;168;105;55;63;53;36
39;10917;St.Gallen Stadt Mühlegg;10.01.2020;Freitag;5;8;4;3;3;7;23;129;271;152;146;114;103;94;153;126;138;182;167;128;76;40;36;40;35
40;10917;St.Gallen Stadt Mühlegg;11.01.2020;Samstag;1;30;26;14;7;10;8;19;30;55;100;112;167;170;126;151;138;138;148;88;55;55;50;44;35
41;10917;St.Gallen Stadt Mühlegg;11.01.2020;Samstag;2;22;17;0;9;7;13;28;48;110;131;151;124;102;129;99;131;135;106;71;65;52;52;31;31
42;10917;St.Gallen Stadt Mühlegg;11.01.2020;Samstag;4;30;14;4;3;7;5;20;30;62;82;111;137;120;107;115;144;134;132;113;60;45;34;38;37
43;10917;St.Gallen Stadt Mühlegg;11.01.2020;Samstag;5;18;14;6;7;10;8;38;42;108;120;137;135;110;121;122;119;97;90;92;48;45;36;32;23
44;10917;St.Gallen Stadt Mühlegg;12.01.2020;Sonntag;1;36;26;12;12;12;8;13;11;24;42;69;97;118;177;144;144;121;121;89;65;42;33;27;14
45;10917;St.Gallen Stadt Mühlegg;12.01.2020;Sonntag;2;26;19;6;3;14;6;12;19;43;49;57;105;76;147;133;164;159;124;59;54;39;26;22;10
46;10917;St.Gallen Stadt Mühlegg;12.01.2020;Sonntag;4;19;26;27;9;10;2;6;12;27;42;89;119;100;114;127;116;110;126;85;72;40;48;16;7
47;10917;St.Gallen Stadt Mühlegg;12.01.2020;Sonntag;5;23;20;24;6;11;8;31;21;42;64;80;76;75;120;116;144;148;96;59;49;46;30;21;6
48;10917;St.Gallen Stadt Mühlegg;13.01.2020;Montag;1;8;2;4;2;6;17;47;96;90;81;108;138;102;94;113;107;176;224;193;101;85;58;43;20
49;10917;St.Gallen Stadt Mühlegg;13.01.2020;Montag;2;6;1;4;3;4;37;131;188;136;101;97;83;77;129;101;126;121;120;95;82;43;36;22;19
50;10917;St.Gallen Stadt Mühlegg;13.01.2020;Montag;4;7;2;1;5;4;7;54;123;92;84;104;131;112;103;106;149;171;273;168;95;74;54;48;17
51;10917;St.Gallen Stadt Mühlegg;13.01.2020;Montag;5;1;1;4;1;5;20;153;295;145;84;119;106;85;152;122;116;146;178;126;60;57;35;32;8
52;10917;St.Gallen Stadt Mühlegg;14.01.2020;Dienstag;1;10;4;3;3;5;20;43;112;107;72;103;133;114;124;103;107;156;239;166;116;74;61;60;23
53;10917;St.Gallen Stadt Mühlegg;14.01.2020;Dienstag;2;8;3;4;12;7;38;123;191;139;104;103;99;70;128;124;104;136;133;87;82;49;30;21;27
54;10917;St.Gallen Stadt Mühlegg;14.01.2020;Dienstag;4;6;1;2;4;6;7;41;119;93;78;102;145;109;114;87;132;161;264;204;121;69;54;51;23
55;10917;St.Gallen Stadt Mühlegg;14.01.2020;Dienstag;5;3;0;5;4;4;24;151;304;154;114;109;112;79;153;114;108;156;168;140;74;34;38;30;18
56;10917;St.Gallen Stadt Mühlegg;15.01.2020;Mittwoch;1;11;4;1;2;7;15;41;86;89;84;132;150;126;139;127;129;174;227;145;113;74;66;62;23
57;10917;St.Gallen Stadt Mühlegg;15.01.2020;Mittwoch;2;15;3;4;4;6;32;128;180;142;102;105;113;98;135;158;145;149;127;96;81;49;37;29;14
58;10917;St.Gallen Stadt Mühlegg;15.01.2020;Mittwoch;4;8;2;2;4;2;9;46;140;93;92;121;157;144;133;93;135;174;248;195;132;68;50;56;22
59;10917;St.Gallen Stadt Mühlegg;15.01.2020;Mittwoch;5;10;3;0;3;5;21;146;298;130;120;107;127;97;165;155;120;166;174;112;86;47;34;28;14
60;10917;St.Gallen Stadt Mühlegg;16.01.2020;Donnerstag;1;13;4;0;7;4;15;47;133;176;150;179;179;147;126;128;146;169;218;160;112;87;72;53;33
61;10917;St.Gallen Stadt Mühlegg;16.01.2020;Donnerstag;2;9;3;3;8;7;36;133;232;319;240;176;129;93;142;102;129;137;125;113;103;48;36;28;13
62;10917;St.Gallen Stadt Mühlegg;16.01.2020;Donnerstag;4;11;4;5;3;3;5;43;115;18;13;14;103;127;113;122;138;179;271;191;123;74;71;51;39
63;10917;St.Gallen Stadt Mühlegg;16.01.2020;Donnerstag;5;9;2;3;4;4;23;142;280;9;4;11;84;96;192;117;131;171;187;119;111;48;39;32;16
64;10917;St.Gallen Stadt Mühlegg;17.01.2020;Freitag;1;14;3;6;3;11;22;35;92;113;105;126;155;139;154;125;148;201;224;255;139;60;63;51;43
65;10917;St.Gallen Stadt Mühlegg;17.01.2020;Freitag;2;9;3;4;5;6;32;107;178;165;121;132;111;97;158;122;145;150;125;118;77;64;42;57;39
66;10917;St.Gallen Stadt Mühlegg;17.01.2020;Freitag;4;15;9;2;6;2;3;44;115;109;83;122;127;130;123;125;136;204;238;233;131;69;50;49;46
67;10917;St.Gallen Stadt Mühlegg;17.01.2020;Freitag;5;9;3;2;4;7;23;114;281;152;116;122;128;100;134;153;133;189;213;181;89;39;42;64;43
68;10917;St.Gallen Stadt Mühlegg;18.01.2020;Samstag;1;36;20;15;9;5;14;11;28;53;102;123;152;124;102;124;144;161;136;82;75;52;34;43;41
69;10917;St.Gallen Stadt Mühlegg;18.01.2020;Samstag;2;20;16;6;14;5;12;23;61;97;128;126;138;111;122;124;119;95;86;75;43;53;50;49;41
70;10917;St.Gallen Stadt Mühlegg;18.01.2020;Samstag;4;27;21;7;7;6;4;17;29;62;71;106;126;135;98;132;150;164;143;107;58;51;35;35;42
71;10917;St.Gallen Stadt Mühlegg;18.01.2020;Samstag;5;19;12;5;9;5;15;24;43;98;132;157;134;103;122;132;114;86;99;91;50;39;42;32;36
72;10917;St.Gallen Stadt Mühlegg;19.01.2020;Sonntag;1;39;29;18;8;12;9;10;9;24;54;57;85;95;94;99;108;108;106;77;80;46;34;27;14
73;10917;St.Gallen Stadt Mühlegg;19.01.2020;Sonntag;2;22;16;8;5;5;8;16;19;38;67;85;86;76;89;95;109;116;91;68;62;49;35;19;6
74;10917;St.Gallen Stadt Mühlegg;19.01.2020;Sonntag;4;23;18;7;14;12;4;9;19;24;51;69;77;78;89;111;121;110;111;84;77;48;34;21;13
75;10917;St.Gallen Stadt Mühlegg;19.01.2020;Sonntag;5;25;23;10;13;12;8;22;27;30;77;85;81;71;96;94;108;93;98;51;48;41;21;16;8
76;10917;St.Gallen Stadt Mühlegg;20.01.2020;Montag;1;9;4;4;0;8;19;52;101;102;100;107;125;123;100;117;113;142;228;184;121;78;60;56;20
77;10917;St.Gallen Stadt Mühlegg;20.01.2020;Montag;2;7;3;7;1;12;28;148;183;155;112;116;100;94;141;98;123;118;113;99;84;44;31;25;10
78;10917;St.Gallen Stadt Mühlegg;20.01.2020;Montag;4;5;2;4;0;2;9;48;125;93;87;96;121;118;107;105;118;178;255;175;93;65;59;48;19
79;10917;St.Gallen Stadt Mühlegg;20.01.2020;Montag;5;2;2;3;4;1;20;144;302;152;95;110;116;92;147;120;116;154;175;125;62;50;26;25;9
80;10917;St.Gallen Stadt Mühlegg;21.01.2020;Dienstag;1;12;2;5;3;6;19;42;114;95;91;114;146;120;114;121;133;143;211;202;109;78;63;53;26
81;10917;St.Gallen Stadt Mühlegg;21.01.2020;Dienstag;2;10;5;4;2;5;30;141;177;154;114;103;120;92;139;107;105;140;128;101;73;54;40;23;13
82;10917;St.Gallen Stadt Mühlegg;21.01.2020;Dienstag;4;9;4;3;2;3;3;44;114;94;74;102;126;120;106;93;132;165;290;216;113;64;71;35;26
83;10917;St.Gallen Stadt Mühlegg;21.01.2020;Dienstag;5;2;4;2;1;5;20;149;331;147;107;105;104;100;146;121;119;155;180;128;96;39;33;20;15
84;10917;St.Gallen Stadt Mühlegg;22.01.2020;Mittwoch;1;10;3;1;0;7;17;47;100;95;76;117;160;124;106;117;130;162;229;182;93;82;65;47;32
85;10917;St.Gallen Stadt Mühlegg;22.01.2020;Mittwoch;2;9;3;5;3;6;28;134;175;148;116;103;104;99;138;116;126;161;121;103;66;37;37;27;19
86;10917;St.Gallen Stadt Mühlegg;22.01.2020;Mittwoch;4;4;4;4;4;1;9;40;111;108;86;113;143;139;104;122;134;162;242;219;100;80;41;43;25
87;10917;St.Gallen Stadt Mühlegg;22.01.2020;Mittwoch;5;2;2;3;3;8;25;143;308;159;126;88;109;93;155;149;113;180;186;124;64;56;31;21;11
88;10917;St.Gallen Stadt Mühlegg;23.01.2020;Donnerstag;1;12;6;5;1;3;16;48;104;89;104;112;145;107;112;110;131;158;205;212;115;81;63;56;35
89;10917;St.Gallen Stadt Mühlegg;23.01.2020;Donnerstag;2;6;5;3;2;6;34;107;165;144;117;108;117;83;136;101;114;133;141;115;78;51;31;30;15
90;10917;St.Gallen Stadt Mühlegg;23.01.2020;Donnerstag;4;4;6;3;1;2;3;48;119;86;96;90;138;123;137;105;116;172;247;196;125;65;68;61;40
91;10917;St.Gallen Stadt Mühlegg;23.01.2020;Donnerstag;5;8;2;3;2;8;25;149;311;158;117;115;118;97;165;104;119;157;188;143;93;45;42;28;23
92;10917;St.Gallen Stadt Mühlegg;24.01.2020;Freitag;1;20;7;4;0;4;20;50;86;111;94;120;164;123;137;142;180;210;222;169;111;45;58;45;31
93;10917;St.Gallen Stadt Mühlegg;24.01.2020;Freitag;2;12;5;4;2;7;28;110;174;129;121;113;106;109;148;121;172;154;139;97;73;51;44;39;23
94;10917;St.Gallen Stadt Mühlegg;24.01.2020;Freitag;4;16;9;7;3;2;7;45;102;108;96;100;140;131;131;135;160;186;264;205;92;64;61;46;48
95;10917;St.Gallen Stadt Mühlegg;24.01.2020;Freitag;5;8;2;5;5;11;22;116;280;180;122;112;135;115;148;153;153;198;190;153;81;51;46;26;25
96;10917;St.Gallen Stadt Mühlegg;25.01.2020;Samstag;1;24;24;15;10;4;16;19;35;69;103;129;164;116;112;141;133;132;121;94;67;38;29;35;40
97;10917;St.Gallen Stadt Mühlegg;25.01.2020;Samstag;2;16;13;7;7;7;12;30;64;86;133;135;128;124;111;134;116;114;81;78;58;40;31;36;27
98;10917;St.Gallen Stadt Mühlegg;25.01.2020;Samstag;4;27;20;8;8;11;6;16;31;50;84;96;133;101;104;110;104;142;107;78;48;40;31;31;27
99;10917;St.Gallen Stadt Mühlegg;25.01.2020;Samstag;5;20;19;13;10;12;11;27;49;97;142;127;125;106;129;135;135;90;97;72;46;23;32;26;21
100;10917;St.Gallen Stadt Mühlegg;26.01.2020;Sonntag;1;28;15;9;18;10;11;16;11;22;42;53;70;95;130;144;117;93;86;115;63;47;27;24;13
101;10917;St.Gallen Stadt Mühlegg;26.01.2020;Sonntag;2;18;11;7;10;11;10;16;13;31;47;72;65;90;90;104;145;148;99;55;49;36;29;10;8
102;10917;St.Gallen Stadt Mühlegg;26.01.2020;Sonntag;4;21;15;13;10;8;4;8;17;26;40;66;96;90;99;105;97;106;85;71;69;40;36;20;11
103;10917;St.Gallen Stadt Mühlegg;26.01.2020;Sonntag;5;9;9;6;6;11;8;25;15;33;65;63;64;81;108;121;102;132;95;62;50;26;26;22;6
104;10917;St.Gallen Stadt Mühlegg;27.01.2020;Montag;1;13;4;1;0;6;15;36;74;127;95;95;113;83;157;218;125;143;196;127;94;60;40;30;18
105;10917;St.Gallen Stadt Mühlegg;27.01.2020;Montag;2;6;3;1;1;4;26;109;126;71;92;84;98;76;53;3;87;127;105;77;49;40;20;16;10
106;10917;St.Gallen Stadt Mühlegg;27.01.2020;Montag;4;5;4;4;0;4;3;38;94;74;61;92;96;88;107;74;94;148;228;148;75;41;36;21;17
107;10917;St.Gallen Stadt Mühlegg;27.01.2020;Montag;5;3;4;1;0;5;19;125;213;131;95;77;77;88;136;121;109;117;145;95;46;30;31;14;4
108;10917;St.Gallen Stadt Mühlegg;28.01.2020;Dienstag;1;8;3;1;2;6;17;45;103;197;93;81;167;105;82;85;98;130;198;131;67;65;49;31;19
109;10917;St.Gallen Stadt Mühlegg;28.01.2020;Dienstag;2;6;1;2;1;5;25;112;130;1;112;99;26;82;125;86;99;96;101;65;57;31;25;19;8
110;10917;St.Gallen Stadt Mühlegg;28.01.2020;Dienstag;4;4;4;2;1;6;2;38;110;88;80;84;111;100;81;90;95;147;209;146;73;46;43;38;20
111;10917;St.Gallen Stadt Mühlegg;28.01.2020;Dienstag;5;6;2;1;1;7;22;118;222;113;123;76;87;83;120;100;86;123;157;94;57;26;34;15;12
112;10917;St.Gallen Stadt Mühlegg;29.01.2020;Mittwoch;1;9;5;4;2;8;21;43;78;67;74;96;113;104;99;106;103;137;164;137;88;66;47;46;21
113;10917;St.Gallen Stadt Mühlegg;29.01.2020;Mittwoch;2;5;4;5;5;8;24;109;107;101;107;93;97;78;135;103;85;96;83;84;66;38;37;18;10
114;10917;St.Gallen Stadt Mühlegg;29.01.2020;Mittwoch;4;2;3;9;4;12;10;37;94;94;87;80;98;103;99;85;106;134;217;139;79;58;56;45;25
115;10917;St.Gallen Stadt Mühlegg;29.01.2020;Mittwoch;5;3;0;4;4;6;26;108;217;104;111;93;96;63;139;117;107;100;135;84;77;36;32;23;16
116;10917;St.Gallen Stadt Mühlegg;30.01.2020;Donnerstag;1;13;5;3;3;7;14;41;84;87;86;85;122;95;106;99;119;119;178;148;107;60;72;49;21
117;10917;St.Gallen Stadt Mühlegg;30.01.2020;Donnerstag;2;6;3;3;3;4;24;92;144;108;107;84;99;78;119;126;107;105;101;74;75;36;30;23;13
118;10917;St.Gallen Stadt Mühlegg;30.01.2020;Donnerstag;4;6;7;4;1;3;5;38;106;87;78;73;116;111;99;103;113;153;234;166;92;67;56;51;16
119;10917;St.Gallen Stadt Mühlegg;30.01.2020;Donnerstag;5;4;3;3;2;5;22;114;227;131;99;98;106;74;146;103;125;146;149;119;73;44;36;27;8
120;10917;St.Gallen Stadt Mühlegg;31.01.2020;Freitag;1;12;8;6;2;7;17;35;89;75;94;88;109;124;100;109;116;147;187;118;90;55;35;45;37
121;10917;St.Gallen Stadt Mühlegg;31.01.2020;Freitag;2;5;6;8;2;6;28;86;131;111;108;109;117;104;119;110;110;109;120;89;73;42;31;27;27
122;10917;St.Gallen Stadt Mühlegg;31.01.2020;Freitag;4;8;10;9;5;3;6;36;97;98;71;92;102;112;92;124;140;171;229;152;97;57;39;51;25
123;10917;St.Gallen Stadt Mühlegg;31.01.2020;Freitag;5;5;1;6;1;7;17;108;198;123;123;111;115;91;106;135;109;141;135;101;56;35;35;28;21
124;10917;St.Gallen Stadt Mühlegg;01.02.2020;Samstag;1;21;14;12;11;6;12;14;42;54;86;128;131;131;121;136;125;144;115;58;71;45;42;36;39
125;10917;St.Gallen Stadt Mühlegg;01.02.2020;Samstag;2;14;9;6;5;5;10;19;47;74;120;119;119;112;108;118;128;92;83;64;64;52;37;28;17
126;10917;St.Gallen Stadt Mühlegg;01.02.2020;Samstag;4;21;21;6;6;7;7;14;25;58;76;103;118;114;112;117;107;132;105;96;61;36;43;42;45
127;10917;St.Gallen Stadt Mühlegg;01.02.2020;Samstag;5;18;15;9;11;7;7;26;45;85;119;136;104;131;94;128;114;98;78;72;51;34;26;23;26
128;10917;St.Gallen Stadt Mühlegg;02.02.2020;Sonntag;1;30;13;22;10;7;8;10;12;21;58;52;71;88;101;97;105;94;73;78;77;62;39;31;10
129;10917;St.Gallen Stadt Mühlegg;02.02.2020;Sonntag;2;21;9;5;3;4;7;9;11;37;66;75;78;80;84;91;93;109;89;65;52;48;27;14;7
130;10917;St.Gallen Stadt Mühlegg;02.02.2020;Sonntag;4;20;25;9;14;7;2;5;11;17;46;42;83;86;91;96;104;121;91;83;62;58;31;14;14
131;10917;St.Gallen Stadt Mühlegg;02.02.2020;Sonntag;5;19;14;15;6;8;8;18;11;25;61;90;74;80;76;85;82;73;75;67;55;41;37;15;6
132;10917;St.Gallen Stadt Mühlegg;03.02.2020;Montag;1;7;6;2;1;5;13;42;85;100;83;107;115;126;122;113;124;148;230;172;120;64;52;47;29
133;10917;St.Gallen Stadt Mühlegg;03.02.2020;Montag;2;6;3;3;3;13;28;119;164;152;121;93;99;97;144;126;126;119;107;106;70;51;37;22;13
134;10917;St.Gallen Stadt Mühlegg;03.02.2020;Montag;4;2;4;2;5;4;4;51;111;106;84;113;133;119;113;100;133;167;248;199;99;68;71;42;25
135;10917;St.Gallen Stadt Mühlegg;03.02.2020;Montag;5;3;5;2;0;9;20;154;289;155;111;104;106;100;168;105;114;138;168;137;71;49;33;22;7
136;10917;St.Gallen Stadt Mühlegg;04.02.2020;Dienstag;1;11;8;4;2;6;16;43;122;104;82;107;134;94;108;95;101;135;229;198;121;69;58;48;16
137;10917;St.Gallen Stadt Mühlegg;04.02.2020;Dienstag;2;6;1;4;3;16;28;123;176;130;99;87;116;91;149;99;91;112;113;95;82;52;40;24;13
138;10917;St.Gallen Stadt Mühlegg;04.02.2020;Dienstag;4;6;3;2;4;5;7;45;130;97;76;88;139;124;98;86;110;161;255;190;122;61;65;55;18
139;10917;St.Gallen Stadt Mühlegg;04.02.2020;Dienstag;5;2;3;5;4;8;20;152;284;157;124;97;114;82;135;99;96;142;162;154;83;37;30;30;16
140;10917;St.Gallen Stadt Mühlegg;05.02.2020;Mittwoch;1;8;6;4;1;5;17;48;111;103;100;105;141;131;95;119;139;155;225;148;106;65;75;64;20
141;10917;St.Gallen Stadt Mühlegg;05.02.2020;Mittwoch;2;9;2;3;5;9;34;123;183;150;96;103;107;89;153;114;87;132;125;116;75;48;41;23;8
142;10917;St.Gallen Stadt Mühlegg;05.02.2020;Mittwoch;4;5;3;7;3;5;16;47;121;101;75;97;144;117;110;115;112;165;257;206;113;99;65;45;24
143;10917;St.Gallen Stadt Mühlegg;05.02.2020;Mittwoch;5;6;2;5;5;3;29;136;293;169;128;102;121;90;160;100;130;156;214;116;81;44;28;23;8
144;10917;St.Gallen Stadt Mühlegg;06.02.2020;Donnerstag;1;11;3;4;1;3;13;40;115;90;98;100;151;122;129;99;111;147;212;180;106;87;51;39;32
145;10917;St.Gallen Stadt Mühlegg;06.02.2020;Donnerstag;2;7;2;3;3;7;27;119;192;131;108;112;107;115;149;126;91;131;131;112;91;51;33;27;31
146;10917;St.Gallen Stadt Mühlegg;06.02.2020;Donnerstag;4;5;3;5;4;3;4;41;127;112;82;98;182;174;137;92;126;166;289;241;117;93;58;63;34
147;10917;St.Gallen Stadt Mühlegg;06.02.2020;Donnerstag;5;2;1;4;2;5;25;126;307;163;137;130;114;98;165;118;128;153;221;145;91;58;37;30;13
148;10917;St.Gallen Stadt Mühlegg;07.02.2020;Freitag;1;14;4;3;2;5;21;53;108;97;99;129;145;129;139;125;146;174;235;165;104;52;54;65;51
149;10917;St.Gallen Stadt Mühlegg;07.02.2020;Freitag;2;5;3;3;3;10;30;120;172;148;99;100;131;93;147;146;126;135;130;104;83;39;37;49;22
150;10917;St.Gallen Stadt Mühlegg;07.02.2020;Freitag;4;10;4;5;2;3;5;57;113;100;74;116;162;142;124;145;149;199;231;189;126;75;53;57;58
151;10917;St.Gallen Stadt Mühlegg;07.02.2020;Freitag;5;5;5;2;5;6;26;145;274;161;123;120;123;114;152;117;146;187;202;137;96;43;40;34;22
152;10917;St.Gallen Stadt Mühlegg;08.02.2020;Samstag;1;23;13;14;6;12;8;20;41;68;91;132;148;133;111;133;138;154;134;87;66;47;42;39;34
153;10917;St.Gallen Stadt Mühlegg;08.02.2020;Samstag;2;22;14;8;8;5;7;33;55;86;132;131;135;126;137;124;145;126;105;80;73;42;48;35;27
154;10917;St.Gallen Stadt Mühlegg;08.02.2020;Samstag;4;25;20;8;11;11;10;22;32;58;84;94;129;123;131;114;128;125;141;72;74;69;36;56;36
155;10917;St.Gallen Stadt Mühlegg;08.02.2020;Samstag;5;22;9;9;10;9;12;47;62;95;137;140;124;105;119;128;103;118;113;74;49;37;34;42;25
156;10917;St.Gallen Stadt Mühlegg;09.02.2020;Sonntag;1;31;20;21;8;11;10;18;14;26;45;57;114;123;118;126;123;89;101;160;96;49;30;22;10
157;10917;St.Gallen Stadt Mühlegg;09.02.2020;Sonntag;2;21;12;7;12;8;9;10;25;37;68;101;102;86;97;154;162;136;94;69;62;54;22;13;8
158;10917;St.Gallen Stadt Mühlegg;09.02.2020;Sonntag;4;26;26;16;14;13;3;7;13;25;49;74;124;100;101;124;108;120;124;68;63;58;34;23;11
159;10917;St.Gallen Stadt Mühlegg;09.02.2020;Sonntag;5;17;17;14;10;12;7;22;20;38;74;80;86;70;94;118;127;111;80;86;58;38;21;15;5
160;10917;St.Gallen Stadt Mühlegg;10.02.2020;Montag;1;8;2;3;0;5;15;38;113;82;75;99;120;115;92;103;127;180;252;186;113;61;60;39;21
161;10917;St.Gallen Stadt Mühlegg;10.02.2020;Montag;2;3;4;6;3;9;33;128;180;140;96;71;104;74;146;109;96;107;124;85;82;53;19;31;7
162;10917;St.Gallen Stadt Mühlegg;10.02.2020;Montag;4;3;2;3;0;5;6;49;110;93;86;116;131;102;117;91;132;180;275;183;85;71;67;52;19
163;10917;St.Gallen Stadt Mühlegg;10.02.2020;Montag;5;3;3;3;0;9;25;147;304;161;98;80;98;93;155;121;132;155;221;143;69;52;27;26;4
164;10917;St.Gallen Stadt Mühlegg;11.02.2020;Dienstag;1;8;1;2;1;10;14;44;99;93;102;114;152;105;101;82;114;139;230;163;116;84;64;50;24
165;10917;St.Gallen Stadt Mühlegg;11.02.2020;Dienstag;2;6;2;6;2;4;37;130;196;140;104;93;98;79;129;106;98;108;135;109;81;51;33;30;11
166;10917;St.Gallen Stadt Mühlegg;11.02.2020;Dienstag;4;13;2;3;4;3;2;49;144;96;90;101;128;129;113;109;125;184;278;192;118;69;51;31;25
167;10917;St.Gallen Stadt Mühlegg;11.02.2020;Dienstag;5;2;2;4;1;8;22;149;361;178;138;103;104;82;154;111;114;149;174;156;73;44;37;25;9
168;10917;St.Gallen Stadt Mühlegg;12.02.2020;Mittwoch;1;7;6;0;0;9;16;38;103;90;80;107;136;123;119;107;125;153;224;155;118;67;54;64;23
169;10917;St.Gallen Stadt Mühlegg;12.02.2020;Mittwoch;2;6;3;5;3;7;34;122;175;152;110;98;105;100;132;131;136;137;100;93;79;43;37;28;15
170;10917;St.Gallen Stadt Mühlegg;12.02.2020;Mittwoch;4;10;6;6;3;2;16;49;131;121;75;108;136;124;107;113;130;146;251;209;113;82;54;42;25
171;10917;St.Gallen Stadt Mühlegg;12.02.2020;Mittwoch;5;2;4;4;0;5;21;128;302;158;122;94;117;86;157;118;120;145;173;140;85;42;32;25;9
172;10917;St.Gallen Stadt Mühlegg;13.02.2020;Donnerstag;1;13;7;1;2;8;15;39;94;97;92;106;151;102;111;125;119;179;228;181;122;72;73;43;28
173;10917;St.Gallen Stadt Mühlegg;13.02.2020;Donnerstag;2;5;5;4;2;6;28;128;194;121;118;121;112;78;142;113;116;124;115;112;91;57;41;24;18
174;10917;St.Gallen Stadt Mühlegg;13.02.2020;Donnerstag;4;5;7;3;1;3;5;49;137;112;101;103;157;118;97;112;129;204;274;196;124;100;65;54;29
175;10917;St.Gallen Stadt Mühlegg;13.02.2020;Donnerstag;5;4;2;2;6;3;27;140;313;167;136;107;103;81;172;120;124;154;199;144;103;47;40;22;10
176;10917;St.Gallen Stadt Mühlegg;14.02.2020;Freitag;1;18;9;3;1;8;15;44;95;95;104;94;157;131;125;118;151;206;213;189;108;76;54;58;67
177;10917;St.Gallen Stadt Mühlegg;14.02.2020;Freitag;2;8;4;3;3;12;23;106;185;154;131;104;118;96;146;124;126;129;127;127;89;53;42;40;31
178;10917;St.Gallen Stadt Mühlegg;14.02.2020;Freitag;4;12;2;4;3;5;9;43;118;113;96;109;160;135;128;118;175;187;240;186;121;64;64;59;41
179;10917;St.Gallen Stadt Mühlegg;14.02.2020;Freitag;5;7;5;6;1;5;25;108;279;169;146;116;144;97;162;130;124;184;188;145;85;54;43;35;34
180;10917;St.Gallen Stadt Mühlegg;15.02.2020;Samstag;1;25;29;12;9;10;9;31;43;59;91;105;141;148;138;162;145;130;154;119;51;61;45;47;35
181;10917;St.Gallen Stadt Mühlegg;15.02.2020;Samstag;2;22;9;9;8;9;10;31;66;103;122;137;138;144;126;113;124;108;86;117;64;53;52;44;34
182;10917;St.Gallen Stadt Mühlegg;15.02.2020;Samstag;4;25;17;14;5;6;10;16;44;56;67;111;135;116;101;128;116;144;129;115;77;52;43;46;44
183;10917;St.Gallen Stadt Mühlegg;15.02.2020;Samstag;5;25;30;10;9;4;9;26;65;81;147;112;131;135;140;128;129;104;104;90;58;49;30;29;28
184;10917;St.Gallen Stadt Mühlegg;16.02.2020;Sonntag;1;30;27;11;14;5;7;13;21;31;60;62;79;79;101;105;115;102;113;81;63;45;39;30;10
185;10917;St.Gallen Stadt Mühlegg;16.02.2020;Sonntag;2;25;19;4;5;5;7;17;21;46;62;102;95;81;98;108;101;115;124;82;65;38;33;16;7
186;10917;St.Gallen Stadt Mühlegg;16.02.2020;Sonntag;4;19;20;11;7;10;4;10;7;36;58;54;98;89;104;105;109;126;115;93;82;48;37;25;16
187;10917;St.Gallen Stadt Mühlegg;16.02.2020;Sonntag;5;11;15;2;13;9;7;11;20;40;68;78;91;74;94;128;102;77;98;72;60;47;25;17;8
188;10917;St.Gallen Stadt Mühlegg;17.02.2020;Montag;1;10;4;4;0;6;13;52;112;82;81;111;147;119;119;106;130;155;236;164;110;74;50;57;21
189;10917;St.Gallen Stadt Mühlegg;17.02.2020;Montag;2;5;3;4;2;7;27;116;196;140;116;102;98;95;143;114;100;128;131;94;78;49;28;22;11
190;10917;St.Gallen Stadt Mühlegg;17.02.2020;Montag;4;7;5;6;2;4;6;50;136;104;75;107;126;110;117;118;126;160;288;187;109;67;47;49;29
191;10917;St.Gallen Stadt Mühlegg;17.02.2020;Montag;5;5;2;3;2;10;19;150;281;157;94;95;92;83;157;128;130;159;206;144;64;36;37;33;10
192;10917;St.Gallen Stadt Mühlegg;18.02.2020;Dienstag;1;9;7;2;2;10;18;43;103;97;97;103;130;126;106;108;108;143;234;186;115;85;69;44;18
193;10917;St.Gallen Stadt Mühlegg;18.02.2020;Dienstag;2;5;3;4;3;12;29;128;190;138;98;123;98;82;141;121;105;127;123;83;81;50;32;35;17
194;10917;St.Gallen Stadt Mühlegg;18.02.2020;Dienstag;4;8;3;4;3;7;8;47;142;107;103;120;141;124;118;96;114;203;281;224;120;70;73;49;25
195;10917;St.Gallen Stadt Mühlegg;18.02.2020;Dienstag;5;3;3;3;0;6;24;162;291;181;126;108;117;86;160;118;114;128;206;172;87;41;35;36;10
196;10917;St.Gallen Stadt Mühlegg;19.02.2020;Mittwoch;1;13;5;1;2;4;24;45;111;99;92;128;142;134;106;124;135;154;234;174;88;79;65;69;20
197;10917;St.Gallen Stadt Mühlegg;19.02.2020;Mittwoch;2;6;3;4;1;8;33;126;200;161;104;97;123;101;160;99;116;134;139;103;86;42;30;23;21
198;10917;St.Gallen Stadt Mühlegg;19.02.2020;Mittwoch;4;6;4;3;5;6;8;46;134;115;100;112;151;129;125;114;132;177;272;215;115;92;59;45;21
199;10917;St.Gallen Stadt Mühlegg;19.02.2020;Mittwoch;5;4;5;4;5;11;26;146;302;176;132;110;122;120;149;138;119;165;181;141;97;51;35;18;14
200;10917;St.Gallen Stadt Mühlegg;20.02.2020;Donnerstag;1;11;5;0;1;8;15;47;112;101;92;128;130;151;101;92;123;152;202;187;100;86;66;35;34
201;10917;St.Gallen Stadt Mühlegg;20.02.2020;Donnerstag;2;8;4;3;5;7;32;113;182;154;129;94;109;94;127;132;98;130;137;111;88;71;40;32;20
202;10917;St.Gallen Stadt Mühlegg;20.02.2020;Donnerstag;4;11;7;4;5;5;6;47;131;108;105;114;145;132;122;132;144;217;319;229;107;85;64;59;39
203;10917;St.Gallen Stadt Mühlegg;20.02.2020;Donnerstag;5;9;3;4;3;11;28;143;295;161;162;105;127;114;163;108;126;169;199;173;81;53;41;20;18
204;10917;St.Gallen Stadt Mühlegg;21.02.2020;Freitag;1;17;10;2;2;6;18;48;106;102;91;118;160;130;121;131;137;174;243;157;119;81;50;50;48
205;10917;St.Gallen Stadt Mühlegg;21.02.2020;Freitag;2;12;3;4;5;8;33;117;182;157;109;124;107;89;143;127;142;136;178;130;79;60;40;53;38
206;10917;St.Gallen Stadt Mühlegg;21.02.2020;Freitag;4;19;6;4;1;7;6;39;119;95;94;107;142;127;118;149;146;253;355;281;135;78;62;53;65
207;10917;St.Gallen Stadt Mühlegg;21.02.2020;Freitag;5;6;8;2;2;11;20;133;257;157;139;117;127;112;180;133;131;160;183;156;107;62;33;37;31
208;10917;St.Gallen Stadt Mühlegg;22.02.2020;Samstag;1;36;28;20;5;16;10;23;34;46;102;124;172;131;143;129;146;126;135;91;67;49;39;40;33
209;10917;St.Gallen Stadt Mühlegg;22.02.2020;Samstag;2;26;22;13;5;5;11;21;61;108;144;121;129;126;114;108;110;125;123;96;61;44;41;37;30
210;10917;St.Gallen Stadt Mühlegg;22.02.2020;Samstag;4;34;26;14;5;8;3;25;24;73;87;97;137;119;123;117;136;131;149;108;70;54;45;42;45
211;10917;St.Gallen Stadt Mühlegg;22.02.2020;Samstag;5;25;25;12;8;9;12;37;66;102;144;134;126;109;117;84;131;104;110;88;53;48;43;24;18
212;10917;St.Gallen Stadt Mühlegg;23.02.2020;Sonntag;1;38;27;15;14;4;7;15;15;24;49;59;88;92;87;83;95;101;96;131;80;65;46;18;13
213;10917;St.Gallen Stadt Mühlegg;23.02.2020;Sonntag;2;22;10;13;9;1;4;16;16;39;56;77;68;72;94;144;123;107;90;78;60;39;36;16;5
214;10917;St.Gallen Stadt Mühlegg;23.02.2020;Sonntag;4;33;17;10;15;5;5;6;13;21;48;75;99;93;100;215;146;176;121;78;77;46;29;18;6
215;10917;St.Gallen Stadt Mühlegg;23.02.2020;Sonntag;5;26;23;15;8;6;9;7;18;60;106;101;101;69;114;115;110;72;78;87;47;40;31;6;6
216;10917;St.Gallen Stadt Mühlegg;24.02.2020;Montag;1;13;2;2;2;4;13;42;89;103;73;118;133;122;123;104;120;156;227;176;103;87;61;48;21
217;10917;St.Gallen Stadt Mühlegg;24.02.2020;Montag;2;6;3;6;3;5;29;113;186;152;116;111;91;85;154;116;115;151;139;93;88;57;31;25;10
218;10917;St.Gallen Stadt Mühlegg;24.02.2020;Montag;4;6;2;2;3;6;9;52;110;103;93;103;137;130;108;111;136;174;302;201;107;72;55;54;27
219;10917;St.Gallen Stadt Mühlegg;24.02.2020;Montag;5;3;2;2;0;7;24;157;287;150;102;97;113;108;138;119;111;179;180;142;81;50;34;33;11
220;10917;St.Gallen Stadt Mühlegg;25.02.2020;Dienstag;1;9;3;2;1;4;16;55;89;104;91;124;147;113;116;118;120;148;234;187;122;61;68;53;21
221;10917;St.Gallen Stadt Mühlegg;25.02.2020;Dienstag;2;9;0;4;3;3;34;134;189;142;143;93;109;101;152;111;87;121;118;102;77;52;33;34;9
222;10917;St.Gallen Stadt Mühlegg;25.02.2020;Dienstag;4;6;5;3;1;7;5;48;130;136;95;107;169;148;125;122;121;183;271;188;106;88;79;48;29
223;10917;St.Gallen Stadt Mühlegg;25.02.2020;Dienstag;5;5;1;3;1;6;26;148;298;170;117;113;117;85;170;112;116;158;198;140;81;45;41;27;15
224;10917;St.Gallen Stadt Mühlegg;26.02.2020;Mittwoch;1;11;4;3;1;7;18;47;89;83;83;87;145;135;108;118;120;148;211;212;117;71;51;49;24
225;10917;St.Gallen Stadt Mühlegg;26.02.2020;Mittwoch;2;8;4;4;3;7;37;120;180;139;104;99;109;84;144;113;116;132;136;93;76;53;34;13;15
226;10917;St.Gallen Stadt Mühlegg;26.02.2020;Mittwoch;4;9;5;4;3;3;17;39;148;93;77;104;126;119;114;112;126;147;239;251;122;72;60;51;23
227;10917;St.Gallen Stadt Mühlegg;26.02.2020;Mittwoch;5;5;2;8;2;4;34;145;302;164;109;98;115;90;147;141;105;151;238;193;93;58;42;33;12
228;10917;St.Gallen Stadt Mühlegg;27.02.2020;Donnerstag;1;10;4;5;2;8;18;48;103;100;94;120;148;110;102;78;95;159;216;145;110;65;56;58;36
229;10917;St.Gallen Stadt Mühlegg;27.02.2020;Donnerstag;2;5;2;5;4;7;29;116;194;117;120;101;100;92;133;90;94;119;119;90;84;57;33;33;20
230;10917;St.Gallen Stadt Mühlegg;27.02.2020;Donnerstag;4;9;4;3;3;3;15;55;135;104;87;93;136;112;119;104;124;184;236;196;136;92;70;57;24
231;10917;St.Gallen Stadt Mühlegg;27.02.2020;Donnerstag;5;3;4;8;4;5;21;155;318;161;142;112;112;85;158;101;111;136;216;140;94;40;39;28;15
232;10917;St.Gallen Stadt Mühlegg;28.02.2020;Freitag;1;25;2;1;1;7;19;50;108;97;98;133;130;126;115;105;175;167;233;157;100;70;46;46;47
233;10917;St.Gallen Stadt Mühlegg;28.02.2020;Freitag;2;11;5;2;4;10;27;111;195;152;122;114;119;108;141;118;143;154;136;92;60;49;38;30;23
234;10917;St.Gallen Stadt Mühlegg;28.02.2020;Freitag;4;8;5;7;7;1;10;46;124;105;104;130;179;120;117;141;164;198;233;208;124;90;81;61;36
235;10917;St.Gallen Stadt Mühlegg;28.02.2020;Freitag;5;8;6;5;7;5;26;125;296;166;126;122;125;81;155;112;125;178;178;144;102;56;45;47;31
236;10917;St.Gallen Stadt Mühlegg;29.02.2020;Samstag;1;33;21;13;15;6;11;15;32;64;73;120;128;131;126;161;145;174;124;78;68;49;34;37;40
237;10917;St.Gallen Stadt Mühlegg;29.02.2020;Samstag;2;11;8;14;8;7;11;21;68;77;163;142;127;105;126;144;126;114;102;69;55;46;24;37;29
238;10917;St.Gallen Stadt Mühlegg;29.02.2020;Samstag;4;22;17;16;15;8;7;15;45;60;85;100;165;135;119;125;126;147;145;98;75;55;46;46;39
239;10917;St.Gallen Stadt Mühlegg;29.02.2020;Samstag;5;17;20;9;12;10;9;31;62;116;132;140;140;94;117;129;106;119;110;77;75;39;34;41;34
240;10917;St.Gallen Stadt Mühlegg;02.03.2020;Montag;1;11;3;4;0;8;12;43;110;95;95;115;146;102;126;108;127;138;207;162;95;69;50;41;18
241;10917;St.Gallen Stadt Mühlegg;02.03.2020;Montag;2;8;2;2;2;7;26;103;201;130;115;109;105;83;136;98;97;120;104;91;61;43;35;9;9
242;10917;St.Gallen Stadt Mühlegg;02.03.2020;Montag;4;5;1;1;2;4;6;59;132;102;76;99;141;121;109;105;141;167;258;209;102;69;61;47;35
243;10917;St.Gallen Stadt Mühlegg;02.03.2020;Montag;5;10;1;2;0;7;24;153;302;164;113;80;114;85;164;131;126;172;181;156;75;53;29;26;15
244;10917;St.Gallen Stadt Mühlegg;03.03.2020;Dienstag;1;13;3;2;2;1;16;42;103;87;85;110;140;109;103;115;103;144;232;152;101;58;52;42;25
245;10917;St.Gallen Stadt Mühlegg;03.03.2020;Dienstag;2;7;2;3;3;5;29;113;174;140;99;106;96;87;149;106;99;113;122;96;67;38;30;20;11
246;10917;St.Gallen Stadt Mühlegg;03.03.2020;Dienstag;4;11;4;3;1;1;16;53;143;99;72;108;124;134;114;94;127;164;274;220;119;77;75;44;27
247;10917;St.Gallen Stadt Mühlegg;03.03.2020;Dienstag;5;5;3;3;3;7;21;159;331;162;122;107;107;95;151;120;109;137;197;147;91;44;29;27;13
248;10917;St.Gallen Stadt Mühlegg;04.03.2020;Mittwoch;1;15;2;2;3;2;14;42;94;105;70;96;143;131;119;116;144;154;226;162;88;75;44;43;21
249;10917;St.Gallen Stadt Mühlegg;04.03.2020;Mittwoch;2;7;2;2;4;8;26;116;175;145;126;107;99;120;133;129;114;139;127;111;70;40;21;14;17
250;10917;St.Gallen Stadt Mühlegg;04.03.2020;Mittwoch;4;6;6;6;2;0;12;40;121;104;86;104;156;125;108;131;129;157;265;205;126;74;81;57;22
251;10917;St.Gallen Stadt Mühlegg;04.03.2020;Mittwoch;5;3;5;3;3;6;19;144;302;164;123;113;119;97;167;120;117;183;198;155;107;48;39;29;12
252;10917;St.Gallen Stadt Mühlegg;05.03.2020;Donnerstag;1;11;5;2;1;2;13;36;139;104;84;126;120;99;102;99;106;161;221;137;110;69;62;43;24
253;10917;St.Gallen Stadt Mühlegg;05.03.2020;Donnerstag;2;4;2;2;3;7;21;113;188;153;121;117;97;91;134;106;90;115;142;87;75;45;37;16;16
254;10917;St.Gallen Stadt Mühlegg;05.03.2020;Donnerstag;4;12;3;4;4;4;7;48;128;118;102;105;138;129;99;94;128;166;275;236;134;87;56;55;28
255;10917;St.Gallen Stadt Mühlegg;05.03.2020;Donnerstag;5;5;2;3;2;7;21;136;335;183;127;132;99;72;128;105;123;155;185;188;101;43;48;37;20
256;10917;St.Gallen Stadt Mühlegg;06.03.2020;Freitag;1;13;3;5;2;8;15;41;97;86;101;113;108;153;104;120;147;190;205;164;112;43;44;45;35
257;10917;St.Gallen Stadt Mühlegg;06.03.2020;Freitag;2;6;2;3;3;10;23;96;161;138;135;117;111;107;139;128;128;109;109;119;70;49;42;39;27
258;10917;St.Gallen Stadt Mühlegg;06.03.2020;Freitag;4;9;4;7;3;3;3;55;132;98;111;95;143;127;112;121;132;181;208;189;116;73;66;53;54
259;10917;St.Gallen Stadt Mühlegg;06.03.2020;Freitag;5;7;1;2;2;10;23;118;285;154;112;117;116;97;125;130;136;185;197;137;92;51;48;44;23
260;10917;St.Gallen Stadt Mühlegg;07.03.2020;Samstag;1;27;16;6;14;7;17;19;32;57;87;97;132;126;104;137;135;148;134;82;55;41;27;42;43
261;10917;St.Gallen Stadt Mühlegg;07.03.2020;Samstag;2;9;12;4;9;5;11;35;59;84;135;115;124;99;130;114;133;114;89;62;51;39;46;24;26
262;10917;St.Gallen Stadt Mühlegg;07.03.2020;Samstag;4;27;24;11;9;17;7;21;32;65;82;115;136;124;128;105;134;107;123;85;62;45;39;44;60
263;10917;St.Gallen Stadt Mühlegg;07.03.2020;Samstag;5;20;17;10;10;15;12;34;63;102;132;143;96;106;134;104;120;97;82;89;56;53;41;31;19
264;10917;St.Gallen Stadt Mühlegg;08.03.2020;Sonntag;1;23;20;12;9;10;9;9;16;31;51;92;82;89;111;135;125;113;85;77;69;54;35;21;10
265;10917;St.Gallen Stadt Mühlegg;08.03.2020;Sonntag;2;18;6;9;8;9;5;10;22;43;46;87;96;87;88;117;122;130;100;69;71;53;30;18;7
266;10917;St.Gallen Stadt Mühlegg;08.03.2020;Sonntag;4;16;16;15;10;11;10;6;17;36;56;63;91;101;97;100;143;122;120;96;96;54;45;30;9
267;10917;St.Gallen Stadt Mühlegg;08.03.2020;Sonntag;5;20;20;17;13;10;13;27;29;39;65;73;77;77;93;96;104;112;103;81;78;53;27;17;4
268;10917;St.Gallen Stadt Mühlegg;09.03.2020;Montag;1;6;2;0;2;3;8;35;94;79;99;120;133;121;96;124;137;143;221;142;113;69;50;30;18
269;10917;St.Gallen Stadt Mühlegg;09.03.2020;Montag;2;5;1;1;5;5;20;112;185;131;112;109;90;89;119;128;95;111;104;99;65;45;28;15;9
270;10917;St.Gallen Stadt Mühlegg;09.03.2020;Montag;4;8;1;5;2;5;7;56;148;131;93;102;117;115;102;95;130;179;247;220;111;70;61;53;27
271;10917;St.Gallen Stadt Mühlegg;09.03.2020;Montag;5;5;1;1;4;6;14;159;284;192;117;105;110;97;149;118;123;159;196;154;98;61;34;26;7
272;10917;St.Gallen Stadt Mühlegg;10.03.2020;Dienstag;1;9;5;3;1;3;17;40;107;113;104;109;125;110;114;110;114;140;227;163;124;60;49;46;14
273;10917;St.Gallen Stadt Mühlegg;10.03.2020;Dienstag;2;6;1;3;5;5;25;118;188;129;103;109;95;76;125;101;102;99;115;101;63;38;32;24;14
274;10917;St.Gallen Stadt Mühlegg;10.03.2020;Dienstag;4;3;2;4;2;4;4;48;142;107;71;103;145;109;90;107;131;161;255;220;100;70;55;53;15
275;10917;St.Gallen Stadt Mühlegg;10.03.2020;Dienstag;5;1;1;2;1;7;23;159;312;160;106;98;107;78;152;109;121;122;177;151;72;39;43;33;11
276;10917;St.Gallen Stadt Mühlegg;11.03.2020;Mittwoch;1;13;4;5;1;1;14;43;108;110;103;111;143;130;121;124;132;165;194;155;95;56;47;41;16
277;10917;St.Gallen Stadt Mühlegg;11.03.2020;Mittwoch;2;4;2;2;3;5;26;105;193;144;128;123;109;99;161;114;111;140;128;85;65;46;34;29;13
278;10917;St.Gallen Stadt Mühlegg;11.03.2020;Mittwoch;4;4;6;2;2;2;7;52;121;114;102;117;146;139;125;120;117;182;286;181;120;66;68;59;22
279;10917;St.Gallen Stadt Mühlegg;11.03.2020;Mittwoch;5;2;3;3;3;6;23;161;299;150;108;97;122;102;145;145;103;164;168;133;98;46;43;29;8
280;10917;St.Gallen Stadt Mühlegg;12.03.2020;Donnerstag;1;10;5;2;1;5;16;38;106;111;85;109;130;116;113;109;108;164;208;152;107;61;53;34;32
281;10917;St.Gallen Stadt Mühlegg;12.03.2020;Donnerstag;2;9;3;3;3;5;20;114;197;143;109;104;98;102;151;91;96;99;137;105;75;55;39;23;19
282;10917;St.Gallen Stadt Mühlegg;12.03.2020;Donnerstag;4;13;1;3;4;4;7;57;119;106;91;107;132;127;104;118;130;179;283;209;121;65;63;46;19
283;10917;St.Gallen Stadt Mühlegg;12.03.2020;Donnerstag;5;5;1;2;2;1;26;137;291;161;118;103;99;89;158;122;119;139;191;142;95;41;32;30;13
284;10917;St.Gallen Stadt Mühlegg;13.03.2020;Freitag;1;12;6;3;2;7;12;38;97;101;107;128;144;140;104;101;122;181;236;154;113;58;47;42;28
285;10917;St.Gallen Stadt Mühlegg;13.03.2020;Freitag;2;9;3;2;5;6;24;102;167;138;124;126;128;94;140;149;132;129;148;96;70;40;45;25;19
286;10917;St.Gallen Stadt Mühlegg;13.03.2020;Freitag;4;11;6;4;6;3;6;41;117;116;98;114;136;119;113;127;149;209;266;206;106;55;40;43;41
287;10917;St.Gallen Stadt Mühlegg;13.03.2020;Freitag;5;7;3;2;4;6;24;135;261;155;126;124;125;92;165;105;141;195;197;139;69;51;33;42;21
288;10917;St.Gallen Stadt Mühlegg;14.03.2020;Samstag;1;19;18;7;10;7;10;19;40;66;98;142;153;127;121;141;133;144;105;67;37;22;38;30;29
289;10917;St.Gallen Stadt Mühlegg;14.03.2020;Samstag;2;15;9;6;5;7;8;21;72;98;131;124;144;115;126;112;112;79;92;71;42;23;23;27;24
290;10917;St.Gallen Stadt Mühlegg;14.03.2020;Samstag;4;24;15;6;6;5;5;14;34;65;95;113;144;126;102;126;122;116;106;85;46;37;33;28;41
291;10917;St.Gallen Stadt Mühlegg;14.03.2020;Samstag;5;14;21;5;8;8;9;36;46;110;146;116;119;114;99;83;112;85;82;71;56;33;32;34;23
292;10917;St.Gallen Stadt Mühlegg;15.03.2020;Sonntag;1;21;20;10;9;2;4;11;20;26;55;73;98;86;92;131;105;100;105;87;63;36;22;20;12
293;10917;St.Gallen Stadt Mühlegg;15.03.2020;Sonntag;2;17;5;2;2;2;4;8;23;30;58;73;86;66;110;121;98;119;128;96;51;33;22;17;10
294;10917;St.Gallen Stadt Mühlegg;15.03.2020;Sonntag;4;24;15;7;5;6;4;8;14;26;54;70;85;101;100;114;97;110;116;85;49;38;27;23;17
295;10917;St.Gallen Stadt Mühlegg;15.03.2020;Sonntag;5;21;17;15;5;5;7;18;16;34;43;62;80;66;82;92;94;98;102;87;50;39;24;20;2
296;10917;St.Gallen Stadt Mühlegg;16.03.2020;Montag;1;9;2;3;0;3;11;40;115;107;100;126;137;122;119;150;135;149;196;167;104;53;38;31;9
297;10917;St.Gallen Stadt Mühlegg;16.03.2020;Montag;2;6;4;2;6;4;28;100;168;146;126;96;109;112;149;134;130;127;137;92;63;43;29;12;12
298;10917;St.Gallen Stadt Mühlegg;16.03.2020;Montag;4;6;3;4;4;4;9;66;104;111;92;101;141;129;115;119;112;154;257;185;104;50;49;26;15
299;10917;St.Gallen Stadt Mühlegg;16.03.2020;Montag;5;2;4;4;1;7;20;141;275;137;105;118;94;89;153;114;132;157;152;126;75;43;29;17;11
300;10917;St.Gallen Stadt Mühlegg;17.03.2020;Dienstag;1;11;2;3;0;3;14;35;100;75;103;89;97;112;95;94;130;147;242;135;80;29;18;17;10
301;10917;St.Gallen Stadt Mühlegg;17.03.2020;Dienstag;2;4;3;3;5;5;23;92;182;118;110;84;99;86;103;80;90;125;137;65;57;30;15;9;5
302;10917;St.Gallen Stadt Mühlegg;17.03.2020;Dienstag;4;5;4;2;2;5;5;55;126;99;101;87;112;125;116;99;124;164;265;157;63;33;18;6;9
303;10917;St.Gallen Stadt Mühlegg;17.03.2020;Dienstag;5;2;1;0;4;7;26;128;268;126;96;105;105;81;122;99;99;145;163;109;56;31;16;9;7
304;10917;St.Gallen Stadt Mühlegg;18.03.2020;Mittwoch;1;6;2;2;0;2;18;38;99;85;99;114;125;106;116;117;109;145;209;133;70;35;18;13;8
305;10917;St.Gallen Stadt Mühlegg;18.03.2020;Mittwoch;2;4;2;2;4;5;23;87;163;107;96;121;103;96;113;105;89;121;127;83;56;32;23;8;7
306;10917;St.Gallen Stadt Mühlegg;18.03.2020;Mittwoch;4;0;4;2;3;3;6;46;128;88;87;113;121;126;106;115;127;151;211;148;73;26;21;8;9
307;10917;St.Gallen Stadt Mühlegg;18.03.2020;Mittwoch;5;1;1;1;4;7;24;121;239;108;85;91;105;91;138;111;110;127;152;94;52;24;19;12;6
308;10917;St.Gallen Stadt Mühlegg;19.03.2020;Donnerstag;1;5;6;2;0;1;12;43;111;85;109;110;120;112;108;117;132;136;177;134;74;36;18;20;9
309;10917;St.Gallen Stadt Mühlegg;19.03.2020;Donnerstag;2;5;4;2;3;6;19;89;150;111;102;116;105;104;120;120;107;126;130;88;55;34;18;11;8
310;10917;St.Gallen Stadt Mühlegg;19.03.2020;Donnerstag;4;3;2;1;2;4;7;47;141;88;97;122;117;130;110;98;114;157;226;129;75;33;17;15;9
311;10917;St.Gallen Stadt Mühlegg;19.03.2020;Donnerstag;5;1;3;3;1;7;17;128;215;123;114;94;108;88;140;111;103;150;201;107;54;28;20;9;8
312;10917;St.Gallen Stadt Mühlegg;20.03.2020;Freitag;1;4;6;3;3;3;13;40;84;87;119;114;129;137;124;130;115;152;160;109;56;45;23;10;15
313;10917;St.Gallen Stadt Mühlegg;20.03.2020;Freitag;2;4;3;2;6;6;18;84;147;142;138;110;89;97;155;126;113;109;107;62;55;22;22;11;11
314;10917;St.Gallen Stadt Mühlegg;20.03.2020;Freitag;4;3;4;2;2;5;9;44;115;97;107;109;115;113;87;125;107;153;176;134;62;35;15;25;7
315;10917;St.Gallen Stadt Mühlegg;20.03.2020;Freitag;5;3;1;2;3;9;12;123;177;96;104;101;106;103;130;108;119;136;112;88;44;30;20;11;5
316;10917;St.Gallen Stadt Mühlegg;21.03.2020;Samstag;1;8;7;2;3;3;9;11;37;55;64;78;95;90;75;72;99;77;67;46;38;22;12;6;11
317;10917;St.Gallen Stadt Mühlegg;21.03.2020;Samstag;2;6;3;3;6;4;9;19;37;62;62;98;88;79;78;74;75;63;55;38;26;25;14;12;9
318;10917;St.Gallen Stadt Mühlegg;21.03.2020;Samstag;4;7;8;5;4;3;5;16;17;44;62;83;81;87;60;81;74;80;81;40;30;15;15;12;5
319;10917;St.Gallen Stadt Mühlegg;21.03.2020;Samstag;5;7;8;2;5;3;8;24;49;54;66;82;85;71;76;81;72;51;48;47;37;18;14;8;8
320;10917;St.Gallen Stadt Mühlegg;22.03.2020;Sonntag;1;6;3;5;2;1;3;9;19;19;31;25;58;47;59;54;82;86;77;48;38;27;12;7;4
321;10917;St.Gallen Stadt Mühlegg;22.03.2020;Sonntag;2;6;4;3;0;1;4;11;14;25;33;40;35;48;57;54;66;88;71;49;37;20;21;9;4
322;10917;St.Gallen Stadt Mühlegg;22.03.2020;Sonntag;4;10;9;2;2;2;5;1;13;15;28;32;43;48;50;65;72;61;75;55;35;24;14;14;6
323;10917;St.Gallen Stadt Mühlegg;22.03.2020;Sonntag;5;3;6;2;3;3;3;19;8;20;39;32;30;38;51;54;67;70;54;70;32;25;11;12;3
324;10917;St.Gallen Stadt Mühlegg;23.03.2020;Montag;1;7;3;1;2;3;12;32;99;70;93;89;110;106;103;95;90;133;173;104;60;27;15;10;8
325;10917;St.Gallen Stadt Mühlegg;23.03.2020;Montag;2;4;0;1;4;6;25;73;139;103;87;91;89;85;103;96;92;102;107;71;31;16;12;10;7
326;10917;St.Gallen Stadt Mühlegg;23.03.2020;Montag;4;5;0;3;3;4;7;50;112;86;81;75;97;97;81;82;100;140;189;125;57;27;18;13;18
327;10917;St.Gallen Stadt Mühlegg;23.03.2020;Montag;5;2;2;5;1;6;16;131;213;106;89;78;79;80;121;93;85;103;128;81;46;21;24;13;5
328;10917;St.Gallen Stadt Mühlegg;24.03.2020;Dienstag;1;4;6;4;0;3;19;38;84;77;90;73;115;92;94;129;106;118;168;124;60;20;27;10;7
329;10917;St.Gallen Stadt Mühlegg;24.03.2020;Dienstag;2;6;1;2;5;10;17;81;126;84;90;82;89;80;125;97;102;107;116;69;41;20;14;5;6
330;10917;St.Gallen Stadt Mühlegg;24.03.2020;Dienstag;4;1;0;2;3;6;4;49;110;78;83;90;93;97;92;108;102;138;206;136;59;41;18;13;11
331;10917;St.Gallen Stadt Mühlegg;24.03.2020;Dienstag;5;1;3;3;3;8;11;127;205;90;106;68;103;70;130;100;96;132;145;79;58;26;21;12;5
332;10917;St.Gallen Stadt Mühlegg;26.03.2020;Donnerstag;1;7;4;2;1;5;11;33;93;72;79;95;93;104;89;98;119;129;164;101;67;41;21;13;12
333;10917;St.Gallen Stadt Mühlegg;26.03.2020;Donnerstag;2;4;1;4;3;4;17;77;121;107;84;78;85;92;105;112;122;107;102;70;41;26;15;8;5
334;10917;St.Gallen Stadt Mühlegg;26.03.2020;Donnerstag;4;3;3;4;2;2;8;45;108;89;82;85;106;118;95;85;107;139;195;134;63;33;22;12;13
335;10917;St.Gallen Stadt Mühlegg;26.03.2020;Donnerstag;5;1;2;2;1;5;19;125;211;117;95;85;104;71;100;110;74;124;123;104;47;30;22;5;3
336;10917;St.Gallen Stadt Mühlegg;27.03.2020;Freitag;1;10;2;4;2;3;12;43;86;67;105;93;118;112;118;117;117;130;175;110;63;33;18;19;5
337;10917;St.Gallen Stadt Mühlegg;27.03.2020;Freitag;2;6;0;4;4;7;17;78;128;97;83;89;85;86;114;125;108;129;103;60;52;22;21;12;10
338;10917;St.Gallen Stadt Mühlegg;27.03.2020;Freitag;4;3;0;1;5;4;7;51;116;81;81;82;99;114;114;103;117;162;192;127;85;44;25;17;11
339;10917;St.Gallen Stadt Mühlegg;27.03.2020;Freitag;5;1;3;1;4;7;15;120;197;87;100;100;102;95;134;102;101;147;116;97;58;33;25;14;9
340;10917;St.Gallen Stadt Mühlegg;28.03.2020;Samstag;1;8;5;3;2;1;11;14;33;42;74;101;107;125;100;143;99;93;101;56;37;26;29;17;16
341;10917;St.Gallen Stadt Mühlegg;28.03.2020;Samstag;2;4;4;3;4;4;10;15;38;67;90;90;126;86;107;118;92;118;90;57;39;29;32;18;10
342;10917;St.Gallen Stadt Mühlegg;28.03.2020;Samstag;4;5;5;5;5;4;4;11;24;43;76;107;116;106;108;115;93;94;90;77;41;33;17;12;16
343;10917;St.Gallen Stadt Mühlegg;28.03.2020;Samstag;5;3;1;3;7;2;9;28;41;57;81;109;100;96;97;101;82;93;93;68;40;28;23;6;7
344;10917;St.Gallen Stadt Mühlegg;29.03.2020;Sonntag;1;7;0;5;8;3;6;7;12;12;31;54;60;54;58;89;67;50;57;29;34;18;15;13;5
345;10917;St.Gallen Stadt Mühlegg;29.03.2020;Sonntag;2;12;0;6;2;2;4;9;9;18;28;48;60;64;75;74;63;51;50;24;42;20;15;9;9
346;10917;St.Gallen Stadt Mühlegg;29.03.2020;Sonntag;4;15;0;3;3;2;2;8;9;13;25;36;51;43;53;60;55;57;65;48;32;29;10;13;18
347;10917;St.Gallen Stadt Mühlegg;29.03.2020;Sonntag;5;6;0;4;5;4;3;15;12;10;21;41;47;56;48;61;53;56;51;45;29;22;18;14;6
348;10917;St.Gallen Stadt Mühlegg;30.03.2020;Montag;1;6;5;2;1;9;12;29;97;87;69;67;87;103;76;87;97;109;173;113;56;40;22;11;5
349;10917;St.Gallen Stadt Mühlegg;30.03.2020;Montag;2;4;2;1;5;9;25;64;152;97;81;74;70;75;110;78;70;85;84;56;29;27;19;8;8
350;10917;St.Gallen Stadt Mühlegg;30.03.2020;Montag;4;2;2;1;4;6;10;44;85;75;66;74;81;83;70;81;75;116;169;151;73;23;21;11;9
351;10917;St.Gallen Stadt Mühlegg;30.03.2020;Montag;5;1;4;1;1;12;15;94;240;117;72;59;59;66;116;64;58;98;100;77;51;32;18;10;10
352;10917;St.Gallen Stadt Mühlegg;01.04.2020;Mittwoch;1;6;4;1;1;2;14;42;85;75;83;81;118;125;94;112;131;137;225;116;61;37;18;11;6
353;10917;St.Gallen Stadt Mühlegg;01.04.2020;Mittwoch;2;5;0;2;1;9;16;89;132;88;81;102;97;118;129;79;98;125;128;65;62;29;24;10;5
354;10917;St.Gallen Stadt Mühlegg;01.04.2020;Mittwoch;4;1;3;8;3;6;2;49;102;70;81;90;109;116;104;111;116;129;216;156;69;41;23;12;8
355;10917;St.Gallen Stadt Mühlegg;01.04.2020;Mittwoch;5;0;4;1;5;9;16;132;224;92;72;86;107;92;128;107;103;130;120;77;53;30;21;14;3
356;10917;St.Gallen Stadt Mühlegg;02.04.2020;Donnerstag;1;4;5;1;1;3;12;44;88;80;75;94;102;124;114;129;110;161;252;122;65;34;20;15;8
357;10917;St.Gallen Stadt Mühlegg;02.04.2020;Donnerstag;2;6;2;3;3;6;16;76;140;95;96;90;102;82;105;101;113;128;145;70;54;44;17;17;7
358;10917;St.Gallen Stadt Mühlegg;02.04.2020;Donnerstag;4;5;0;4;4;5;7;46;103;72;72;91;104;111;98;103;113;166;212;176;76;49;27;17;7
359;10917;St.Gallen Stadt Mühlegg;02.04.2020;Donnerstag;5;1;2;0;3;5;16;118;216;100;90;85;88;87;120;105;114;133;147;100;53;38;22;9;7
360;10917;St.Gallen Stadt Mühlegg;03.04.2020;Freitag;1;10;2;2;1;3;12;34;115;101;114;98;137;128;102;115;140;164;218;107;73;38;32;19;9
361;10917;St.Gallen Stadt Mühlegg;03.04.2020;Freitag;2;6;0;6;2;7;23;66;132;112;99;125;96;95;147;102;125;134;108;83;64;45;22;10;8
362;10917;St.Gallen Stadt Mühlegg;03.04.2020;Freitag;4;1;6;9;2;6;10;44;89;76;87;96;114;151;122;107;132;177;188;156;89;37;33;20;10
363;10917;St.Gallen Stadt Mühlegg;03.04.2020;Freitag;5;3;5;3;3;9;17;117;220;119;120;120;123;106;112;113;125;133;138;85;76;36;31;15;2
364;10917;St.Gallen Stadt Mühlegg;04.04.2020;Samstag;1;8;7;2;5;1;11;17;36;51;80;118;120;100;103;113;90;102;87;62;61;35;27;23;10
365;10917;St.Gallen Stadt Mühlegg;04.04.2020;Samstag;2;12;4;3;4;6;7;13;45;72;85;132;101;106;110;102;100;104;86;64;43;34;24;20;18
366;10917;St.Gallen Stadt Mühlegg;04.04.2020;Samstag;4;11;7;4;5;2;9;14;29;42;72;73;125;116;112;117;100;92;90;67;44;37;26;21;14
367;10917;St.Gallen Stadt Mühlegg;04.04.2020;Samstag;5;5;5;5;1;2;15;29;40;52;74;101;93;89;92;106;90;86;72;69;55;29;15;11;5
368;10917;St.Gallen Stadt Mühlegg;06.04.2020;Montag;1;5;1;3;1;5;11;42;82;82;92;97;108;115;128;111;115;129;247;117;59;30;23;14;12
369;10917;St.Gallen Stadt Mühlegg;06.04.2020;Montag;2;3;3;1;6;4;19;81;133;101;104;103;115;82;136;109;111;134;156;88;61;27;20;13;10
370;10917;St.Gallen Stadt Mühlegg;06.04.2020;Montag;4;1;1;0;5;5;6;44;84;53;40;95;124;112;88;84;109;151;208;145;72;38;22;18;7
371;10917;St.Gallen Stadt Mühlegg;06.04.2020;Montag;5;3;0;2;3;5;15;121;217;111;139;102;105;77;115;98;89;124;133;98;59;43;31;8;7
372;10917;St.Gallen Stadt Mühlegg;07.04.2020;Dienstag;1;4;7;2;1;3;17;43;81;93;91;95;113;128;98;122;129;153;226;127;71;44;25;15;7
373;10917;St.Gallen Stadt Mühlegg;07.04.2020;Dienstag;2;6;2;4;3;5;16;86;134;112;118;126;133;110;147;108;112;135;165;92;55;39;28;14;7
374;10917;St.Gallen Stadt Mühlegg;07.04.2020;Dienstag;4;3;3;2;3;4;5;53;81;74;98;106;128;113;115;69;100;153;207;141;58;44;22;17;9
375;10917;St.Gallen Stadt Mühlegg;07.04.2020;Dienstag;5;1;4;0;4;5;16;114;192;87;93;113;116;81;106;110;101;119;131;99;64;44;32;11;1
376;10917;St.Gallen Stadt Mühlegg;08.04.2020;Mittwoch;1;3;2;2;3;1;15;40;91;101;117;145;122;129;139;125;138;178;273;165;72;32;26;22;12
377;10917;St.Gallen Stadt Mühlegg;08.04.2020;Mittwoch;2;5;1;5;5;5;22;88;152;139;122;153;132;119;144;145;134;162;163;99;74;47;23;15;6
378;10917;St.Gallen Stadt Mühlegg;08.04.2020;Mittwoch;4;6;1;4;1;5;6;46;96;86;115;110;114;111;105;103;127;148;179;156;73;54;20;16;12
379;10917;St.Gallen Stadt Mühlegg;08.04.2020;Mittwoch;5;2;1;5;2;4;16;133;200;99;112;114;122;98;137;102;112;136;161;108;74;40;33;14;4
380;10917;St.Gallen Stadt Mühlegg;09.04.2020;Donnerstag;1;5;4;3;1;1;16;46;92;120;125;136;161;178;140;129;167;222;274;114;72;50;27;16;14
381;10917;St.Gallen Stadt Mühlegg;09.04.2020;Donnerstag;2;5;1;2;3;6;17;74;153;126;136;153;152;142;171;131;172;160;113;107;67;47;33;19;16
382;10917;St.Gallen Stadt Mühlegg;09.04.2020;Donnerstag;4;2;3;3;2;3;10;44;84;88;96;116;150;124;124;126;154;161;198;132;83;58;26;10;13
383;10917;St.Gallen Stadt Mühlegg;09.04.2020;Donnerstag;5;2;2;1;4;6;17;128;167;129;107;130;116;88;149;113;141;167;107;109;67;30;31;16;9
384;10917;St.Gallen Stadt Mühlegg;10.04.2020;Freitag;1;9;2;2;0;0;5;10;16;27;60;59;72;68;91;76;80;82;74;60;67;33;26;22;10
385;10917;St.Gallen Stadt Mühlegg;10.04.2020;Freitag;2;10;7;0;3;0;6;13;18;30;46;76;68;63;74;80;91;94;90;69;54;52;26;19;13
386;10917;St.Gallen Stadt Mühlegg;10.04.2020;Freitag;4;9;6;3;1;0;6;5;9;26;44;55;60;70;74;83;71;81;82;89;46;41;37;18;13
387;10917;St.Gallen Stadt Mühlegg;10.04.2020;Freitag;5;6;1;3;1;3;5;20;9;19;43;58;60;63;70;72;63;74;73;65;79;50;26;21;16
388;10917;St.Gallen Stadt Mühlegg;11.04.2020;Samstag;1;3;6;1;0;2;16;12;39;87;116;143;124;118;131;141;135;111;96;90;54;41;30;22;17
389;10917;St.Gallen Stadt Mühlegg;11.04.2020;Samstag;2;5;2;4;2;5;8;13;57;85;122;140;147;120;111;144;110;111;119;87;75;50;35;25;13
390;10917;St.Gallen Stadt Mühlegg;11.04.2020;Samstag;4;9;5;4;3;1;1;11;34;54;106;131;131;109;113;125;88;127;85;77;62;38;40;29;15
391;10917;St.Gallen Stadt Mühlegg;11.04.2020;Samstag;5;4;6;3;3;2;7;24;45;89;120;138;121;100;110;131;98;98;92;92;52;57;40;27;16
392;10917;St.Gallen Stadt Mühlegg;12.04.2020;Sonntag;1;12;7;3;3;4;7;9;19;36;53;77;76;66;58;86;95;97;89;45;53;28;28;21;15
393;10917;St.Gallen Stadt Mühlegg;12.04.2020;Sonntag;2;7;5;4;1;1;6;8;19;27;50;78;68;73;73;71;89;104;87;65;55;43;27;17;14
394;10917;St.Gallen Stadt Mühlegg;12.04.2020;Sonntag;4;10;6;4;2;1;2;11;12;21;58;55;53;52;54;72;86;96;79;78;54;32;22;17;8
395;10917;St.Gallen Stadt Mühlegg;12.04.2020;Sonntag;5;10;2;3;8;2;9;28;15;24;49;49;58;58;68;72;74;86;84;77;60;43;28;24;11
396;10917;St.Gallen Stadt Mühlegg;13.04.2020;Montag;1;6;5;0;0;1;5;10;11;28;47;65;64;72;68;85;92;93;85;65;47;39;26;15;9
397;10917;St.Gallen Stadt Mühlegg;13.04.2020;Montag;2;10;6;2;0;0;4;11;17;36;55;78;88;70;73;88;81;112;77;52;53;44;20;12;5
398;10917;St.Gallen Stadt Mühlegg;13.04.2020;Montag;4;6;10;2;0;2;1;6;10;30;30;67;55;50;79;68;78;88;78;62;57;47;25;15;5
399;10917;St.Gallen Stadt Mühlegg;13.04.2020;Montag;5;5;9;2;0;4;3;20;13;26;50;61;52;77;69;83;77;105;91;67;65;38;32;11;5
400;10917;St.Gallen Stadt Mühlegg;14.04.2020;Dienstag;1;7;3;2;1;1;12;50;111;120;133;124;137;131;129;162;150;206;291;188;96;34;28;16;14
401;10917;St.Gallen Stadt Mühlegg;14.04.2020;Dienstag;2;5;1;0;3;6;16;87;166;153;147;135;116;124;156;172;159;175;193;145;68;43;23;16;16
402;10917;St.Gallen Stadt Mühlegg;14.04.2020;Dienstag;4;2;3;2;3;2;5;49;87;76;86;97;95;102;96;91;118;139;207;128;60;27;17;20;6
403;10917;St.Gallen Stadt Mühlegg;14.04.2020;Dienstag;5;2;3;2;1;8;17;130;155;86;82;100;100;81;114;101;90;104;117;81;48;27;18;11;6
404;10917;St.Gallen Stadt Mühlegg;15.04.2020;Mittwoch;1;6;3;1;4;6;20;62;133;114;107;148;137;141;155;140;149;186;247;146;97;54;32;17;12
405;10917;St.Gallen Stadt Mühlegg;15.04.2020;Mittwoch;2;8;5;3;3;7;25;110;179;156;124;139;134;125;146;159;184;183;188;131;77;55;41;16;10
406;10917;St.Gallen Stadt Mühlegg;15.04.2020;Mittwoch;4;2;3;3;1;2;8;43;87;74;87;104;111;92;94;90;122;117;170;145;73;37;26;11;8
407;10917;St.Gallen Stadt Mühlegg;15.04.2020;Mittwoch;5;0;0;4;2;2;16;73;133;73;104;101;92;79;115;113;83;115;120;99;43;35;17;4;5
408;10917;St.Gallen Stadt Mühlegg;16.04.2020;Donnerstag;1;6;4;1;1;8;13;62;134;107;129;156;155;126;154;132;145;195;264;192;96;55;34;32;12
409;10917;St.Gallen Stadt Mühlegg;16.04.2020;Donnerstag;2;9;3;3;2;11;28;94;160;155;139;145;162;126;169;143;145;177;193;128;84;63;38;20;15
410;10917;St.Gallen Stadt Mühlegg;16.04.2020;Donnerstag;4;3;4;4;4;2;10;45;68;66;74;97;107;101;94;83;116;137;194;141;69;42;26;16;10
411;10917;St.Gallen Stadt Mühlegg;16.04.2020;Donnerstag;5;1;3;2;1;3;16;79;122;92;79;90;96;61;106;105;86;118;111;123;60;41;30;9;7
412;10917;St.Gallen Stadt Mühlegg;17.04.2020;Freitag;1;12;3;4;3;5;11;61;107;107;132;141;178;164;135;167;175;215;267;189;96;59;39;25;16
413;10917;St.Gallen Stadt Mühlegg;17.04.2020;Freitag;2;8;5;4;5;7;20;97;162;164;141;178;155;142;189;172;181;188;183;121;96;72;40;26;23
414;10917;St.Gallen Stadt Mühlegg;17.04.2020;Freitag;4;1;6;3;4;1;8;41;95;67;86;85;120;94;113;117;123;141;202;129;84;48;27;27;11
415;10917;St.Gallen Stadt Mühlegg;17.04.2020;Freitag;5;4;2;2;2;4;14;65;120;82;84;87;101;65;98;115;114;129;97;115;72;47;38;25;11
416;10917;St.Gallen Stadt Mühlegg;09.05.2020;Samstag;1;16;16;6;5;4;14;27;55;82;141;142;161;147;149;165;147;142;133;92;87;49;53;31;32
417;10917;St.Gallen Stadt Mühlegg;09.05.2020;Samstag;2;18;13;8;4;5;7;25;65;107;150;157;165;146;141;156;155;148;126;99;73;79;66;42;24
418;10917;St.Gallen Stadt Mühlegg;09.05.2020;Samstag;4;12;9;4;1;2;7;14;39;65;88;119;126;131;114;141;115;128;127;91;67;64;45;42;24
419;10917;St.Gallen Stadt Mühlegg;09.05.2020;Samstag;5;13;9;5;4;2;13;32;56;68;111;119;125;121;118;129;97;111;86;83;57;54;47;32;23
420;10917;St.Gallen Stadt Mühlegg;10.05.2020;Sonntag;1;19;15;13;4;1;7;12;12;37;53;77;83;104;109;151;128;125;110;103;86;92;62;31;15
421;10917;St.Gallen Stadt Mühlegg;10.05.2020;Sonntag;2;15;17;8;1;4;4;13;15;41;59;79;102;103;114;130;128;155;120;102;104;89;79;39;9
422;10917;St.Gallen Stadt Mühlegg;10.05.2020;Sonntag;4;15;12;6;5;1;1;3;13;36;52;58;84;67;77;105;129;126;111;98;73;82;99;57;10
423;10917;St.Gallen Stadt Mühlegg;10.05.2020;Sonntag;5;10;9;5;5;2;5;15;13;29;57;61;90;79;84;109;111;96;95;97;70;82;46;23;8
424;10917;St.Gallen Stadt Mühlegg;11.05.2020;Montag;1;11;1;2;1;4;17;67;115;119;111;116;156;126;127;137;137;161;267;186;93;51;28;31;10
425;10917;St.Gallen Stadt Mühlegg;11.05.2020;Montag;2;7;2;2;6;7;22;160;193;148;133;122;115;124;160;133;113;135;134;91;54;38;29;18;6
426;10917;St.Gallen Stadt Mühlegg;11.05.2020;Montag;4;7;2;1;3;4;12;43;120;93;100;92;118;120;122;102;134;163;255;165;64;54;49;24;8
427;10917;St.Gallen Stadt Mühlegg;11.05.2020;Montag;5;3;0;1;2;5;22;120;211;141;99;109;92;105;176;137;107;146;146;118;42;42;28;15;7
428;10917;St.Gallen Stadt Mühlegg;12.05.2020;Dienstag;1;9;5;2;1;2;18;58;124;90;122;113;126;129;153;130;142;182;268;176;97;67;47;26;15
429;10917;St.Gallen Stadt Mühlegg;12.05.2020;Dienstag;2;5;2;6;5;9;21;126;210;121;117;105;112;111;170;141;127;159;177;98;77;35;33;17;12
430;10917;St.Gallen Stadt Mühlegg;12.05.2020;Dienstag;4;7;4;3;4;5;12;51;138;105;84;108;142;121;105;115;139;187;279;191;101;60;49;31;19
431;10917;St.Gallen Stadt Mühlegg;12.05.2020;Dienstag;5;2;1;2;1;4;21;178;269;129;113;110;110;80;175;150;136;169;185;149;62;48;32;21;7
432;10917;St.Gallen Stadt Mühlegg;13.05.2020;Mittwoch;1;11;3;2;2;0;21;54;145;122;117;116;169;156;138;129;158;199;305;205;98;59;54;29;14
433;10917;St.Gallen Stadt Mühlegg;13.05.2020;Mittwoch;2;6;0;3;3;7;37;119;203;159;125;116;133;117;164;153;139;149;123;87;76;52;33;24;7
434;10917;St.Gallen Stadt Mühlegg;13.05.2020;Mittwoch;4;7;2;4;3;4;8;57;145;103;115;121;135;135;127;116;132;182;274;182;82;62;54;26;18
435;10917;St.Gallen Stadt Mühlegg;13.05.2020;Mittwoch;5;3;6;2;1;5;24;155;243;150;134;118;124;113;171;139;144;149;178;102;64;51;48;24;7
436;10917;St.Gallen Stadt Mühlegg;14.05.2020;Donnerstag;1;5;8;2;2;3;20;67;151;126;102;154;170;130;134;160;136;219;274;196;115;78;78;53;24
437;10917;St.Gallen Stadt Mühlegg;14.05.2020;Donnerstag;2;6;4;3;4;8;27;137;215;152;117;130;120;105;164;143;154;134;160;97;61;51;41;32;11
438;10917;St.Gallen Stadt Mühlegg;14.05.2020;Donnerstag;4;6;2;4;3;4;8;45;141;113;83;140;155;143;121;130;145;179;254;200;106;77;49;31;26
439;10917;St.Gallen Stadt Mühlegg;14.05.2020;Donnerstag;5;4;2;3;3;2;27;158;306;187;162;150;131;108;192;158;151;167;184;124;68;45;54;31;12
440;10917;St.Gallen Stadt Mühlegg;15.05.2020;Freitag;1;9;6;1;3;5;19;61;113;112;108;134;164;143;146;152;201;257;307;194;104;80;40;40;30
441;10917;St.Gallen Stadt Mühlegg;15.05.2020;Freitag;2;7;4;3;6;10;30;121;201;137;138;163;136;120;157;174;163;142;145;115;74;43;44;33;22
442;10917;St.Gallen Stadt Mühlegg;15.05.2020;Freitag;4;12;6;4;5;2;4;59;119;118;110;139;167;163;138;147;180;181;240;190;117;53;36;33;30
443;10917;St.Gallen Stadt Mühlegg;15.05.2020;Freitag;5;5;4;3;2;9;24;144;265;144;141;137;129;118;183;178;172;182;158;127;72;47;37;38;22
444;10917;St.Gallen Stadt Mühlegg;16.05.2020;Samstag;1;12;9;1;7;4;11;21;37;69;110;136;166;153;143;149;150;155;135;90;64;51;46;49;35
445;10917;St.Gallen Stadt Mühlegg;16.05.2020;Samstag;2;18;13;3;5;7;13;21;62;98;148;159;160;134;149;132;158;119;100;79;58;57;47;64;30
446;10917;St.Gallen Stadt Mühlegg;16.05.2020;Samstag;4;22;17;8;8;3;8;15;36;61;100;119;124;127;115;146;135;123;131;88;57;50;40;53;25
447;10917;St.Gallen Stadt Mühlegg;16.05.2020;Samstag;5;10;15;4;6;3;7;35;47;88;131;132;128;116;128;143;106;99;95;96;57;56;35;36;21
448;10917;St.Gallen Stadt Mühlegg;17.05.2020;Sonntag;1;25;12;9;7;1;5;16;18;38;52;82;90;91;101;115;84;102;124;95;78;64;73;26;19
449;10917;St.Gallen Stadt Mühlegg;17.05.2020;Sonntag;2;26;5;10;2;3;3;15;25;33;61;81;77;103;100;99;111;122;125;100;85;67;81;31;15
450;10917;St.Gallen Stadt Mühlegg;17.05.2020;Sonntag;4;25;11;12;6;5;5;7;17;27;55;82;85;66;97;100;86;106;100;99;73;72;90;38;24
451;10917;St.Gallen Stadt Mühlegg;17.05.2020;Sonntag;5;18;11;11;4;4;4;20;15;32;55;66;75;73;96;99;111;116;110;97;73;63;58;24;11
452;10917;St.Gallen Stadt Mühlegg;18.05.2020;Montag;1;15;2;2;1;3;19;49;128;115;124;148;176;148;160;144;164;215;336;189;139;105;59;41;19
453;10917;St.Gallen Stadt Mühlegg;18.05.2020;Montag;2;4;7;7;6;5;32;144;213;187;177;160;181;136;200;196;182;216;192;149;111;94;61;34;24
454;10917;St.Gallen Stadt Mühlegg;18.05.2020;Montag;4;11;8;1;3;5;12;66;138;200;186;158;248;208;231;201;238;266;359;316;172;115;102;56;36
455;10917;St.Gallen Stadt Mühlegg;18.05.2020;Montag;5;7;5;1;1;4;28;142;266;186;162;155;149;140;220;193;167;219;250;159;116;83;61;33;17
456;10917;St.Gallen Stadt Mühlegg;19.05.2020;Dienstag;1;10;3;3;2;2;24;64;131;119;130;152;178;158;149;128;188;236;303;208;125;71;65;50;21
457;10917;St.Gallen Stadt Mühlegg;19.05.2020;Dienstag;2;8;2;3;12;11;37;132;193;147;149;113;147;122;177;143;156;188;188;130;88;68;60;29;11
458;10917;St.Gallen Stadt Mühlegg;19.05.2020;Dienstag;4;14;5;1;8;9;17;61;154;138;137;122;173;156;149;121;184;193;278;201;107;75;72;42;19
459;10917;St.Gallen Stadt Mühlegg;19.05.2020;Dienstag;5;5;3;1;2;11;23;148;296;163;157;135;149;127;177;153;154;178;217;138;71;52;56;35;12
460;10917;St.Gallen Stadt Mühlegg;20.05.2020;Mittwoch;1;9;5;3;1;3;22;59;124;136;147;142;180;162;173;165;179;227;294;195;117;82;46;36;21
461;10917;St.Gallen Stadt Mühlegg;20.05.2020;Mittwoch;2;7;2;2;5;10;30;149;211;194;167;137;176;143;163;184;181;179;157;139;94;56;56;40;27
462;10917;St.Gallen Stadt Mühlegg;20.05.2020;Mittwoch;4;10;4;3;3;7;11;67;151;129;112;138;172;161;151;158;168;211;276;194;104;68;57;46;32
463;10917;St.Gallen Stadt Mühlegg;20.05.2020;Mittwoch;5;8;3;1;0;7;26;147;236;160;161;148;138;124;200;193;173;186;191;160;100;56;44;41;20
464;10917;St.Gallen Stadt Mühlegg;21.05.2020;Donnerstag;1;24;9;5;7;3;9;13;25;47;66;94;96;86;94;98;126;107;113;89;64;58;48;40;21
465;10917;St.Gallen Stadt Mühlegg;21.05.2020;Donnerstag;2;23;11;4;6;0;5;12;34;56;78;97;112;107;103;103;101;109;135;118;76;59;60;35;19
466;10917;St.Gallen Stadt Mühlegg;21.05.2020;Donnerstag;4;17;5;8;0;2;3;12;36;40;70;82;75;82;86;89;98;111;93;82;82;53;56;35;32
467;10917;St.Gallen Stadt Mühlegg;21.05.2020;Donnerstag;5;12;5;4;5;1;3;25;27;39;62;66;94;74;94;89;87;120;101;117;70;57;47;33;19
468;10917;St.Gallen Stadt Mühlegg;22.05.2020;Freitag;1;13;7;2;4;3;17;29;69;100;114;141;213;157;133;149;168;159;159;142;94;62;57;45;24
469;10917;St.Gallen Stadt Mühlegg;22.05.2020;Freitag;2;14;7;2;6;6;22;55;103;156;156;162;139;117;146;159;152;129;136;118;75;49;49;48;26
470;10917;St.Gallen Stadt Mühlegg;22.05.2020;Freitag;4;16;8;4;5;5;4;18;70;106;125;132;174;126;132;140;149;174;191;133;86;73;38;41;34
471;10917;St.Gallen Stadt Mühlegg;22.05.2020;Freitag;5;16;8;5;5;3;15;69;112;125;137;166;157;117;156;181;178;146;121;100;74;54;32;35;24
472;10917;St.Gallen Stadt Mühlegg;23.05.2020;Samstag;1;31;17;6;5;5;10;17;35;58;85;137;153;125;125;128;110;122;128;73;56;36;35;16;30
473;10917;St.Gallen Stadt Mühlegg;23.05.2020;Samstag;2;26;21;9;9;7;8;24;53;91;129;138;109;124;136;112;104;98;85;55;55;34;38;26;25
474;10917;St.Gallen Stadt Mühlegg;23.05.2020;Samstag;4;34;14;17;5;3;5;13;34;53;83;105;117;130;124;116;119;110;104;80;47;41;32;37;30
475;10917;St.Gallen Stadt Mühlegg;23.05.2020;Samstag;5;15;17;7;4;2;5;29;42;72;133;123;137;122;128;112;81;83;63;81;49;28;27;21;26
476;10917;St.Gallen Stadt Mühlegg;24.05.2020;Sonntag;1;22;6;8;3;3;4;14;16;30;51;85;77;79;103;110;88;130;102;94;68;67;44;27;12
477;10917;St.Gallen Stadt Mühlegg;24.05.2020;Sonntag;2;23;10;7;4;3;4;10;17;28;39;87;85;87;97;113;95;109;126;97;84;74;40;28;13
478;10917;St.Gallen Stadt Mühlegg;24.05.2020;Sonntag;4;31;12;2;3;4;2;5;16;32;37;68;91;68;76;102;85;121;105;91;79;54;38;44;19
479;10917;St.Gallen Stadt Mühlegg;24.05.2020;Sonntag;5;15;11;10;2;4;3;14;10;32;68;74;55;50;87;97;73;108;126;84;64;52;34;24;10
480;10917;St.Gallen Stadt Mühlegg;25.05.2020;Montag;1;5;1;3;2;2;19;44;122;122;106;132;145;146;154;151;141;201;260;204;118;64;70;43;21
481;10917;St.Gallen Stadt Mühlegg;25.05.2020;Montag;2;10;3;4;6;12;24;130;201;176;170;116;125;111;175;162;119;145;157;101;66;63;54;30;14
482;10917;St.Gallen Stadt Mühlegg;25.05.2020;Montag;4;3;4;2;3;5;9;55;128;113;114;100;166;118;135;114;152;180;273;208;99;78;67;45;21
483;10917;St.Gallen Stadt Mühlegg;25.05.2020;Montag;5;5;0;3;1;5;23;141;282;163;129;106;128;96;199;153;124;182;197;115;70;72;45;31;14
484;10917;St.Gallen Stadt Mühlegg;26.05.2020;Dienstag;1;5;6;3;1;2;17;57;126;103;119;125;156;133;138;139;148;208;305;204;107;81;79;46;18
485;10917;St.Gallen Stadt Mühlegg;26.05.2020;Dienstag;2;8;2;4;9;11;30;137;184;149;135;145;121;120;140;150;154;152;177;107;126;139;83;45;6
486;10917;St.Gallen Stadt Mühlegg;26.05.2020;Dienstag;4;8;2;0;7;5;7;61;134;109;121;124;143;125;132;132;141;195;291;187;177;204;141;56;26
487;10917;St.Gallen Stadt Mühlegg;26.05.2020;Dienstag;5;3;2;3;3;7;29;148;282;162;123;121;136;100;185;164;131;172;216;138;105;66;63;39;14
488;10917;St.Gallen Stadt Mühlegg;27.05.2020;Mittwoch;1;12;3;1;2;5;19;61;128;127;119;154;149;176;161;140;146;221;284;209;118;88;97;55;23
489;10917;St.Gallen Stadt Mühlegg;27.05.2020;Mittwoch;2;10;4;1;6;9;30;129;219;170;150;138;144;147;161;129;154;177;161;118;156;144;144;64;19
490;10917;St.Gallen Stadt Mühlegg;27.05.2020;Mittwoch;4;14;6;1;5;9;11;69;135;96;119;120;160;183;123;117;126;200;295;220;238;205;169;89;37
491;10917;St.Gallen Stadt Mühlegg;27.05.2020;Mittwoch;5;8;3;3;5;9;22;144;265;153;117;113;130;127;168;150;142;183;235;172;97;78;93;45;19
492;10917;St.Gallen Stadt Mühlegg;28.05.2020;Donnerstag;1;9;6;3;1;5;17;68;139;111;129;129;139;153;146;131;158;207;327;249;124;94;103;68;33
493;10917;St.Gallen Stadt Mühlegg;28.05.2020;Donnerstag;2;7;6;2;6;12;26;127;212;160;154;141;133;131;159;145;132;174;193;134;87;65;48;42;19
494;10917;St.Gallen Stadt Mühlegg;28.05.2020;Donnerstag;4;9;7;1;1;7;14;52;146;98;134;143;175;135;125;139;156;195;317;219;106;99;86;40;18
495;10917;St.Gallen Stadt Mühlegg;28.05.2020;Donnerstag;5;7;2;3;1;5;25;153;265;184;136;120;127;112;175;160;158;179;210;151;113;68;85;50;18
496;10917;St.Gallen Stadt Mühlegg;29.05.2020;Freitag;1;15;7;0;3;4;13;53;135;133;135;163;209;189;142;158;168;216;314;206;139;75;60;44;43
497;10917;St.Gallen Stadt Mühlegg;29.05.2020;Freitag;2;8;9;4;4;9;21;126;207;180;174;159;137;146;161;168;158;206;171;119;107;63;74;44;31
498;10917;St.Gallen Stadt Mühlegg;29.05.2020;Freitag;4;10;9;6;5;4;11;57;146;133;128;151;201;152;139;153;185;208;242;184;113;80;50;39;47
499;10917;St.Gallen Stadt Mühlegg;29.05.2020;Freitag;5;10;1;3;2;5;24;112;245;164;165;138;166;144;197;168;202;200;189;149;103;72;50;36;21
500;10917;St.Gallen Stadt Mühlegg;30.05.2020;Samstag;1;38;11;5;5;6;9;23;46;52;122;130;184;177;152;153;144;141;137;95;66;48;45;42;39
501;10917;St.Gallen Stadt Mühlegg;30.05.2020;Samstag;2;21;12;5;4;7;11;23;81;131;164;161;144;140;138;162;124;105;105;102;67;74;44;42;36
502;10917;St.Gallen Stadt Mühlegg;30.05.2020;Samstag;4;27;12;7;7;5;9;14;52;73;115;137;148;126;123;137;165;135;126;100;77;70;37;45;51
503;10917;St.Gallen Stadt Mühlegg;30.05.2020;Samstag;5;21;11;5;4;5;8;34;52;102;161;166;153;127;152;146;122;114;99;86;68;49;45;38;27
504;10917;St.Gallen Stadt Mühlegg;31.05.2020;Sonntag;1;27;18;7;7;4;7;13;21;26;58;76;68;86;113;105;115;102;99;95;76;72;44;36;35
505;10917;St.Gallen Stadt Mühlegg;31.05.2020;Sonntag;2;42;15;3;8;4;5;10;17;42;68;99;92;85;91;84;117;119;113;93;81;70;49;40;34
506;10917;St.Gallen Stadt Mühlegg;31.05.2020;Sonntag;4;30;12;8;7;3;4;5;10;36;63;81;80;81;87;80;86;105;120;86;61;63;50;35;28
507;10917;St.Gallen Stadt Mühlegg;31.05.2020;Sonntag;5;21;13;1;5;3;5;20;18;31;52;68;90;75;97;69;106;110;106;82;60;50;39;41;17
508;10917;St.Gallen Stadt Mühlegg;01.06.2020;Montag;1;17;15;2;6;3;6;13;18;34;68;79;97;90;97;104;145;121;101;96;74;73;53;30;15
509;10917;St.Gallen Stadt Mühlegg;01.06.2020;Montag;2;17;12;2;5;2;3;12;26;51;79;87;77;89;108;98;117;122;141;107;90;80;43;23;12
510;10917;St.Gallen Stadt Mühlegg;01.06.2020;Montag;4;13;7;4;4;3;3;4;23;32;50;83;81;103;78;104;101;123;125;124;74;70;46;28;18
511;10917;St.Gallen Stadt Mühlegg;01.06.2020;Montag;5;13;8;4;2;3;3;22;18;39;60;90;79;84;98;101;94;140;114;89;80;64;44;30;12
512;10917;St.Gallen Stadt Mühlegg;02.06.2020;Dienstag;1;10;4;3;1;6;16;60;136;114;128;131;163;134;146;156;166;203;375;204;132;101;74;43;13
513;10917;St.Gallen Stadt Mühlegg;02.06.2020;Dienstag;2;7;3;2;4;10;28;142;217;150;136;127;112;115;153;151;150;167;194;136;100;71;68;53;13
514;10917;St.Gallen Stadt Mühlegg;02.06.2020;Dienstag;4;12;6;4;1;6;15;73;145;112;119;107;167;156;148;129;142;206;321;207;116;99;105;54;26
515;10917;St.Gallen Stadt Mühlegg;02.06.2020;Dienstag;5;3;6;4;0;8;23;160;305;180;144;125;138;115;160;150;152;185;217;162;87;68;63;28;17
516;10917;St.Gallen Stadt Mühlegg;03.06.2020;Mittwoch;1;13;5;2;4;2;23;58;132;105;116;113;162;175;177;161;180;175;290;216;117;91;74;54;17
517;10917;St.Gallen Stadt Mühlegg;03.06.2020;Mittwoch;2;6;5;0;6;10;21;153;210;174;135;121;133;136;173;155;166;197;186;140;79;55;63;35;10
518;10917;St.Gallen Stadt Mühlegg;03.06.2020;Mittwoch;4;7;4;3;4;5;10;64;159;125;124;142;180;132;142;113;165;220;309;220;116;91;88;50;25
519;10917;St.Gallen Stadt Mühlegg;03.06.2020;Mittwoch;5;4;4;4;1;4;20;155;271;172;154;121;139;108;185;156;149;191;190;170;72;67;54;41;17
520;10917;St.Gallen Stadt Mühlegg;04.06.2020;Donnerstag;1;6;6;3;2;3;16;61;126;143;100;136;174;143;135;123;146;220;317;251;116;84;103;70;31
521;10917;St.Gallen Stadt Mühlegg;04.06.2020;Donnerstag;2;9;3;6;3;10;27;154;216;164;121;139;111;116;167;147;124;127;162;106;77;46;42;30;13
522;10917;St.Gallen Stadt Mühlegg;04.06.2020;Donnerstag;4;10;4;3;3;9;13;64;145;111;100;123;136;156;114;113;144;188;320;236;129;76;90;52;28
523;10917;St.Gallen Stadt Mühlegg;04.06.2020;Donnerstag;5;8;2;3;0;8;19;160;326;196;160;114;139;109;185;151;129;185;195;135;85;51;71;52;24
524;10917;St.Gallen Stadt Mühlegg;05.06.2020;Freitag;1;12;5;5;0;3;18;60;116;113;90;139;165;176;131;138;164;252;291;228;120;79;44;40;27
525;10917;St.Gallen Stadt Mühlegg;05.06.2020;Freitag;2;7;4;2;5;9;20;138;220;171;141;129;140;119;165;146;160;150;133;133;82;61;42;35;25
526;10917;St.Gallen Stadt Mühlegg;05.06.2020;Freitag;4;12;5;4;4;7;9;58;142;124;111;129;159;162;119;143;165;217;259;189;106;57;54;39;42
527;10917;St.Gallen Stadt Mühlegg;05.06.2020;Freitag;5;9;3;4;3;9;27;143;266;159;139;112;159;119;164;166;155;190;173;116;91;65;51;34;20
528;10917;St.Gallen Stadt Mühlegg;06.06.2020;Samstag;1;25;10;11;7;3;9;18;41;60;90;128;176;135;146;158;151;157;166;106;70;44;47;37;30
529;10917;St.Gallen Stadt Mühlegg;06.06.2020;Samstag;2;18;14;4;6;4;11;25;57;112;132;179;153;142;141;163;135;111;95;69;64;50;37;40;28
530;10917;St.Gallen Stadt Mühlegg;06.06.2020;Samstag;4;31;11;9;5;4;9;19;40;57;102;119;152;149;139;135;144;161;134;88;68;56;29;40;37
531;10917;St.Gallen Stadt Mühlegg;06.06.2020;Samstag;5;17;7;9;8;3;7;28;40;94;148;161;154;128;136;140;133;115;104;75;68;53;32;37;26
532;10917;St.Gallen Stadt Mühlegg;07.06.2020;Sonntag;1;39;17;4;9;2;6;16;15;28;35;62;69;75;63;84;94;89;114;95;76;54;43;34;14
533;10917;St.Gallen Stadt Mühlegg;07.06.2020;Sonntag;2;26;12;4;3;7;6;8;18;20;62;66;75;72;85;78;90;86;80;70;68;75;39;17;15
534;10917;St.Gallen Stadt Mühlegg;07.06.2020;Sonntag;4;39;12;13;6;6;3;5;17;23;34;45;69;63;72;84;75;91;98;77;70;64;44;26;24
535;10917;St.Gallen Stadt Mühlegg;07.06.2020;Sonntag;5;26;17;5;5;10;3;13;9;25;57;49;68;57;81;74;80;78;64;91;74;52;44;30;12
536;10917;St.Gallen Stadt Mühlegg;08.06.2020;Montag;1;11;4;1;6;4;21;58;125;120;106;122;148;129;135;133;124;215;321;238;123;63;51;58;26
537;10917;St.Gallen Stadt Mühlegg;08.06.2020;Montag;2;6;6;3;8;9;30;149;220;162;148;123;119;114;180;143;138;150;161;115;89;41;45;26;14
538;10917;St.Gallen Stadt Mühlegg;08.06.2020;Montag;4;6;13;3;4;2;10;60;138;97;98;111;151;119;125;121;132;214;280;247;103;69;56;45;25
539;10917;St.Gallen Stadt Mühlegg;08.06.2020;Montag;5;6;1;2;1;5;24;158;295;158;110;123;143;96;163;161;120;192;187;173;78;52;31;39;12
540;10917;St.Gallen Stadt Mühlegg;09.06.2020;Dienstag;1;11;2;3;3;7;15;76;122;109;93;138;150;133;138;118;124;217;306;229;128;70;65;63;20
541;10917;St.Gallen Stadt Mühlegg;09.06.2020;Dienstag;2;9;5;1;6;9;28;149;228;159;126;129;135;103;147;130;143;157;141;118;87;46;44;42;15
542;10917;St.Gallen Stadt Mühlegg;09.06.2020;Dienstag;4;9;4;1;6;5;9;59;148;127;109;117;138;143;132;116;170;193;301;233;110;68;56;61;46
543;10917;St.Gallen Stadt Mühlegg;09.06.2020;Dienstag;5;6;1;3;1;8;28;190;328;242;138;124;139;130;175;120;131;182;189;146;74;45;46;46;12
544;10917;St.Gallen Stadt Mühlegg;10.06.2020;Mittwoch;1;9;4;4;3;5;15;48;116;121;123;134;164;158;134;137;148;204;307;320;132;85;47;52;22
545;10917;St.Gallen Stadt Mühlegg;10.06.2020;Mittwoch;2;4;3;2;7;11;27;139;214;150;146;138;131;97;180;135;155;139;155;120;106;66;36;35;15
546;10917;St.Gallen Stadt Mühlegg;10.06.2020;Mittwoch;4;8;6;1;5;7;15;65;144;106;93;108;165;142;138;141;139;174;334;211;119;78;67;43;26
547;10917;St.Gallen Stadt Mühlegg;10.06.2020;Mittwoch;5;3;5;3;7;7;24;157;297;184;122;124;148;108;193;146;137;173;181;131;97;57;43;31;13
548;10917;St.Gallen Stadt Mühlegg;11.06.2020;Donnerstag;1;9;3;3;3;4;21;50;128;110;116;135;139;157;151;141;137;230;330;251;120;83;87;71;21
549;10917;St.Gallen Stadt Mühlegg;11.06.2020;Donnerstag;2;10;1;2;8;7;25;143;239;137;127;152;107;132;155;152;153;170;168;123;85;69;64;28;20
550;10917;St.Gallen Stadt Mühlegg;11.06.2020;Donnerstag;4;16;4;5;5;4;8;65;127;99;103;143;154;145;153;139;142;214;324;210;117;68;70;51;24
551;10917;St.Gallen Stadt Mühlegg;11.06.2020;Donnerstag;5;5;3;4;1;6;24;168;280;160;171;137;132;101;171;145;115;170;189;154;88;52;58;29;17
552;10917;St.Gallen Stadt Mühlegg;12.06.2020;Freitag;1;12;3;4;3;7;15;55;131;111;116;147;168;163;194;215;213;239;286;239;155;83;60;61;51
553;10917;St.Gallen Stadt Mühlegg;12.06.2020;Freitag;2;14;5;6;9;7;23;131;208;163;139;148;135;116;158;160;181;177;172;156;97;67;69;65;37
554;10917;St.Gallen Stadt Mühlegg;12.06.2020;Freitag;4;15;11;5;9;6;14;61;143;128;117;136;165;155;137;141;175;215;287;196;108;70;72;72;50
555;10917;St.Gallen Stadt Mühlegg;12.06.2020;Freitag;5;11;4;3;5;5;28;136;272;175;134;138;130;117;178;172;185;247;259;182;127;70;48;64;34
556;10917;St.Gallen Stadt Mühlegg;13.06.2020;Samstag;1;40;21;6;4;12;9;21;47;77;117;116;171;178;125;138;167;129;146;116;56;41;36;36;30
557;10917;St.Gallen Stadt Mühlegg;13.06.2020;Samstag;2;20;13;11;6;8;9;23;67;113;164;160;149;112;128;144;171;140;106;81;56;48;35;37;31
558;10917;St.Gallen Stadt Mühlegg;13.06.2020;Samstag;4;29;17;7;8;4;7;19;42;84;101;149;137;138;123;122;129;130;147;114;60;51;53;36;43
559;10917;St.Gallen Stadt Mühlegg;13.06.2020;Samstag;5;15;15;10;3;4;9;31;48;140;159;139;138;133;142;134;127;121;104;103;49;44;40;36;32
560;10917;St.Gallen Stadt Mühlegg;14.06.2020;Sonntag;1;35;17;6;9;2;5;12;13;24;57;52;79;83;86;113;100;102;116;89;75;43;42;29;11
561;10917;St.Gallen Stadt Mühlegg;14.06.2020;Sonntag;2;16;19;3;7;4;3;17;21;38;58;66;79;95;91;102;96;107;94;61;57;61;31;14;12
562;10917;St.Gallen Stadt Mühlegg;14.06.2020;Sonntag;4;33;21;11;6;3;2;6;12;16;37;54;56;66;90;87;101;87;93;82;60;54;40;22;18
563;10917;St.Gallen Stadt Mühlegg;14.06.2020;Sonntag;5;23;11;8;4;3;6;12;14;24;53;74;65;70;87;94;91;85;91;57;55;39;44;15;5
564;10917;St.Gallen Stadt Mühlegg;15.06.2020;Montag;1;9;6;0;1;3;16;66;108;111;109;128;144;130;131;137;140;176;301;241;116;76;44;37;21
565;10917;St.Gallen Stadt Mühlegg;15.06.2020;Montag;2;4;1;3;6;12;26;145;209;160;134;130;123;108;152;128;137;115;149;103;76;54;43;19;10
566;10917;St.Gallen Stadt Mühlegg;15.06.2020;Montag;4;5;5;2;2;5;12;64;126;104;79;124;142;124;102;108;139;198;291;210;86;71;60;48;17
567;10917;St.Gallen Stadt Mühlegg;15.06.2020;Montag;5;3;2;3;2;0;20;169;319;141;123;107;129;103;162;116;134;163;175;149;55;50;33;38;6
568;10917;St.Gallen Stadt Mühlegg;16.06.2020;Dienstag;1;8;4;0;1;3;21;63;98;128;110;131;160;133;128;111;150;194;281;213;125;75;66;56;24
569;10917;St.Gallen Stadt Mühlegg;16.06.2020;Dienstag;2;5;2;0;6;10;25;148;222;156;137;120;133;105;150;142;151;166;191;105;99;49;43;23;19
570;10917;St.Gallen Stadt Mühlegg;16.06.2020;Dienstag;4;3;4;1;4;4;13;64;138;120;98;121;149;144;121;136;161;236;347;230;112;66;63;52;33
571;10917;St.Gallen Stadt Mühlegg;16.06.2020;Dienstag;5;4;2;2;4;6;26;187;293;158;129;112;133;101;169;135;123;192;220;139;80;49;48;35;10
572;10917;St.Gallen Stadt Mühlegg;17.06.2020;Mittwoch;1;10;4;3;2;5;18;59;115;109;102;132;186;166;156;125;142;252;315;278;129;65;53;53;23
573;10917;St.Gallen Stadt Mühlegg;17.06.2020;Mittwoch;2;9;2;1;6;9;25;142;213;130;124;135;115;121;159;158;130;148;172;119;79;52;53;34;21
574;10917;St.Gallen Stadt Mühlegg;17.06.2020;Mittwoch;4;7;4;0;4;3;11;54;134;105;115;110;158;159;144;105;151;213;324;224;116;83;64;57;26
575;10917;St.Gallen Stadt Mühlegg;17.06.2020;Mittwoch;5;4;3;1;3;4;17;164;285;166;134;137;117;119;180;166;160;167;211;165;94;59;43;26;15
576;10917;St.Gallen Stadt Mühlegg;18.06.2020;Donnerstag;1;17;2;6;2;5;17;58;131;123;109;130;153;145;132;141;152;203;307;176;123;87;68;54;36
577;10917;St.Gallen Stadt Mühlegg;18.06.2020;Donnerstag;2;7;4;3;9;10;35;132;224;164;138;118;156;109;171;129;137;151;178;137;102;59;50;34;20
578;10917;St.Gallen Stadt Mühlegg;18.06.2020;Donnerstag;4;11;6;3;7;6;10;61;139;129;105;97;162;143;125;114;165;215;315;205;131;89;68;53;20
579;10917;St.Gallen Stadt Mühlegg;18.06.2020;Donnerstag;5;9;3;5;2;5;22;150;296;172;124;117;122;110;162;135;137;210;244;169;99;47;42;42;22
580;10917;St.Gallen Stadt Mühlegg;19.06.2020;Freitag;1;18;3;2;2;4;16;60;118;115;134;129;185;161;117;177;127;194;253;212;118;84;50;45;43
581;10917;St.Gallen Stadt Mühlegg;19.06.2020;Freitag;2;8;1;2;6;8;24;127;206;171;158;157;140;124;142;144;150;131;133;110;87;53;53;47;29
582;10917;St.Gallen Stadt Mühlegg;19.06.2020;Freitag;4;11;5;4;2;7;12;68;135;111;115;128;187;130;133;119;139;216;293;185;123;73;59;51;43
583;10917;St.Gallen Stadt Mühlegg;19.06.2020;Freitag;5;4;5;2;1;7;23;139;276;187;147;141;145;114;186;165;148;185;193;154;80;51;49;33;29
584;10917;St.Gallen Stadt Mühlegg;20.06.2020;Samstag;1;42;13;7;5;5;5;21;61;65;104;133;147;136;133;144;131;154;149;91;59;62;38;48;50
585;10917;St.Gallen Stadt Mühlegg;20.06.2020;Samstag;2;26;9;9;6;4;6;25;61;114;163;144;151;123;140;127;133;98;107;69;63;52;49;33;31
586;10917;St.Gallen Stadt Mühlegg;20.06.2020;Samstag;4;34;12;9;5;5;4;19;50;95;88;126;111;141;126;136;137;128;153;104;68;49;45;52;35
587;10917;St.Gallen Stadt Mühlegg;20.06.2020;Samstag;5;16;14;9;2;4;8;38;51;108;141;161;131;106;132;147;107;107;112;87;57;40;41;38;23
588;10917;St.Gallen Stadt Mühlegg;21.06.2020;Sonntag;1;40;17;13;6;3;6;9;10;48;56;67;78;70;102;110;118;123;115;103;78;46;48;25;18
589;10917;St.Gallen Stadt Mühlegg;21.06.2020;Sonntag;2;24;17;6;3;4;7;10;25;44;65;85;84;87;114;105;98;125;88;95;72;49;41;26;8
590;10917;St.Gallen Stadt Mühlegg;21.06.2020;Sonntag;4;38;28;9;2;5;1;11;25;39;59;65;97;71;90;95;105;105;121;87;72;70;45;25;15
591;10917;St.Gallen Stadt Mühlegg;21.06.2020;Sonntag;5;32;19;4;5;3;8;18;8;41;69;73;77;69;91;113;104;105;103;97;64;51;37;27;5
592;10917;St.Gallen Stadt Mühlegg;22.06.2020;Montag;1;9;7;2;3;1;17;62;117;105;92;120;159;132;128;125;137;204;286;259;123;63;56;51;15
593;10917;St.Gallen Stadt Mühlegg;22.06.2020;Montag;2;5;4;4;11;9;26;141;211;154;129;121;140;103;149;105;147;143;164;120;89;58;49;26;17
594;10917;St.Gallen Stadt Mühlegg;22.06.2020;Montag;4;3;2;3;3;6;16;63;135;105;86;112;136;143;122;108;143;200;287;199;115;88;70;48;24
595;10917;St.Gallen Stadt Mühlegg;22.06.2020;Montag;5;2;1;0;1;3;20;131;244;137;113;107;125;110;169;134;117;184;196;149;88;66;47;43;9
596;10917;St.Gallen Stadt Mühlegg;23.06.2020;Dienstag;1;10;6;3;1;1;19;64;132;125;117;118;153;166;132;136;129;208;314;238;125;81;70;58;23
597;10917;St.Gallen Stadt Mühlegg;23.06.2020;Dienstag;2;10;2;2;9;6;27;147;241;166;145;135;113;128;171;131;138;186;191;153;99;91;68;50;23
598;10917;St.Gallen Stadt Mühlegg;23.06.2020;Dienstag;4;9;5;3;3;4;14;63;152;133;119;113;162;128;129;131;160;231;290;225;132;76;66;55;18
599;10917;St.Gallen Stadt Mühlegg;23.06.2020;Dienstag;5;4;4;1;2;6;25;161;311;185;119;125;127;113;180;140;124;196;234;193;95;69;44;45;14
600;10917;St.Gallen Stadt Mühlegg;24.06.2020;Mittwoch;1;6;3;4;3;1;20;53;113;136;128;131;181;162;159;170;130;190;331;225;121;106;66;57;30
601;10917;St.Gallen Stadt Mühlegg;24.06.2020;Mittwoch;2;8;1;2;7;7;33;147;213;149;142;145;140;127;164;174;147;183;166;160;116;91;73;42;21
602;10917;St.Gallen Stadt Mühlegg;24.06.2020;Mittwoch;4;7;4;3;2;5;12;59;134;122;122;155;184;143;123;145;139;195;304;238;116;102;63;56;32
603;10917;St.Gallen Stadt Mühlegg;24.06.2020;Mittwoch;5;6;2;3;0;5;24;154;271;157;160;134;147;112;171;146;141;196;207;177;100;78;62;45;10
604;10917;St.Gallen Stadt Mühlegg;25.06.2020;Donnerstag;1;11;2;3;0;6;17;50;139;145;110;134;173;131;149;148;221;226;305;273;151;116;60;65;39
605;10917;St.Gallen Stadt Mühlegg;25.06.2020;Donnerstag;2;10;3;3;8;10;28;152;211;170;132;155;123;147;182;143;112;184;183;164;115;86;84;59;29
606;10917;St.Gallen Stadt Mühlegg;25.06.2020;Donnerstag;4;9;9;1;3;4;11;64;151;117;116;138;161;155;138;126;154;210;312;216;134;102;66;53;31
607;10917;St.Gallen Stadt Mühlegg;25.06.2020;Donnerstag;5;6;6;1;1;5;12;156;293;225;159;120;155;99;161;157;185;223;257;184;86;62;60;53;18
608;10917;St.Gallen Stadt Mühlegg;26.06.2020;Freitag;1;15;6;4;2;3;15;61;121;119;110;152;186;173;152;143;186;255;302;220;131;84;52;39;34
609;10917;St.Gallen Stadt Mühlegg;26.06.2020;Freitag;2;9;4;4;5;8;25;135;202;176;146;145;146;128;167;178;191;167;175;122;73;53;57;60;29
610;10917;St.Gallen Stadt Mühlegg;26.06.2020;Freitag;4;12;4;7;3;7;11;76;136;124;93;143;165;145;140;147;183;220;268;187;114;76;62;53;46
611;10917;St.Gallen Stadt Mühlegg;26.06.2020;Freitag;5;6;2;5;1;10;19;133;280;174;166;153;145;117;185;188;185;216;196;160;86;56;48;40;36
612;10917;St.Gallen Stadt Mühlegg;27.06.2020;Samstag;1;20;17;14;8;7;6;21;47;76;103;119;158;167;156;159;139;183;181;115;65;74;52;50;38
613;10917;St.Gallen Stadt Mühlegg;27.06.2020;Samstag;2;21;18;8;12;14;9;30;81;121;131;164;177;136;165;119;143;143;85;97;57;68;70;44;48
614;10917;St.Gallen Stadt Mühlegg;27.06.2020;Samstag;4;33;16;10;11;16;13;19;51;90;93;112;159;134;114;150;163;153;122;83;67;73;64;67;60
615;10917;St.Gallen Stadt Mühlegg;27.06.2020;Samstag;5;15;13;9;10;7;9;37;60;120;135;135;157;113;133;151;170;135;125;96;70;57;40;45;39
616;10917;St.Gallen Stadt Mühlegg;28.06.2020;Sonntag;1;33;24;14;13;11;10;15;25;30;58;60;102;81;93;107;124;110;100;122;68;62;44;30;16
617;10917;St.Gallen Stadt Mühlegg;28.06.2020;Sonntag;2;35;13;12;5;11;6;15;28;43;74;84;88;94;105;118;118;115;108;83;79;67;39;14;11
618;10917;St.Gallen Stadt Mühlegg;28.06.2020;Sonntag;4;38;26;13;11;14;2;13;31;33;53;56;88;75;87;98;105;113;121;91;79;81;44;29;15
619;10917;St.Gallen Stadt Mühlegg;28.06.2020;Sonntag;5;24;16;14;9;13;5;24;17;44;58;67;73;82;102;125;120;106;103;76;65;48;35;17;5
620;10917;St.Gallen Stadt Mühlegg;29.06.2020;Montag;1;9;5;4;3;2;19;53;110;115;103;104;163;151;122;120;174;218;302;232;149;86;58;47;27
621;10917;St.Gallen Stadt Mühlegg;29.06.2020;Montag;2;7;6;2;9;4;33;157;233;173;122;122;113;112;147;120;123;135;168;124;61;60;62;29;15
622;10917;St.Gallen Stadt Mühlegg;29.06.2020;Montag;4;5;6;2;4;4;9;49;126;121;91;115;134;131;132;93;120;189;329;212;116;92;68;51;21
623;10917;St.Gallen Stadt Mühlegg;29.06.2020;Montag;5;1;5;1;1;5;19;168;275;187;132;104;126;108;190;132;131;198;191;160;73;47;49;26;4
624;10917;St.Gallen Stadt Mühlegg;30.06.2020;Dienstag;1;11;3;1;4;1;21;58;124;129;112;145;168;134;137;113;154;204;299;270;146;98;57;42;31
625;10917;St.Gallen Stadt Mühlegg;30.06.2020;Dienstag;2;7;1;1;7;3;32;142;236;174;158;135;132;101;174;162;150;172;199;141;115;73;74;34;16
626;10917;St.Gallen Stadt Mühlegg;30.06.2020;Dienstag;4;8;2;5;2;4;13;62;148;115;121;124;163;141;167;105;156;231;299;241;124;77;81;61;37
627;10917;St.Gallen Stadt Mühlegg;30.06.2020;Dienstag;5;4;2;1;1;5;27;156;294;181;152;111;147;114;187;161;159;219;236;179;112;77;50;36;19
