LNR	ORT-ID	BEZEICHNUNG	DATUM	WOCHENTAG	RI	1	2	3	4	5	6	7	8	9	10	11	12	13	14	15	16	17	18	19	20	21	22	23	24
0	11282	St.Gallen Stadt Rosenb./Gr］berg	01.01.2020	Mittwoch	1	198	242	171	151	103	103	80	62	56	86	137	181	246	273	340	334	382	359	261	305	235	187	154	102
1	11282	St.Gallen Stadt Rosenb./Gr］berg	01.01.2020	Mittwoch	2	149	225	151	99	75	65	72	50	55	89	161	182	238	287	301	332	433	357	276	223	215	172	107	82
4	11282	St.Gallen Stadt Rosenb./Gr］berg	01.01.2020	Mittwoch	3	1	5	2	4	8	6	2	5	4	8	15	10	6	13	14	8	13	22	13	16	8	6	1	1
5	11282	St.Gallen Stadt Rosenb./Gr］berg	01.01.2020	Mittwoch	4	1	2	2	5	8	4	3	5	2	3	6	3	5	1	8	3	3	12	7	9	3	7	5	1
2	11282	St.Gallen Stadt Rosenb./Gr］berg	02.01.2020	Donnerstag	1	71	39	23	30	34	36	104	161	185	284	398	436	425	509	585	623	700	618	432	360	312	265	170	154
3	11282	St.Gallen Stadt Rosenb./Gr］berg	02.01.2020	Donnerstag	2	56	31	19	15	37	48	120	190	206	260	344	392	435	478	576	501	508	492	414	307	244	221	140	93
10	11282	St.Gallen Stadt Rosenb./Gr］berg	02.01.2020	Donnerstag	3	1	0	1	2	12	5	14	18	8	9	16	16	32	17	30	15	31	25	23	18	11	11	2	1
11	11282	St.Gallen Stadt Rosenb./Gr］berg	02.01.2020	Donnerstag	4	3	1	1	4	7	4	7	7	3	6	7	9	14	7	16	8	16	8	13	10	5	10	2	0
4	11282	St.Gallen Stadt Rosenb./Gr］berg	03.01.2020	Freitag	1	110	59	44	25	52	57	138	212	312	362	492	539	538	605	693	703	749	679	557	393	301	255	249	236
5	11282	St.Gallen Stadt Rosenb./Gr］berg	03.01.2020	Freitag	2	63	37	38	22	65	59	167	345	351	386	426	540	464	601	639	550	586	527	493	374	286	235	219	198
16	11282	St.Gallen Stadt Rosenb./Gr］berg	03.01.2020	Freitag	3	0	0	2	2	17	10	17	37	34	23	15	31	20	26	37	25	39	30	25	12	15	9	4	4
17	11282	St.Gallen Stadt Rosenb./Gr］berg	03.01.2020	Freitag	4	2	1	1	4	9	6	7	18	12	8	8	9	6	14	20	13	20	24	10	10	7	8	3	4
6	11282	St.Gallen Stadt Rosenb./Gr］berg	04.01.2020	Samstag	1	193	133	110	85	75	50	62	102	202	295	425	509	503	533	603	583	619	496	395	304	298	303	310	340
7	11282	St.Gallen Stadt Rosenb./Gr］berg	04.01.2020	Samstag	2	117	81	56	53	54	50	67	114	254	356	414	452	441	547	561	536	487	457	432	342	331	276	248	228
22	11282	St.Gallen Stadt Rosenb./Gr］berg	04.01.2020	Samstag	3	8	1	1	3	8	5	5	11	15	20	12	21	17	19	23	20	23	18	19	13	21	14	6	6
23	11282	St.Gallen Stadt Rosenb./Gr］berg	04.01.2020	Samstag	4	6	2	1	4	7	3	4	4	6	10	6	8	5	10	12	16	12	7	15	9	16	16	4	6
8	11282	St.Gallen Stadt Rosenb./Gr］berg	05.01.2020	Sonntag	1	269	197	119	92	80	96	72	89	110	172	250	337	407	428	486	493	554	508	358	322	257	203	117	94
9	11282	St.Gallen Stadt Rosenb./Gr］berg	05.01.2020	Sonntag	2	139	101	56	53	65	65	77	64	107	169	283	319	384	426	462	456	493	461	381	305	238	193	101	72
28	11282	St.Gallen Stadt Rosenb./Gr］berg	05.01.2020	Sonntag	3	2	2	1	4	10	16	5	11	13	18	26	18	25	22	21	22	35	21	20	27	7	9	6	2
29	11282	St.Gallen Stadt Rosenb./Gr］berg	05.01.2020	Sonntag	4	3	4	1	5	7	9	3	6	10	6	11	11	15	12	12	10	16	13	14	21	6	1	4	2
10	11282	St.Gallen Stadt Rosenb./Gr］berg	06.01.2020	Montag	1	53	35	23	23	64	82	343	455	495	436	495	601	483	590	622	656	799	822	611	469	325	258	210	72
11	11282	St.Gallen Stadt Rosenb./Gr］berg	06.01.2020	Montag	2	35	18	20	25	62	100	353	673	546	464	480	491	431	589	528	582	562	570	518	376	247	197	146	69
34	11282	St.Gallen Stadt Rosenb./Gr］berg	06.01.2020	Montag	3	0	1	0	6	14	18	54	87	71	30	20	28	31	33	25	27	39	38	20	14	11	14	8	2
35	11282	St.Gallen Stadt Rosenb./Gr］berg	06.01.2020	Montag	4	0	4	2	2	10	13	23	35	37	20	12	18	18	19	16	11	22	22	12	7	6	11	9	0
12	11282	St.Gallen Stadt Rosenb./Gr］berg	07.01.2020	Dienstag	1	65	37	19	29	61	88	292	479	433	398	552	587	503	588	626	607	741	848	663	446	349	342	204	105
13	11282	St.Gallen Stadt Rosenb./Gr］berg	07.01.2020	Dienstag	2	34	14	21	21	58	86	365	686	591	462	453	509	412	578	535	523	551	568	518	353	256	236	151	80
40	11282	St.Gallen Stadt Rosenb./Gr］berg	07.01.2020	Dienstag	3	0	1	3	4	13	13	44	91	83	35	21	21	28	33	31	38	40	48	32	18	11	7	5	1
41	11282	St.Gallen Stadt Rosenb./Gr］berg	07.01.2020	Dienstag	4	0	3	3	5	10	8	27	45	41	20	15	11	18	17	11	21	26	28	14	12	10	10	5	1
14	11282	St.Gallen Stadt Rosenb./Gr］berg	08.01.2020	Mittwoch	1	52	33	21	25	50	95	328	500	420	432	518	626	541	628	649	658	819	906	698	587	404	342	280	129
15	11282	St.Gallen Stadt Rosenb./Gr］berg	08.01.2020	Mittwoch	2	35	22	17	16	57	105	333	688	606	456	447	498	420	608	556	588	616	662	520	389	288	243	168	82
46	11282	St.Gallen Stadt Rosenb./Gr］berg	08.01.2020	Mittwoch	3	0	0	2	4	17	20	45	105	66	23	26	24	21	38	20	36	36	68	36	17	15	11	6	2
47	11282	St.Gallen Stadt Rosenb./Gr］berg	08.01.2020	Mittwoch	4	3	4	3	4	9	14	20	53	28	6	11	11	14	20	12	18	19	31	22	9	11	4	8	1
16	11282	St.Gallen Stadt Rosenb./Gr］berg	09.01.2020	Donnerstag	1	63	38	36	34	53	89	302	489	441	451	505	623	513	588	622	667	798	901	641	521	451	470	314	157
17	11282	St.Gallen Stadt Rosenb./Gr］berg	09.01.2020	Donnerstag	2	40	24	23	28	46	108	342	675	602	496	460	511	440	566	509	526	564	633	611	456	342	248	197	112
52	11282	St.Gallen Stadt Rosenb./Gr］berg	09.01.2020	Donnerstag	3	0	1	2	8	10	17	46	112	67	34	27	30	35	30	28	30	30	37	39	21	19	15	6	2
53	11282	St.Gallen Stadt Rosenb./Gr］berg	09.01.2020	Donnerstag	4	1	3	2	8	10	12	24	54	39	18	11	18	21	18	18	17	13	28	25	10	15	10	2	3
18	11282	St.Gallen Stadt Rosenb./Gr］berg	10.01.2020	Freitag	1	80	46	30	35	55	92	261	511	477	513	555	675	586	674	654	661	907	863	675	501	365	345	433	310
19	11282	St.Gallen Stadt Rosenb./Gr］berg	10.01.2020	Freitag	2	62	26	30	23	58	91	317	640	619	507	495	561	439	603	586	586	641	632	641	494	329	269	268	216
58	11282	St.Gallen Stadt Rosenb./Gr］berg	10.01.2020	Freitag	3	0	2	2	3	14	8	46	92	73	35	27	34	24	37	39	28	74	76	48	32	15	13	14	12
59	11282	St.Gallen Stadt Rosenb./Gr］berg	10.01.2020	Freitag	4	1	3	2	3	10	5	22	50	36	14	15	18	12	15	23	14	36	42	20	15	10	7	11	8
20	11282	St.Gallen Stadt Rosenb./Gr］berg	11.01.2020	Samstag	1	239	168	112	73	72	60	107	171	271	418	491	624	596	646	648	656	691	624	507	350	315	259	300	315
21	11282	St.Gallen Stadt Rosenb./Gr］berg	11.01.2020	Samstag	2	121	105	53	54	64	55	130	206	336	461	488	576	638	690	584	566	529	544	495	421	310	292	256	240
64	11282	St.Gallen Stadt Rosenb./Gr］berg	11.01.2020	Samstag	3	5	2	2	6	12	2	8	20	23	24	24	28	21	30	31	28	35	36	38	32	22	6	6	8
65	11282	St.Gallen Stadt Rosenb./Gr］berg	11.01.2020	Samstag	4	3	2	6	5	10	1	5	15	8	12	10	19	16	10	18	14	19	16	20	19	12	8	1	6
22	11282	St.Gallen Stadt Rosenb./Gr］berg	12.01.2020	Sonntag	1	268	211	147	134	109	61	57	76	119	200	281	376	420	477	523	516	699	791	414	416	272	295	163	76
23	11282	St.Gallen Stadt Rosenb./Gr］berg	12.01.2020	Sonntag	2	148	99	86	78	60	48	64	60	136	201	308	331	392	442	482	500	596	467	411	391	278	177	119	59
70	11282	St.Gallen Stadt Rosenb./Gr］berg	12.01.2020	Sonntag	3	6	5	5	12	11	7	5	8	11	12	17	17	23	21	21	17	35	30	23	27	7	17	6	0
71	11282	St.Gallen Stadt Rosenb./Gr］berg	12.01.2020	Sonntag	4	6	9	5	14	9	6	2	4	9	7	6	11	15	9	16	8	12	14	16	18	4	15	6	2
24	11282	St.Gallen Stadt Rosenb./Gr］berg	13.01.2020	Montag	1	59	28	17	20	50	108	333	510	445	428	526	630	506	629	653	647	829	886	687	489	372	308	222	98
25	11282	St.Gallen Stadt Rosenb./Gr］berg	13.01.2020	Montag	2	35	13	15	28	55	106	353	732	632	490	490	470	474	597	545	529	590	608	517	411	287	236	154	69
76	11282	St.Gallen Stadt Rosenb./Gr］berg	13.01.2020	Montag	3	0	1	0	6	11	15	43	123	62	27	21	30	37	46	27	38	43	24	26	14	16	7	5	3
77	11282	St.Gallen Stadt Rosenb./Gr］berg	13.01.2020	Montag	4	0	2	0	7	7	10	24	71	35	15	12	20	15	17	11	19	31	46	29	10	12	6	10	5
26	11282	St.Gallen Stadt Rosenb./Gr］berg	14.01.2020	Dienstag	1	71	31	19	28	43	104	314	529	482	472	539	607	536	642	634	604	820	902	714	491	376	326	234	108
27	11282	St.Gallen Stadt Rosenb./Gr］berg	14.01.2020	Dienstag	2	38	25	12	26	44	101	380	709	671	490	491	509	429	583	552	557	558	626	544	392	282	225	192	66
82	11282	St.Gallen Stadt Rosenb./Gr］berg	14.01.2020	Dienstag	3	1	3	0	9	9	14	49	112	66	36	27	28	33	34	24	24	39	65	37	28	10	13	3	2
83	11282	St.Gallen Stadt Rosenb./Gr］berg	14.01.2020	Dienstag	4	4	4	2	9	6	10	20	56	37	25	14	19	20	25	16	16	18	28	18	17	6	11	2	1
28	11282	St.Gallen Stadt Rosenb./Gr］berg	15.01.2020	Mittwoch	1	57	31	30	24	41	110	339	519	449	482	557	646	567	678	679	636	822	899	731	489	395	305	285	128
29	11282	St.Gallen Stadt Rosenb./Gr］berg	15.01.2020	Mittwoch	2	37	27	21	24	56	104	392	728	638	504	503	537	424	594	546	603	602	576	620	434	270	270	185	83
88	11282	St.Gallen Stadt Rosenb./Gr］berg	15.01.2020	Mittwoch	3	1	2	2	6	13	7	52	90	58	31	40	38	20	33	30	39	35	34	50	19	12	8	2	3
89	11282	St.Gallen Stadt Rosenb./Gr］berg	15.01.2020	Mittwoch	4	3	3	1	7	9	8	23	56	30	18	20	19	12	15	16	27	20	16	31	16	9	9	2	3
30	11282	St.Gallen Stadt Rosenb./Gr］berg	16.01.2020	Donnerstag	1	65	35	25	36	31	99	319	469	498	437	551	638	598	618	632	702	848	948	681	540	454	413	360	168
31	11282	St.Gallen Stadt Rosenb./Gr］berg	16.01.2020	Donnerstag	2	46	23	25	29	39	101	344	729	622	500	495	537	466	580	528	541	580	609	632	499	326	269	205	106
94	11282	St.Gallen Stadt Rosenb./Gr］berg	16.01.2020	Donnerstag	3	1	0	0	6	8	14	58	103	65	31	36	27	36	45	31	21	37	47	32	33	23	12	4	3
95	11282	St.Gallen Stadt Rosenb./Gr］berg	16.01.2020	Donnerstag	4	1	2	1	6	5	12	30	57	31	15	17	12	17	27	15	13	22	21	17	12	17	7	6	8
32	11282	St.Gallen Stadt Rosenb./Gr］berg	17.01.2020	Freitag	1	94	47	33	41	54	108	310	471	456	491	551	691	581	690	723	771	870	584	733	475	367	336	440	316
33	11282	St.Gallen Stadt Rosenb./Gr］berg	17.01.2020	Freitag	2	48	35	25	22	52	119	360	681	608	508	588	544	488	608	594	598	634	609	672	522	358	307	280	214
100	11282	St.Gallen Stadt Rosenb./Gr］berg	17.01.2020	Freitag	3	3	2	3	5	14	17	41	100	74	22	33	27	39	33	33	41	63	36	47	27	24	10	7	5
101	11282	St.Gallen Stadt Rosenb./Gr］berg	17.01.2020	Freitag	4	3	2	3	4	11	15	20	53	29	13	19	18	15	18	23	18	26	26	29	13	15	6	11	4
34	11282	St.Gallen Stadt Rosenb./Gr］berg	18.01.2020	Samstag	1	230	151	90	77	94	68	97	178	265	418	481	635	656	688	776	766	761	707	471	366	302	351	355	329
35	11282	St.Gallen Stadt Rosenb./Gr］berg	18.01.2020	Samstag	2	102	82	70	57	65	60	113	193	400	501	576	682	520	622	662	580	536	538	488	403	308	284	255	269
106	11282	St.Gallen Stadt Rosenb./Gr］berg	18.01.2020	Samstag	3	4	3	3	5	9	6	5	15	24	23	23	40	30	34	37	17	25	28	21	24	11	7	4	6
107	11282	St.Gallen Stadt Rosenb./Gr］berg	18.01.2020	Samstag	4	4	2	2	4	10	3	4	6	12	9	12	18	10	9	18	11	9	14	11	13	11	5	5	3
36	11282	St.Gallen Stadt Rosenb./Gr］berg	19.01.2020	Sonntag	1	269	220	147	125	79	64	67	81	107	205	243	370	462	539	565	606	645	649	497	451	284	237	141	96
37	11282	St.Gallen Stadt Rosenb./Gr］berg	19.01.2020	Sonntag	2	153	124	81	72	69	44	80	72	148	307	348	424	422	472	472	478	513	487	380	349	259	187	145	52
112	11282	St.Gallen Stadt Rosenb./Gr］berg	19.01.2020	Sonntag	3	5	2	3	4	10	5	7	7	8	14	14	11	24	29	25	20	31	27	21	31	20	18	11	3
113	11282	St.Gallen Stadt Rosenb./Gr］berg	19.01.2020	Sonntag	4	3	1	3	4	7	3	4	5	4	5	6	7	11	9	14	5	14	12	13	13	11	15	7	2
38	11282	St.Gallen Stadt Rosenb./Gr］berg	20.01.2020	Montag	1	47	26	19	26	47	92	359	556	546	481	540	617	561	666	655	701	871	906	706	561	366	325	224	106
39	11282	St.Gallen Stadt Rosenb./Gr］berg	20.01.2020	Montag	2	28	27	19	18	55	107	369	696	660	509	467	515	471	588	529	549	584	607	554	531	280	240	158	76
118	11282	St.Gallen Stadt Rosenb./Gr］berg	20.01.2020	Montag	3	1	2	0	3	18	16	46	112	88	29	20	30	47	42	23	39	40	55	33	14	16	9	2	0
119	11282	St.Gallen Stadt Rosenb./Gr］berg	20.01.2020	Montag	4	0	5	0	4	12	9	26	51	43	17	9	13	21	18	14	22	19	38	18	9	14	8	3	1
40	11282	St.Gallen Stadt Rosenb./Gr］berg	21.01.2020	Dienstag	1	52	27	23	26	47	103	346	531	511	461	567	643	591	662	665	701	849	934	772	477	386	318	258	112
41	11282	St.Gallen Stadt Rosenb./Gr］berg	21.01.2020	Dienstag	2	35	23	24	20	43	106	372	658	691	474	497	513	424	553	545	561	562	610	603	434	295	215	187	85
124	11282	St.Gallen Stadt Rosenb./Gr］berg	21.01.2020	Dienstag	3	2	1	4	4	15	15	50	95	79	29	20	27	29	28	33	31	36	64	56	22	15	14	7	4
125	11282	St.Gallen Stadt Rosenb./Gr］berg	21.01.2020	Dienstag	4	1	3	2	4	12	13	25	55	30	12	17	15	17	17	13	14	28	38	38	13	6	11	5	5
42	11282	St.Gallen Stadt Rosenb./Gr］berg	22.01.2020	Mittwoch	1	63	26	19	19	57	106	333	522	449	492	551	684	533	656	705	753	874	881	890	522	396	339	282	122
43	11282	St.Gallen Stadt Rosenb./Gr］berg	22.01.2020	Mittwoch	2	51	15	16	19	53	114	352	678	620	484	457	526	463	623	551	538	570	635	598	419	299	227	178	87
130	11282	St.Gallen Stadt Rosenb./Gr］berg	22.01.2020	Mittwoch	3	0	1	2	1	14	15	48	97	69	33	25	28	26	44	30	27	35	43	49	17	18	10	10	3
131	11282	St.Gallen Stadt Rosenb./Gr］berg	22.01.2020	Mittwoch	4	0	1	2	5	9	13	25	47	37	17	10	13	15	23	16	13	25	32	30	7	16	12	8	0
44	11282	St.Gallen Stadt Rosenb./Gr］berg	23.01.2020	Donnerstag	1	61	32	19	25	41	103	337	515	524	515	597	642	539	678	710	705	819	925	756	554	496	425	358	166
45	11282	St.Gallen Stadt Rosenb./Gr］berg	23.01.2020	Donnerstag	2	39	17	15	23	52	103	355	697	649	477	513	509	453	615	527	553	589	651	600	454	343	285	237	123
136	11282	St.Gallen Stadt Rosenb./Gr］berg	23.01.2020	Donnerstag	3	2	1	1	7	13	15	58	107	83	26	37	31	25	41	25	37	31	51	35	27	14	16	7	6
137	11282	St.Gallen Stadt Rosenb./Gr］berg	23.01.2020	Donnerstag	4	4	1	2	4	9	13	30	65	49	15	21	18	14	24	18	24	26	26	20	18	11	12	7	6
46	11282	St.Gallen Stadt Rosenb./Gr］berg	24.01.2020	Freitag	1	89	48	32	25	57	115	318	478	478	513	571	684	546	692	801	826	884	888	752	460	379	398	350	306
47	11282	St.Gallen Stadt Rosenb./Gr］berg	24.01.2020	Freitag	2	41	13	25	31	65	105	326	625	652	528	536	555	482	643	648	651	614	689	620	518	365	300	303	211
142	11282	St.Gallen Stadt Rosenb./Gr］berg	24.01.2020	Freitag	3	2	0	2	8	17	10	41	90	64	33	27	25	31	39	36	38	57	55	40	33	20	21	10	7
143	11282	St.Gallen Stadt Rosenb./Gr］berg	24.01.2020	Freitag	4	1	0	1	7	13	8	27	43	27	20	15	15	13	19	15	11	23	31	25	14	13	11	5	3
48	11282	St.Gallen Stadt Rosenb./Gr］berg	25.01.2020	Samstag	1	255	136	117	91	105	64	86	168	287	418	514	612	565	646	672	701	629	604	420	334	315	336	342	301
49	11282	St.Gallen Stadt Rosenb./Gr］berg	25.01.2020	Samstag	2	159	73	54	70	68	54	125	205	366	437	492	569	502	550	609	577	513	526	502	408	323	311	275	233
148	11282	St.Gallen Stadt Rosenb./Gr］berg	25.01.2020	Samstag	3	4	2	3	7	12	5	10	17	19	24	19	21	33	23	32	29	18	16	31	14	18	10	3	11
149	11282	St.Gallen Stadt Rosenb./Gr］berg	25.01.2020	Samstag	4	1	5	3	9	8	5	6	8	10	9	6	13	11	13	14	12	8	11	17	9	7	5	4	8
50	11282	St.Gallen Stadt Rosenb./Gr］berg	26.01.2020	Sonntag	1	299	222	151	124	101	64	49	90	105	168	233	392	401	494	518	541	524	476	449	425	286	252	145	86
51	11282	St.Gallen Stadt Rosenb./Gr］berg	26.01.2020	Sonntag	2	162	107	87	64	71	34	70	65	104	197	288	352	389	442	429	448	499	464	508	334	255	201	124	61
154	11282	St.Gallen Stadt Rosenb./Gr］berg	26.01.2020	Sonntag	3	4	2	1	4	9	5	4	9	6	11	13	16	19	22	20	18	32	29	32	18	16	8	4	1
155	11282	St.Gallen Stadt Rosenb./Gr］berg	26.01.2020	Sonntag	4	4	4	0	2	4	5	3	6	6	4	5	9	14	10	12	10	14	15	15	12	13	7	4	1
52	11282	St.Gallen Stadt Rosenb./Gr］berg	27.01.2020	Montag	1	41	39	24	22	53	110	309	424	419	425	476	574	461	529	580	610	763	779	575	399	273	259	229	76
53	11282	St.Gallen Stadt Rosenb./Gr］berg	27.01.2020	Montag	2	29	27	22	22	55	106	345	602	513	437	428	466	406	543	502	563	497	538	504	347	246	192	119	70
160	11282	St.Gallen Stadt Rosenb./Gr］berg	27.01.2020	Montag	3	0	0	0	4	15	52	63	71	61	24	25	29	30	33	24	29	34	43	23	19	9	20	2	2
161	11282	St.Gallen Stadt Rosenb./Gr］berg	27.01.2020	Montag	4	1	3	0	2	16	33	33	39	41	10	13	13	16	20	12	18	13	27	17	9	10	10	2	4
54	11282	St.Gallen Stadt Rosenb./Gr］berg	28.01.2020	Dienstag	1	60	25	22	23	36	90	306	436	429	420	508	606	503	589	565	643	780	795	596	463	355	297	310	97
55	11282	St.Gallen Stadt Rosenb./Gr］berg	28.01.2020	Dienstag	2	39	14	14	26	47	101	349	637	574	430	396	445	373	589	534	508	548	559	489	440	241	199	152	83
166	11282	St.Gallen Stadt Rosenb./Gr］berg	28.01.2020	Dienstag	3	0	0	0	10	12	20	57	89	60	26	11	30	20	25	29	24	29	38	28	18	10	8	9	2
167	11282	St.Gallen Stadt Rosenb./Gr］berg	28.01.2020	Dienstag	4	0	2	1	10	7	18	31	46	37	14	7	21	13	20	16	15	18	24	15	11	8	5	5	2
56	11282	St.Gallen Stadt Rosenb./Gr］berg	29.01.2020	Mittwoch	1	61	53	36	38	54	104	289	411	412	413	489	579	460	589	620	630	743	756	623	425	353	338	225	121
57	11282	St.Gallen Stadt Rosenb./Gr］berg	29.01.2020	Mittwoch	2	47	16	28	34	64	105	327	602	523	460	419	449	393	506	513	518	528	581	563	381	274	218	146	87
172	11282	St.Gallen Stadt Rosenb./Gr］berg	29.01.2020	Mittwoch	3	2	2	3	10	15	14	49	71	53	22	27	19	16	35	27	33	24	33	33	25	16	11	9	1
173	11282	St.Gallen Stadt Rosenb./Gr］berg	29.01.2020	Mittwoch	4	4	2	3	5	11	11	28	47	26	11	16	13	10	17	17	17	16	22	17	20	10	10	7	2
58	11282	St.Gallen Stadt Rosenb./Gr］berg	30.01.2020	Donnerstag	1	63	36	22	33	48	103	295	426	405	432	521	602	526	624	627	634	772	868	654	451	347	347	339	153
59	11282	St.Gallen Stadt Rosenb./Gr］berg	30.01.2020	Donnerstag	2	41	22	24	31	58	106	315	627	606	423	434	473	446	565	547	493	579	603	525	467	318	243	169	108
178	11282	St.Gallen Stadt Rosenb./Gr］berg	30.01.2020	Donnerstag	3	3	1	3	7	14	17	40	89	57	29	20	24	33	37	40	24	26	38	27	35	19	11	6	4
179	11282	St.Gallen Stadt Rosenb./Gr］berg	30.01.2020	Donnerstag	4	4	1	3	6	10	9	17	51	23	16	16	16	12	17	20	11	14	18	17	13	12	8	6	4
60	11282	St.Gallen Stadt Rosenb./Gr］berg	31.01.2020	Freitag	1	91	49	37	35	60	103	299	417	419	440	539	637	562	603	667	723	800	793	596	448	355	323	356	276
61	11282	St.Gallen Stadt Rosenb./Gr］berg	31.01.2020	Freitag	2	53	37	27	37	69	105	338	571	557	414	484	541	434	517	528	559	601	580	584	489	344	298	265	199
184	11282	St.Gallen Stadt Rosenb./Gr］berg	31.01.2020	Freitag	3	3	0	2	10	14	16	36	62	43	27	19	33	17	31	36	37	41	47	42	16	24	11	10	2
185	11282	St.Gallen Stadt Rosenb./Gr］berg	31.01.2020	Freitag	4	2	0	2	9	9	12	17	33	26	10	16	13	6	19	24	16	23	18	27	9	20	11	6	2
62	11282	St.Gallen Stadt Rosenb./Gr］berg	01.02.2020	Samstag	1	222	183	146	106	96	64	88	155	225	387	562	569	578	667	768	682	648	590	428	341	321	312	330	313
63	11282	St.Gallen Stadt Rosenb./Gr］berg	01.02.2020	Samstag	2	124	96	76	72	71	50	99	174	312	411	480	572	557	610	593	581	515	502	484	398	345	319	312	226
190	11282	St.Gallen Stadt Rosenb./Gr］berg	01.02.2020	Samstag	3	4	4	4	3	8	5	5	12	13	12	25	16	29	27	28	32	20	18	28	21	23	12	10	4
191	11282	St.Gallen Stadt Rosenb./Gr］berg	01.02.2020	Samstag	4	2	5	6	3	6	5	8	8	4	5	8	6	10	10	7	14	12	6	18	12	15	7	8	4
64	11282	St.Gallen Stadt Rosenb./Gr］berg	02.02.2020	Sonntag	1	261	208	142	127	111	55	25	54	90	196	273	334	422	464	471	494	542	474	443	406	343	264	163	71
65	11282	St.Gallen Stadt Rosenb./Gr］berg	02.02.2020	Sonntag	2	158	100	86	81	77	41	48	58	107	198	305	362	391	461	484	433	431	466	484	347	302	208	106	64
196	11282	St.Gallen Stadt Rosenb./Gr］berg	02.02.2020	Sonntag	3	3	3	2	4	11	7	4	6	8	16	13	17	20	17	31	21	27	33	24	31	20	9	4	0
197	11282	St.Gallen Stadt Rosenb./Gr］berg	02.02.2020	Sonntag	4	3	5	2	3	7	9	3	4	6	6	7	7	7	11	18	12	4	27	15	15	12	7	4	0
66	11282	St.Gallen Stadt Rosenb./Gr］berg	03.02.2020	Montag	1	55	38	24	23	60	93	332	494	505	422	574	623	511	586	635	683	789	829	677	490	375	279	197	79
67	11282	St.Gallen Stadt Rosenb./Gr］berg	03.02.2020	Montag	2	38	24	17	22	62	119	367	670	635	467	487	488	427	580	581	531	548	573	576	387	269	230	159	78
202	11282	St.Gallen Stadt Rosenb./Gr］berg	03.02.2020	Montag	3	3	3	0	9	10	17	50	84	83	27	30	20	24	32	47	24	29	34	37	22	13	15	3	0
203	11282	St.Gallen Stadt Rosenb./Gr］berg	03.02.2020	Montag	4	1	4	1	5	11	13	24	48	42	15	13	13	10	17	24	14	14	16	30	8	11	9	4	3
68	11282	St.Gallen Stadt Rosenb./Gr］berg	04.02.2020	Dienstag	1	63	42	29	29	52	118	343	534	493	463	555	651	505	601	667	676	818	756	716	488	341	315	275	101
69	11282	St.Gallen Stadt Rosenb./Gr］berg	04.02.2020	Dienstag	2	42	25	23	31	65	99	375	679	621	477	471	500	434	596	466	580	576	618	638	422	262	222	154	67
208	11282	St.Gallen Stadt Rosenb./Gr］berg	04.02.2020	Dienstag	3	1	0	1	4	16	12	56	96	69	16	17	20	25	32	21	38	34	39	30	19	10	5	8	1
209	11282	St.Gallen Stadt Rosenb./Gr］berg	04.02.2020	Dienstag	4	1	2	0	4	15	7	28	48	29	6	12	12	14	18	8	20	28	26	20	9	9	6	7	1
70	11282	St.Gallen Stadt Rosenb./Gr］berg	05.02.2020	Mittwoch	1	64	30	20	24	53	91	331	522	450	481	573	636	558	656	663	695	796	901	725	521	348	405	293	149
71	11282	St.Gallen Stadt Rosenb./Gr］berg	05.02.2020	Mittwoch	2	39	19	21	28	67	103	339	609	614	600	475	540	436	657	615	581	599	610	589	430	314	260	176	92
214	11282	St.Gallen Stadt Rosenb./Gr］berg	05.02.2020	Mittwoch	3	1	1	3	5	14	11	53	88	67	30	23	28	23	41	25	31	49	35	35	37	11	12	8	3
215	11282	St.Gallen Stadt Rosenb./Gr］berg	05.02.2020	Mittwoch	4	4	3	4	4	8	9	29	44	32	15	11	15	17	15	14	12	24	20	24	29	7	4	9	5
72	11282	St.Gallen Stadt Rosenb./Gr］berg	06.02.2020	Donnerstag	1	70	26	27	31	47	99	321	509	497	469	573	731	757	727	618	671	867	917	756	561	414	393	355	169
73	11282	St.Gallen Stadt Rosenb./Gr］berg	06.02.2020	Donnerstag	2	40	21	25	20	60	108	340	705	646	484	494	546	419	593	520	545	607	615	620	495	342	316	219	107
220	11282	St.Gallen Stadt Rosenb./Gr］berg	06.02.2020	Donnerstag	3	2	0	3	3	17	22	49	88	81	25	26	33	20	44	28	23	46	40	35	25	18	10	5	4
221	11282	St.Gallen Stadt Rosenb./Gr］berg	06.02.2020	Donnerstag	4	0	3	3	4	11	17	28	46	42	15	16	30	13	19	17	13	22	21	25	13	12	14	3	2
74	11282	St.Gallen Stadt Rosenb./Gr］berg	07.02.2020	Freitag	1	89	39	37	30	58	105	312	488	488	519	585	696	578	653	728	721	832	879	737	522	382	338	444	340
75	11282	St.Gallen Stadt Rosenb./Gr］berg	07.02.2020	Freitag	2	49	36	21	27	58	101	339	618	615	489	474	534	470	625	575	586	535	614	658	544	368	310	292	252
226	11282	St.Gallen Stadt Rosenb./Gr］berg	07.02.2020	Freitag	3	6	1	0	12	12	8	47	85	67	32	21	28	28	38	46	35	48	45	36	28	17	21	9	9
227	11282	St.Gallen Stadt Rosenb./Gr］berg	07.02.2020	Freitag	4	9	3	1	10	10	7	19	48	37	20	15	15	14	21	26	27	33	31	18	15	15	8	6	7
76	11282	St.Gallen Stadt Rosenb./Gr］berg	08.02.2020	Samstag	1	255	150	116	78	71	59	119	171	292	401	525	625	675	589	672	679	702	617	486	330	330	353	409	292
77	11282	St.Gallen Stadt Rosenb./Gr］berg	08.02.2020	Samstag	2	131	97	70	48	65	57	114	200	365	464	511	513	538	575	591	546	545	558	524	431	340	281	324	231
232	11282	St.Gallen Stadt Rosenb./Gr］berg	08.02.2020	Samstag	3	4	4	3	7	8	4	8	11	15	22	20	30	29	16	32	19	22	22	24	28	12	8	3	7
233	11282	St.Gallen Stadt Rosenb./Gr］berg	08.02.2020	Samstag	4	1	7	3	7	8	3	5	6	6	11	17	12	13	5	20	9	11	9	13	13	9	7	3	6
78	11282	St.Gallen Stadt Rosenb./Gr］berg	09.02.2020	Sonntag	1	241	247	129	113	104	48	62	84	113	246	267	402	444	532	577	613	599	572	435	403	289	217	120	71
79	11282	St.Gallen Stadt Rosenb./Gr］berg	09.02.2020	Sonntag	2	157	128	67	74	83	32	65	63	126	260	389	417	397	454	474	496	572	485	556	357	279	155	120	63
238	11282	St.Gallen Stadt Rosenb./Gr］berg	09.02.2020	Sonntag	3	3	3	3	6	7	2	4	10	7	25	21	19	20	19	22	29	28	32	36	32	23	4	3	4
239	11282	St.Gallen Stadt Rosenb./Gr］berg	09.02.2020	Sonntag	4	2	5	2	5	6	2	5	5	5	13	10	12	12	11	13	13	11	16	20	19	14	5	3	4
80	11282	St.Gallen Stadt Rosenb./Gr］berg	10.02.2020	Montag	1	56	32	23	28	48	97	348	557	534	455	517	628	487	619	563	654	820	855	615	465	364	309	201	70
81	11282	St.Gallen Stadt Rosenb./Gr］berg	10.02.2020	Montag	2	36	21	14	21	54	112	384	826	702	448	479	507	435	590	528	501	545	609	560	383	279	243	136	61
244	11282	St.Gallen Stadt Rosenb./Gr］berg	10.02.2020	Montag	3	3	1	0	3	10	14	42	93	102	31	29	23	29	37	31	28	41	37	32	11	11	3	3	4
245	11282	St.Gallen Stadt Rosenb./Gr］berg	10.02.2020	Montag	4	5	3	1	0	11	6	24	62	37	22	26	15	12	19	15	21	21	21	23	11	9	7	4	4
82	11282	St.Gallen Stadt Rosenb./Gr］berg	11.02.2020	Dienstag	1	47	29	28	25	43	96	336	516	520	504	522	612	545	617	594	681	893	901	701	498	410	354	228	108
83	11282	St.Gallen Stadt Rosenb./Gr］berg	11.02.2020	Dienstag	2	42	25	18	23	61	94	366	663	676	505	462	501	455	589	582	560	574	627	572	401	290	240	155	92
250	11282	St.Gallen Stadt Rosenb./Gr］berg	11.02.2020	Dienstag	3	1	0	2	3	14	16	38	95	73	32	21	29	27	41	28	26	41	51	46	15	16	21	6	1
251	11282	St.Gallen Stadt Rosenb./Gr］berg	11.02.2020	Dienstag	4	0	2	3	3	9	11	27	53	37	21	9	12	16	22	15	16	35	26	23	9	11	21	8	0
84	11282	St.Gallen Stadt Rosenb./Gr］berg	12.02.2020	Mittwoch	1	48	39	21	24	50	91	424	545	507	435	521	701	561	629	664	685	820	959	690	505	378	357	245	103
85	11282	St.Gallen Stadt Rosenb./Gr］berg	12.02.2020	Mittwoch	2	41	24	18	25	60	128	374	705	601	491	521	527	470	626	595	604	566	634	532	454	288	249	168	67
256	11282	St.Gallen Stadt Rosenb./Gr］berg	12.02.2020	Mittwoch	3	0	1	3	3	12	11	47	78	75	31	19	25	31	44	22	26	44	50	30	20	9	6	3	3
257	11282	St.Gallen Stadt Rosenb./Gr］berg	12.02.2020	Mittwoch	4	0	4	4	2	9	8	18	35	31	20	16	15	20	22	16	20	21	23	21	15	8	4	3	5
86	11282	St.Gallen Stadt Rosenb./Gr］berg	13.02.2020	Donnerstag	1	63	31	29	20	58	91	350	498	502	485	561	645	585	681	633	665	790	922	750	606	489	387	317	164
87	11282	St.Gallen Stadt Rosenb./Gr］berg	13.02.2020	Donnerstag	2	37	19	15	27	53	106	375	685	631	539	505	559	449	601	551	574	578	612	617	499	371	265	180	97
262	11282	St.Gallen Stadt Rosenb./Gr］berg	13.02.2020	Donnerstag	3	2	1	1	10	11	14	41	77	70	33	22	29	36	41	39	28	26	46	31	22	20	9	7	7
263	11282	St.Gallen Stadt Rosenb./Gr］berg	13.02.2020	Donnerstag	4	2	1	1	10	9	8	21	45	32	20	15	21	19	18	21	16	20	24	17	14	12	9	5	3
88	11282	St.Gallen Stadt Rosenb./Gr］berg	14.02.2020	Freitag	1	92	55	34	37	52	105	316	482	463	537	610	635	619	644	739	774	917	948	781	525	405	369	353	307
89	11282	St.Gallen Stadt Rosenb./Gr］berg	14.02.2020	Freitag	2	49	28	23	37	60	103	353	669	665	565	532	575	520	616	584	611	617	686	604	534	378	305	294	183
268	11282	St.Gallen Stadt Rosenb./Gr］berg	14.02.2020	Freitag	3	3	4	2	7	13	9	45	90	67	33	22	26	27	42	35	40	58	40	42	25	22	14	10	6
269	11282	St.Gallen Stadt Rosenb./Gr］berg	14.02.2020	Freitag	4	1	5	4	5	10	8	21	55	38	19	10	14	16	18	24	18	24	19	22	11	10	9	11	5
90	11282	St.Gallen Stadt Rosenb./Gr］berg	15.02.2020	Samstag	1	210	148	108	84	90	52	97	204	287	427	490	577	660	666	722	660	755	699	484	329	332	314	335	342
91	11282	St.Gallen Stadt Rosenb./Gr］berg	15.02.2020	Samstag	2	93	79	59	52	55	60	117	214	384	461	457	592	581	632	637	590	513	548	463	356	345	289	297	221
274	11282	St.Gallen Stadt Rosenb./Gr］berg	15.02.2020	Samstag	3	2	2	7	6	7	9	12	9	19	25	25	27	29	19	18	18	21	17	22	19	20	5	10	6
275	11282	St.Gallen Stadt Rosenb./Gr］berg	15.02.2020	Samstag	4	4	3	5	3	10	5	7	3	10	16	15	10	15	9	5	15	10	8	15	12	17	4	14	8
92	11282	St.Gallen Stadt Rosenb./Gr］berg	16.02.2020	Sonntag	1	271	203	123	99	85	43	68	76	124	196	283	379	425	509	498	538	592	574	482	424	276	233	134	72
93	11282	St.Gallen Stadt Rosenb./Gr］berg	16.02.2020	Sonntag	2	159	110	61	56	65	43	60	69	133	255	301	394	415	481	494	527	473	478	426	397	291	213	99	69
280	11282	St.Gallen Stadt Rosenb./Gr］berg	16.02.2020	Sonntag	3	2	3	3	6	8	1	1	3	12	22	28	25	23	31	18	24	35	27	28	37	13	9	3	2
281	11282	St.Gallen Stadt Rosenb./Gr］berg	16.02.2020	Sonntag	4	3	4	3	4	7	1	0	3	4	12	12	7	14	19	9	13	18	16	19	27	6	7	5	5
94	11282	St.Gallen Stadt Rosenb./Gr］berg	17.02.2020	Montag	1	50	29	22	24	51	109	371	507	525	431	522	590	544	576	696	696	811	991	655	489	363	301	226	84
95	11282	St.Gallen Stadt Rosenb./Gr］berg	17.02.2020	Montag	2	27	15	9	23	53	97	392	736	635	507	478	498	451	648	537	536	586	605	502	425	270	245	144	66
286	11282	St.Gallen Stadt Rosenb./Gr］berg	17.02.2020	Montag	3	0	0	0	5	11	9	44	116	81	36	23	32	35	34	27	26	32	44	30	16	12	15	6	0
287	11282	St.Gallen Stadt Rosenb./Gr］berg	17.02.2020	Montag	4	0	0	1	2	12	6	29	52	36	21	24	19	25	15	13	18	23	24	18	5	11	5	5	3
96	11282	St.Gallen Stadt Rosenb./Gr］berg	18.02.2020	Dienstag	1	56	35	26	28	57	113	348	532	465	452	581	630	538	637	665	670	852	937	751	528	425	371	267	105
97	11282	St.Gallen Stadt Rosenb./Gr］berg	18.02.2020	Dienstag	2	38	17	16	26	51	102	387	716	691	536	496	513	482	617	540	527	608	655	594	444	297	245	155	102
292	11282	St.Gallen Stadt Rosenb./Gr］berg	18.02.2020	Dienstag	3	1	0	2	3	7	14	65	102	71	25	24	31	23	44	23	28	62	64	40	37	18	11	6	2
293	11282	St.Gallen Stadt Rosenb./Gr］berg	18.02.2020	Dienstag	4	2	3	2	3	9	12	30	43	36	13	9	15	15	29	10	16	30	38	21	20	13	8	4	2
98	11282	St.Gallen Stadt Rosenb./Gr］berg	19.02.2020	Mittwoch	1	48	25	22	24	44	87	340	515	454	460	615	686	603	637	660	730	786	975	737	504	385	340	275	132
99	11282	St.Gallen Stadt Rosenb./Gr］berg	19.02.2020	Mittwoch	2	28	12	13	26	37	103	394	758	627	560	516	553	439	636	560	590	589	582	563	447	306	256	170	81
298	11282	St.Gallen Stadt Rosenb./Gr］berg	19.02.2020	Mittwoch	3	1	0	0	4	9	15	59	94	72	41	32	25	28	27	33	30	41	35	38	28	16	15	3	0
299	11282	St.Gallen Stadt Rosenb./Gr］berg	19.02.2020	Mittwoch	4	1	1	1	6	5	10	31	47	43	27	24	16	13	13	20	19	21	22	33	18	9	14	4	2
100	11282	St.Gallen Stadt Rosenb./Gr］berg	20.02.2020	Donnerstag	1	68	42	35	34	57	90	368	538	511	468	595	615	604	655	658	744	863	991	852	560	477	457	304	198
101	11282	St.Gallen Stadt Rosenb./Gr］berg	20.02.2020	Donnerstag	2	43	19	25	22	53	146	369	751	792	675	583	538	484	621	602	580	600	628	634	452	318	277	180	117
304	11282	St.Gallen Stadt Rosenb./Gr］berg	20.02.2020	Donnerstag	3	0	1	2	5	15	17	46	95	72	44	21	33	29	41	34	30	40	46	49	18	20	10	7	3
305	11282	St.Gallen Stadt Rosenb./Gr］berg	20.02.2020	Donnerstag	4	1	6	3	5	12	16	22	55	37	17	15	17	16	20	23	11	22	20	28	10	14	8	2	5
102	11282	St.Gallen Stadt Rosenb./Gr］berg	21.02.2020	Freitag	1	107	58	55	36	57	84	311	457	452	505	577	688	572	715	781	804	946	900	901	576	395	373	490	364
103	11282	St.Gallen Stadt Rosenb./Gr］berg	21.02.2020	Freitag	2	58	36	34	39	49	91	349	682	685	606	608	561	498	637	638	609	594	600	614	514	418	329	295	187
310	11282	St.Gallen Stadt Rosenb./Gr］berg	21.02.2020	Freitag	3	0	1	3	9	11	10	45	81	66	31	31	33	28	48	38	30	32	47	39	27	24	22	8	5
311	11282	St.Gallen Stadt Rosenb./Gr］berg	21.02.2020	Freitag	4	1	3	4	7	12	8	23	51	34	12	15	15	16	26	18	22	14	31	16	16	16	15	4	8
104	11282	St.Gallen Stadt Rosenb./Gr］berg	22.02.2020	Samstag	1	248	183	120	85	64	60	109	188	318	458	560	646	721	658	737	696	742	752	529	579	460	350	351	355
105	11282	St.Gallen Stadt Rosenb./Gr］berg	22.02.2020	Samstag	2	133	97	63	47	59	50	147	209	486	551	587	524	566	582	616	559	523	604	522	425	337	292	267	206
316	11282	St.Gallen Stadt Rosenb./Gr］berg	22.02.2020	Samstag	3	5	5	2	3	9	5	9	18	28	20	25	28	26	22	24	18	26	22	30	13	8	10	9	9
317	11282	St.Gallen Stadt Rosenb./Gr］berg	22.02.2020	Samstag	4	2	7	2	5	8	4	3	11	11	11	11	11	8	12	12	8	13	14	18	7	8	8	8	7
106	11282	St.Gallen Stadt Rosenb./Gr］berg	23.02.2020	Sonntag	1	287	208	144	106	105	56	59	77	134	204	282	401	456	534	658	752	806	694	539	396	351	235	137	82
107	11282	St.Gallen Stadt Rosenb./Gr］berg	23.02.2020	Sonntag	2	160	100	78	51	73	31	80	88	228	312	368	404	466	655	539	528	444	437	618	400	257	190	119	61
322	11282	St.Gallen Stadt Rosenb./Gr］berg	23.02.2020	Sonntag	3	4	1	3	6	9	2	4	4	8	18	22	18	30	49	37	29	36	22	38	24	13	6	4	2
323	11282	St.Gallen Stadt Rosenb./Gr］berg	23.02.2020	Sonntag	4	5	1	4	4	5	3	2	3	9	10	8	10	17	22	23	12	26	12	24	12	12	4	3	3
108	11282	St.Gallen Stadt Rosenb./Gr］berg	24.02.2020	Montag	1	36	24	27	22	42	97	353	513	482	444	566	635	547	632	645	703	819	936	703	512	408	335	306	100
109	11282	St.Gallen Stadt Rosenb./Gr］berg	24.02.2020	Montag	2	28	21	14	26	60	106	379	721	606	469	480	548	457	619	528	575	578	629	589	420	305	244	168	69
328	11282	St.Gallen Stadt Rosenb./Gr］berg	24.02.2020	Montag	3	0	1	0	5	15	12	53	91	85	25	19	29	27	47	27	29	40	38	38	14	10	12	9	3
329	11282	St.Gallen Stadt Rosenb./Gr］berg	24.02.2020	Montag	4	1	1	1	2	13	7	33	50	42	13	12	17	9	23	14	6	25	18	24	11	8	9	10	4
110	11282	St.Gallen Stadt Rosenb./Gr］berg	25.02.2020	Dienstag	1	54	30	20	20	42	92	380	585	495	522	508	698	553	641	662	728	842	927	789	523	396	379	305	140
111	11282	St.Gallen Stadt Rosenb./Gr］berg	25.02.2020	Dienstag	2	34	18	17	27	60	100	431	786	712	547	531	566	428	685	535	605	620	597	618	479	323	241	173	102
334	11282	St.Gallen Stadt Rosenb./Gr］berg	25.02.2020	Dienstag	3	2	1	2	4	13	12	65	103	91	36	20	37	26	52	28	37	47	41	51	23	15	8	7	1
335	11282	St.Gallen Stadt Rosenb./Gr］berg	25.02.2020	Dienstag	4	2	2	2	7	12	7	27	52	43	10	8	15	19	21	13	17	21	23	31	16	10	5	5	2
112	11282	St.Gallen Stadt Rosenb./Gr］berg	26.02.2020	Mittwoch	1	69	41	21	24	52	97	379	539	500	405	523	689	533	645	644	692	813	776	808	596	369	376	304	127
113	11282	St.Gallen Stadt Rosenb./Gr］berg	26.02.2020	Mittwoch	2	44	16	15	27	65	108	376	709	636	525	465	584	461	647	607	584	553	554	672	504	316	240	174	97
340	11282	St.Gallen Stadt Rosenb./Gr］berg	26.02.2020	Mittwoch	3	1	1	1	8	14	21	59	91	61	27	25	41	28	31	32	31	40	33	50	19	15	17	8	1
341	11282	St.Gallen Stadt Rosenb./Gr］berg	26.02.2020	Mittwoch	4	1	3	0	7	11	9	18	34	29	14	7	26	17	17	17	18	21	14	34	10	12	13	6	0
114	11282	St.Gallen Stadt Rosenb./Gr］berg	27.02.2020	Donnerstag	1	56	39	35	34	66	100	358	608	499	504	567	655	558	634	678	637	803	907	780	567	435	388	292	153
115	11282	St.Gallen Stadt Rosenb./Gr］berg	27.02.2020	Donnerstag	2	39	19	20	36	63	119	405	732	641	492	522	554	461	624	548	533	561	648	609	460	310	303	172	106
346	11282	St.Gallen Stadt Rosenb./Gr］berg	27.02.2020	Donnerstag	3	0	2	0	6	19	12	63	121	70	26	28	28	22	35	22	32	48	39	52	28	17	12	4	3
347	11282	St.Gallen Stadt Rosenb./Gr］berg	27.02.2020	Donnerstag	4	1	1	0	4	13	12	31	46	31	10	12	17	18	14	18	15	28	19	25	10	10	12	4	8
116	11282	St.Gallen Stadt Rosenb./Gr］berg	28.02.2020	Freitag	1	108	40	34	36	43	94	370	505	526	512	609	697	603	702	753	804	848	928	754	579	421	426	406	315
117	11282	St.Gallen Stadt Rosenb./Gr］berg	28.02.2020	Freitag	2	53	25	18	30	58	114	366	702	673	568	514	622	528	627	590	612	586	664	673	562	404	340	276	218
352	11282	St.Gallen Stadt Rosenb./Gr］berg	28.02.2020	Freitag	3	0	0	1	6	15	9	45	85	68	25	24	31	41	51	23	30	51	43	44	40	28	20	10	8
353	11282	St.Gallen Stadt Rosenb./Gr］berg	28.02.2020	Freitag	4	0	1	0	6	14	6	21	37	37	12	11	16	23	22	18	14	36	24	23	23	22	13	5	8
118	11282	St.Gallen Stadt Rosenb./Gr］berg	29.02.2020	Samstag	1	227	147	90	80	82	59	108	208	298	427	542	669	611	664	743	653	738	657	469	400	278	322	345	321
119	11282	St.Gallen Stadt Rosenb./Gr］berg	29.02.2020	Samstag	2	144	96	53	58	65	60	124	202	405	476	556	592	591	615	619	597	560	565	471	397	319	321	271	236
358	11282	St.Gallen Stadt Rosenb./Gr］berg	29.02.2020	Samstag	3	1	4	1	3	8	6	4	16	30	29	28	28	18	22	24	26	19	22	27	21	20	12	10	6
359	11282	St.Gallen Stadt Rosenb./Gr］berg	29.02.2020	Samstag	4	3	4	0	3	10	4	3	8	13	7	11	13	8	12	11	19	11	9	19	12	14	8	8	7
120	11282	St.Gallen Stadt Rosenb./Gr］berg	01.03.2020	Sonntag	1	265	206	153	121	107	53	40	96	113	231	267	412	452	460	489	591	599	667	454	415	367	210	142	105
121	11282	St.Gallen Stadt Rosenb./Gr］berg	01.03.2020	Sonntag	2	180	122	82	70	57	34	64	52	145	224	323	362	403	499	514	513	546	558	422	395	313	163	106	76
364	11282	St.Gallen Stadt Rosenb./Gr］berg	01.03.2020	Sonntag	3	3	1	1	5	8	5	5	3	15	13	16	19	13	15	21	14	24	35	22	24	19	8	4	2
365	11282	St.Gallen Stadt Rosenb./Gr］berg	01.03.2020	Sonntag	4	1	0	2	5	6	5	1	3	7	6	6	9	4	7	17	5	12	19	9	10	11	9	4	4
122	11282	St.Gallen Stadt Rosenb./Gr］berg	21.04.2020	Dienstag	1	118	71	77	116	287	94	285	394	345	391	422	458	431	451	497	498	609	672	409	292	490	571	420	264
123	11282	St.Gallen Stadt Rosenb./Gr］berg	21.04.2020	Dienstag	2	29	19	21	20	29	83	337	566	419	392	373	407	330	470	457	445	529	496	414	255	188	121	116	44
370	11282	St.Gallen Stadt Rosenb./Gr］berg	21.04.2020	Dienstag	3	0	5	1	4	8	6	30	38	22	14	11	11	15	22	11	13	9	12	12	5	4	2	3	1
371	11282	St.Gallen Stadt Rosenb./Gr］berg	21.04.2020	Dienstag	4	0	8	3	3	9	6	14	27	22	12	12	5	11	17	7	10	6	6	9	5	4	2	3	4
124	11282	St.Gallen Stadt Rosenb./Gr］berg	22.04.2020	Mittwoch	1	131	86	83	115	325	124	284	456	376	372	439	467	439	458	502	523	651	675	434	289	487	635	424	285
125	11282	St.Gallen Stadt Rosenb./Gr］berg	22.04.2020	Mittwoch	2	24	25	15	22	33	84	359	577	375	381	352	415	398	485	438	456	511	538	393	286	199	168	83	51
376	11282	St.Gallen Stadt Rosenb./Gr］berg	22.04.2020	Mittwoch	3	1	1	0	7	3	6	22	61	17	9	7	9	21	21	17	7	11	18	9	9	0	7	1	0
377	11282	St.Gallen Stadt Rosenb./Gr］berg	22.04.2020	Mittwoch	4	0	2	1	5	2	9	12	29	8	5	5	12	15	11	10	6	14	9	3	9	2	5	2	2
126	11282	St.Gallen Stadt Rosenb./Gr］berg	23.04.2020	Donnerstag	1	147	78	82	126	251	92	283	429	366	402	466	518	422	472	507	558	601	684	468	360	561	600	453	292
127	11282	St.Gallen Stadt Rosenb./Gr］berg	23.04.2020	Donnerstag	2	34	18	17	26	34	84	339	576	391	407	428	381	392	487	465	415	481	546	417	298	207	169	98	54
382	11282	St.Gallen Stadt Rosenb./Gr］berg	23.04.2020	Donnerstag	3	0	1	1	3	6	8	24	53	24	15	7	9	11	26	21	16	13	19	12	6	5	3	1	0
383	11282	St.Gallen Stadt Rosenb./Gr］berg	23.04.2020	Donnerstag	4	3	1	2	4	7	7	11	21	14	11	9	4	8	11	11	11	11	9	4	6	4	2	2	1
128	11282	St.Gallen Stadt Rosenb./Gr］berg	24.04.2020	Freitag	1	164	85	78	128	290	79	274	419	356	410	536	560	490	541	597	606	686	630	482	357	261	223	179	117
129	11282	St.Gallen Stadt Rosenb./Gr］berg	24.04.2020	Freitag	2	25	19	20	15	26	75	334	559	438	423	425	454	412	519	492	531	529	509	443	310	236	189	152	97
388	11282	St.Gallen Stadt Rosenb./Gr］berg	24.04.2020	Freitag	3	0	1	0	4	6	7	23	45	24	16	10	12	14	18	12	16	18	11	15	11	6	5	4	1
389	11282	St.Gallen Stadt Rosenb./Gr］berg	24.04.2020	Freitag	4	1	3	0	5	2	7	11	21	14	5	5	5	12	9	11	9	5	4	6	5	4	2	3	3
130	11282	St.Gallen Stadt Rosenb./Gr］berg	25.04.2020	Samstag	1	100	52	38	22	24	42	70	106	183	314	363	407	443	456	485	468	446	446	340	265	215	147	126	117
131	11282	St.Gallen Stadt Rosenb./Gr］berg	25.04.2020	Samstag	2	53	44	19	20	32	38	85	105	196	287	336	390	378	434	441	458	399	368	301	229	202	152	129	89
394	11282	St.Gallen Stadt Rosenb./Gr］berg	25.04.2020	Samstag	3	2	1	0	4	8	6	4	3	6	9	7	12	10	10	7	11	7	19	12	8	4	4	3	4
395	11282	St.Gallen Stadt Rosenb./Gr］berg	25.04.2020	Samstag	4	4	0	1	3	8	5	2	2	2	3	3	8	5	6	3	9	8	10	7	4	4	3	3	2
132	11282	St.Gallen Stadt Rosenb./Gr］berg	26.04.2020	Sonntag	1	81	57	35	30	17	16	35	35	66	165	204	245	291	331	377	402	395	420	340	294	597	680	418	251
133	11282	St.Gallen Stadt Rosenb./Gr］berg	26.04.2020	Sonntag	2	52	50	30	29	16	16	49	41	59	131	200	242	258	308	364	329	396	362	315	299	184	150	74	42
400	11282	St.Gallen Stadt Rosenb./Gr］berg	26.04.2020	Sonntag	3	2	2	1	4	4	5	1	2	2	2	6	10	7	11	6	12	11	11	7	4	8	4	3	0
401	11282	St.Gallen Stadt Rosenb./Gr］berg	26.04.2020	Sonntag	4	1	3	1	4	2	4	2	1	0	1	5	5	4	5	2	5	4	9	4	4	3	2	3	0
134	11282	St.Gallen Stadt Rosenb./Gr］berg	27.04.2020	Montag	1	118	91	76	114	260	86	333	493	397	432	528	562	487	558	654	595	753	772	528	303	265	215	129	61
135	11282	St.Gallen Stadt Rosenb./Gr］berg	27.04.2020	Montag	2	18	14	11	15	33	98	365	608	464	440	469	444	431	529	515	547	556	596	448	292	602	594	472	220
406	11282	St.Gallen Stadt Rosenb./Gr］berg	27.04.2020	Montag	3	0	0	1	5	3	8	21	54	32	16	12	11	19	18	19	21	23	19	12	3	6	6	5	2
407	11282	St.Gallen Stadt Rosenb./Gr］berg	27.04.2020	Montag	4	0	2	1	3	3	7	13	24	10	6	7	7	13	9	6	11	15	10	6	3	4	2	3	4
136	11282	St.Gallen Stadt Rosenb./Gr］berg	28.04.2020	Dienstag	1	49	33	21	25	61	91	326	456	427	456	496	563	534	546	516	594	727	787	508	356	241	191	122	71
137	11282	St.Gallen Stadt Rosenb./Gr］berg	28.04.2020	Dienstag	2	131	77	63	79	216	92	396	587	514	430	465	457	384	501	506	520	548	611	553	309	618	541	465	254
412	11282	St.Gallen Stadt Rosenb./Gr］berg	28.04.2020	Dienstag	3	4	5	0	7	7	6	26	48	37	14	11	14	16	23	29	20	17	17	15	8	6	5	4	2
413	11282	St.Gallen Stadt Rosenb./Gr］berg	28.04.2020	Dienstag	4	4	2	0	8	4	6	14	24	18	8	5	11	11	16	14	7	12	5	9	5	6	0	5	2
138	11282	St.Gallen Stadt Rosenb./Gr］berg	29.04.2020	Mittwoch	1	37	21	22	19	48	94	289	440	416	423	520	561	489	526	574	617	688	742	499	353	547	591	433	287
139	11282	St.Gallen Stadt Rosenb./Gr］berg	29.04.2020	Mittwoch	2	86	85	60	91	122	81	382	597	474	433	485	412	435	571	516	480	539	552	455	295	214	153	97	57
418	11282	St.Gallen Stadt Rosenb./Gr］berg	29.04.2020	Mittwoch	3	1	2	0	7	8	7	33	52	23	14	13	14	14	29	14	16	21	18	15	4	9	5	1	2
419	11282	St.Gallen Stadt Rosenb./Gr］berg	29.04.2020	Mittwoch	4	3	3	1	5	7	5	15	19	16	11	9	11	13	14	14	14	10	15	14	2	5	4	0	2
140	11282	St.Gallen Stadt Rosenb./Gr］berg	30.04.2020	Donnerstag	1	139	83	73	123	173	83	301	468	393	410	551	583	574	537	616	606	708	770	493	377	305	268	220	110
141	11282	St.Gallen Stadt Rosenb./Gr］berg	30.04.2020	Donnerstag	2	40	22	14	19	37	84	370	652	514	445	507	470	467	581	529	497	554	567	433	330	322	299	209	110
424	11282	St.Gallen Stadt Rosenb./Gr］berg	30.04.2020	Donnerstag	3	3	1	0	6	4	8	21	63	28	5	21	14	19	25	23	14	23	17	15	10	4	2	4	0
425	11282	St.Gallen Stadt Rosenb./Gr］berg	30.04.2020	Donnerstag	4	3	1	1	5	4	6	8	30	12	7	15	10	13	15	17	9	15	9	5	3	5	4	4	0
142	11282	St.Gallen Stadt Rosenb./Gr］berg	01.05.2020	Freitag	1	73	55	36	30	48	54	279	377	413	474	573	688	613	646	670	695	773	740	529	341	306	289	228	173
143	11282	St.Gallen Stadt Rosenb./Gr］berg	01.05.2020	Freitag	2	65	48	25	41	48	79	355	542	499	501	535	537	543	592	629	559	620	556	479	330	317	315	257	151
430	11282	St.Gallen Stadt Rosenb./Gr］berg	01.05.2020	Freitag	3	4	3	1	4	8	7	18	50	23	11	11	8	20	25	25	13	17	17	14	6	8	4	5	3
431	11282	St.Gallen Stadt Rosenb./Gr］berg	01.05.2020	Freitag	4	3	2	1	3	7	5	11	20	12	6	6	8	15	15	14	11	8	11	8	2	5	1	5	1
144	11282	St.Gallen Stadt Rosenb./Gr］berg	02.05.2020	Samstag	1	118	74	58	35	31	33	80	124	192	304	369	478	476	462	534	514	476	446	328	276	212	184	139	113
145	11282	St.Gallen Stadt Rosenb./Gr］berg	02.05.2020	Samstag	2	105	72	49	38	31	52	94	138	206	302	396	458	412	441	504	433	449	418	289	251	178	183	149	104
436	11282	St.Gallen Stadt Rosenb./Gr］berg	02.05.2020	Samstag	3	2	1	1	3	3	6	1	3	6	9	9	10	10	9	13	12	15	11	10	4	4	9	4	2
437	11282	St.Gallen Stadt Rosenb./Gr］berg	02.05.2020	Samstag	4	2	3	0	1	1	6	1	0	4	3	6	3	8	6	6	3	7	2	7	2	2	6	4	3
146	11282	St.Gallen Stadt Rosenb./Gr］berg	03.05.2020	Sonntag	1	77	84	40	24	20	14	33	34	77	115	251	266	309	358	398	426	429	396	336	309	622	645	488	310
147	11282	St.Gallen Stadt Rosenb./Gr］berg	03.05.2020	Sonntag	2	87	65	34	29	18	10	51	35	64	137	216	221	281	350	344	403	402	387	335	297	636	596	442	250
442	11282	St.Gallen Stadt Rosenb./Gr］berg	03.05.2020	Sonntag	3	1	2	0	3	7	1	0	2	2	4	10	9	11	12	13	15	15	14	7	6	5	8	3	2
443	11282	St.Gallen Stadt Rosenb./Gr］berg	03.05.2020	Sonntag	4	1	3	0	5	7	0	0	1	3	3	5	4	3	7	8	4	4	8	3	5	1	5	2	1
148	11282	St.Gallen Stadt Rosenb./Gr］berg	04.05.2020	Montag	1	137	82	93	112	260	117	307	502	432	414	504	527	467	574	567	582	715	801	509	448	645	658	545	301
149	11282	St.Gallen Stadt Rosenb./Gr］berg	04.05.2020	Montag	2	111	64	60	74	229	97	375	631	468	412	418	448	418	531	480	485	559	530	413	320	610	545	459	238
448	11282	St.Gallen Stadt Rosenb./Gr］berg	04.05.2020	Montag	3	1	1	1	2	6	7	41	59	27	13	7	8	19	22	28	19	12	22	12	6	13	4	1	2
449	11282	St.Gallen Stadt Rosenb./Gr］berg	04.05.2020	Montag	4	2	1	4	3	5	4	21	23	14	7	6	1	8	12	19	10	10	7	5	4	4	3	4	1
150	11282	St.Gallen Stadt Rosenb./Gr］berg	05.05.2020	Dienstag	1	141	107	88	109	193	100	298	464	420	462	484	554	518	535	565	575	740	811	535	500	549	600	433	298
151	11282	St.Gallen Stadt Rosenb./Gr］berg	05.05.2020	Dienstag	2	121	80	71	75	248	123	400	627	544	443	456	444	456	560	495	494	525	554	424	307	612	530	454	235
454	11282	St.Gallen Stadt Rosenb./Gr］berg	05.05.2020	Dienstag	3	2	3	1	4	3	8	32	53	23	12	12	11	19	22	12	12	17	12	20	6	13	3	3	0
455	11282	St.Gallen Stadt Rosenb./Gr］berg	05.05.2020	Dienstag	4	2	3	2	4	4	6	16	21	9	4	9	13	13	13	9	6	8	6	14	5	7	4	4	1
152	11282	St.Gallen Stadt Rosenb./Gr］berg	06.05.2020	Mittwoch	1	150	83	80	103	319	195	286	466	448	432	477	580	554	586	586	608	763	805	508	525	684	697	622	297
153	11282	St.Gallen Stadt Rosenb./Gr］berg	06.05.2020	Mittwoch	2	120	67	83	81	192	100	406	594	464	462	446	437	472	587	533	539	529	568	455	349	623	638	491	282
460	11282	St.Gallen Stadt Rosenb./Gr］berg	06.05.2020	Mittwoch	3	2	3	2	1	6	7	31	61	27	16	11	11	18	26	24	30	20	18	16	10	9	13	4	0
461	11282	St.Gallen Stadt Rosenb./Gr］berg	06.05.2020	Mittwoch	4	5	5	2	2	3	3	12	29	15	9	5	6	13	12	16	18	14	7	11	8	10	7	3	2
154	11282	St.Gallen Stadt Rosenb./Gr］berg	07.05.2020	Donnerstag	1	156	94	80	107	307	164	406	655	497	487	562	608	523	594	582	633	691	853	560	502	700	699	618	423
155	11282	St.Gallen Stadt Rosenb./Gr］berg	07.05.2020	Donnerstag	2	176	67	74	90	241	109	458	635	506	467	463	474	496	592	533	514	548	558	464	354	624	613	562	330
466	11282	St.Gallen Stadt Rosenb./Gr］berg	07.05.2020	Donnerstag	3	1	0	2	1	7	11	24	59	28	23	16	16	16	29	15	19	18	17	14	8	8	17	7	1
467	11282	St.Gallen Stadt Rosenb./Gr］berg	07.05.2020	Donnerstag	4	1	0	3	2	6	8	11	20	18	19	9	12	12	13	11	15	12	6	7	6	6	10	3	3
156	11282	St.Gallen Stadt Rosenb./Gr］berg	08.05.2020	Freitag	1	193	110	97	122	274	107	303	439	445	526	599	589	610	621	631	692	715	754	534	431	308	243	199	155
157	11282	St.Gallen Stadt Rosenb./Gr］berg	08.05.2020	Freitag	2	151	86	91	103	236	114	375	593	547	488	477	510	523	609	558	530	559	553	445	356	290	212	154	127
472	11282	St.Gallen Stadt Rosenb./Gr］berg	08.05.2020	Freitag	3	1	2	2	3	7	5	19	48	24	18	14	17	15	25	17	18	20	22	9	6	4	7	2	0
473	11282	St.Gallen Stadt Rosenb./Gr］berg	08.05.2020	Freitag	4	1	3	1	4	5	5	13	25	11	6	9	13	12	17	12	12	11	13	5	2	2	4	2	1
158	11282	St.Gallen Stadt Rosenb./Gr］berg	09.05.2020	Samstag	1	104	86	46	26	34	43	88	133	233	369	479	519	549	581	554	514	506	456	413	351	264	228	241	184
159	11282	St.Gallen Stadt Rosenb./Gr］berg	09.05.2020	Samstag	2	81	55	38	36	30	43	83	179	243	334	433	442	492	494	531	507	410	446	307	274	235	194	186	112
478	11282	St.Gallen Stadt Rosenb./Gr］berg	09.05.2020	Samstag	3	1	1	2	5	5	3	5	6	14	6	11	8	18	16	20	15	8	16	8	9	4	3	2	1
479	11282	St.Gallen Stadt Rosenb./Gr］berg	09.05.2020	Samstag	4	1	3	3	5	5	1	4	3	5	5	7	3	8	7	3	7	4	5	6	7	1	4	1	2
160	11282	St.Gallen Stadt Rosenb./Gr］berg	10.05.2020	Sonntag	1	104	79	38	24	17	15	28	46	76	175	279	337	375	371	463	462	527	453	423	402	657	719	597	337
161	11282	St.Gallen Stadt Rosenb./Gr］berg	10.05.2020	Sonntag	2	89	55	29	21	21	34	55	35	76	146	223	296	323	340	451	423	489	409	406	349	690	641	479	238
484	11282	St.Gallen Stadt Rosenb./Gr］berg	10.05.2020	Sonntag	3	2	1	1	5	2	6	2	1	3	2	8	14	19	12	13	13	20	10	15	8	9	13	2	0
485	11282	St.Gallen Stadt Rosenb./Gr］berg	10.05.2020	Sonntag	4	3	3	1	3	1	5	0	0	4	2	3	5	9	4	9	10	10	9	9	6	5	6	3	0
162	11282	St.Gallen Stadt Rosenb./Gr］berg	11.05.2020	Montag	1	160	98	91	118	318	119	341	503	489	513	601	677	541	652	671	679	803	881	575	377	669	577	467	285
163	11282	St.Gallen Stadt Rosenb./Gr］berg	11.05.2020	Montag	2	113	56	55	89	217	112	412	645	548	500	509	525	499	598	525	509	555	604	513	347	611	583	518	252
490	11282	St.Gallen Stadt Rosenb./Gr］berg	11.05.2020	Montag	3	1	0	0	8	8	10	39	55	30	19	14	14	16	27	18	20	28	22	16	9	15	10	4	1
491	11282	St.Gallen Stadt Rosenb./Gr］berg	11.05.2020	Montag	4	3	1	1	8	7	5	20	27	12	11	10	9	10	17	8	14	14	10	9	3	10	5	4	1
164	11282	St.Gallen Stadt Rosenb./Gr］berg	12.05.2020	Dienstag	1	160	79	93	105	357	141	318	527	521	485	586	674	592	633	690	715	865	922	623	423	654	622	496	354
165	11282	St.Gallen Stadt Rosenb./Gr］berg	12.05.2020	Dienstag	2	121	77	70	87	192	106	411	679	530	514	501	497	461	620	607	571	572	593	515	421	644	609	510	315
496	11282	St.Gallen Stadt Rosenb./Gr］berg	12.05.2020	Dienstag	3	3	1	2	2	4	14	30	64	26	23	20	16	18	23	22	20	19	21	17	15	10	6	5	1
497	11282	St.Gallen Stadt Rosenb./Gr］berg	12.05.2020	Dienstag	4	5	4	1	0	2	9	17	34	8	7	12	12	12	16	15	13	15	12	15	11	6	8	7	3
166	11282	St.Gallen Stadt Rosenb./Gr］berg	13.05.2020	Mittwoch	1	150	89	77	114	362	142	442	601	503	496	591	721	579	630	717	763	786	885	618	411	672	614	526	310
167	11282	St.Gallen Stadt Rosenb./Gr］berg	13.05.2020	Mittwoch	2	133	90	79	85	208	445	431	737	526	498	533	578	505	602	548	617	564	615	540	400	634	615	546	326
502	11282	St.Gallen Stadt Rosenb./Gr］berg	13.05.2020	Mittwoch	3	0	0	1	4	9	5	26	64	27	23	15	18	20	19	22	24	27	17	16	9	3	16	5	0
503	11282	St.Gallen Stadt Rosenb./Gr］berg	13.05.2020	Mittwoch	4	3	4	1	3	6	5	16	26	11	12	8	19	13	5	8	14	15	17	10	7	3	13	5	2
168	11282	St.Gallen Stadt Rosenb./Gr］berg	14.05.2020	Donnerstag	1	161	79	75	121	306	121	313	523	524	541	614	717	593	607	718	731	797	934	631	487	663	656	537	334
169	11282	St.Gallen Stadt Rosenb./Gr］berg	14.05.2020	Donnerstag	2	151	80	75	87	221	200	356	637	618	512	544	514	508	618	615	594	605	603	507	470	626	555	548	341
508	11282	St.Gallen Stadt Rosenb./Gr］berg	14.05.2020	Donnerstag	3	1	0	3	5	10	7	23	58	55	23	28	30	20	27	20	22	34	29	16	11	11	18	12	0
509	11282	St.Gallen Stadt Rosenb./Gr］berg	14.05.2020	Donnerstag	4	4	1	3	3	7	8	16	25	29	13	19	14	10	12	12	17	18	14	17	3	4	11	4	0
170	11282	St.Gallen Stadt Rosenb./Gr］berg	15.05.2020	Freitag	1	177	103	72	123	178	94	301	461	491	572	688	662	614	721	749	723	844	759	676	459	336	308	307	214
171	11282	St.Gallen Stadt Rosenb./Gr］berg	15.05.2020	Freitag	2	186	89	78	93	232	143	341	619	538	556	566	558	538	617	606	594	625	637	590	441	312	248	209	139
514	11282	St.Gallen Stadt Rosenb./Gr］berg	15.05.2020	Freitag	3	1	0	3	2	9	8	33	47	41	26	19	20	21	29	31	14	19	28	20	14	5	9	13	2
515	11282	St.Gallen Stadt Rosenb./Gr］berg	15.05.2020	Freitag	4	1	2	3	3	8	5	22	24	13	13	9	13	11	11	16	5	10	16	14	4	3	8	9	4
172	11282	St.Gallen Stadt Rosenb./Gr］berg	16.05.2020	Samstag	1	194	87	39	35	32	46	90	146	280	395	553	657	637	647	761	762	677	603	448	297	297	275	297	263
173	11282	St.Gallen Stadt Rosenb./Gr］berg	16.05.2020	Samstag	2	98	66	33	32	32	51	90	164	310	441	544	600	634	659	631	576	498	473	425	326	289	241	247	178
520	11282	St.Gallen Stadt Rosenb./Gr］berg	16.05.2020	Samstag	3	4	1	1	4	5	2	3	4	6	21	19	9	19	22	29	24	13	15	22	6	5	6	5	3
521	11282	St.Gallen Stadt Rosenb./Gr］berg	16.05.2020	Samstag	4	5	1	2	4	5	2	0	1	4	6	7	4	5	10	12	12	5	7	7	5	1	3	3	2
174	11282	St.Gallen Stadt Rosenb./Gr］berg	17.05.2020	Sonntag	1	253	140	59	25	21	13	41	48	96	214	247	329	365	425	441	457	503	460	435	405	712	706	593	379
175	11282	St.Gallen Stadt Rosenb./Gr］berg	17.05.2020	Sonntag	2	155	79	43	33	29	16	55	48	91	150	252	294	321	387	407	416	462	400	387	399	673	639	499	292
526	11282	St.Gallen Stadt Rosenb./Gr］berg	17.05.2020	Sonntag	3	3	0	1	5	6	2	2	6	6	2	9	12	5	11	16	9	20	11	11	14	10	14	1	3
527	11282	St.Gallen Stadt Rosenb./Gr］berg	17.05.2020	Sonntag	4	3	0	2	3	5	1	0	5	3	1	7	4	2	7	6	3	9	5	6	5	5	8	1	1
176	11282	St.Gallen Stadt Rosenb./Gr］berg	18.05.2020	Montag	1	227	104	85	115	352	134	331	536	538	497	574	632	603	562	727	686	785	881	595	429	651	640	586	312
177	11282	St.Gallen Stadt Rosenb./Gr］berg	18.05.2020	Montag	2	161	63	70	67	188	99	400	691	611	534	560	520	491	636	637	568	595	592	511	394	610	580	536	271
532	11282	St.Gallen Stadt Rosenb./Gr］berg	18.05.2020	Montag	3	0	2	0	3	10	13	24	60	43	16	24	21	22	24	30	26	16	25	16	6	9	15	4	1
533	11282	St.Gallen Stadt Rosenb./Gr］berg	18.05.2020	Montag	4	1	3	1	2	10	8	14	31	27	4	9	8	15	11	13	11	11	12	8	2	6	8	3	1
178	11282	St.Gallen Stadt Rosenb./Gr］berg	19.05.2020	Dienstag	1	177	91	86	109	335	124	313	544	487	582	602	696	672	663	698	763	909	939	647	455	675	621	586	348
179	11282	St.Gallen Stadt Rosenb./Gr］berg	19.05.2020	Dienstag	2	127	76	78	86	170	102	384	707	606	518	548	588	513	673	583	636	642	555	537	455	682	555	607	295
538	11282	St.Gallen Stadt Rosenb./Gr］berg	19.05.2020	Dienstag	3	0	0	1	3	7	9	32	68	43	9	22	23	31	33	24	23	30	12	24	11	12	23	6	2
539	11282	St.Gallen Stadt Rosenb./Gr］berg	19.05.2020	Dienstag	4	0	1	0	3	7	5	22	31	22	3	12	12	13	11	11	11	13	6	15	7	6	13	5	1
180	11282	St.Gallen Stadt Rosenb./Gr］berg	20.05.2020	Mittwoch	1	164	112	81	114	341	136	357	521	514	545	638	729	703	695	801	796	864	841	645	452	351	303	261	224
181	11282	St.Gallen Stadt Rosenb./Gr］berg	20.05.2020	Mittwoch	2	154	89	77	94	197	101	401	706	609	530	561	555	559	688	595	640	660	642	563	420	305	301	203	142
544	11282	St.Gallen Stadt Rosenb./Gr］berg	20.05.2020	Mittwoch	3	0	0	2	3	6	6	30	66	32	22	23	19	18	20	22	34	25	29	17	11	7	8	3	2
545	11282	St.Gallen Stadt Rosenb./Gr］berg	20.05.2020	Mittwoch	4	2	1	2	3	6	3	17	21	19	11	18	10	8	8	11	19	17	16	10	5	4	3	2	6
182	11282	St.Gallen Stadt Rosenb./Gr］berg	21.05.2020	Donnerstag	1	178	95	40	20	24	29	73	91	199	317	344	387	359	405	414	458	446	433	392	363	317	259	250	159
183	11282	St.Gallen Stadt Rosenb./Gr］berg	21.05.2020	Donnerstag	2	102	58	31	28	20	29	72	68	166	238	346	325	373	376	385	399	419	369	374	362	264	236	221	120
550	11282	St.Gallen Stadt Rosenb./Gr］berg	21.05.2020	Donnerstag	3	2	1	1	6	6	6	1	2	13	10	16	12	15	12	8	17	18	8	7	13	7	5	7	3
551	11282	St.Gallen Stadt Rosenb./Gr］berg	21.05.2020	Donnerstag	4	3	1	1	5	6	2	2	1	8	6	7	7	9	4	4	10	12	2	5	8	3	5	8	2
184	11282	St.Gallen Stadt Rosenb./Gr］berg	22.05.2020	Freitag	1	101	58	34	27	65	62	130	253	402	550	666	722	648	681	757	807	792	719	539	391	297	267	269	258
185	11282	St.Gallen Stadt Rosenb./Gr］berg	22.05.2020	Freitag	2	60	42	25	21	39	73	179	372	490	510	563	606	517	621	618	601	583	553	452	372	299	258	220	162
556	11282	St.Gallen Stadt Rosenb./Gr］berg	22.05.2020	Freitag	3	1	2	1	5	8	4	13	17	22	22	24	16	20	26	24	15	28	19	11	13	9	5	3	3
557	11282	St.Gallen Stadt Rosenb./Gr］berg	22.05.2020	Freitag	4	1	4	1	6	7	3	5	10	12	9	11	11	11	13	11	10	16	5	4	8	4	3	3	4
186	11282	St.Gallen Stadt Rosenb./Gr］berg	23.05.2020	Samstag	1	220	99	47	21	35	41	70	140	238	403	540	567	603	708	709	623	570	466	359	289	237	218	276	265
187	11282	St.Gallen Stadt Rosenb./Gr］berg	23.05.2020	Samstag	2	116	55	40	24	45	41	79	143	295	406	517	561	526	609	571	513	421	443	362	324	257	240	241	141
562	11282	St.Gallen Stadt Rosenb./Gr］berg	23.05.2020	Samstag	3	4	0	1	3	8	4	3	5	9	14	14	14	17	26	15	7	21	17	14	13	6	8	6	3
563	11282	St.Gallen Stadt Rosenb./Gr］berg	23.05.2020	Samstag	4	4	3	1	3	7	3	3	3	6	2	8	7	12	15	9	3	9	7	6	7	3	6	4	2
188	11282	St.Gallen Stadt Rosenb./Gr］berg	24.05.2020	Sonntag	1	230	113	40	40	19	27	37	54	69	163	271	354	375	377	402	461	469	412	352	345	347	348	697	469
189	11282	St.Gallen Stadt Rosenb./Gr］berg	24.05.2020	Sonntag	2	109	62	41	34	28	16	44	37	73	172	269	302	324	358	383	458	409	373	398	327	291	362	588	287
568	11282	St.Gallen Stadt Rosenb./Gr］berg	24.05.2020	Sonntag	3	3	1	1	6	6	4	1	1	5	10	8	12	9	11	15	21	14	10	9	3	0	6	4	3
569	11282	St.Gallen Stadt Rosenb./Gr］berg	24.05.2020	Sonntag	4	5	3	0	6	6	4	1	1	3	3	7	7	6	6	8	8	8	7	5	13	8	1	3	0
190	11282	St.Gallen Stadt Rosenb./Gr］berg	25.05.2020	Montag	1	244	134	84	119	358	123	354	514	502	511	607	729	561	667	686	734	793	847	629	414	682	722	588	343
191	11282	St.Gallen Stadt Rosenb./Gr］berg	25.05.2020	Montag	2	179	72	60	70	212	117	402	651	565	479	521	551	503	630	611	572	627	598	535	414	609	600	551	323
574	11282	St.Gallen Stadt Rosenb./Gr］berg	25.05.2020	Montag	3	2	0	0	1	7	12	49	63	37	22	15	18	22	26	41	19	31	13	16	10	9	12	6	1
575	11282	St.Gallen Stadt Rosenb./Gr］berg	25.05.2020	Montag	4	4	3	1	1	5	9	28	35	19	8	13	12	12	14	16	13	24	10	7	5	5	9	2	2
192	11282	St.Gallen Stadt Rosenb./Gr］berg	26.05.2020	Dienstag	1	174	102	82	106	342	112	319	525	520	563	596	703	562	680	701	747	858	878	688	804	761	693	630	383
193	11282	St.Gallen Stadt Rosenb./Gr］berg	26.05.2020	Dienstag	2	129	82	54	81	244	126	401	674	574	537	544	541	457	637	653	608	618	623	568	400	616	622	571	366
580	11282	St.Gallen Stadt Rosenb./Gr］berg	26.05.2020	Dienstag	3	1	0	1	1	8	11	32	64	42	23	14	20	17	31	22	29	31	21	16	11	14	14	4	2
581	11282	St.Gallen Stadt Rosenb./Gr］berg	26.05.2020	Dienstag	4	1	3	1	1	7	8	17	37	21	12	8	8	14	16	13	12	15	14	15	5	9	6	3	1
194	11282	St.Gallen Stadt Rosenb./Gr］berg	27.05.2020	Mittwoch	1	203	97	73	117	338	112	362	499	529	569	654	799	637	691	722	794	929	923	711	821	767	742	658	465
195	11282	St.Gallen Stadt Rosenb./Gr］berg	27.05.2020	Mittwoch	2	154	75	89	74	249	102	402	642	563	526	585	559	508	688	597	622	607	628	503	454	598	558	617	382
586	11282	St.Gallen Stadt Rosenb./Gr］berg	27.05.2020	Mittwoch	3	2	0	1	2	9	6	35	58	35	20	24	14	12	27	29	19	11	27	11	11	10	14	6	3
587	11282	St.Gallen Stadt Rosenb./Gr］berg	27.05.2020	Mittwoch	4	2	1	0	3	4	6	15	31	17	12	12	16	24	16	15	17	37	13	4	6	5	10	5	1
196	11282	St.Gallen Stadt Rosenb./Gr］berg	28.05.2020	Donnerstag	1	236	108	89	116	339	120	318	502	493	552	666	697	619	686	758	776	835	926	719	531	725	702	660	430
197	11282	St.Gallen Stadt Rosenb./Gr］berg	28.05.2020	Donnerstag	2	174	96	77	102	236	134	396	662	586	548	558	578	508	647	605	576	546	662	651	519	631	539	519	392
592	11282	St.Gallen Stadt Rosenb./Gr］berg	28.05.2020	Donnerstag	3	1	0	0	3	4	6	31	32	46	25	24	24	22	36	32	31	23	15	32	11	10	12	9	2
593	11282	St.Gallen Stadt Rosenb./Gr］berg	28.05.2020	Donnerstag	4	1	0	0	2	2	7	20	57	19	17	12	18	7	19	11	17	17	4	18	7	8	5	7	2
198	11282	St.Gallen Stadt Rosenb./Gr］berg	29.05.2020	Freitag	1	247	118	81	114	302	104	303	487	615	668	692	775	682	749	795	804	940	899	634	490	393	362	300	281
199	11282	St.Gallen Stadt Rosenb./Gr］berg	29.05.2020	Freitag	2	204	101	85	98	233	125	370	649	621	611	552	556	581	646	655	615	631	617	561	515	391	310	244	162
598	11282	St.Gallen Stadt Rosenb./Gr］berg	29.05.2020	Freitag	3	1	3	1	4	4	13	29	62	42	31	31	19	24	46	35	28	32	32	18	28	25	10	6	4
599	11282	St.Gallen Stadt Rosenb./Gr］berg	29.05.2020	Freitag	4	2	2	1	3	6	9	14	28	17	19	24	9	13	21	25	13	23	18	10	15	13	7	6	3
200	11282	St.Gallen Stadt Rosenb./Gr］berg	30.05.2020	Samstag	1	244	106	39	36	51	41	88	157	294	477	582	660	646	647	710	711	651	644	440	355	313	306	298	319
201	11282	St.Gallen Stadt Rosenb./Gr］berg	30.05.2020	Samstag	2	128	79	32	28	40	49	93	184	353	490	580	588	588	582	645	567	560	490	428	352	327	280	235	182
604	11282	St.Gallen Stadt Rosenb./Gr］berg	30.05.2020	Samstag	3	7	2	4	3	10	5	3	4	19	13	19	21	9	23	23	21	16	13	16	12	5	9	2	2
605	11282	St.Gallen Stadt Rosenb./Gr］berg	30.05.2020	Samstag	4	6	3	4	3	7	4	4	0	9	5	6	7	7	7	7	6	7	6	8	11	1	3	2	1
202	11282	St.Gallen Stadt Rosenb./Gr］berg	31.05.2020	Sonntag	1	264	112	63	24	23	23	43	65	129	214	288	350	374	355	428	416	480	486	398	361	333	301	254	202
203	11282	St.Gallen Stadt Rosenb./Gr］berg	31.05.2020	Sonntag	2	126	77	50	32	29	28	49	63	97	195	280	319	318	384	415	430	415	393	378	349	307	274	208	119
610	11282	St.Gallen Stadt Rosenb./Gr］berg	31.05.2020	Sonntag	3	0	2	1	3	7	7	1	7	8	8	11	19	14	9	14	10	12	13	9	10	8	5	4	1
611	11282	St.Gallen Stadt Rosenb./Gr］berg	31.05.2020	Sonntag	4	2	2	0	2	7	5	1	2	4	4	7	11	8	5	4	3	4	7	4	2	5	4	3	0
204	11282	St.Gallen Stadt Rosenb./Gr］berg	01.06.2020	Montag	1	140	67	41	28	15	27	49	88	146	240	320	392	377	449	427	419	452	450	417	408	361	249	170	79
205	11282	St.Gallen Stadt Rosenb./Gr］berg	01.06.2020	Montag	2	93	58	21	26	25	18	54	70	132	220	298	353	383	398	455	442	431	439	387	337	321	244	133	68
616	11282	St.Gallen Stadt Rosenb./Gr］berg	01.06.2020	Montag	3	0	1	1	3	4	3	1	4	7	11	9	14	17	13	16	15	16	14	10	10	9	10	3	0
617	11282	St.Gallen Stadt Rosenb./Gr］berg	01.06.2020	Montag	4	1	0	1	2	6	2	1	1	3	5	4	7	7	11	4	5	9	7	10	8	9	1	3	1
206	11282	St.Gallen Stadt Rosenb./Gr］berg	02.06.2020	Dienstag	1	49	29	18	28	79	121	359	550	547	629	660	712	562	653	699	731	829	940	654	579	738	698	661	389
207	11282	St.Gallen Stadt Rosenb./Gr］berg	02.06.2020	Dienstag	2	30	10	17	23	45	113	426	707	659	551	585	543	484	620	600	586	609	635	572	438	560	614	609	320
622	11282	St.Gallen Stadt Rosenb./Gr］berg	02.06.2020	Dienstag	3	1	0	1	3	11	8	31	75	52	22	22	26	19	25	27	21	34	37	18	16	8	13	6	1
623	11282	St.Gallen Stadt Rosenb./Gr］berg	02.06.2020	Dienstag	4	0	3	2	2	9	3	10	39	27	16	8	13	9	17	12	16	21	20	14	8	2	7	3	1
208	11282	St.Gallen Stadt Rosenb./Gr］berg	03.06.2020	Mittwoch	1	217	140	82	126	367	115	340	550	506	534	645	736	607	682	723	794	866	899	712	471	628	664	627	351
209	11282	St.Gallen Stadt Rosenb./Gr］berg	03.06.2020	Mittwoch	2	174	104	81	95	192	127	409	677	587	558	551	568	522	642	634	569	655	644	567	429	554	571	598	356
628	11282	St.Gallen Stadt Rosenb./Gr］berg	03.06.2020	Mittwoch	3	0	0	2	5	10	14	39	65	40	22	25	16	22	38	25	27	37	29	26	14	4	9	8	2
629	11282	St.Gallen Stadt Rosenb./Gr］berg	03.06.2020	Mittwoch	4	0	5	2	4	7	11	10	31	18	8	10	8	7	14	11	16	19	12	18	6	3	5	5	4
210	11282	St.Gallen Stadt Rosenb./Gr］berg	04.06.2020	Donnerstag	1	206	95	82	122	337	121	350	515	512	494	639	714	647	672	699	758	816	927	735	518	697	656	635	460
211	11282	St.Gallen Stadt Rosenb./Gr］berg	04.06.2020	Donnerstag	2	178	79	78	98	205	117	410	686	565	535	539	537	463	651	579	584	602	607	620	487	564	574	583	370
634	11282	St.Gallen Stadt Rosenb./Gr］berg	04.06.2020	Donnerstag	3	1	1	1	2	11	11	37	66	52	28	27	25	25	27	26	21	34	26	24	14	8	14	13	0
635	11282	St.Gallen Stadt Rosenb./Gr］berg	04.06.2020	Donnerstag	4	2	1	3	3	8	6	17	36	23	11	13	14	17	12	12	10	18	12	15	5	3	12	6	2
212	11282	St.Gallen Stadt Rosenb./Gr］berg	05.06.2020	Freitag	1	207	101	91	139	255	118	325	535	543	599	716	754	628	675	768	799	921	898	698	472	368	316	310	305
213	11282	St.Gallen Stadt Rosenb./Gr］berg	05.06.2020	Freitag	2	166	87	91	99	242	107	391	674	614	564	546	608	536	640	643	637	621	636	639	511	388	273	249	146
640	11282	St.Gallen Stadt Rosenb./Gr］berg	05.06.2020	Freitag	3	2	1	2	3	9	10	35	59	43	34	18	25	25	40	25	35	40	42	37	14	14	12	4	7
641	11282	St.Gallen Stadt Rosenb./Gr］berg	05.06.2020	Freitag	4	4	2	2	4	7	7	17	29	11	15	12	8	11	20	23	20	21	22	22	7	6	7	2	6
214	11282	St.Gallen Stadt Rosenb./Gr］berg	06.06.2020	Samstag	1	225	95	56	38	36	36	89	163	288	442	613	677	684	677	833	781	819	597	442	342	308	337	353	358
215	11282	St.Gallen Stadt Rosenb./Gr］berg	06.06.2020	Samstag	2	115	62	52	32	46	44	117	182	335	522	570	638	639	683	680	600	570	528	489	386	356	316	285	191
646	11282	St.Gallen Stadt Rosenb./Gr］berg	06.06.2020	Samstag	3	4	0	4	4	9	1	2	7	16	24	18	23	22	32	36	27	17	18	12	7	12	4	7	5
647	11282	St.Gallen Stadt Rosenb./Gr］berg	06.06.2020	Samstag	4	5	2	2	3	7	0	3	2	8	9	4	10	9	11	11	18	4	9	6	1	8	1	10	4
216	11282	St.Gallen Stadt Rosenb./Gr］berg	07.06.2020	Sonntag	1	385	164	105	52	33	22	39	52	89	158	223	365	344	362	453	442	447	447	407	333	346	321	698	455
217	11282	St.Gallen Stadt Rosenb./Gr］berg	07.06.2020	Sonntag	2	177	114	61	39	35	15	49	48	89	185	281	327	300	384	413	421	434	452	400	322	313	345	585	301
652	11282	St.Gallen Stadt Rosenb./Gr］berg	07.06.2020	Sonntag	3	5	3	4	2	8	3	3	5	5	11	16	15	23	16	27	24	16	24	13	12	4	9	5	1
653	11282	St.Gallen Stadt Rosenb./Gr］berg	07.06.2020	Sonntag	4	2	3	3	2	6	2	1	4	3	5	8	5	7	6	15	9	9	12	6	8	2	3	3	0
218	11282	St.Gallen Stadt Rosenb./Gr］berg	08.06.2020	Montag	1	287	128	130	183	477	148	355	548	528	535	623	660	586	670	682	746	866	974	660	486	407	384	627	410
219	11282	St.Gallen Stadt Rosenb./Gr］berg	08.06.2020	Montag	2	134	99	51	86	241	163	424	700	588	531	554	551	470	628	614	594	627	667	589	435	284	360	616	312
658	11282	St.Gallen Stadt Rosenb./Gr］berg	08.06.2020	Montag	3	2	0	0	5	14	11	38	72	60	30	30	27	33	39	29	29	29	43	23	17	9	6	4	2
659	11282	St.Gallen Stadt Rosenb./Gr］berg	08.06.2020	Montag	4	2	4	0	5	11	7	14	33	30	18	17	12	15	21	16	19	14	21	11	6	6	3	8	0
220	11282	St.Gallen Stadt Rosenb./Gr］berg	09.06.2020	Dienstag	1	187	120	113	173	381	103	336	565	531	550	620	703	602	677	656	756	839	952	720	483	383	455	663	451
221	11282	St.Gallen Stadt Rosenb./Gr］berg	09.06.2020	Dienstag	2	145	92	81	79	223	104	420	708	628	535	575	559	483	617	614	639	583	646	600	428	323	407	593	380
664	11282	St.Gallen Stadt Rosenb./Gr］berg	09.06.2020	Dienstag	3	1	1	0	5	9	9	33	66	43	20	27	25	27	28	31	38	42	44	34	19	14	6	4	5
665	11282	St.Gallen Stadt Rosenb./Gr］berg	09.06.2020	Dienstag	4	3	1	1	6	7	7	20	37	23	8	13	10	14	11	12	20	27	21	19	10	7	4	2	5
222	11282	St.Gallen Stadt Rosenb./Gr］berg	10.06.2020	Mittwoch	1	193	144	112	147	362	114	356	547	500	529	646	708	644	707	705	770	928	935	716	543	382	321	287	145
223	11282	St.Gallen Stadt Rosenb./Gr］berg	10.06.2020	Mittwoch	2	166	99	80	96	217	114	413	705	643	539	511	576	528	700	639	568	616	631	600	494	308	259	191	73
670	11282	St.Gallen Stadt Rosenb./Gr］berg	10.06.2020	Mittwoch	3	0	0	0	6	10	13	35	70	62	24	17	26	23	45	24	29	39	35	34	25	11	5	8	3
671	11282	St.Gallen Stadt Rosenb./Gr］berg	10.06.2020	Mittwoch	4	3	1	2	5	8	10	18	26	30	14	7	18	11	21	15	11	22	12	18	14	5	9	7	5
224	11282	St.Gallen Stadt Rosenb./Gr］berg	11.06.2020	Donnerstag	1	71	37	28	32	88	105	357	539	493	509	619	714	608	727	760	764	965	977	801	598	493	411	336	158
225	11282	St.Gallen Stadt Rosenb./Gr］berg	11.06.2020	Donnerstag	2	51	19	34	36	58	101	420	732	625	533	560	632	536	674	621	598	626	667	678	492	367	324	202	96
676	11282	St.Gallen Stadt Rosenb./Gr］berg	11.06.2020	Donnerstag	3	0	1	1	6	11	10	36	79	53	36	28	23	24	35	26	26	36	31	27	26	4	15	4	3
677	11282	St.Gallen Stadt Rosenb./Gr］berg	11.06.2020	Donnerstag	4	0	3	0	7	10	4	21	34	26	16	16	14	9	14	16	9	19	12	20	10	6	12	4	3
226	11282	St.Gallen Stadt Rosenb./Gr］berg	12.06.2020	Freitag	1	104	45	21	28	63	108	327	507	539	579	688	776	590	723	754	770	985	874	664	491	387	401	364	354
227	11282	St.Gallen Stadt Rosenb./Gr］berg	12.06.2020	Freitag	2	66	28	20	24	41	105	378	713	634	563	610	579	571	653	659	594	644	647	675	578	401	390	283	188
682	11282	St.Gallen Stadt Rosenb./Gr］berg	12.06.2020	Freitag	3	1	0	1	7	9	10	33	66	39	27	33	31	27	41	25	26	40	43	30	21	10	9	8	2
683	11282	St.Gallen Stadt Rosenb./Gr］berg	12.06.2020	Freitag	4	2	1	0	7	7	9	19	32	23	18	18	14	14	14	13	17	16	22	16	13	7	8	6	5
228	11282	St.Gallen Stadt Rosenb./Gr］berg	13.06.2020	Samstag	1	327	147	82	44	39	50	85	188	306	453	584	608	644	710	708	683	669	673	532	382	316	287	331	323
229	11282	St.Gallen Stadt Rosenb./Gr］berg	13.06.2020	Samstag	2	161	82	51	41	42	58	106	199	410	497	551	599	611	587	625	594	543	563	488	392	328	293	226	170
688	11282	St.Gallen Stadt Rosenb./Gr］berg	13.06.2020	Samstag	3	6	3	1	6	8	9	2	8	20	17	19	13	16	24	33	22	21	18	18	13	9	4	2	2
689	11282	St.Gallen Stadt Rosenb./Gr］berg	13.06.2020	Samstag	4	5	4	1	7	8	9	2	4	11	6	6	4	7	11	14	9	13	7	10	4	7	2	4	2
230	11282	St.Gallen Stadt Rosenb./Gr］berg	14.06.2020	Sonntag	1	375	171	86	45	44	23	38	60	94	188	248	333	383	414	464	457	541	476	370	349	333	224	162	108
231	11282	St.Gallen Stadt Rosenb./Gr］berg	14.06.2020	Sonntag	2	220	102	55	38	50	21	61	41	104	189	233	312	371	426	450	462	473	420	382	354	285	188	138	69
694	11282	St.Gallen Stadt Rosenb./Gr］berg	14.06.2020	Sonntag	3	6	3	0	4	10	4	6	3	4	11	16	14	18	19	14	22	24	24	18	21	8	9	3	4
695	11282	St.Gallen Stadt Rosenb./Gr］berg	14.06.2020	Sonntag	4	4	3	1	4	6	3	5	0	2	6	9	5	8	12	9	11	10	12	8	9	5	6	1	3
232	11282	St.Gallen Stadt Rosenb./Gr］berg	15.06.2020	Montag	1	63	33	24	29	53	101	354	534	515	524	595	666	586	670	686	742	850	967	700	495	370	313	245	89
233	11282	St.Gallen Stadt Rosenb./Gr］berg	15.06.2020	Montag	2	26	22	19	27	43	101	384	758	607	527	527	546	510	630	568	640	607	637	589	418	280	253	178	70
700	11282	St.Gallen Stadt Rosenb./Gr］berg	15.06.2020	Montag	3	0	1	1	8	12	15	41	89	51	25	29	17	34	31	26	35	33	26	27	14	11	10	7	0
701	11282	St.Gallen Stadt Rosenb./Gr］berg	15.06.2020	Montag	4	2	2	1	5	7	12	21	44	30	11	15	11	17	18	13	16	23	15	14	8	7	10	11	1
234	11282	St.Gallen Stadt Rosenb./Gr］berg	16.06.2020	Dienstag	1	51	19	34	20	31	98	328	531	508	510	612	748	593	658	647	810	960	990	803	515	381	341	242	136
235	11282	St.Gallen Stadt Rosenb./Gr］berg	16.06.2020	Dienstag	2	38	19	20	24	53	96	405	714	693	517	523	578	488	625	591	659	625	616	586	435	295	283	208	95
706	11282	St.Gallen Stadt Rosenb./Gr］berg	16.06.2020	Dienstag	3	2	0	1	7	11	10	37	82	54	28	27	31	32	26	27	31	32	38	32	12	8	4	3	3
707	11282	St.Gallen Stadt Rosenb./Gr］berg	16.06.2020	Dienstag	4	3	2	2	4	10	5	25	26	30	17	11	22	22	22	14	15	13	23	16	3	6	2	4	2
236	11282	St.Gallen Stadt Rosenb./Gr］berg	17.06.2020	Mittwoch	1	68	27	25	30	46	88	346	516	558	493	594	712	642	681	730	762	896	972	713	506	390	386	273	139
237	11282	St.Gallen Stadt Rosenb./Gr］berg	17.06.2020	Mittwoch	2	33	19	15	28	40	104	408	721	630	565	535	568	542	624	603	625	620	644	590	478	318	241	204	91
712	11282	St.Gallen Stadt Rosenb./Gr］berg	17.06.2020	Mittwoch	3	1	1	1	9	12	6	31	73	56	35	24	26	26	39	30	33	33	39	31	14	12	7	7	3
713	11282	St.Gallen Stadt Rosenb./Gr］berg	17.06.2020	Mittwoch	4	3	1	3	5	9	7	15	31	24	15	11	14	10	20	18	20	21	19	21	17	9	5	5	1
238	11282	St.Gallen Stadt Rosenb./Gr］berg	18.06.2020	Donnerstag	1	67	50	28	31	46	111	335	531	531	543	630	729	606	646	658	736	889	971	725	580	422	363	361	147
239	11282	St.Gallen Stadt Rosenb./Gr］berg	18.06.2020	Donnerstag	2	41	18	25	22	43	106	390	716	635	585	555	589	533	612	598	592	654	665	650	499	408	337	268	130
718	11282	St.Gallen Stadt Rosenb./Gr］berg	18.06.2020	Donnerstag	3	2	1	2	7	9	10	40	80	62	31	18	27	29	32	29	24	33	39	38	20	17	13	6	1
719	11282	St.Gallen Stadt Rosenb./Gr］berg	18.06.2020	Donnerstag	4	2	2	1	6	9	7	23	30	32	9	11	17	16	18	13	9	21	14	16	9	12	9	6	1
240	11282	St.Gallen Stadt Rosenb./Gr］berg	19.06.2020	Freitag	1	85	47	21	25	46	90	331	528	547	550	660	770	709	724	731	827	917	871	700	506	381	362	420	349
241	11282	St.Gallen Stadt Rosenb./Gr］berg	19.06.2020	Freitag	2	78	30	20	37	63	107	385	700	657	570	596	584	567	639	606	674	657	625	638	571	404	334	298	210
724	11282	St.Gallen Stadt Rosenb./Gr］berg	19.06.2020	Freitag	3	4	1	1	6	9	8	28	77	66	23	42	36	36	46	30	42	39	35	29	25	15	13	7	3
725	11282	St.Gallen Stadt Rosenb./Gr］berg	19.06.2020	Freitag	4	3	3	2	4	3	5	18	35	31	10	19	20	13	18	16	24	16	18	13	10	6	13	7	5
242	11282	St.Gallen Stadt Rosenb./Gr］berg	20.06.2020	Samstag	1	328	138	57	45	46	49	95	185	353	461	614	681	663	649	683	725	675	625	484	367	314	319	355	364
243	11282	St.Gallen Stadt Rosenb./Gr］berg	20.06.2020	Samstag	2	161	86	51	49	60	67	117	210	444	470	590	613	587	628	698	585	533	544	504	415	375	327	269	207
730	11282	St.Gallen Stadt Rosenb./Gr］berg	20.06.2020	Samstag	3	5	2	2	2	16	11	7	12	32	19	22	23	21	28	35	21	26	20	14	13	5	10	2	8
731	11282	St.Gallen Stadt Rosenb./Gr］berg	20.06.2020	Samstag	4	4	2	1	1	15	9	4	5	17	9	10	15	10	12	16	10	14	6	10	2	2	12	5	7
244	11282	St.Gallen Stadt Rosenb./Gr］berg	21.06.2020	Sonntag	1	394	185	83	69	30	35	35	70	122	218	315	364	433	442	506	489	529	510	415	410	350	288	177	99
245	11282	St.Gallen Stadt Rosenb./Gr］berg	21.06.2020	Sonntag	2	185	122	67	69	42	21	66	63	127	233	309	349	361	431	469	519	497	476	416	404	289	253	149	69
736	11282	St.Gallen Stadt Rosenb./Gr］berg	21.06.2020	Sonntag	3	5	2	3	7	2	4	0	4	10	12	24	17	17	17	24	17	22	22	18	14	13	5	6	3
737	11282	St.Gallen Stadt Rosenb./Gr］berg	21.06.2020	Sonntag	4	5	3	3	6	3	4	0	2	8	2	9	10	10	8	11	8	12	10	12	8	8	1	7	2
246	11282	St.Gallen Stadt Rosenb./Gr］berg	22.06.2020	Montag	1	65	40	27	26	42	107	330	545	538	504	574	653	540	679	657	756	824	1002	658	467	416	319	242	109
247	11282	St.Gallen Stadt Rosenb./Gr］berg	22.06.2020	Montag	2	39	25	16	34	58	122	422	712	666	519	493	551	493	608	573	603	593	651	554	427	312	271	176	83
742	11282	St.Gallen Stadt Rosenb./Gr］berg	22.06.2020	Montag	3	0	2	1	4	12	8	45	89	56	34	24	25	29	31	28	23	25	35	23	9	2	15	3	1
743	11282	St.Gallen Stadt Rosenb./Gr］berg	22.06.2020	Montag	4	1	1	1	3	10	3	24	31	21	11	13	9	17	13	14	11	21	16	14	4	5	11	4	1
248	11282	St.Gallen Stadt Rosenb./Gr］berg	23.06.2020	Dienstag	1	53	42	26	27	40	93	342	549	524	577	615	685	568	638	661	717	833	912	712	497	414	427	297	126
249	11282	St.Gallen Stadt Rosenb./Gr］berg	23.06.2020	Dienstag	2	38	28	15	28	46	94	424	759	643	534	546	541	501	643	584	623	586	614	640	437	322	266	214	110
748	11282	St.Gallen Stadt Rosenb./Gr］berg	23.06.2020	Dienstag	3	0	2	0	6	8	7	32	100	60	33	23	18	38	31	26	28	35	40	31	19	15	10	2	4
749	11282	St.Gallen Stadt Rosenb./Gr］berg	23.06.2020	Dienstag	4	1	4	1	7	7	6	18	43	24	17	5	14	19	21	12	17	23	20	16	8	9	6	4	3
250	11282	St.Gallen Stadt Rosenb./Gr］berg	24.06.2020	Mittwoch	1	49	37	24	22	36	122	328	540	487	528	609	730	658	649	705	705	866	942	736	478	377	391	301	161
251	11282	St.Gallen Stadt Rosenb./Gr］berg	24.06.2020	Mittwoch	2	37	22	22	23	42	110	405	707	601	587	530	550	526	641	622	609	623	648	580	421	326	295	205	133
754	11282	St.Gallen Stadt Rosenb./Gr］berg	24.06.2020	Mittwoch	3	2	0	2	3	9	13	9	19	32	45	21	25	26	31	30	41	32	28	30	8	9	7	2	2
755	11282	St.Gallen Stadt Rosenb./Gr］berg	24.06.2020	Mittwoch	4	3	1	1	5	8	6	32	78	30	21	12	14	14	18	15	13	19	15	23	6	7	3	4	3
252	11282	St.Gallen Stadt Rosenb./Gr］berg	25.06.2020	Donnerstag	1	71	37	16	27	41	101	353	518	533	694	650	746	589	703	701	681	821	929	726	554	484	438	390	227
253	11282	St.Gallen Stadt Rosenb./Gr］berg	25.06.2020	Donnerstag	2	45	10	21	24	53	114	414	742	673	658	617	590	485	609	660	640	683	623	607	503	471	410	356	202
760	11282	St.Gallen Stadt Rosenb./Gr］berg	25.06.2020	Donnerstag	3	1	3	1	5	19	17	37	91	60	28	40	34	29	36	25	40	35	27	30	14	12	8	9	8
761	11282	St.Gallen Stadt Rosenb./Gr］berg	25.06.2020	Donnerstag	4	2	4	2	5	16	8	19	40	22	12	22	25	13	24	10	14	20	20	8	5	8	4	7	8
254	11282	St.Gallen Stadt Rosenb./Gr］berg	26.06.2020	Freitag	1	108	66	54	45	55	111	321	540	544	609	685	822	670	751	764	810	942	937	773	485	396	346	367	328
255	11282	St.Gallen Stadt Rosenb./Gr］berg	26.06.2020	Freitag	2	81	36	34	46	75	123	427	670	667	611	629	615	574	662	606	619	621	616	639	556	396	330	311	185
766	11282	St.Gallen Stadt Rosenb./Gr］berg	26.06.2020	Freitag	3	1	1	1	5	9	16	36	84	47	39	32	34	34	31	37	42	39	42	32	19	10	9	6	6
767	11282	St.Gallen Stadt Rosenb./Gr］berg	26.06.2020	Freitag	4	3	5	1	6	9	14	20	42	23	15	19	22	12	15	13	21	18	23	19	8	5	9	4	3
256	11282	St.Gallen Stadt Rosenb./Gr］berg	27.06.2020	Samstag	1	276	197	146	106	68	73	100	189	326	389	590	676	631	680	693	612	680	579	448	323	302	279	345	347
257	11282	St.Gallen Stadt Rosenb./Gr］berg	27.06.2020	Samstag	2	144	107	90	67	68	66	114	204	403	457	552	628	580	614	598	522	490	463	436	343	347	327	326	290
772	11282	St.Gallen Stadt Rosenb./Gr］berg	27.06.2020	Samstag	3	5	0	0	3	6	8	5	8	25	15	18	21	17	27	17	27	17	18	14	10	12	10	7	3
773	11282	St.Gallen Stadt Rosenb./Gr］berg	27.06.2020	Samstag	4	7	1	1	3	6	4	2	3	10	5	6	10	10	13	8	13	8	6	7	2	7	6	3	3
258	11282	St.Gallen Stadt Rosenb./Gr］berg	28.06.2020	Sonntag	1	328	265	179	147	89	67	54	77	152	207	285	317	367	417	486	463	469	447	413	401	380	238	173	93
259	11282	St.Gallen Stadt Rosenb./Gr］berg	28.06.2020	Sonntag	2	194	164	94	76	63	43	70	68	102	211	272	351	382	379	477	435	454	429	417	363	322	213	141	67
778	11282	St.Gallen Stadt Rosenb./Gr］berg	28.06.2020	Sonntag	3	6	4	3	5	5	8	7	8	12	13	13	10	12	15	19	23	27	18	19	18	11	5	6	6
779	11282	St.Gallen Stadt Rosenb./Gr］berg	28.06.2020	Sonntag	4	4	4	1	6	4	5	1	5	7	6	6	6	9	3	9	10	8	12	10	9	4	3	4	5
260	11282	St.Gallen Stadt Rosenb./Gr］berg	29.06.2020	Montag	1	51	42	25	25	48	94	338	566	549	520	606	730	565	635	738	771	891	983	685	531	410	353	241	108
261	11282	St.Gallen Stadt Rosenb./Gr］berg	29.06.2020	Montag	2	35	20	22	31	57	111	403	689	659	515	569	592	477	640	608	581	584	627	596	459	333	329	218	99
784	11282	St.Gallen Stadt Rosenb./Gr］berg	29.06.2020	Montag	3	0	4	0	4	18	15	26	83	62	33	31	25	30	31	35	29	29	35	35	16	7	12	4	2
785	11282	St.Gallen Stadt Rosenb./Gr］berg	29.06.2020	Montag	4	0	3	0	4	11	9	13	37	24	19	12	17	9	14	14	18	16	17	16	2	4	10	3	2
262	11282	St.Gallen Stadt Rosenb./Gr］berg	30.06.2020	Dienstag	1	56	43	23	29	44	97	323	527	550	542	619	686	580	672	715	766	841	979	767	534	413	401	283	146
263	11282	St.Gallen Stadt Rosenb./Gr］berg	30.06.2020	Dienstag	2	49	26	30	39	77	105	425	721	681	510	534	550	471	653	599	628	626	643	608	451	391	274	205	84
790	11282	St.Gallen Stadt Rosenb./Gr］berg	30.06.2020	Dienstag	3	2	1	1	5	13	11	45	78	58	22	22	23	19	52	34	36	35	41	38	14	11	8	5	2
791	11282	St.Gallen Stadt Rosenb./Gr］berg	30.06.2020	Dienstag	4	2	3	1	5	5	7	24	29	29	16	9	17	7	26	16	24	25	26	17	8	11	6	4	1
