LNR;ORT-ID;BEZEICHNUNG;DATUM;WOCHENTAG;RI;1;2;3;4;5;6;7;8;9;10;11;12;13;14;15;16;17;18;19;20;21;22;23;24
0;11050;St.Gallen Stadt Lerchental;01.01.2020;Mittwoch;1;3;0;0;1;0;1;1;3;4;1;2;3;1;2;5;5;4;6;7;1;1;0;1;0
1;11050;St.Gallen Stadt Lerchental;01.01.2020;Mittwoch;2;2;1;1;1;1;3;0;1;2;0;5;4;1;2;6;5;1;1;2;2;2;1;3;0
2;11050;St.Gallen Stadt Lerchental;02.01.2020;Donnerstag;1;0;0;1;0;3;3;6;10;32;31;57;56;56;36;45;61;56;49;31;18;5;4;2;1
3;11050;St.Gallen Stadt Lerchental;02.01.2020;Donnerstag;2;2;0;2;0;3;7;23;53;32;52;64;62;46;59;56;45;51;42;15;6;2;2;3;0
4;11050;St.Gallen Stadt Lerchental;03.01.2020;Freitag;1;0;1;0;0;0;0;7;10;19;27;56;72;66;40;65;76;72;68;28;11;9;1;2;1
5;11050;St.Gallen Stadt Lerchental;03.01.2020;Freitag;2;0;2;1;0;0;0;29;72;46;41;58;67;42;77;58;76;57;43;15;3;5;1;2;0
6;11050;St.Gallen Stadt Lerchental;04.01.2020;Samstag;1;1;0;0;3;0;3;4;6;10;30;39;48;54;49;47;52;44;23;5;5;4;2;1;2
7;11050;St.Gallen Stadt Lerchental;04.01.2020;Samstag;2;1;1;1;3;1;5;4;13;19;33;46;56;46;47;45;55;46;7;5;2;1;4;2;2
8;11050;St.Gallen Stadt Lerchental;05.01.2020;Sonntag;1;1;0;0;0;0;1;3;1;5;5;6;6;6;9;7;5;16;2;11;3;2;2;0;0
9;11050;St.Gallen Stadt Lerchental;05.01.2020;Sonntag;2;0;0;2;0;0;2;1;0;5;3;2;6;7;9;6;5;8;1;5;4;3;1;1;1
10;11050;St.Gallen Stadt Lerchental;06.01.2020;Montag;1;0;0;0;2;0;0;9;24;45;66;66;85;86;52;70;87;88;113;52;26;6;1;1;0
11;11050;St.Gallen Stadt Lerchental;06.01.2020;Montag;2;0;0;2;1;0;6;52;163;113;72;72;68;64;106;87;77;70;51;28;4;5;1;2;0
12;11050;St.Gallen Stadt Lerchental;07.01.2020;Dienstag;1;3;0;1;1;0;1;10;37;47;52;70;114;74;64;72;72;75;115;58;15;12;2;1;1
13;11050;St.Gallen Stadt Lerchental;07.01.2020;Dienstag;2;1;0;2;1;0;7;62;169;98;75;71;69;64;99;83;69;60;50;27;0;5;2;0;1
14;11050;St.Gallen Stadt Lerchental;08.01.2020;Mittwoch;1;0;0;1;1;1;0;9;33;52;61;50;86;71;43;70;63;81;121;48;24;4;0;1;5
15;11050;St.Gallen Stadt Lerchental;08.01.2020;Mittwoch;2;0;0;1;2;0;1;62;173;104;87;69;56;52;104;82;75;64;57;13;2;3;5;2;0
16;11050;St.Gallen Stadt Lerchental;09.01.2020;Donnerstag;1;0;0;0;1;1;1;14;43;60;63;89;113;69;49;69;96;89;120;61;27;5;3;1;0
17;11050;St.Gallen Stadt Lerchental;09.01.2020;Donnerstag;2;0;0;1;1;0;3;62;194;108;78;100;70;68;120;81;81;76;68;21;14;3;2;1;0
18;11050;St.Gallen Stadt Lerchental;10.01.2020;Freitag;1;0;0;1;1;1;2;7;35;52;68;71;88;86;61;72;62;100;97;46;17;2;2;4;1
19;11050;St.Gallen Stadt Lerchental;10.01.2020;Freitag;2;2;0;2;0;1;6;56;171;96;63;79;84;62;109;97;62;87;46;23;0;0;1;2;1
20;11050;St.Gallen Stadt Lerchental;11.01.2020;Samstag;1;0;0;1;1;0;1;0;6;20;29;61;65;57;56;52;53;74;28;8;1;2;3;1;0
21;11050;St.Gallen Stadt Lerchental;11.01.2020;Samstag;2;0;2;3;0;0;1;2;19;30;50;55;68;40;49;49;51;55;14;0;0;3;3;1;1
22;11050;St.Gallen Stadt Lerchental;12.01.2020;Sonntag;1;2;2;1;0;0;0;0;2;3;4;7;7;5;3;3;6;9;5;4;2;1;4;1;0
23;11050;St.Gallen Stadt Lerchental;12.01.2020;Sonntag;2;2;0;2;0;0;1;0;0;2;3;5;10;6;3;1;8;5;6;0;1;3;3;2;1
24;11050;St.Gallen Stadt Lerchental;13.01.2020;Montag;1;1;0;1;2;0;2;6;40;59;68;73;99;73;58;74;76;97;122;65;19;4;7;6;1
25;11050;St.Gallen Stadt Lerchental;13.01.2020;Montag;2;0;1;3;0;1;6;46;179;107;107;99;69;71;137;98;85;64;64;26;6;0;1;0;1
26;11050;St.Gallen Stadt Lerchental;14.01.2020;Dienstag;1;0;1;0;2;0;0;10;43;45;54;68;91;77;51;70;82;97;108;50;23;70;30;8;0
27;11050;St.Gallen Stadt Lerchental;14.01.2020;Dienstag;2;0;1;1;1;1;5;61;175;118;72;71;63;66;113;94;89;88;117;31;4;2;3;0;0
28;11050;St.Gallen Stadt Lerchental;15.01.2020;Mittwoch;1;0;0;0;0;2;2;7;37;58;64;64;82;70;40;68;77;98;98;61;19;5;4;1;0
29;11050;St.Gallen Stadt Lerchental;15.01.2020;Mittwoch;2;0;1;1;1;2;5;50;199;93;85;80;59;64;104;79;66;64;61;20;2;2;2;0;0
30;11050;St.Gallen Stadt Lerchental;16.01.2020;Donnerstag;1;0;0;1;1;0;1;13;42;80;73;80;109;80;64;69;83;113;132;70;20;4;3;2;0
31;11050;St.Gallen Stadt Lerchental;16.01.2020;Donnerstag;2;0;1;3;1;0;5;64;206;130;88;87;67;75;102;82;89;90;68;27;12;2;1;1;1
32;11050;St.Gallen Stadt Lerchental;17.01.2020;Freitag;1;1;1;0;0;1;1;11;28;64;65;82;105;70;71;61;88;82;95;47;19;3;2;1;1
33;11050;St.Gallen Stadt Lerchental;17.01.2020;Freitag;2;0;1;2;1;0;2;48;182;91;88;94;88;55;128;82;78;48;50;25;5;4;2;0;1
34;11050;St.Gallen Stadt Lerchental;18.01.2020;Samstag;1;3;0;3;0;1;1;4;7;16;37;56;70;45;50;69;62;59;21;6;4;4;2;1;1
35;11050;St.Gallen Stadt Lerchental;18.01.2020;Samstag;2;2;0;5;1;0;2;6;25;26;41;57;51;46;67;65;54;43;6;1;0;2;0;1;2
36;11050;St.Gallen Stadt Lerchental;19.01.2020;Sonntag;1;0;0;1;0;1;0;0;2;3;6;4;5;2;9;9;5;9;6;4;3;1;4;3;0
37;11050;St.Gallen Stadt Lerchental;19.01.2020;Sonntag;2;0;0;4;0;0;0;0;0;2;3;2;7;7;3;3;6;9;4;2;1;2;7;2;0
38;11050;St.Gallen Stadt Lerchental;20.01.2020;Montag;1;1;0;1;0;0;0;10;24;72;49;83;100;76;58;83;79;132;108;65;22;5;2;2;0
39;11050;St.Gallen Stadt Lerchental;20.01.2020;Montag;2;1;0;2;0;0;6;47;194;119;89;85;69;91;102;105;90;78;43;30;2;3;1;1;0
40;11050;St.Gallen Stadt Lerchental;21.01.2020;Dienstag;1;0;0;2;1;1;0;6;41;72;68;60;111;85;60;82;75;101;133;63;24;3;2;4;0
41;11050;St.Gallen Stadt Lerchental;21.01.2020;Dienstag;2;0;0;2;0;2;4;53;209;102;86;82;70;72;114;93;84;76;52;40;18;1;1;2;0
42;11050;St.Gallen Stadt Lerchental;22.01.2020;Mittwoch;1;0;0;2;1;2;1;7;40;58;49;71;91;71;54;63;77;90;118;62;26;8;3;6;0
43;11050;St.Gallen Stadt Lerchental;22.01.2020;Mittwoch;2;0;0;2;1;2;7;68;161;101;83;93;68;68;104;81;90;74;46;37;27;4;2;1;0
44;11050;St.Gallen Stadt Lerchental;23.01.2020;Donnerstag;1;0;0;2;0;1;4;12;46;52;71;67;97;72;54;75;73;102;101;68;35;29;10;4;1
45;11050;St.Gallen Stadt Lerchental;23.01.2020;Donnerstag;2;0;0;3;0;0;7;68;197;122;76;84;68;70;123;81;79;84;64;51;20;2;1;1;0
46;11050;St.Gallen Stadt Lerchental;24.01.2020;Freitag;1;0;0;3;0;2;1;11;35;70;51;77;89;75;67;77;77;94;94;48;15;5;1;0;2
47;11050;St.Gallen Stadt Lerchental;24.01.2020;Freitag;2;1;0;3;1;3;6;53;180;116;69;79;66;72;136;77;84;66;47;15;3;2;2;1;0
48;11050;St.Gallen Stadt Lerchental;25.01.2020;Samstag;1;3;1;1;0;1;0;2;7;16;31;61;72;47;41;43;60;57;24;7;2;8;6;1;1
49;11050;St.Gallen Stadt Lerchental;25.01.2020;Samstag;2;0;1;1;0;2;2;3;24;28;44;66;67;34;50;53;44;52;12;3;2;2;5;3;0
50;11050;St.Gallen Stadt Lerchental;26.01.2020;Sonntag;1;0;1;0;3;0;1;2;0;2;3;5;6;7;13;3;20;8;9;3;4;0;2;0;1
51;11050;St.Gallen Stadt Lerchental;26.01.2020;Sonntag;2;0;0;0;5;1;1;1;1;3;13;9;6;6;3;6;13;4;2;3;1;3;0;1;1
52;11050;St.Gallen Stadt Lerchental;27.01.2020;Montag;1;0;0;0;0;0;2;9;29;58;60;63;95;79;58;76;70;91;101;54;11;5;5;1;1
53;11050;St.Gallen Stadt Lerchental;27.01.2020;Montag;2;0;1;2;0;1;4;54;161;88;79;94;67;75;96;89;77;63;63;24;7;1;3;1;0
54;11050;St.Gallen Stadt Lerchental;28.01.2020;Dienstag;1;0;1;1;1;0;2;12;32;47;48;62;76;53;41;62;82;70;106;54;13;11;0;5;0
55;11050;St.Gallen Stadt Lerchental;28.01.2020;Dienstag;2;0;1;0;1;1;5;51;156;82;61;73;50;56;81;76;73;59;53;23;5;6;1;2;0
56;11050;St.Gallen Stadt Lerchental;29.01.2020;Mittwoch;1;1;1;0;2;2;4;8;39;52;55;60;80;80;51;60;65;81;104;63;43;2;3;0;0
57;11050;St.Gallen Stadt Lerchental;29.01.2020;Mittwoch;2;0;1;1;0;4;5;51;148;94;69;68;60;57;103;72;87;66;55;32;8;0;2;0;0
58;11050;St.Gallen Stadt Lerchental;30.01.2020;Donnerstag;1;0;0;1;0;0;2;12;34;53;75;75;83;66;53;57;67;88;110;61;18;19;3;1;0
59;11050;St.Gallen Stadt Lerchental;30.01.2020;Donnerstag;2;0;1;3;0;1;5;58;175;118;60;92;69;61;101;75;62;72;54;25;14;5;2;0;0
60;11050;St.Gallen Stadt Lerchental;31.01.2020;Freitag;1;1;1;0;1;0;0;10;32;41;61;66;95;65;64;58;64;84;89;49;9;3;0;2;1
61;11050;St.Gallen Stadt Lerchental;31.01.2020;Freitag;2;1;1;1;0;1;4;52;155;81;65;71;84;59;102;73;72;57;54;26;2;0;2;0;1
62;11050;St.Gallen Stadt Lerchental;01.02.2020;Samstag;1;0;0;1;1;0;0;2;7;12;29;52;63;47;54;65;63;50;25;7;3;4;5;0;1
63;11050;St.Gallen Stadt Lerchental;01.02.2020;Samstag;2;0;2;3;1;1;1;6;19;26;29;62;53;52;56;55;53;42;6;1;5;2;6;1;2
64;11050;St.Gallen Stadt Lerchental;02.02.2020;Sonntag;1;1;0;0;0;1;0;1;0;4;4;7;5;4;8;6;13;9;8;0;2;3;1;1;0
65;11050;St.Gallen Stadt Lerchental;02.02.2020;Sonntag;2;0;0;2;0;2;0;1;1;3;2;9;3;5;7;9;9;7;6;2;3;2;0;1;0
66;11050;St.Gallen Stadt Lerchental;03.02.2020;Montag;1;1;2;0;0;1;0;14;24;58;60;81;101;78;57;78;68;98;106;54;25;5;3;2;0
67;11050;St.Gallen Stadt Lerchental;03.02.2020;Montag;2;2;0;1;0;1;2;57;169;108;62;79;72;76;121;87;69;89;41;17;7;5;1;0;0
68;11050;St.Gallen Stadt Lerchental;04.02.2020;Dienstag;1;2;1;0;0;1;1;9;35;61;73;67;97;86;57;83;91;84;123;70;16;4;2;0;0
69;11050;St.Gallen Stadt Lerchental;04.02.2020;Dienstag;2;1;0;1;0;1;3;64;189;112;86;67;61;81;126;110;82;73;49;24;4;2;2;0;0
70;11050;St.Gallen Stadt Lerchental;05.02.2020;Mittwoch;1;0;3;0;2;2;2;8;35;45;46;79;99;73;64;61;74;87;114;57;21;2;6;5;1
71;11050;St.Gallen Stadt Lerchental;05.02.2020;Mittwoch;2;0;2;1;1;1;7;54;168;97;75;94;61;64;123;84;70;70;60;28;7;0;5;0;0
72;11050;St.Gallen Stadt Lerchental;06.02.2020;Donnerstag;1;1;1;1;1;0;2;8;43;77;73;95;109;76;61;81;105;112;109;62;31;7;2;1;1
73;11050;St.Gallen Stadt Lerchental;06.02.2020;Donnerstag;2;3;1;2;1;0;5;54;182;122;93;101;70;89;103;90;102;79;61;27;13;2;4;1;1
74;11050;St.Gallen Stadt Lerchental;07.02.2020;Freitag;1;0;1;1;1;1;1;9;37;53;76;65;97;76;54;63;74;99;108;42;10;2;3;2;3
75;11050;St.Gallen Stadt Lerchental;07.02.2020;Freitag;2;0;1;2;0;1;5;56;172;96;95;87;83;72;103;98;77;76;48;23;3;5;4;2;2
76;11050;St.Gallen Stadt Lerchental;08.02.2020;Samstag;1;1;1;0;2;0;0;5;11;24;37;73;58;58;53;63;49;65;17;11;2;0;10;2;0
77;11050;St.Gallen Stadt Lerchental;08.02.2020;Samstag;2;1;1;1;2;0;3;9;22;38;49;69;50;61;48;53;49;40;11;5;1;0;2;3;1
78;11050;St.Gallen Stadt Lerchental;09.02.2020;Sonntag;1;3;0;0;2;2;0;2;0;3;4;15;5;3;7;7;9;11;6;7;7;0;1;1;0
79;11050;St.Gallen Stadt Lerchental;09.02.2020;Sonntag;2;3;0;1;1;1;0;0;2;6;5;10;3;7;7;9;7;3;4;6;1;2;0;2;0
80;11050;St.Gallen Stadt Lerchental;10.02.2020;Montag;1;0;2;0;0;0;1;11;36;76;58;70;88;63;54;62;66;116;120;64;11;6;3;0;0
81;11050;St.Gallen Stadt Lerchental;10.02.2020;Montag;2;0;2;0;0;1;5;57;183;115;64;75;66;65;98;75;85;71;65;23;4;2;0;0;0
82;11050;St.Gallen Stadt Lerchental;11.02.2020;Dienstag;1;1;0;1;1;0;3;10;59;57;48;70;93;89;56;65;80;105;115;55;24;7;1;0;1
83;11050;St.Gallen Stadt Lerchental;11.02.2020;Dienstag;2;3;0;0;1;1;4;67;197;115;60;80;77;74;103;80;88;89;56;26;10;3;2;1;0
84;11050;St.Gallen Stadt Lerchental;12.02.2020;Mittwoch;1;1;0;0;1;3;0;17;41;53;51;68;76;71;53;72;61;100;95;61;14;6;4;2;0
85;11050;St.Gallen Stadt Lerchental;12.02.2020;Mittwoch;2;1;0;1;1;0;2;67;176;107;62;71;61;63;129;87;85;69;45;29;4;3;0;1;0
86;11050;St.Gallen Stadt Lerchental;13.02.2020;Donnerstag;1;1;0;1;0;0;2;7;32;65;77;56;121;66;48;81;74;114;123;57;22;7;1;0;0
87;11050;St.Gallen Stadt Lerchental;13.02.2020;Donnerstag;2;2;0;2;0;4;3;70;174;111;89;85;71;71;98;86;77;69;63;34;11;3;3;1;0
88;11050;St.Gallen Stadt Lerchental;14.02.2020;Freitag;1;7;0;1;1;0;1;5;34;59;57;81;88;69;57;99;78;84;83;58;10;9;4;2;0
89;11050;St.Gallen Stadt Lerchental;14.02.2020;Freitag;2;7;0;2;1;1;4;66;180;94;92;83;68;70;101;103;82;68;51;23;5;6;4;1;4
90;11050;St.Gallen Stadt Lerchental;15.02.2020;Samstag;1;1;0;3;0;0;2;1;10;19;41;49;76;45;40;47;52;49;10;9;2;1;2;2;0
91;11050;St.Gallen Stadt Lerchental;15.02.2020;Samstag;2;0;1;2;1;0;2;3;20;35;36;65;66;42;49;47;55;34;8;4;2;0;4;2;0
92;11050;St.Gallen Stadt Lerchental;16.02.2020;Sonntag;1;0;0;0;1;0;0;2;1;2;3;9;5;11;5;11;8;9;8;9;2;2;2;1;0
93;11050;St.Gallen Stadt Lerchental;16.02.2020;Sonntag;2;1;0;0;1;0;0;4;1;1;8;10;6;6;7;10;10;3;3;4;1;1;0;0;1
94;11050;St.Gallen Stadt Lerchental;17.02.2020;Montag;1;1;0;0;1;0;2;7;48;66;69;80;101;64;114;68;91;99;113;62;8;11;1;3;5
95;11050;St.Gallen Stadt Lerchental;17.02.2020;Montag;2;2;0;0;0;1;4;62;206;116;92;91;67;86;114;89;86;61;45;30;10;1;3;0;3
96;11050;St.Gallen Stadt Lerchental;18.02.2020;Dienstag;1;1;0;0;1;1;0;14;47;64;59;83;95;75;119;66;84;95;134;65;21;8;5;0;0
97;11050;St.Gallen Stadt Lerchental;18.02.2020;Dienstag;2;3;1;0;1;1;4;64;189;120;80;81;68;69;102;89;77;87;58;33;4;1;2;0;0
98;11050;St.Gallen Stadt Lerchental;19.02.2020;Mittwoch;1;1;0;0;1;1;2;9;55;63;61;96;102;79;58;88;87;98;120;66;18;4;2;3;1
99;11050;St.Gallen Stadt Lerchental;19.02.2020;Mittwoch;2;1;1;1;1;4;4;70;196;129;90;81;66;89;119;83;80;84;49;33;7;0;1;1;1
100;11050;St.Gallen Stadt Lerchental;20.02.2020;Donnerstag;1;1;1;1;3;0;3;10;49;75;65;102;102;81;61;76;75;106;119;57;35;11;11;2;0
101;11050;St.Gallen Stadt Lerchental;20.02.2020;Donnerstag;2;1;4;1;3;0;6;71;213;121;80;101;90;86;118;91;106;91;51;32;22;3;3;2;0
102;11050;St.Gallen Stadt Lerchental;21.02.2020;Freitag;1;1;0;0;0;2;2;14;51;49;71;81;101;75;57;71;71;112;98;58;7;5;6;3;3
103;11050;St.Gallen Stadt Lerchental;21.02.2020;Freitag;2;1;1;0;1;1;4;62;178;86;81;89;68;71;111;91;84;75;63;30;4;5;0;2;5
104;11050;St.Gallen Stadt Lerchental;22.02.2020;Samstag;1;2;0;2;1;0;0;4;8;27;36;54;57;53;46;38;49;49;19;12;6;5;6;1;0
105;11050;St.Gallen Stadt Lerchental;22.02.2020;Samstag;2;1;0;1;1;0;5;6;22;41;56;65;59;52;49;36;57;45;6;6;4;3;1;1;2
106;11050;St.Gallen Stadt Lerchental;23.02.2020;Sonntag;1;2;2;1;0;9;0;1;5;2;2;7;10;15;6;9;9;7;8;5;1;1;3;3;0
107;11050;St.Gallen Stadt Lerchental;23.02.2020;Sonntag;2;0;0;0;2;4;0;2;1;2;4;7;9;4;9;7;3;4;3;1;2;3;2;0;2
108;11050;St.Gallen Stadt Lerchental;24.02.2020;Montag;1;3;0;0;0;1;1;12;44;64;75;82;108;64;64;86;75;102;130;81;13;9;4;0;1
109;11050;St.Gallen Stadt Lerchental;24.02.2020;Montag;2;1;0;0;0;0;3;61;206;113;100;81;86;63;122;94;84;97;64;31;5;3;0;0;1
110;11050;St.Gallen Stadt Lerchental;25.02.2020;Dienstag;1;1;0;2;0;2;4;10;49;68;78;99;91;70;69;85;94;118;109;57;30;8;3;2;0
111;11050;St.Gallen Stadt Lerchental;25.02.2020;Dienstag;2;1;0;1;0;5;7;65;187;123;95;98;53;70;109;114;97;82;67;31;4;3;3;2;0
112;11050;St.Gallen Stadt Lerchental;26.02.2020;Mittwoch;1;2;0;0;1;2;1;10;44;61;60;61;105;71;50;68;76;88;115;71;18;4;9;1;0
113;11050;St.Gallen Stadt Lerchental;26.02.2020;Mittwoch;2;1;0;1;1;1;5;67;180;107;74;91;81;73;125;74;80;72;50;31;4;4;1;1;0
114;11050;St.Gallen Stadt Lerchental;27.02.2020;Donnerstag;1;1;0;0;0;1;4;9;58;62;76;84;95;64;55;69;76;102;123;61;38;10;1;2;0
115;11050;St.Gallen Stadt Lerchental;27.02.2020;Donnerstag;2;1;0;1;0;1;9;85;208;120;92;106;69;83;118;77;68;104;67;26;12;4;0;0;0
116;11050;St.Gallen Stadt Lerchental;28.02.2020;Freitag;1;2;0;1;0;2;1;10;62;55;61;71;93;63;66;88;86;96;97;49;15;3;0;1;5
117;11050;St.Gallen Stadt Lerchental;28.02.2020;Freitag;2;2;0;1;0;4;1;66;171;96;81;69;67;63;113;95;78;73;49;28;6;0;0;4;1
118;11050;St.Gallen Stadt Lerchental;29.02.2020;Samstag;1;3;0;0;1;0;1;2;16;26;43;81;71;56;175;50;63;62;27;4;2;0;3;6;0
119;11050;St.Gallen Stadt Lerchental;29.02.2020;Samstag;2;2;0;3;0;0;2;3;27;40;62;72;64;55;48;56;39;48;15;0;0;2;2;4;0
120;11050;St.Gallen Stadt Lerchental;01.03.2020;Sonntag;1;0;1;0;0;0;0;0;0;5;3;9;3;4;6;14;6;8;15;6;2;4;1;2;0
121;11050;St.Gallen Stadt Lerchental;01.03.2020;Sonntag;2;0;1;0;0;1;0;0;0;4;7;3;9;5;2;11;7;9;4;4;5;0;1;3;0
122;11050;St.Gallen Stadt Lerchental;02.03.2020;Montag;1;2;0;0;0;0;1;11;41;75;93;87;103;76;63;64;92;92;125;54;16;4;7;1;1
123;11050;St.Gallen Stadt Lerchental;02.03.2020;Montag;2;1;0;0;0;0;9;73;208;122;106;99;73;87;121;72;72;85;58;33;7;2;0;0;0
124;11050;St.Gallen Stadt Lerchental;03.03.2020;Dienstag;1;3;0;0;0;0;4;9;42;58;70;80;109;70;54;68;78;102;116;49;19;3;2;6;1
125;11050;St.Gallen Stadt Lerchental;03.03.2020;Dienstag;2;1;0;0;0;2;6;65;209;88;73;96;64;73;111;74;69;87;43;29;4;1;0;2;1
126;11050;St.Gallen Stadt Lerchental;04.03.2020;Mittwoch;1;3;1;0;0;0;2;8;43;75;70;82;111;74;67;66;70;119;108;52;14;8;1;2;1
127;11050;St.Gallen Stadt Lerchental;04.03.2020;Mittwoch;2;1;0;0;1;1;5;76;210;121;83;89;79;89;125;72;88;74;51;27;3;3;4;1;1
128;11050;St.Gallen Stadt Lerchental;05.03.2020;Donnerstag;1;1;0;0;0;0;3;11;123;75;78;91;104;63;77;73;83;110;112;68;40;7;10;3;2
129;11050;St.Gallen Stadt Lerchental;05.03.2020;Donnerstag;2;1;0;0;1;0;10;78;236;117;83;98;82;93;100;102;92;77;64;39;24;3;1;1;0
130;11050;St.Gallen Stadt Lerchental;06.03.2020;Freitag;1;2;0;0;1;1;2;10;48;63;51;74;99;67;88;78;71;94;86;42;14;5;10;3;1
131;11050;St.Gallen Stadt Lerchental;06.03.2020;Freitag;2;2;0;1;1;1;3;59;172;99;71;83;73;80;136;86;91;63;47;21;8;1;1;3;2
132;11050;St.Gallen Stadt Lerchental;07.03.2020;Samstag;1;1;0;0;1;0;1;3;13;30;44;81;69;50;57;59;52;49;17;10;2;0;7;6;0
133;11050;St.Gallen Stadt Lerchental;07.03.2020;Samstag;2;0;0;2;3;0;3;4;44;46;55;73;74;38;64;60;59;40;13;5;4;2;4;1;0
134;11050;St.Gallen Stadt Lerchental;08.03.2020;Sonntag;1;5;2;2;0;0;1;3;1;6;3;7;12;8;10;8;9;9;18;3;3;1;3;1;0
135;11050;St.Gallen Stadt Lerchental;08.03.2020;Sonntag;2;3;4;2;2;0;0;0;1;4;4;7;6;6;10;9;7;3;7;5;1;2;2;2;1
136;11050;St.Gallen Stadt Lerchental;09.03.2020;Montag;1;5;0;0;0;0;2;16;33;69;71;74;109;59;56;74;84;85;130;53;15;8;0;4;1
137;11050;St.Gallen Stadt Lerchental;09.03.2020;Montag;2;2;0;1;0;1;3;60;191;110;86;75;63;60;111;93;77;85;60;37;7;5;1;1;0
138;11050;St.Gallen Stadt Lerchental;10.03.2020;Dienstag;1;2;1;1;0;1;2;13;39;49;67;82;88;63;51;57;57;90;113;66;16;3;4;1;1
139;11050;St.Gallen Stadt Lerchental;10.03.2020;Dienstag;2;2;1;1;1;1;7;73;184;100;86;84;64;70;121;79;59;71;68;32;9;3;1;2;0
140;11050;St.Gallen Stadt Lerchental;11.03.2020;Mittwoch;1;4;1;1;0;2;0;11;44;62;52;61;109;74;60;75;75;99;117;71;19;6;7;2;1
141;11050;St.Gallen Stadt Lerchental;11.03.2020;Mittwoch;2;1;0;0;0;0;5;62;188;95;66;86;83;86;111;87;74;83;60;39;8;2;2;0;1
142;11050;St.Gallen Stadt Lerchental;12.03.2020;Donnerstag;1;2;0;1;1;0;1;13;40;76;72;93;95;88;69;89;83;122;143;69;31;8;3;6;0
143;11050;St.Gallen Stadt Lerchental;12.03.2020;Donnerstag;2;1;0;0;1;0;7;72;203;126;101;100;72;94;105;102;85;106;77;46;26;1;2;2;0
144;11050;St.Gallen Stadt Lerchental;13.03.2020;Freitag;1;4;0;2;0;0;2;15;36;61;70;84;138;80;85;125;96;125;155;107;29;2;3;0;4
145;11050;St.Gallen Stadt Lerchental;13.03.2020;Freitag;2;1;1;1;0;1;5;67;203;99;102;108;83;86;122;95;107;124;94;66;15;6;3;1;2
146;11050;St.Gallen Stadt Lerchental;14.03.2020;Samstag;1;0;1;0;0;0;0;4;23;66;82;91;79;90;81;72;66;53;23;7;5;1;4;1;0
147;11050;St.Gallen Stadt Lerchental;14.03.2020;Samstag;2;1;5;1;1;0;3;14;47;85;66;88;82;83;71;58;53;35;14;3;1;0;2;0;0
148;11050;St.Gallen Stadt Lerchental;15.03.2020;Sonntag;1;0;0;0;0;0;0;0;0;4;5;7;5;7;8;7;16;6;13;11;6;4;3;0;0
149;11050;St.Gallen Stadt Lerchental;15.03.2020;Sonntag;2;0;0;2;0;0;0;0;1;6;7;5;7;4;10;10;7;6;6;6;6;2;2;0;1
150;11050;St.Gallen Stadt Lerchental;16.03.2020;Montag;1;0;1;0;0;0;0;16;55;87;104;105;130;114;81;102;104;111;140;70;19;6;2;5;1
151;11050;St.Gallen Stadt Lerchental;16.03.2020;Montag;2;0;1;1;0;1;5;70;219;129;130;124;101;115;135;119;89;91;85;48;11;4;2;1;1
152;11050;St.Gallen Stadt Lerchental;17.03.2020;Dienstag;1;0;0;1;0;0;0;14;41;58;76;87;87;70;57;76;78;86;94;67;17;7;1;0;1
153;11050;St.Gallen Stadt Lerchental;17.03.2020;Dienstag;2;2;0;1;1;0;7;66;156;101;85;97;71;68;97;75;81;81;55;38;7;1;0;2;0
154;11050;St.Gallen Stadt Lerchental;18.03.2020;Mittwoch;1;1;0;0;0;1;1;11;47;54;59;67;104;75;62;71;65;75;97;48;16;8;5;0;0
155;11050;St.Gallen Stadt Lerchental;18.03.2020;Mittwoch;2;1;0;1;1;4;6;56;136;92;70;89;87;55;84;76;69;70;50;27;3;6;1;0;0
156;11050;St.Gallen Stadt Lerchental;19.03.2020;Donnerstag;1;0;2;2;0;0;2;8;35;79;84;88;89;69;68;82;88;89;90;60;20;5;3;5;0
157;11050;St.Gallen Stadt Lerchental;19.03.2020;Donnerstag;2;0;1;3;0;4;4;63;147;114;82;90;74;68;98;82;82;84;55;31;14;3;0;1;0
158;11050;St.Gallen Stadt Lerchental;20.03.2020;Freitag;1;2;0;1;0;0;1;16;38;81;51;87;92;75;71;76;72;78;70;55;22;4;1;0;1
159;11050;St.Gallen Stadt Lerchental;20.03.2020;Freitag;2;1;0;1;1;4;9;59;129;111;50;100;81;71;101;83;77;67;50;29;2;1;0;0;0
160;11050;St.Gallen Stadt Lerchental;21.03.2020;Samstag;1;1;1;0;1;0;1;0;17;34;61;56;60;49;63;55;43;40;15;2;5;3;0;1;1
161;11050;St.Gallen Stadt Lerchental;21.03.2020;Samstag;2;1;2;0;1;0;6;3;30;45;59;58;54;49;43;48;37;20;5;4;2;0;2;1;1
162;11050;St.Gallen Stadt Lerchental;22.03.2020;Sonntag;1;0;0;0;0;0;0;0;1;3;3;5;6;6;4;8;4;14;11;4;5;1;1;2;0
163;11050;St.Gallen Stadt Lerchental;22.03.2020;Sonntag;2;0;0;1;0;0;0;0;1;2;2;6;6;7;4;10;6;11;9;5;4;1;2;1;0
164;11050;St.Gallen Stadt Lerchental;23.03.2020;Montag;1;1;0;0;0;0;0;10;34;66;66;75;75;66;92;69;54;75;86;54;14;2;2;1;0
165;11050;St.Gallen Stadt Lerchental;23.03.2020;Montag;2;1;0;0;0;3;7;52;141;84;85;72;63;74;79;70;70;56;52;22;5;1;0;2;0
166;11050;St.Gallen Stadt Lerchental;24.03.2020;Dienstag;1;2;1;2;1;0;0;16;30;43;56;56;84;52;57;51;60;67;90;48;10;3;2;1;1
167;11050;St.Gallen Stadt Lerchental;24.03.2020;Dienstag;2;1;0;2;1;2;6;53;130;70;66;67;74;44;74;53;66;57;52;28;3;1;0;1;0
168;11050;St.Gallen Stadt Lerchental;25.03.2020;Mittwoch;1;0;3;1;2;1;1;9;32;49;53;66;85;62;59;56;62;77;77;45;11;3;6;0;0
169;11050;St.Gallen Stadt Lerchental;25.03.2020;Mittwoch;2;1;0;4;0;4;5;55;120;84;68;99;66;57;87;72;68;72;41;21;1;6;2;0;1
170;11050;St.Gallen Stadt Lerchental;26.03.2020;Donnerstag;1;3;0;0;0;1;1;10;25;67;71;78;84;63;66;58;70;60;88;56;23;5;3;3;0
171;11050;St.Gallen Stadt Lerchental;26.03.2020;Donnerstag;2;1;1;1;1;2;7;55;133;95;81;73;74;66;72;87;72;58;59;29;15;3;0;2;0
172;11050;St.Gallen Stadt Lerchental;27.03.2020;Freitag;1;2;0;0;1;0;3;10;37;52;53;71;77;71;64;73;73;76;88;38;22;2;4;1;0
173;11050;St.Gallen Stadt Lerchental;27.03.2020;Freitag;2;1;1;0;1;1;8;65;124;75;66;68;71;60;84;70;79;63;45;21;5;2;2;3;0
174;11050;St.Gallen Stadt Lerchental;28.03.2020;Samstag;1;2;0;2;0;0;0;1;20;42;52;73;78;58;49;39;51;38;23;4;5;0;5;0;2
175;11050;St.Gallen Stadt Lerchental;28.03.2020;Samstag;2;1;1;2;0;0;3;6;42;55;56;68;65;39;38;45;39;35;17;6;1;1;3;2;1
176;11050;St.Gallen Stadt Lerchental;29.03.2020;Sonntag;1;0;0;1;0;0;0;0;1;3;3;6;11;9;8;7;6;8;11;2;2;2;2;2;0
177;11050;St.Gallen Stadt Lerchental;29.03.2020;Sonntag;2;2;0;0;1;0;0;0;1;3;6;6;7;0;7;7;5;8;4;3;1;1;2;2;0
178;11050;St.Gallen Stadt Lerchental;30.03.2020;Montag;1;0;0;0;2;2;1;6;34;39;64;61;75;59;130;66;62;57;67;51;16;6;5;1;0
179;11050;St.Gallen Stadt Lerchental;30.03.2020;Montag;2;3;0;1;2;3;8;44;119;75;74;64;73;59;82;68;57;51;37;30;5;1;2;0;0
180;11050;St.Gallen Stadt Lerchental;31.03.2020;Dienstag;1;1;0;0;0;0;1;8;48;47;47;57;76;55;82;79;53;80;74;48;18;6;3;1;1
181;11050;St.Gallen Stadt Lerchental;31.03.2020;Dienstag;2;1;0;1;1;3;4;55;124;72;61;77;57;56;87;76;51;67;37;31;12;0;0;1;0
182;11050;St.Gallen Stadt Lerchental;01.04.2020;Mittwoch;1;2;0;0;1;1;0;11;22;38;60;63;68;61;70;60;54;75;103;50;16;9;3;2;0
183;11050;St.Gallen Stadt Lerchental;01.04.2020;Mittwoch;2;2;0;1;1;4;7;60;107;81;67;65;53;64;94;66;56;66;51;23;5;4;1;0;0
184;11050;St.Gallen Stadt Lerchental;02.04.2020;Donnerstag;1;3;0;1;0;1;2;14;29;41;73;55;76;59;75;59;62;93;102;46;31;10;2;0;0
185;11050;St.Gallen Stadt Lerchental;02.04.2020;Donnerstag;2;2;0;2;0;4;8;52;131;75;78;76;68;65;95;76;64;64;51;32;5;7;1;0;0
186;11050;St.Gallen Stadt Lerchental;03.04.2020;Freitag;1;5;0;0;0;0;2;10;30;45;71;76;128;73;85;83;83;83;81;64;11;10;2;2;1
187;11050;St.Gallen Stadt Lerchental;03.04.2020;Freitag;2;4;0;1;1;3;9;53;102;79;85;76;75;74;94;90;76;76;53;24;3;8;2;2;1
188;11050;St.Gallen Stadt Lerchental;04.04.2020;Samstag;1;2;0;1;0;0;1;4;13;37;47;47;65;63;60;48;45;56;17;6;4;3;3;1;1
189;11050;St.Gallen Stadt Lerchental;04.04.2020;Samstag;2;3;0;2;0;1;3;6;36;46;54;57;69;56;58;46;46;41;3;8;2;3;4;2;1
190;11050;St.Gallen Stadt Lerchental;05.04.2020;Sonntag;1;0;0;0;0;0;0;3;2;3;3;5;8;5;5;6;11;10;4;5;12;1;1;0;0
191;11050;St.Gallen Stadt Lerchental;05.04.2020;Sonntag;2;0;0;0;0;0;0;0;2;4;4;7;6;8;4;7;6;7;5;9;5;1;2;0;0
192;11050;St.Gallen Stadt Lerchental;06.04.2020;Montag;1;3;0;0;0;0;1;10;36;64;70;94;88;65;66;92;57;107;93;57;14;9;7;1;0
193;11050;St.Gallen Stadt Lerchental;06.04.2020;Montag;2;1;0;0;0;3;5;56;117;100;83;87;76;53;87;74;57;83;69;29;5;4;3;1;0
194;11050;St.Gallen Stadt Lerchental;07.04.2020;Dienstag;1;1;0;1;0;1;1;10;61;58;51;71;175;71;70;58;69;110;95;54;11;4;3;1;0
195;11050;St.Gallen Stadt Lerchental;07.04.2020;Dienstag;2;1;1;0;1;0;6;74;115;92;77;69;85;70;96;78;77;81;52;26;6;1;2;4;1
196;11050;St.Gallen Stadt Lerchental;08.04.2020;Mittwoch;1;1;0;0;0;0;0;10;33;55;69;84;94;72;63;57;60;97;106;60;14;9;1;2;0
197;11050;St.Gallen Stadt Lerchental;08.04.2020;Mittwoch;2;1;1;0;0;1;6;54;110;87;98;92;96;84;82;68;77;64;65;32;7;9;1;3;0
198;11050;St.Gallen Stadt Lerchental;09.04.2020;Donnerstag;1;0;0;1;0;0;2;6;55;82;95;92;99;78;81;90;98;112;85;38;11;4;1;1;0
199;11050;St.Gallen Stadt Lerchental;09.04.2020;Donnerstag;2;0;0;0;1;0;7;59;136;109;100;100;93;75;103;103;110;82;39;20;9;3;3;1;0
200;11050;St.Gallen Stadt Lerchental;10.04.2020;Freitag;1;1;0;1;0;0;0;4;2;1;5;1;8;5;8;8;8;8;9;11;9;5;2;2;0
201;11050;St.Gallen Stadt Lerchental;10.04.2020;Freitag;2;1;0;1;0;0;0;2;3;4;5;9;5;7;6;11;4;3;8;5;4;4;2;1;0
202;11050;St.Gallen Stadt Lerchental;11.04.2020;Samstag;1;0;2;0;0;0;0;2;14;40;63;91;85;69;56;63;55;40;19;6;5;1;4;1;2
203;11050;St.Gallen Stadt Lerchental;11.04.2020;Samstag;2;0;2;0;0;0;2;5;36;65;65;80;88;65;58;50;41;27;8;6;5;5;4;0;0
204;11050;St.Gallen Stadt Lerchental;12.04.2020;Sonntag;1;1;2;0;0;0;0;2;3;3;1;5;2;5;4;7;8;5;4;5;7;4;0;2;1
205;11050;St.Gallen Stadt Lerchental;12.04.2020;Sonntag;2;2;0;0;0;0;0;2;4;5;1;8;3;4;10;6;4;5;3;4;1;1;1;2;0
206;11050;St.Gallen Stadt Lerchental;13.04.2020;Montag;1;0;0;0;0;0;0;1;0;4;6;6;12;7;5;7;11;12;18;5;6;3;0;1;0
207;11050;St.Gallen Stadt Lerchental;13.04.2020;Montag;2;0;0;0;0;0;1;3;2;5;7;8;7;4;10;10;10;4;3;5;7;2;0;2;1
208;11050;St.Gallen Stadt Lerchental;14.04.2020;Dienstag;1;1;0;0;0;0;1;9;33;61;76;66;113;87;56;83;78;86;113;60;23;9;0;1;2
209;11050;St.Gallen Stadt Lerchental;14.04.2020;Dienstag;2;1;0;0;0;0;3;64;134;84;85;75;87;74;104;81;79;77;65;38;7;4;0;2;2
210;11050;St.Gallen Stadt Lerchental;15.04.2020;Mittwoch;1;3;0;0;0;0;2;7;38;74;67;66;112;70;64;76;68;76;86;53;12;6;2;2;3
211;11050;St.Gallen Stadt Lerchental;15.04.2020;Mittwoch;2;2;0;0;0;0;6;72;125;69;82;69;57;64;88;88;74;73;91;47;3;2;1;1;0
212;11050;St.Gallen Stadt Lerchental;16.04.2020;Donnerstag;1;1;0;1;0;2;1;12;41;65;77;80;96;81;61;85;87;91;110;52;30;7;2;2;0
213;11050;St.Gallen Stadt Lerchental;16.04.2020;Donnerstag;2;1;0;2;0;2;4;72;129;90;95;70;93;58;89;100;77;78;71;33;17;7;2;2;1
214;11050;St.Gallen Stadt Lerchental;17.04.2020;Freitag;1;3;0;0;2;1;2;13;40;48;60;73;91;70;73;81;62;90;85;60;10;11;3;5;0
215;11050;St.Gallen Stadt Lerchental;17.04.2020;Freitag;2;1;0;0;1;0;5;56;116;88;73;88;81;76;98;90;75;79;47;27;5;3;4;2;0
216;11050;St.Gallen Stadt Lerchental;18.04.2020;Samstag;1;0;1;0;1;0;1;4;17;32;51;54;56;70;60;58;55;59;28;13;7;6;2;1;2
217;11050;St.Gallen Stadt Lerchental;18.04.2020;Samstag;2;2;0;0;2;0;0;5;27;57;50;57;57;47;56;58;52;47;14;6;4;2;2;0;1
218;11050;St.Gallen Stadt Lerchental;19.04.2020;Sonntag;1;0;0;0;0;0;0;2;2;4;4;4;9;7;6;10;8;15;12;9;7;5;2;4;0
219;11050;St.Gallen Stadt Lerchental;19.04.2020;Sonntag;2;0;1;0;0;0;0;1;3;3;7;7;6;4;13;10;11;9;7;4;4;6;5;0;0
220;11050;St.Gallen Stadt Lerchental;20.04.2020;Montag;1;2;0;0;1;2;2;8;38;45;68;69;102;63;142;68;72;76;105;61;29;5;0;2;1
221;11050;St.Gallen Stadt Lerchental;20.04.2020;Montag;2;1;1;0;1;1;6;67;133;86;79;67;91;66;87;78;67;81;56;24;12;6;2;1;1
222;11050;St.Gallen Stadt Lerchental;21.04.2020;Dienstag;1;4;0;0;1;0;1;11;30;47;52;59;86;77;60;76;73;96;97;59;29;10;0;1;6
223;11050;St.Gallen Stadt Lerchental;21.04.2020;Dienstag;2;1;0;0;3;1;5;72;122;82;71;75;77;63;109;83;82;86;44;31;13;1;0;0;1
224;11050;St.Gallen Stadt Lerchental;22.04.2020;Mittwoch;1;3;0;0;1;0;2;15;43;67;63;75;100;68;55;75;60;86;97;67;10;11;4;6;1
225;11050;St.Gallen Stadt Lerchental;22.04.2020;Mittwoch;2;1;0;0;1;5;4;81;123;105;73;87;90;65;83;74;71;77;60;25;11;6;5;5;4
226;11050;St.Gallen Stadt Lerchental;23.04.2020;Donnerstag;1;6;0;0;0;1;2;12;46;77;83;66;100;83;80;84;84;99;112;59;39;17;4;2;1
227;11050;St.Gallen Stadt Lerchental;23.04.2020;Donnerstag;2;3;2;1;2;1;3;78;169;112;90;87;73;64;117;109;81;88;56;44;18;7;2;1;4
228;11050;St.Gallen Stadt Lerchental;24.04.2020;Freitag;1;3;0;0;0;0;1;14;46;64;90;79;116;87;78;87;66;105;122;56;19;12;1;2;4
229;11050;St.Gallen Stadt Lerchental;24.04.2020;Freitag;2;1;1;0;0;1;3;80;136;85;99;102;117;62;89;88;78;77;62;31;11;5;2;0;0
230;11050;St.Gallen Stadt Lerchental;25.04.2020;Samstag;1;1;0;0;3;1;1;2;12;35;55;59;81;76;58;54;79;65;22;6;8;6;0;2;2
231;11050;St.Gallen Stadt Lerchental;25.04.2020;Samstag;2;1;0;1;4;0;4;2;31;50;53;73;64;68;48;56;62;53;11;2;5;6;0;4;2
232;11050;St.Gallen Stadt Lerchental;26.04.2020;Sonntag;1;3;0;0;0;0;0;0;5;2;3;7;3;1;13;8;11;15;14;7;10;9;0;1;0
233;11050;St.Gallen Stadt Lerchental;26.04.2020;Sonntag;2;1;0;0;0;0;0;0;2;3;3;5;6;8;13;9;15;7;7;7;6;1;2;1;0
234;11050;St.Gallen Stadt Lerchental;27.04.2020;Montag;1;1;0;0;0;0;1;10;51;92;79;96;120;100;62;98;91;85;125;65;12;7;1;0;0
235;11050;St.Gallen Stadt Lerchental;27.04.2020;Montag;2;1;0;1;2;1;7;75;176;116;97;96;101;80;116;106;92;68;65;31;10;2;1;1;0
236;11050;St.Gallen Stadt Lerchental;28.04.2020;Dienstag;1;2;0;0;1;0;2;13;48;59;64;80;88;84;69;84;107;101;128;77;27;4;2;3;0
237;11050;St.Gallen Stadt Lerchental;28.04.2020;Dienstag;2;2;0;0;1;1;8;80;170;72;84;90;81;70;98;97;111;83;60;33;6;0;1;2;0
238;11050;St.Gallen Stadt Lerchental;29.04.2020;Mittwoch;1;0;0;0;2;1;1;10;45;63;67;58;77;74;46;81;82;105;112;67;17;10;4;7;0
239;11050;St.Gallen Stadt Lerchental;29.04.2020;Mittwoch;2;3;0;0;1;1;5;79;145;103;73;62;73;70;95;93;87;79;80;28;10;4;2;3;0
240;11050;St.Gallen Stadt Lerchental;30.04.2020;Donnerstag;1;2;0;1;0;0;1;15;31;58;85;85;78;81;161;73;82;112;101;59;29;15;4;1;1
241;11050;St.Gallen Stadt Lerchental;30.04.2020;Donnerstag;2;1;0;0;3;1;5;79;158;109;88;97;85;79;90;96;77;103;51;30;19;6;1;1;0
242;11050;St.Gallen Stadt Lerchental;01.05.2020;Freitag;1;0;0;1;0;1;1;13;35;65;69;79;98;90;82;77;103;102;103;67;15;7;6;1;1
243;11050;St.Gallen Stadt Lerchental;01.05.2020;Freitag;2;0;1;0;0;3;5;66;141;105;82;99;101;99;105;111;105;87;67;33;8;4;3;2;1
244;11050;St.Gallen Stadt Lerchental;02.05.2020;Samstag;1;3;1;5;0;0;1;3;12;19;48;59;78;61;59;80;67;77;30;8;4;3;2;2;2
245;11050;St.Gallen Stadt Lerchental;02.05.2020;Samstag;2;1;1;2;0;0;2;3;20;36;44;76;74;61;64;67;65;59;5;3;2;2;6;3;0
246;11050;St.Gallen Stadt Lerchental;03.05.2020;Sonntag;1;0;0;1;1;0;0;3;1;2;4;5;5;4;6;11;10;10;11;11;6;4;1;3;2
247;11050;St.Gallen Stadt Lerchental;03.05.2020;Sonntag;2;0;0;1;0;0;0;1;1;2;5;6;10;4;5;14;13;4;5;3;6;1;4;1;3
248;11050;St.Gallen Stadt Lerchental;04.05.2020;Montag;1;1;0;0;1;1;1;7;39;55;71;70;109;57;68;124;76;94;109;62;23;7;4;1;0
249;11050;St.Gallen Stadt Lerchental;04.05.2020;Montag;2;1;4;1;0;0;2;76;144;108;92;74;74;62;118;83;72;91;57;31;8;1;6;0;1
250;11050;St.Gallen Stadt Lerchental;05.05.2020;Dienstag;1;1;1;0;1;0;1;10;42;65;56;73;99;70;60;86;85;98;107;48;20;5;3;1;2
251;11050;St.Gallen Stadt Lerchental;05.05.2020;Dienstag;2;1;2;0;4;1;5;60;171;88;79;79;86;58;106;87;102;79;44;27;9;2;0;0;0
252;11050;St.Gallen Stadt Lerchental;06.05.2020;Mittwoch;1;2;0;0;0;0;0;9;45;65;60;49;89;63;65;61;82;73;106;63;23;7;4;4;1
253;11050;St.Gallen Stadt Lerchental;06.05.2020;Mittwoch;2;1;0;0;4;0;3;94;149;95;81;62;84;64;94;68;81;70;60;33;14;8;1;2;1
254;11050;St.Gallen Stadt Lerchental;07.05.2020;Donnerstag;1;1;0;0;1;0;0;11;37;81;78;89;101;71;78;86;92;101;122;69;39;16;5;1;0
255;11050;St.Gallen Stadt Lerchental;07.05.2020;Donnerstag;2;1;0;1;5;0;2;70;181;125;102;96;81;68;115;91;84;99;58;54;21;7;3;3;1
256;11050;St.Gallen Stadt Lerchental;08.05.2020;Freitag;1;0;2;1;0;1;0;12;44;54;72;80;91;66;62;100;87;99;103;52;16;7;2;3;1
257;11050;St.Gallen Stadt Lerchental;08.05.2020;Freitag;2;1;0;0;4;3;4;85;155;104;92;83;80;67;111;101;79;87;66;33;6;6;2;3;2
258;11050;St.Gallen Stadt Lerchental;09.05.2020;Samstag;1;1;1;0;1;0;0;4;13;42;50;80;84;65;44;62;66;48;31;5;5;2;8;5;2
259;11050;St.Gallen Stadt Lerchental;09.05.2020;Samstag;2;1;0;0;2;0;3;17;30;53;65;61;72;62;48;65;55;48;12;5;2;1;4;2;2
260;11050;St.Gallen Stadt Lerchental;10.05.2020;Sonntag;1;2;0;0;0;0;1;0;0;3;2;1;6;4;5;6;7;11;13;13;5;1;7;4;0
261;11050;St.Gallen Stadt Lerchental;10.05.2020;Sonntag;2;0;0;0;0;0;0;0;2;2;3;4;8;9;4;4;9;11;9;6;5;3;3;3;0
262;11050;St.Gallen Stadt Lerchental;11.05.2020;Montag;1;2;1;0;0;0;1;13;42;73;81;99;118;83;72;71;83;99;122;68;20;7;0;1;2
263;11050;St.Gallen Stadt Lerchental;11.05.2020;Montag;2;1;1;6;1;1;2;81;180;120;96;98;100;85;112;96;87;87;59;43;9;3;2;1;0
264;11050;St.Gallen Stadt Lerchental;12.05.2020;Dienstag;1;2;3;0;1;0;1;11;45;55;70;95;79;78;62;87;82;107;106;66;17;10;5;5;1
265;11050;St.Gallen Stadt Lerchental;12.05.2020;Dienstag;2;2;2;0;1;1;1;85;166;98;92;78;60;61;117;93;92;73;55;38;12;4;3;3;0
266;11050;St.Gallen Stadt Lerchental;13.05.2020;Mittwoch;1;1;1;0;1;0;0;9;48;68;72;85;90;65;66;78;64;114;103;62;19;3;3;1;0
267;11050;St.Gallen Stadt Lerchental;13.05.2020;Mittwoch;2;1;1;0;3;1;2;87;177;106;94;81;74;69;87;84;82;93;46;36;8;1;2;0;2
268;11050;St.Gallen Stadt Lerchental;14.05.2020;Donnerstag;1;3;1;1;0;1;2;15;40;68;69;102;99;93;60;96;110;92;121;65;47;10;3;3;0
269;11050;St.Gallen Stadt Lerchental;14.05.2020;Donnerstag;2;2;1;0;3;1;5;81;186;118;89;114;77;72;115;100;85;76;47;45;27;6;2;3;1
270;11050;St.Gallen Stadt Lerchental;15.05.2020;Freitag;1;0;1;1;1;0;0;18;43;48;70;75;111;73;81;83;100;120;87;55;21;2;2;3;3
271;11050;St.Gallen Stadt Lerchental;15.05.2020;Freitag;2;1;0;1;4;0;2;85;176;91;80;99;81;66;115;89;103;104;56;28;6;3;1;5;0
272;11050;St.Gallen Stadt Lerchental;16.05.2020;Samstag;1;0;0;0;0;0;0;2;63;30;49;71;72;61;63;78;72;58;28;10;7;9;1;2;3
273;11050;St.Gallen Stadt Lerchental;16.05.2020;Samstag;2;4;0;0;0;1;2;14;34;35;68;91;76;71;64;76;53;56;9;7;4;8;3;2;2
274;11050;St.Gallen Stadt Lerchental;17.05.2020;Sonntag;1;1;1;0;0;0;1;1;2;2;3;3;10;9;2;9;4;10;6;10;8;6;11;3;0
275;11050;St.Gallen Stadt Lerchental;17.05.2020;Sonntag;2;0;0;1;0;0;0;0;3;2;8;3;11;5;5;7;4;7;6;4;7;6;1;4;0
276;11050;St.Gallen Stadt Lerchental;18.05.2020;Montag;1;0;2;1;0;0;0;14;36;70;59;89;131;82;76;81;72;105;143;74;27;5;5;1;1
277;11050;St.Gallen Stadt Lerchental;18.05.2020;Montag;2;2;1;0;0;0;8;80;162;133;91;115;79;90;119;77;78;77;83;41;5;3;1;2;0
278;11050;St.Gallen Stadt Lerchental;19.05.2020;Dienstag;1;2;2;1;1;1;0;11;56;65;70;79;88;80;61;85;85;100;108;67;22;8;8;4;2
279;11050;St.Gallen Stadt Lerchental;19.05.2020;Dienstag;2;1;0;0;0;3;1;84;189;123;90;101;77;57;104;85;92;90;58;36;6;4;4;2;0
280;11050;St.Gallen Stadt Lerchental;20.05.2020;Mittwoch;1;0;0;0;4;1;4;5;47;74;85;102;107;92;84;98;100;123;100;74;25;6;4;3;2
281;11050;St.Gallen Stadt Lerchental;20.05.2020;Mittwoch;2;1;0;0;1;1;11;83;175;128;108;111;96;83;116;104;114;93;79;38;7;2;2;4;2
282;11050;St.Gallen Stadt Lerchental;21.05.2020;Donnerstag;1;0;2;1;0;0;0;4;2;5;3;4;9;8;10;7;10;5;7;8;12;6;5;0;0
283;11050;St.Gallen Stadt Lerchental;21.05.2020;Donnerstag;2;0;3;1;0;1;1;4;3;5;6;5;9;6;7;8;11;10;5;4;7;5;2;3;0
284;11050;St.Gallen Stadt Lerchental;22.05.2020;Freitag;1;1;0;0;0;0;1;5;20;47;60;101;88;91;66;78;86;76;69;50;14;8;5;2;0
285;11050;St.Gallen Stadt Lerchental;22.05.2020;Freitag;2;1;0;1;0;0;4;29;83;68;81;128;80;68;74;85;79;80;43;20;9;5;5;2;1
286;11050;St.Gallen Stadt Lerchental;23.05.2020;Samstag;1;3;0;1;1;3;0;5;9;30;37;66;62;53;58;66;59;67;29;7;5;5;3;0;2
287;11050;St.Gallen Stadt Lerchental;23.05.2020;Samstag;2;1;0;0;0;1;2;13;30;33;42;77;68;66;61;53;62;53;5;3;5;1;3;1;0
288;11050;St.Gallen Stadt Lerchental;24.05.2020;Sonntag;1;3;3;0;0;0;1;2;3;0;1;6;10;10;5;9;12;9;5;7;5;5;4;2;1
289;11050;St.Gallen Stadt Lerchental;24.05.2020;Sonntag;2;1;0;0;0;1;1;0;4;3;3;7;10;4;4;7;6;11;6;0;6;2;8;3;2
290;11050;St.Gallen Stadt Lerchental;25.05.2020;Montag;1;3;0;0;0;0;3;11;56;64;69;88;106;83;64;101;97;99;128;64;73;2;1;1;0
291;11050;St.Gallen Stadt Lerchental;25.05.2020;Montag;2;1;2;0;0;0;5;102;157;122;96;97;85;76;134;104;112;83;74;27;4;4;2;1;0
292;11050;St.Gallen Stadt Lerchental;26.05.2020;Dienstag;1;3;0;0;1;0;3;12;45;62;69;67;87;145;75;65;93;97;114;59;18;12;5;3;0
293;11050;St.Gallen Stadt Lerchental;26.05.2020;Dienstag;2;1;0;0;1;1;6;96;188;104;103;80;96;69;112;102;90;75;61;36;5;4;3;0;1
294;11050;St.Gallen Stadt Lerchental;27.05.2020;Mittwoch;1;2;0;0;0;0;1;10;40;61;72;84;87;71;75;83;73;102;107;60;20;6;11;3;3
295;11050;St.Gallen Stadt Lerchental;27.05.2020;Mittwoch;2;1;0;1;0;2;6;88;163;108;101;86;80;56;101;108;67;100;58;31;9;3;3;3;2
296;11050;St.Gallen Stadt Lerchental;28.05.2020;Donnerstag;1;1;0;0;1;0;0;15;44;78;90;98;108;82;76;89;101;108;124;74;41;12;8;2;2
297;11050;St.Gallen Stadt Lerchental;28.05.2020;Donnerstag;2;1;0;0;2;1;6;95;194;132;94;116;94;85;122;96;96;87;72;35;22;6;4;1;1
298;11050;St.Gallen Stadt Lerchental;29.05.2020;Freitag;1;4;1;1;1;1;4;13;49;66;69;88;98;77;64;101;98;115;117;54;24;4;7;7;0
299;11050;St.Gallen Stadt Lerchental;29.05.2020;Freitag;2;2;1;1;1;1;9;83;191;113;96;91;92;71;105;112;91;106;75;38;8;6;5;3;2
300;11050;St.Gallen Stadt Lerchental;30.05.2020;Samstag;1;2;4;0;1;0;3;1;12;53;55;70;100;92;70;76;77;59;28;14;7;9;7;4;1
301;11050;St.Gallen Stadt Lerchental;30.05.2020;Samstag;2;0;2;0;0;1;3;13;37;65;45;94;91;67;92;75;60;52;8;2;1;5;4;3;0
302;11050;St.Gallen Stadt Lerchental;31.05.2020;Sonntag;1;1;2;0;0;0;0;3;2;0;4;2;4;7;10;8;10;8;11;11;1;3;1;0;0
303;11050;St.Gallen Stadt Lerchental;31.05.2020;Sonntag;2;1;1;0;1;0;0;1;4;2;8;5;7;8;7;4;5;4;5;3;3;4;2;1;2
304;11050;St.Gallen Stadt Lerchental;01.06.2020;Montag;1;2;0;0;0;2;0;1;0;3;6;9;9;4;4;7;10;8;7;12;4;8;3;2;0
305;11050;St.Gallen Stadt Lerchental;01.06.2020;Montag;2;1;0;0;0;0;0;2;2;6;4;7;7;3;12;9;10;7;7;4;5;3;1;2;0
306;11050;St.Gallen Stadt Lerchental;02.06.2020;Dienstag;1;2;0;0;0;0;2;8;41;72;82;100;119;102;85;92;95;222;135;68;28;10;8;2;0
307;11050;St.Gallen Stadt Lerchental;02.06.2020;Dienstag;2;1;0;0;1;0;4;86;186;105;113;118;96;82;138;92;89;76;77;44;14;1;2;4;1
308;11050;St.Gallen Stadt Lerchental;03.06.2020;Mittwoch;1;1;0;0;3;1;1;10;50;93;77;83;98;80;63;70;83;112;129;69;17;7;4;3;5
309;11050;St.Gallen Stadt Lerchental;03.06.2020;Mittwoch;2;4;0;1;8;2;6;90;182;124;98;87;75;70;108;81;88;89;68;38;7;2;4;1;0
310;11050;St.Gallen Stadt Lerchental;04.06.2020;Donnerstag;1;2;2;1;1;0;1;8;41;86;66;97;117;96;68;90;92;123;124;69;41;11;3;6;2
311;11050;St.Gallen Stadt Lerchental;04.06.2020;Donnerstag;2;4;4;4;1;1;4;79;200;130;107;117;87;61;148;96;97;101;68;48;26;5;2;3;5
312;11050;St.Gallen Stadt Lerchental;05.06.2020;Freitag;1;0;1;1;2;0;2;12;42;57;75;98;123;90;76;100;88;113;103;70;26;3;4;3;2
313;11050;St.Gallen Stadt Lerchental;05.06.2020;Freitag;2;1;1;0;4;0;6;79;169;117;87;94;79;80;109;106;108;86;77;35;6;3;1;3;3
314;11050;St.Gallen Stadt Lerchental;06.06.2020;Samstag;1;2;1;1;0;2;1;2;8;36;58;66;84;71;68;55;71;66;24;9;3;1;7;0;2
315;11050;St.Gallen Stadt Lerchental;06.06.2020;Samstag;2;0;1;3;1;1;5;7;29;56;57;76;82;60;58;62;62;52;10;5;4;2;0;3;2
316;11050;St.Gallen Stadt Lerchental;07.06.2020;Sonntag;1;3;0;0;0;1;0;0;4;2;2;6;9;5;4;7;4;7;5;4;8;9;6;1;2
317;11050;St.Gallen Stadt Lerchental;07.06.2020;Sonntag;2;2;0;0;1;0;0;1;2;3;3;2;7;4;4;4;5;9;2;7;2;8;2;1;1
318;11050;St.Gallen Stadt Lerchental;08.06.2020;Montag;1;0;0;0;2;1;1;13;38;58;73;82;122;79;65;89;71;112;131;66;24;9;2;2;0
319;11050;St.Gallen Stadt Lerchental;08.06.2020;Montag;2;1;0;0;3;4;4;88;183;121;93;99;76;62;125;95;100;80;66;39;13;8;7;4;1
320;11050;St.Gallen Stadt Lerchental;09.06.2020;Dienstag;1;1;0;1;2;0;1;9;39;79;65;61;98;82;63;76;87;111;119;64;29;6;7;2;3
321;11050;St.Gallen Stadt Lerchental;09.06.2020;Dienstag;2;2;0;0;5;3;3;86;179;118;85;82;70;63;126;105;82;106;52;34;6;3;6;3;3
322;11050;St.Gallen Stadt Lerchental;10.06.2020;Mittwoch;1;2;0;1;1;2;2;15;50;50;54;74;112;71;59;66;86;120;122;69;14;9;3;3;1
323;11050;St.Gallen Stadt Lerchental;10.06.2020;Mittwoch;2;1;0;1;3;0;5;89;185;126;74;80;76;79;127;73;102;103;65;32;9;6;1;4;0
324;11050;St.Gallen Stadt Lerchental;11.06.2020;Donnerstag;1;3;0;0;1;1;2;10;56;66;67;78;114;76;68;75;88;115;148;63;28;24;3;2;4
325;11050;St.Gallen Stadt Lerchental;11.06.2020;Donnerstag;2;1;0;0;1;0;5;88;210;109;89;94;85;70;104;88;114;99;63;40;20;4;6;1;0
326;11050;St.Gallen Stadt Lerchental;12.06.2020;Freitag;1;2;2;0;1;0;4;13;42;57;73;75;97;81;63;82;102;101;91;37;16;9;10;5;3
327;11050;St.Gallen Stadt Lerchental;12.06.2020;Freitag;2;1;0;0;0;1;9;74;183;127;74;89;73;82;111;85;89;91;43;29;8;8;5;1;1
328;11050;St.Gallen Stadt Lerchental;13.06.2020;Samstag;1;1;1;1;0;0;1;0;11;32;37;75;71;64;49;52;61;53;27;12;5;5;2;7;0
329;11050;St.Gallen Stadt Lerchental;13.06.2020;Samstag;2;1;1;0;0;1;2;3;36;36;61;76;65;56;53;66;50;48;8;6;2;2;5;0;1
330;11050;St.Gallen Stadt Lerchental;14.06.2020;Sonntag;1;2;0;0;0;0;0;0;2;1;3;4;7;6;6;7;2;7;2;5;4;2;6;2;0
331;11050;St.Gallen Stadt Lerchental;14.06.2020;Sonntag;2;1;0;0;0;0;1;0;5;4;3;4;5;4;5;7;5;5;3;5;3;1;4;0;0
332;11050;St.Gallen Stadt Lerchental;15.06.2020;Montag;1;3;0;0;0;0;2;9;35;71;86;90;112;87;59;69;96;108;145;74;22;4;1;1;1
333;11050;St.Gallen Stadt Lerchental;15.06.2020;Montag;2;3;0;1;0;0;6;79;189;133;100;92;86;82;112;89;99;79;74;39;10;4;3;0;3
334;11050;St.Gallen Stadt Lerchental;16.06.2020;Dienstag;1;1;0;0;0;1;3;8;50;74;64;76;118;67;55;75;88;109;112;58;16;15;2;3;1
335;11050;St.Gallen Stadt Lerchental;16.06.2020;Dienstag;2;1;0;0;0;2;7;80;205;135;75;92;72;90;110;78;91;72;66;26;9;6;1;4;0
336;11050;St.Gallen Stadt Lerchental;17.06.2020;Mittwoch;1;4;0;0;0;0;1;9;45;47;65;61;89;97;76;68;77;98;109;61;29;5;2;1;3
337;11050;St.Gallen Stadt Lerchental;17.06.2020;Mittwoch;2;3;0;0;0;1;6;66;190;105;85;84;61;55;135;85;90;99;56;30;6;1;1;3;4
338;11050;St.Gallen Stadt Lerchental;18.06.2020;Donnerstag;1;1;0;0;1;0;1;11;45;65;87;72;106;81;69;66;79;105;173;69;30;10;3;4;0
339;11050;St.Gallen Stadt Lerchental;18.06.2020;Donnerstag;2;1;0;0;1;0;8;81;192;123;99;103;86;75;119;76;92;81;53;43;13;3;0;2;0
340;11050;St.Gallen Stadt Lerchental;19.06.2020;Freitag;1;2;0;0;1;1;1;12;33;67;85;65;101;89;67;89;82;110;101;47;27;8;2;5;0
341;11050;St.Gallen Stadt Lerchental;19.06.2020;Freitag;2;2;0;1;2;3;5;68;201;121;84;91;81;65;111;89;94;82;49;34;6;7;1;3;2
342;11050;St.Gallen Stadt Lerchental;20.06.2020;Samstag;1;3;4;0;0;0;1;3;10;32;52;55;78;53;56;63;57;60;32;4;6;4;5;1;2
343;11050;St.Gallen Stadt Lerchental;20.06.2020;Samstag;2;3;2;0;0;1;1;6;29;35;49;73;69;57;66;63;46;42;14;6;7;2;3;0;3
344;11050;St.Gallen Stadt Lerchental;21.06.2020;Sonntag;1;0;1;1;0;0;0;2;1;2;8;9;9;3;9;7;10;12;13;8;10;4;0;0;0
345;11050;St.Gallen Stadt Lerchental;21.06.2020;Sonntag;2;1;1;1;0;0;0;2;3;3;8;8;5;9;13;7;9;5;1;3;3;0;0;1;0
346;11050;St.Gallen Stadt Lerchental;22.06.2020;Montag;1;2;0;0;0;0;0;8;41;70;69;73;103;78;69;65;74;122;145;69;20;12;1;3;0
347;11050;St.Gallen Stadt Lerchental;22.06.2020;Montag;2;2;0;0;0;2;7;82;190;129;103;87;71;75;117;78;82;93;69;41;8;5;3;2;2
348;11050;St.Gallen Stadt Lerchental;23.06.2020;Dienstag;1;3;0;0;0;1;2;7;40;58;48;72;81;78;57;82;86;93;113;52;19;11;6;2;0
349;11050;St.Gallen Stadt Lerchental;23.06.2020;Dienstag;2;0;0;0;0;1;8;69;190;105;76;92;62;69;120;89;87;63;62;26;10;6;3;0;0
350;11050;St.Gallen Stadt Lerchental;24.06.2020;Mittwoch;1;1;2;0;0;2;2;8;49;61;62;77;109;78;42;56;70;196;105;62;19;4;12;10;2
351;11050;St.Gallen Stadt Lerchental;24.06.2020;Mittwoch;2;1;0;0;0;1;6;81;190;115;88;91;73;59;105;75;83;82;66;27;10;1;3;1;0
352;11050;St.Gallen Stadt Lerchental;25.06.2020;Donnerstag;1;4;1;1;1;0;5;11;60;52;70;91;110;91;62;65;74;105;108;66;35;15;4;5;0
353;11050;St.Gallen Stadt Lerchental;25.06.2020;Donnerstag;2;1;0;0;1;0;7;84;212;102;107;98;80;79;125;85;69;89;76;34;23;4;4;3;2
354;11050;St.Gallen Stadt Lerchental;26.06.2020;Freitag;1;2;0;0;0;1;0;13;31;55;63;70;97;85;74;73;86;97;108;53;14;4;4;2;2
355;11050;St.Gallen Stadt Lerchental;26.06.2020;Freitag;2;1;0;0;1;0;4;76;170;104;78;91;78;80;107;86;85;78;51;27;3;7;3;4;0
356;11050;St.Gallen Stadt Lerchental;27.06.2020;Samstag;1;4;1;0;1;0;0;3;19;37;42;61;68;65;59;46;49;49;28;18;5;7;6;5;0
357;11050;St.Gallen Stadt Lerchental;27.06.2020;Samstag;2;2;0;2;0;3;5;6;45;44;48;68;69;67;50;49;39;56;10;6;3;5;3;2;1
358;11050;St.Gallen Stadt Lerchental;28.06.2020;Sonntag;1;4;4;3;0;0;0;0;4;3;6;10;4;2;9;6;14;11;14;8;8;10;1;2;0
359;11050;St.Gallen Stadt Lerchental;28.06.2020;Sonntag;2;1;1;3;0;1;0;0;5;1;4;8;9;3;6;10;10;1;10;9;1;4;1;2;0
360;11050;St.Gallen Stadt Lerchental;29.06.2020;Montag;1;1;0;0;1;0;1;7;45;67;67;74;119;81;61;95;76;99;129;78;28;7;8;0;2
361;11050;St.Gallen Stadt Lerchental;29.06.2020;Montag;2;3;0;0;0;1;4;70;202;139;77;105;82;73;114;81;88;98;66;34;7;0;6;1;2
362;11050;St.Gallen Stadt Lerchental;30.06.2020;Dienstag;1;3;0;0;1;1;2;12;47;61;67;84;87;73;60;71;80;94;94;70;25;6;9;5;0
363;11050;St.Gallen Stadt Lerchental;30.06.2020;Dienstag;2;1;0;0;1;3;6;78;187;110;85;84;64;62;108;81;95;76;49;32;10;3;3;2;1
364;11050;St.Gallen Stadt Lerchental;01.07.2020;Mittwoch;1;1;0;1;2;1;1;13;45;63;64;86;97;75;68;79;75;103;114;66;22;12;9;4;0
365;11050;St.Gallen Stadt Lerchental;01.07.2020;Mittwoch;2;1;0;1;1;1;5;91;182;125;83;94;77;64;114;86;87;88;60;40;5;11;6;1;0
366;11050;St.Gallen Stadt Lerchental;02.07.2020;Donnerstag;1;0;0;0;1;2;0;13;49;73;82;80;94;86;84;123;83;107;123;85;32;20;6;6;1
367;11050;St.Gallen Stadt Lerchental;02.07.2020;Donnerstag;2;1;0;0;1;1;7;76;205;128;105;100;98;75;131;105;100;83;71;48;23;9;4;2;1
368;11050;St.Gallen Stadt Lerchental;03.07.2020;Freitag;1;1;0;1;1;0;1;16;34;54;88;96;104;87;78;96;74;122;100;45;23;4;10;1;3
369;11050;St.Gallen Stadt Lerchental;03.07.2020;Freitag;2;2;0;1;1;0;3;79;188;114;104;102;88;64;110;104;91;98;38;31;12;2;5;4;1
370;11050;St.Gallen Stadt Lerchental;04.07.2020;Samstag;1;3;1;1;2;0;1;5;16;56;47;73;79;73;69;68;68;69;44;18;10;2;6;4;3
371;11050;St.Gallen Stadt Lerchental;04.07.2020;Samstag;2;3;0;1;1;0;3;5;46;52;48;78;65;62;65;57;69;63;15;9;2;2;6;3;2
372;11050;St.Gallen Stadt Lerchental;05.07.2020;Sonntag;1;2;1;2;1;0;1;1;2;2;6;10;7;8;7;10;11;7;12;10;12;6;2;5;1
373;11050;St.Gallen Stadt Lerchental;05.07.2020;Sonntag;2;0;1;1;1;1;2;2;6;5;5;9;11;12;14;14;6;14;8;8;10;5;3;5;3
374;11050;St.Gallen Stadt Lerchental;06.07.2020;Montag;1;3;0;0;0;0;1;9;49;55;76;66;118;75;63;100;85;117;132;76;22;14;4;3;2
375;11050;St.Gallen Stadt Lerchental;06.07.2020;Montag;2;2;0;0;0;4;8;94;213;117;96;96;81;73;126;91;96;84;70;39;11;6;4;1;3
376;11050;St.Gallen Stadt Lerchental;07.07.2020;Dienstag;1;4;0;0;2;1;2;11;37;63;51;83;105;86;51;65;88;82;112;80;26;6;8;7;0
377;11050;St.Gallen Stadt Lerchental;07.07.2020;Dienstag;2;0;0;1;1;1;3;73;192;135;72;87;69;59;122;78;73;71;66;50;10;4;5;2;2
378;11050;St.Gallen Stadt Lerchental;08.07.2020;Mittwoch;1;4;0;0;2;0;2;11;46;46;59;67;94;82;56;67;63;94;118;57;16;7;7;0;3
379;11050;St.Gallen Stadt Lerchental;08.07.2020;Mittwoch;2;1;1;0;3;2;5;80;183;101;68;80;82;70;106;90;87;71;56;31;10;4;3;2;1
380;11050;St.Gallen Stadt Lerchental;09.07.2020;Donnerstag;1;3;0;0;1;0;0;21;44;62;67;89;80;75;63;68;78;103;105;54;38;17;6;2;1
381;11050;St.Gallen Stadt Lerchental;09.07.2020;Donnerstag;2;0;0;0;1;0;3;77;189;107;84;83;62;65;104;94;66;71;61;32;24;7;3;4;0
382;11050;St.Gallen Stadt Lerchental;10.07.2020;Freitag;1;4;0;0;5;1;3;12;39;56;65;69;99;77;52;80;71;101;79;46;22;3;5;2;6
383;11050;St.Gallen Stadt Lerchental;10.07.2020;Freitag;2;1;0;0;2;3;8;71;170;95;85;96;85;57;111;80;87;58;46;30;7;3;2;1;4
384;11050;St.Gallen Stadt Lerchental;11.07.2020;Samstag;1;3;0;0;1;0;0;0;7;22;35;49;75;56;47;49;49;54;13;11;5;4;5;3;2
385;11050;St.Gallen Stadt Lerchental;11.07.2020;Samstag;2;1;0;0;0;1;1;7;27;28;53;60;68;46;45;39;65;38;7;9;1;3;2;2;3
386;11050;St.Gallen Stadt Lerchental;12.07.2020;Sonntag;1;1;3;1;1;1;0;1;3;2;2;7;2;8;5;8;14;6;10;8;4;8;6;2;1
387;11050;St.Gallen Stadt Lerchental;12.07.2020;Sonntag;2;1;0;0;1;5;0;1;2;3;2;2;10;3;5;8;13;4;4;2;4;3;2;2;2
388;11050;St.Gallen Stadt Lerchental;13.07.2020;Montag;1;0;0;0;0;2;1;7;48;54;73;80;123;71;69;54;86;92;101;64;17;7;8;3;0
389;11050;St.Gallen Stadt Lerchental;13.07.2020;Montag;2;1;1;0;0;3;7;76;154;110;96;99;70;71;120;92;86;56;61;34;14;9;0;0;0
390;11050;St.Gallen Stadt Lerchental;14.07.2020;Dienstag;1;0;0;0;1;2;0;13;47;67;69;61;84;65;41;66;131;82;96;47;26;6;8;3;0
391;11050;St.Gallen Stadt Lerchental;14.07.2020;Dienstag;2;1;0;0;1;3;0;70;168;109;78;73;66;53;87;72;68;62;44;23;11;6;3;3;3
392;11050;St.Gallen Stadt Lerchental;15.07.2020;Mittwoch;1;0;0;0;1;2;2;12;53;45;79;69;78;73;52;71;69;97;91;50;11;3;1;1;1
393;11050;St.Gallen Stadt Lerchental;15.07.2020;Mittwoch;2;0;0;0;0;2;4;77;180;99;100;87;64;77;101;84;68;74;41;23;7;5;4;0;0
394;11050;St.Gallen Stadt Lerchental;16.07.2020;Donnerstag;1;1;0;0;1;0;0;13;44;58;65;71;85;78;51;70;75;89;83;47;17;8;1;3;1
395;11050;St.Gallen Stadt Lerchental;16.07.2020;Donnerstag;2;0;0;1;1;1;0;75;177;111;86;93;83;55;102;98;77;74;46;29;12;4;1;2;1
396;11050;St.Gallen Stadt Lerchental;17.07.2020;Freitag;1;0;3;0;0;1;1;7;40;56;38;74;96;67;63;60;85;73;42;61;17;8;4;4;1
397;11050;St.Gallen Stadt Lerchental;17.07.2020;Freitag;2;0;0;0;1;10;5;57;160;94;84;87;80;61;103;74;84;53;24;25;11;1;2;3;2
398;11050;St.Gallen Stadt Lerchental;18.07.2020;Samstag;1;4;0;0;1;2;0;3;9;22;42;46;45;54;42;45;45;34;21;13;7;7;5;0;1
399;11050;St.Gallen Stadt Lerchental;18.07.2020;Samstag;2;2;0;0;0;4;1;7;30;35;41;44;52;49;32;44;36;29;11;3;2;1;4;1;1
400;11050;St.Gallen Stadt Lerchental;19.07.2020;Sonntag;1;1;1;0;0;0;0;2;3;2;7;1;9;9;2;1;7;6;5;7;6;4;6;1;1
401;11050;St.Gallen Stadt Lerchental;19.07.2020;Sonntag;2;1;0;0;0;0;0;1;2;3;6;3;7;5;2;2;7;3;5;4;0;2;2;1;4
402;11050;St.Gallen Stadt Lerchental;20.07.2020;Montag;1;5;0;0;1;0;1;12;25;45;78;68;79;75;56;63;65;76;80;42;15;12;6;2;2
403;11050;St.Gallen Stadt Lerchental;20.07.2020;Montag;2;1;1;0;0;0;5;61;127;90;87;84;63;66;89;81;68;52;45;25;6;5;2;3;0
404;11050;St.Gallen Stadt Lerchental;21.07.2020;Dienstag;1;3;0;0;2;0;1;10;30;45;52;56;80;57;55;59;74;73;92;46;19;4;8;2;0
405;11050;St.Gallen Stadt Lerchental;21.07.2020;Dienstag;2;2;0;0;0;0;2;54;152;78;70;68;71;56;101;74;67;66;54;27;8;5;6;1;0
406;11050;St.Gallen Stadt Lerchental;22.07.2020;Mittwoch;1;3;0;0;0;3;2;6;26;54;59;60;82;42;40;55;45;76;100;46;19;8;3;4;0
407;11050;St.Gallen Stadt Lerchental;22.07.2020;Mittwoch;2;2;1;0;2;1;3;63;131;92;76;70;82;44;92;59;51;54;54;23;7;2;3;4;0
408;11050;St.Gallen Stadt Lerchental;23.07.2020;Donnerstag;1;1;1;0;0;1;1;7;25;45;61;57;86;62;107;63;45;77;87;41;31;16;6;2;0
409;11050;St.Gallen Stadt Lerchental;23.07.2020;Donnerstag;2;2;0;0;0;2;3;49;143;85;73;76;68;48;93;80;53;53;45;40;17;10;2;2;0
410;11050;St.Gallen Stadt Lerchental;24.07.2020;Freitag;1;0;0;0;1;0;3;8;27;51;45;67;87;64;65;88;68;86;71;45;16;6;6;9;2
411;11050;St.Gallen Stadt Lerchental;24.07.2020;Freitag;2;1;1;0;0;0;4;50;125;78;68;97;67;66;99;85;83;59;46;24;5;5;6;4;1
412;11050;St.Gallen Stadt Lerchental;25.07.2020;Samstag;1;4;0;0;2;0;0;2;35;79;88;78;95;62;78;64;61;72;32;9;6;8;5;2;3
413;11050;St.Gallen Stadt Lerchental;25.07.2020;Samstag;2;4;1;1;1;1;2;3;100;98;85;96;71;84;70;65;72;55;7;5;3;3;1;2;3
414;11050;St.Gallen Stadt Lerchental;26.07.2020;Sonntag;1;0;2;0;0;1;0;2;2;2;1;5;4;5;4;11;9;6;8;6;8;4;3;3;3
415;11050;St.Gallen Stadt Lerchental;26.07.2020;Sonntag;2;0;2;0;0;1;0;1;3;4;3;3;2;3;4;10;9;4;7;5;3;2;3;4;2
416;11050;St.Gallen Stadt Lerchental;27.07.2020;Montag;1;1;1;0;0;1;2;4;32;56;75;84;95;94;51;77;75;70;94;50;18;2;11;6;1
417;11050;St.Gallen Stadt Lerchental;27.07.2020;Montag;2;1;1;1;0;1;6;50;127;96;88;89;84;61;83;83;60;62;61;42;9;5;5;2;0
418;11050;St.Gallen Stadt Lerchental;28.07.2020;Dienstag;1;3;1;1;2;1;1;8;33;47;63;81;89;72;63;70;74;87;83;49;27;8;5;3;1
419;11050;St.Gallen Stadt Lerchental;28.07.2020;Dienstag;2;2;6;0;2;3;2;55;124;86;85;94;68;62;102;62;85;69;54;33;9;6;1;2;0
420;11050;St.Gallen Stadt Lerchental;29.07.2020;Mittwoch;1;2;0;1;0;1;1;7;25;43;54;76;90;67;62;68;65;73;84;54;28;11;9;4;1
421;11050;St.Gallen Stadt Lerchental;29.07.2020;Mittwoch;2;2;2;0;1;2;3;48;115;73;73;87;83;51;92;86;68;64;44;34;9;7;4;1;0
422;11050;St.Gallen Stadt Lerchental;30.07.2020;Donnerstag;1;3;0;0;0;0;0;6;30;51;68;85;85;55;52;41;67;69;77;51;43;17;8;2;3
423;11050;St.Gallen Stadt Lerchental;30.07.2020;Donnerstag;2;2;0;2;0;0;6;54;122;101;106;94;81;57;81;68;77;80;72;38;29;3;3;0;1
424;11050;St.Gallen Stadt Lerchental;31.07.2020;Freitag;1;3;2;0;0;0;1;5;25;42;47;67;96;81;55;73;79;84;82;53;24;4;3;4;1
425;11050;St.Gallen Stadt Lerchental;31.07.2020;Freitag;2;3;0;0;0;0;2;52;108;80;82;87;108;79;92;88;88;80;65;49;9;1;3;3;1
426;11050;St.Gallen Stadt Lerchental;01.08.2020;Samstag;1;1;1;1;0;0;0;1;2;8;5;11;11;6;8;8;6;6;5;6;4;3;4;7;4
427;11050;St.Gallen Stadt Lerchental;01.08.2020;Samstag;2;3;0;0;0;2;0;0;2;8;5;15;12;7;8;6;7;8;4;1;2;1;2;1;3
428;11050;St.Gallen Stadt Lerchental;02.08.2020;Sonntag;1;1;0;0;1;2;0;0;1;3;8;7;8;3;6;5;3;3;13;4;7;7;2;0;0
429;11050;St.Gallen Stadt Lerchental;02.08.2020;Sonntag;2;5;1;0;1;0;0;0;3;3;3;8;8;1;5;5;3;6;8;2;1;2;3;2;2
430;11050;St.Gallen Stadt Lerchental;03.08.2020;Montag;1;2;0;0;0;0;0;5;23;47;42;63;102;84;50;75;80;85;107;64;18;2;3;0;1
431;11050;St.Gallen Stadt Lerchental;03.08.2020;Montag;2;2;1;0;0;0;3;58;136;95;74;90;103;72;101;87;100;72;62;37;7;2;3;2;5
432;11050;St.Gallen Stadt Lerchental;04.08.2020;Dienstag;1;3;0;0;0;1;2;3;30;33;40;47;68;53;49;53;65;69;82;42;19;8;4;1;1
433;11050;St.Gallen Stadt Lerchental;04.08.2020;Dienstag;2;1;0;0;0;1;3;64;137;88;58;64;73;59;92;75;75;66;57;29;3;5;0;1;1
434;11050;St.Gallen Stadt Lerchental;05.08.2020;Mittwoch;1;3;0;0;3;1;2;6;33;48;43;50;72;59;41;45;52;72;90;46;20;5;3;1;1
435;11050;St.Gallen Stadt Lerchental;05.08.2020;Mittwoch;2;0;0;0;1;1;7;63;145;74;70;68;64;58;88;69;60;74;48;30;7;6;2;2;3
436;11050;St.Gallen Stadt Lerchental;06.08.2020;Donnerstag;1;0;0;0;0;0;2;7;37;48;62;57;65;54;48;60;52;67;73;40;33;16;2;5;2
437;11050;St.Gallen Stadt Lerchental;06.08.2020;Donnerstag;2;2;1;2;1;0;6;69;160;80;79;73;68;45;98;70;52;56;55;35;17;8;5;0;3
438;11050;St.Gallen Stadt Lerchental;07.08.2020;Freitag;1;3;0;1;0;0;3;7;35;49;68;72;87;66;55;50;64;68;64;39;13;6;6;2;1
439;11050;St.Gallen Stadt Lerchental;07.08.2020;Freitag;2;4;1;0;0;1;5;70;120;89;79;101;78;68;78;71;64;63;51;30;3;4;6;4;2
440;11050;St.Gallen Stadt Lerchental;08.08.2020;Samstag;1;4;3;0;1;0;3;2;4;29;38;54;60;52;45;39;37;42;25;10;8;6;3;1;3
441;11050;St.Gallen Stadt Lerchental;08.08.2020;Samstag;2;1;1;1;0;1;1;10;21;44;58;61;63;54;39;42;32;53;9;10;11;3;3;2;1
442;11050;St.Gallen Stadt Lerchental;09.08.2020;Sonntag;1;2;0;1;3;0;0;1;1;0;3;7;5;14;3;5;7;5;3;5;9;8;7;4;1
443;11050;St.Gallen Stadt Lerchental;09.08.2020;Sonntag;2;2;3;1;0;0;0;1;4;5;4;6;3;8;4;6;4;7;5;6;6;13;4;3;2
444;11050;St.Gallen Stadt Lerchental;10.08.2020;Montag;1;0;0;1;1;0;1;16;34;53;57;66;97;51;46;60;77;77;85;52;16;10;6;8;3
445;11050;St.Gallen Stadt Lerchental;10.08.2020;Montag;2;6;1;2;1;5;3;79;174;104;109;82;73;69;99;100;103;68;61;40;9;9;7;9;7
446;11050;St.Gallen Stadt Lerchental;11.08.2020;Dienstag;1;1;0;0;2;2;1;16;48;40;64;57;62;65;53;49;74;70;67;37;24;16;17;9;0
447;11050;St.Gallen Stadt Lerchental;11.08.2020;Dienstag;2;2;0;0;6;4;7;87;168;93;90;82;72;80;97;60;76;64;65;29;10;8;14;2;3
448;11050;St.Gallen Stadt Lerchental;12.08.2020;Mittwoch;1;0;2;0;0;2;2;15;40;53;45;70;61;51;54;49;57;82;58;45;18;11;17;13;6
449;11050;St.Gallen Stadt Lerchental;12.08.2020;Mittwoch;2;2;1;0;7;3;5;71;166;101;105;77;43;70;118;81;68;71;60;41;9;13;9;3;4
450;11050;St.Gallen Stadt Lerchental;13.08.2020;Donnerstag;1;0;1;0;2;3;1;16;37;67;56;69;73;59;43;61;52;83;72;53;36;13;5;7;0
451;11050;St.Gallen Stadt Lerchental;13.08.2020;Donnerstag;2;6;0;0;9;3;5;83;178;125;93;87;76;71;109;66;78;70;64;62;24;11;7;3;6
452;11050;St.Gallen Stadt Lerchental;14.08.2020;Freitag;1;2;2;0;2;2;1;11;30;40;43;49;52;52;41;37;45;53;52;43;20;6;1;7;5
453;11050;St.Gallen Stadt Lerchental;14.08.2020;Freitag;2;5;3;0;7;4;4;70;160;95;83;87;92;83;110;88;82;80;66;40;6;3;1;3;6
454;11050;St.Gallen Stadt Lerchental;15.08.2020;Samstag;1;4;1;1;1;0;1;4;7;17;25;45;45;34;34;34;48;43;24;15;3;4;3;2;1
455;11050;St.Gallen Stadt Lerchental;15.08.2020;Samstag;2;1;1;0;1;0;2;7;27;44;53;71;55;52;40;51;56;52;14;12;3;2;6;2;2
456;11050;St.Gallen Stadt Lerchental;16.08.2020;Sonntag;1;1;1;0;0;1;0;0;2;2;0;4;7;7;4;6;6;6;8;9;4;9;6;4;1
457;11050;St.Gallen Stadt Lerchental;16.08.2020;Sonntag;2;0;0;0;0;0;0;1;2;3;6;9;7;5;2;8;7;4;7;4;6;8;6;2;8
458;11050;St.Gallen Stadt Lerchental;17.08.2020;Montag;1;2;0;0;1;1;1;11;24;38;39;44;58;37;39;52;46;64;55;44;19;5;6;1;4
459;11050;St.Gallen Stadt Lerchental;17.08.2020;Montag;2;1;4;3;2;1;4;69;178;120;103;103;92;77;109;104;93;78;64;47;12;6;13;2;3
460;11050;St.Gallen Stadt Lerchental;18.08.2020;Dienstag;1;0;0;1;1;3;3;13;34;33;38;48;45;35;41;46;42;57;48;42;15;5;3;6;1
461;11050;St.Gallen Stadt Lerchental;18.08.2020;Dienstag;2;1;2;1;6;5;8;80;144;109;74;77;59;62;97;81;87;71;68;39;7;7;5;7;1
462;11050;St.Gallen Stadt Lerchental;19.08.2020;Mittwoch;1;2;0;0;0;3;1;14;32;35;32;44;64;38;45;39;46;59;63;37;12;4;3;2;2
463;11050;St.Gallen Stadt Lerchental;19.08.2020;Mittwoch;2;1;2;1;6;5;2;81;164;111;72;99;70;66;118;83;71;63;48;38;6;4;6;4;4
464;11050;St.Gallen Stadt Lerchental;20.08.2020;Donnerstag;1;0;0;0;0;0;2;12;32;37;43;58;66;42;33;40;37;45;61;30;27;11;4;3;2
465;11050;St.Gallen Stadt Lerchental;20.08.2020;Donnerstag;2;3;2;2;4;1;4;78;173;107;88;109;83;61;98;80;72;69;57;41;18;7;6;3;3
466;11050;St.Gallen Stadt Lerchental;21.08.2020;Freitag;1;1;0;0;0;4;3;11;19;33;48;44;61;41;44;48;46;36;47;45;10;4;1;3;1
467;11050;St.Gallen Stadt Lerchental;21.08.2020;Freitag;2;4;1;2;2;5;4;73;158;105;95;86;56;70;103;75;77;59;45;33;4;2;1;1;0
468;11050;St.Gallen Stadt Lerchental;22.08.2020;Samstag;1;2;1;2;1;1;2;3;7;18;29;42;42;39;38;41;37;38;12;5;3;5;1;0;4
469;11050;St.Gallen Stadt Lerchental;22.08.2020;Samstag;2;3;2;2;0;0;2;8;25;40;54;63;56;64;42;52;39;46;10;3;4;6;2;0;5
470;11050;St.Gallen Stadt Lerchental;23.08.2020;Sonntag;1;0;1;2;1;2;0;2;0;0;3;4;8;4;3;4;6;9;8;0;8;6;2;0;0
471;11050;St.Gallen Stadt Lerchental;23.08.2020;Sonntag;2;4;0;1;0;0;1;3;0;2;3;8;9;9;3;2;7;6;7;2;12;3;1;1;1
472;11050;St.Gallen Stadt Lerchental;24.08.2020;Montag;1;2;2;1;0;2;0;10;17;28;38;55;61;47;38;43;47;59;49;40;15;8;2;0;3
473;11050;St.Gallen Stadt Lerchental;24.08.2020;Montag;2;0;1;0;0;2;3;75;170;97;94;82;90;73;111;81;80;77;54;21;4;2;2;0;2
474;11050;St.Gallen Stadt Lerchental;25.08.2020;Dienstag;1;1;0;0;0;1;0;11;26;30;43;41;55;26;34;41;36;52;64;26;16;4;2;1;2
475;11050;St.Gallen Stadt Lerchental;25.08.2020;Dienstag;2;1;0;0;3;1;4;71;152;113;86;69;68;56;88;86;56;80;44;24;6;5;8;0;2
476;11050;St.Gallen Stadt Lerchental;26.08.2020;Mittwoch;1;4;0;0;1;0;1;8;24;26;34;40;49;46;44;41;27;54;52;48;10;5;0;6;2
477;11050;St.Gallen Stadt Lerchental;26.08.2020;Mittwoch;2;3;0;1;2;1;6;72;157;105;83;75;67;78;86;77;72;51;53;30;6;2;4;1;3
478;11050;St.Gallen Stadt Lerchental;27.08.2020;Donnerstag;1;3;1;0;1;0;1;15;25;45;47;40;53;31;29;45;47;50;57;24;25;10;4;2;10
479;11050;St.Gallen Stadt Lerchental;27.08.2020;Donnerstag;2;1;1;0;1;0;5;107;126;111;79;74;55;48;94;80;73;60;40;26;27;7;6;3;7
480;11050;St.Gallen Stadt Lerchental;28.08.2020;Freitag;1;0;2;0;1;0;4;8;23;29;29;42;48;40;44;48;42;46;49;39;12;2;3;1;2
481;11050;St.Gallen Stadt Lerchental;28.08.2020;Freitag;2;4;1;0;1;1;6;68;133;86;57;75;76;53;82;80;62;65;33;28;5;4;3;2;3
482;11050;St.Gallen Stadt Lerchental;29.08.2020;Samstag;1;4;2;0;0;2;1;3;14;20;37;33;42;28;42;37;38;42;17;6;5;6;2;0;0
483;11050;St.Gallen Stadt Lerchental;29.08.2020;Samstag;2;2;1;1;1;2;2;10;37;31;48;52;60;33;54;48;48;43;8;1;4;3;0;3;1
484;11050;St.Gallen Stadt Lerchental;30.08.2020;Sonntag;1;1;0;0;0;0;0;1;2;1;4;4;3;9;2;4;4;7;4;1;3;4;3;6;0
485;11050;St.Gallen Stadt Lerchental;30.08.2020;Sonntag;2;1;0;0;0;0;0;1;1;1;4;5;7;6;3;2;5;9;3;6;2;4;5;1;1
486;11050;St.Gallen Stadt Lerchental;31.08.2020;Montag;1;2;0;0;2;0;1;9;27;35;55;42;55;44;32;48;41;59;50;31;17;5;0;0;1
487;11050;St.Gallen Stadt Lerchental;31.08.2020;Montag;2;1;0;1;1;0;7;60;169;108;69;75;74;80;85;91;79;61;46;24;11;6;2;0;1
488;11050;St.Gallen Stadt Lerchental;01.09.2020;Dienstag;1;1;0;0;0;2;1;7;24;44;41;34;48;55;32;33;51;42;52;33;8;2;2;2;0
489;11050;St.Gallen Stadt Lerchental;01.09.2020;Dienstag;2;1;0;0;0;4;2;70;169;103;82;63;62;68;101;92;53;59;46;24;7;1;5;1;0
490;11050;St.Gallen Stadt Lerchental;02.09.2020;Mittwoch;1;2;1;0;1;0;1;5;28;42;32;38;54;42;33;34;32;67;60;35;13;3;1;2;2
491;11050;St.Gallen Stadt Lerchental;02.09.2020;Mittwoch;2;1;1;0;2;0;5;82;147;92;78;88;72;60;115;69;70;71;62;31;9;7;2;5;1
492;11050;St.Gallen Stadt Lerchental;03.09.2020;Donnerstag;1;2;0;0;0;0;1;13;41;76;68;66;83;61;62;55;65;81;82;54;21;9;5;2;1
493;11050;St.Gallen Stadt Lerchental;03.09.2020;Donnerstag;2;1;0;0;1;0;4;75;161;101;105;93;57;68;100;68;80;73;50;30;17;9;3;3;0
494;11050;St.Gallen Stadt Lerchental;04.09.2020;Freitag;1;1;0;0;0;0;1;7;40;57;67;67;83;48;62;64;61;77;62;53;21;7;3;1;2
495;11050;St.Gallen Stadt Lerchental;04.09.2020;Freitag;2;1;0;2;0;2;4;68;155;87;88;85;77;60;96;68;83;63;45;37;6;2;2;3;1
496;11050;St.Gallen Stadt Lerchental;05.09.2020;Samstag;1;2;0;0;1;0;0;2;10;26;41;56;50;43;40;62;42;44;14;12;7;3;4;2;4
497;11050;St.Gallen Stadt Lerchental;05.09.2020;Samstag;2;2;1;0;0;2;2;5;24;40;54;54;58;47;49;45;43;30;12;4;3;5;2;2;4
498;11050;St.Gallen Stadt Lerchental;06.09.2020;Sonntag;1;0;1;0;4;0;1;3;1;1;3;6;6;7;7;10;6;4;7;8;8;8;4;1;0
499;11050;St.Gallen Stadt Lerchental;06.09.2020;Sonntag;2;0;1;1;1;0;0;0;2;1;9;2;3;7;6;8;10;3;3;4;5;4;1;0;3
500;11050;St.Gallen Stadt Lerchental;07.09.2020;Montag;1;1;1;0;0;0;1;9;35;37;54;82;102;66;58;69;72;82;80;55;11;5;4;0;1
501;11050;St.Gallen Stadt Lerchental;07.09.2020;Montag;2;1;0;1;0;1;2;79;156;88;89;88;64;79;109;82;72;90;56;27;8;3;1;2;2
502;11050;St.Gallen Stadt Lerchental;08.09.2020;Dienstag;1;2;0;0;0;0;1;14;53;41;54;71;76;48;44;60;57;76;82;41;19;12;6;3;0
503;11050;St.Gallen Stadt Lerchental;08.09.2020;Dienstag;2;0;2;0;1;0;4;71;177;107;85;84;63;54;94;80;63;70;45;39;12;3;4;1;1
504;11050;St.Gallen Stadt Lerchental;09.09.2020;Mittwoch;1;3;0;0;0;0;1;12;41;50;47;53;65;66;63;64;64;78;91;75;28;3;4;2;0
505;11050;St.Gallen Stadt Lerchental;09.09.2020;Mittwoch;2;1;0;0;1;0;4;73;168;116;62;70;60;64;109;78;67;73;51;26;4;4;3;2;2
506;11050;St.Gallen Stadt Lerchental;10.09.2020;Donnerstag;1;1;0;1;0;0;2;13;48;53;61;69;81;53;48;47;67;77;91;45;37;13;5;2;0
507;11050;St.Gallen Stadt Lerchental;10.09.2020;Donnerstag;2;0;0;0;1;0;9;65;167;129;92;84;64;70;96;73;63;75;72;35;21;8;1;2;1
508;11050;St.Gallen Stadt Lerchental;11.09.2020;Freitag;1;1;1;0;0;0;1;16;39;40;58;72;74;56;67;70;67;91;64;42;11;9;2;9;1
509;11050;St.Gallen Stadt Lerchental;11.09.2020;Freitag;2;1;0;0;0;0;4;77;165;104;83;87;69;64;103;77;68;82;52;34;12;4;6;5;1
510;11050;St.Gallen Stadt Lerchental;12.09.2020;Samstag;1;2;0;0;0;0;1;1;9;22;35;59;44;50;32;43;52;37;17;8;7;5;8;8;2
511;11050;St.Gallen Stadt Lerchental;12.09.2020;Samstag;2;0;0;0;1;0;2;8;33;29;51;62;49;43;49;40;47;29;6;8;3;2;6;2;0
512;11050;St.Gallen Stadt Lerchental;13.09.2020;Sonntag;1;0;1;0;0;0;0;0;4;4;4;5;9;5;4;12;3;5;11;7;9;5;5;0;0
513;11050;St.Gallen Stadt Lerchental;13.09.2020;Sonntag;2;0;0;0;0;0;0;3;2;4;6;10;5;5;3;11;4;10;5;4;6;7;5;0;2
514;11050;St.Gallen Stadt Lerchental;14.09.2020;Montag;1;1;0;3;0;0;1;5;43;69;75;50;86;58;51;66;92;81;94;47;17;5;8;3;2
515;11050;St.Gallen Stadt Lerchental;14.09.2020;Montag;2;1;0;2;0;0;7;77;179;153;97;74;68;84;118;89;79;59;50;37;6;3;5;1;2
516;11050;St.Gallen Stadt Lerchental;15.09.2020;Dienstag;1;2;0;0;0;1;1;11;44;60;62;64;86;51;48;72;70;99;92;44;16;6;1;2;1
517;11050;St.Gallen Stadt Lerchental;15.09.2020;Dienstag;2;0;0;0;0;1;5;79;191;125;87;92;63;65;107;87;69;72;54;29;9;3;3;2;0
518;11050;St.Gallen Stadt Lerchental;16.09.2020;Mittwoch;1;1;0;0;1;0;1;11;56;62;59;61;78;54;43;53;59;97;98;56;13;6;10;2;1
519;11050;St.Gallen Stadt Lerchental;16.09.2020;Mittwoch;2;1;0;0;1;0;7;70;182;107;65;85;71;58;102;88;63;80;67;29;9;4;6;1;2
520;11050;St.Gallen Stadt Lerchental;17.09.2020;Donnerstag;1;2;0;2;0;0;1;15;51;55;75;76;88;67;53;67;62;98;95;52;32;12;8;3;1
521;11050;St.Gallen Stadt Lerchental;17.09.2020;Donnerstag;2;0;0;0;1;1;6;69;155;100;97;89;71;70;127;78;76;67;69;39;15;7;2;1;2
522;11050;St.Gallen Stadt Lerchental;18.09.2020;Freitag;1;1;0;0;1;0;1;15;38;63;71;76;108;65;52;66;79;87;90;45;20;9;6;3;4
523;11050;St.Gallen Stadt Lerchental;18.09.2020;Freitag;2;1;0;0;1;1;7;65;173;119;108;98;82;75;97;95;80;75;73;24;11;3;5;3;5
524;11050;St.Gallen Stadt Lerchental;19.09.2020;Samstag;1;4;0;1;1;1;1;1;9;29;39;55;63;47;41;60;51;48;28;8;7;7;4;1;3
525;11050;St.Gallen Stadt Lerchental;19.09.2020;Samstag;2;2;1;0;0;1;2;8;28;32;58;55;53;49;36;57;41;33;11;8;4;0;1;2;1
526;11050;St.Gallen Stadt Lerchental;20.09.2020;Sonntag;1;1;2;0;0;0;0;0;1;6;3;5;15;5;8;7;11;13;11;13;6;7;6;3;0
527;11050;St.Gallen Stadt Lerchental;20.09.2020;Sonntag;2;1;0;0;0;1;0;1;2;2;5;12;9;5;10;8;6;15;11;10;9;6;5;3;3
528;11050;St.Gallen Stadt Lerchental;21.09.2020;Montag;1;4;0;1;0;1;2;12;43;61;60;66;120;56;61;59;79;107;120;54;14;9;3;4;1
529;11050;St.Gallen Stadt Lerchental;21.09.2020;Montag;2;1;0;0;0;3;9;74;198;125;91;85;79;70;110;74;82;89;69;30;9;5;1;5;1
530;11050;St.Gallen Stadt Lerchental;22.09.2020;Dienstag;1;2;0;0;0;1;2;14;51;58;57;66;98;48;65;61;88;86;122;66;18;5;3;2;1
531;11050;St.Gallen Stadt Lerchental;22.09.2020;Dienstag;2;0;1;0;1;1;7;92;200;104;81;84;53;72;124;89;76;83;61;24;7;2;3;2;1
532;11050;St.Gallen Stadt Lerchental;23.09.2020;Mittwoch;1;1;0;0;1;0;0;8;60;66;59;68;109;57;67;57;62;97;116;52;19;3;5;1;5
533;11050;St.Gallen Stadt Lerchental;23.09.2020;Mittwoch;2;0;0;0;1;1;4;73;172;109;83;106;70;75;109;82;70;75;58;34;8;0;5;1;3
534;11050;St.Gallen Stadt Lerchental;24.09.2020;Donnerstag;1;2;1;0;0;2;0;16;59;68;75;71;100;64;68;64;89;116;120;55;42;10;5;5;1
535;11050;St.Gallen Stadt Lerchental;24.09.2020;Donnerstag;2;1;1;0;1;1;7;78;178;131;104;90;74;78;117;90;73;93;74;41;18;7;2;1;2
536;11050;St.Gallen Stadt Lerchental;25.09.2020;Freitag;1;2;0;0;0;0;2;10;47;53;62;73;101;79;65;78;78;95;90;53;12;5;0;2;2
537;11050;St.Gallen Stadt Lerchental;25.09.2020;Freitag;2;0;0;0;2;1;3;72;152;110;99;94;90;67;112;112;72;82;60;31;7;2;2;3;5
538;11050;St.Gallen Stadt Lerchental;26.09.2020;Samstag;1;2;0;0;0;0;2;0;14;19;34;67;61;48;48;45;49;66;18;7;5;2;1;4;2
539;11050;St.Gallen Stadt Lerchental;26.09.2020;Samstag;2;0;0;0;0;0;5;5;19;30;47;63;73;47;51;62;42;43;7;1;3;1;2;3;3
540;11050;St.Gallen Stadt Lerchental;27.09.2020;Sonntag;1;2;0;0;0;2;2;0;2;3;7;10;8;5;6;8;7;3;13;10;9;7;6;2;0
541;11050;St.Gallen Stadt Lerchental;27.09.2020;Sonntag;2;1;0;3;1;1;0;0;2;4;5;7;8;6;4;7;8;8;16;3;4;4;3;2;2
542;11050;St.Gallen Stadt Lerchental;28.09.2020;Montag;1;2;0;0;1;0;3;14;43;57;70;69;78;63;54;74;79;83;99;49;12;3;4;5;3
543;11050;St.Gallen Stadt Lerchental;28.09.2020;Montag;2;2;0;0;2;1;6;63;150;108;78;85;69;72;110;94;67;72;56;31;5;3;0;2;0
544;11050;St.Gallen Stadt Lerchental;29.09.2020;Dienstag;1;4;0;0;0;0;1;17;45;56;58;75;82;53;49;80;63;185;100;57;20;8;1;3;4
545;11050;St.Gallen Stadt Lerchental;29.09.2020;Dienstag;2;3;1;3;1;1;3;71;171;86;67;94;69;49;88;102;95;74;47;34;7;3;1;1;1
546;11050;St.Gallen Stadt Lerchental;30.09.2020;Mittwoch;1;4;0;1;1;0;1;7;48;45;60;131;67;62;40;61;64;93;80;60;21;4;3;1;2
547;11050;St.Gallen Stadt Lerchental;30.09.2020;Mittwoch;2;2;2;0;1;0;4;59;154;97;74;73;73;45;80;80;60;74;46;25;14;5;1;2;1
548;11050;St.Gallen Stadt Lerchental;01.10.2020;Donnerstag;1;3;2;0;0;0;0;11;61;52;79;72;77;62;45;55;62;92;100;43;29;3;8;3;0
549;11050;St.Gallen Stadt Lerchental;01.10.2020;Donnerstag;2;2;0;0;2;0;1;65;166;103;80;58;86;75;75;92;64;79;62;29;9;6;4;0;0
550;11050;St.Gallen Stadt Lerchental;02.10.2020;Freitag;1;4;0;0;2;1;1;15;36;47;60;72;102;71;58;74;71;99;74;42;15;5;6;3;1
551;11050;St.Gallen Stadt Lerchental;02.10.2020;Freitag;2;1;0;0;1;2;5;76;139;87;85;88;85;70;100;94;70;76;47;23;5;3;5;6;4
552;11050;St.Gallen Stadt Lerchental;03.10.2020;Samstag;1;1;2;2;2;0;3;4;6;15;37;50;57;41;44;57;54;56;29;17;4;2;5;2;3
553;11050;St.Gallen Stadt Lerchental;03.10.2020;Samstag;2;3;0;1;0;1;3;7;21;27;46;55;64;41;57;63;50;39;14;8;2;4;6;7;2
554;11050;St.Gallen Stadt Lerchental;04.10.2020;Sonntag;1;4;3;1;0;3;3;2;3;4;3;7;8;7;6;5;13;7;12;8;6;2;1;0;1
555;11050;St.Gallen Stadt Lerchental;04.10.2020;Sonntag;2;3;1;0;1;0;0;1;4;1;3;8;8;6;4;9;6;5;3;8;3;3;1;5;2
556;11050;St.Gallen Stadt Lerchental;05.10.2020;Montag;1;2;0;0;3;1;2;7;59;58;67;71;109;53;64;65;79;92;106;72;15;4;0;1;5
557;11050;St.Gallen Stadt Lerchental;05.10.2020;Montag;2;6;1;0;0;0;6;68;157;106;71;90;85;67;92;77;87;82;48;21;5;3;0;2;5
558;11050;St.Gallen Stadt Lerchental;06.10.2020;Dienstag;1;2;0;1;0;0;2;14;44;38;58;59;101;55;61;68;69;106;118;52;17;4;4;2;2
559;11050;St.Gallen Stadt Lerchental;06.10.2020;Dienstag;2;0;0;0;1;2;7;70;168;68;72;76;78;66;87;65;91;91;48;25;3;7;2;1;1
560;11050;St.Gallen Stadt Lerchental;07.10.2020;Mittwoch;1;1;1;0;0;2;2;19;53;52;53;87;82;49;53;68;71;97;100;58;12;5;4;2;1
561;11050;St.Gallen Stadt Lerchental;07.10.2020;Mittwoch;2;2;0;1;1;2;5;71;154;88;70;86;57;66;88;79;68;63;60;29;4;2;7;3;1
562;11050;St.Gallen Stadt Lerchental;08.10.2020;Donnerstag;1;0;0;0;1;0;1;7;45;49;44;82;103;57;65;64;75;89;99;55;32;6;1;3;0
563;11050;St.Gallen Stadt Lerchental;08.10.2020;Donnerstag;2;0;0;0;1;1;3;73;159;94;72;75;80;56;91;66;74;56;44;36;15;4;4;3;2
564;11050;St.Gallen Stadt Lerchental;09.10.2020;Freitag;1;0;2;0;0;1;2;12;37;45;64;60;96;62;69;69;67;71;81;45;12;5;2;5;2
565;11050;St.Gallen Stadt Lerchental;09.10.2020;Freitag;2;2;0;0;0;0;6;64;130;97;69;90;80;54;117;72;64;65;45;25;4;3;8;10;2
566;11050;St.Gallen Stadt Lerchental;10.10.2020;Samstag;1;8;2;0;2;2;0;0;5;23;33;55;55;44;39;56;56;39;26;14;5;10;6;3;5
567;11050;St.Gallen Stadt Lerchental;10.10.2020;Samstag;2;5;0;0;0;0;2;2;22;34;50;65;63;46;54;50;45;31;13;10;2;5;1;5;3
568;11050;St.Gallen Stadt Lerchental;11.10.2020;Sonntag;1;3;0;4;2;0;0;0;4;1;8;7;6;10;4;8;10;8;8;1;5;1;3;1;1
569;11050;St.Gallen Stadt Lerchental;11.10.2020;Sonntag;2;1;3;0;1;0;0;0;1;2;3;7;5;10;4;2;8;7;7;5;2;1;3;0;1
570;11050;St.Gallen Stadt Lerchental;12.10.2020;Montag;1;1;1;0;1;1;1;14;40;48;59;63;104;60;55;78;80;100;117;54;8;1;4;1;2
571;11050;St.Gallen Stadt Lerchental;12.10.2020;Montag;2;3;1;2;0;0;2;65;149;88;70;94;73;66;98;81;71;75;64;24;3;1;4;1;1
572;11050;St.Gallen Stadt Lerchental;13.10.2020;Dienstag;1;0;1;1;0;3;0;15;33;54;48;68;95;80;52;57;59;74;104;60;14;2;2;0;1
573;11050;St.Gallen Stadt Lerchental;13.10.2020;Dienstag;2;1;2;0;0;3;5;73;148;100;68;73;72;59;86;71;63;51;50;40;10;0;1;1;0
574;11050;St.Gallen Stadt Lerchental;14.10.2020;Mittwoch;1;1;0;0;1;2;0;11;47;59;69;64;95;66;69;65;74;106;96;61;8;4;3;1;0
575;11050;St.Gallen Stadt Lerchental;14.10.2020;Mittwoch;2;3;1;1;2;1;3;72;134;114;84;80;70;72;94;84;79;69;59;32;6;4;1;0;1
576;11050;St.Gallen Stadt Lerchental;15.10.2020;Donnerstag;1;1;0;0;1;1;3;10;42;67;66;95;97;74;54;74;91;134;125;66;28;8;3;2;3
577;11050;St.Gallen Stadt Lerchental;15.10.2020;Donnerstag;2;1;0;0;1;1;6;69;165;115;85;105;75;77;102;82;93;102;65;41;16;4;0;2;1
578;11050;St.Gallen Stadt Lerchental;16.10.2020;Freitag;1;0;0;0;1;1;3;11;43;58;60;75;82;79;67;70;81;97;89;46;12;6;4;3;1
579;11050;St.Gallen Stadt Lerchental;16.10.2020;Freitag;2;1;2;0;3;0;8;63;169;90;79;82;69;68;95;86;90;78;52;19;7;3;5;5;3
580;11050;St.Gallen Stadt Lerchental;17.10.2020;Samstag;1;3;2;1;1;3;4;0;17;20;43;53;75;45;40;64;41;58;18;8;9;5;0;4;1
581;11050;St.Gallen Stadt Lerchental;17.10.2020;Samstag;2;2;1;1;1;1;0;4;34;32;45;68;67;48;51;49;41;39;6;4;3;2;5;5;2
582;11050;St.Gallen Stadt Lerchental;18.10.2020;Sonntag;1;4;0;1;1;5;0;0;2;1;4;11;7;10;8;7;15;12;6;11;6;2;2;1;0
583;11050;St.Gallen Stadt Lerchental;18.10.2020;Sonntag;2;1;2;3;0;0;0;0;2;0;4;5;3;6;5;6;6;3;9;7;5;2;2;2;1
584;11050;St.Gallen Stadt Lerchental;19.10.2020;Montag;1;0;1;0;0;0;5;10;47;80;61;84;108;65;60;64;76;113;136;63;17;5;3;6;7
585;11050;St.Gallen Stadt Lerchental;19.10.2020;Montag;2;0;2;0;0;0;9;67;164;139;75;92;73;65;117;76;80;80;73;26;8;3;4;0;2
586;11050;St.Gallen Stadt Lerchental;20.10.2020;Dienstag;1;0;0;0;1;0;1;13;48;64;53;71;81;66;48;62;70;102;120;60;18;9;3;1;2
587;11050;St.Gallen Stadt Lerchental;20.10.2020;Dienstag;2;0;0;0;0;1;7;86;179;116;72;80;79;53;102;83;71;75;72;34;3;5;3;1;3
588;11050;St.Gallen Stadt Lerchental;21.10.2020;Mittwoch;1;0;1;0;0;1;1;9;59;60;50;62;107;64;41;57;64;94;137;62;14;9;8;4;2
589;11050;St.Gallen Stadt Lerchental;21.10.2020;Mittwoch;2;1;0;0;1;1;4;90;168;114;76;91;74;69;88;73;83;88;61;34;10;5;4;1;2
590;11050;St.Gallen Stadt Lerchental;22.10.2020;Donnerstag;1;0;0;0;0;0;3;12;58;74;74;86;96;79;63;68;70;109;108;72;36;13;2;3;4
591;11050;St.Gallen Stadt Lerchental;22.10.2020;Donnerstag;2;0;0;0;1;1;6;86;174;130;103;79;79;75;88;71;85;91;60;35;17;4;2;4;5
592;11050;St.Gallen Stadt Lerchental;23.10.2020;Freitag;1;3;0;0;3;0;2;8;42;65;70;82;100;82;56;81;87;97;91;61;17;3;6;6;3
593;11050;St.Gallen Stadt Lerchental;23.10.2020;Freitag;2;0;0;0;1;0;3;78;157;104;85;95;78;68;98;89;81;98;40;38;3;3;3;4;3
594;11050;St.Gallen Stadt Lerchental;24.10.2020;Samstag;1;4;1;1;2;1;0;3;10;27;54;60;67;63;50;60;66;63;22;7;7;7;6;1;5
595;11050;St.Gallen Stadt Lerchental;24.10.2020;Samstag;2;2;5;0;1;0;1;4;29;37;62;69;68;59;54;53;65;56;4;7;4;1;5;1;6
596;11050;St.Gallen Stadt Lerchental;25.10.2020;Sonntag;1;2;5;5;0;2;0;2;1;6;4;11;3;10;9;17;6;7;13;1;9;2;6;0;0
597;11050;St.Gallen Stadt Lerchental;25.10.2020;Sonntag;2;4;4;2;1;1;0;1;0;4;11;8;9;7;9;10;8;5;4;0;5;0;4;0;2
598;11050;St.Gallen Stadt Lerchental;26.10.2020;Montag;1;1;0;0;0;4;1;15;37;83;82;69;110;56;66;76;86;106;109;57;7;2;0;1;2
599;11050;St.Gallen Stadt Lerchental;26.10.2020;Montag;2;1;0;1;1;2;5;74;193;129;87;88;85;57;128;96;83;77;52;26;4;2;0;0;1
600;11050;St.Gallen Stadt Lerchental;27.10.2020;Dienstag;1;1;0;0;0;0;3;9;53;58;71;80;105;62;62;72;82;101;110;49;14;6;2;7;1
601;11050;St.Gallen Stadt Lerchental;27.10.2020;Dienstag;2;1;1;0;1;0;11;79;181;127;91;91;68;74;101;86;94;93;71;30;7;1;1;3;2
602;11050;St.Gallen Stadt Lerchental;28.10.2020;Mittwoch;1;1;0;1;0;0;1;8;44;53;67;60;88;52;57;63;70;84;99;58;15;2;5;0;0
603;11050;St.Gallen Stadt Lerchental;28.10.2020;Mittwoch;2;2;0;1;1;1;4;81;163;94;92;75;80;70;96;77;80;77;59;27;2;5;3;0;1
604;11050;St.Gallen Stadt Lerchental;29.10.2020;Donnerstag;1;1;3;0;2;1;1;16;44;70;75;66;102;62;50;78;101;106;115;48;23;7;6;3;0
605;11050;St.Gallen Stadt Lerchental;29.10.2020;Donnerstag;2;3;3;0;1;2;5;83;181;131;100;81;70;71;103;116;76;86;54;30;20;1;2;2;2
606;11050;St.Gallen Stadt Lerchental;30.10.2020;Freitag;1;0;0;0;0;0;2;9;46;63;61;65;94;72;61;77;77;106;95;58;13;2;2;9;4
607;11050;St.Gallen Stadt Lerchental;30.10.2020;Freitag;2;0;0;0;0;1;4;84;152;99;79;83;84;78;100;91;65;91;60;31;4;3;0;3;2
608;11050;St.Gallen Stadt Lerchental;31.10.2020;Samstag;1;1;0;0;0;0;1;4;10;26;38;62;81;67;47;65;56;58;23;5;3;5;2;1;2
609;11050;St.Gallen Stadt Lerchental;31.10.2020;Samstag;2;0;1;0;0;1;3;6;34;34;47;82;60;54;39;56;60;52;5;3;3;3;0;4;2
610;11050;St.Gallen Stadt Lerchental;01.11.2020;Sonntag;1;1;0;0;0;0;0;2;3;2;3;5;6;5;4;9;11;10;7;4;6;7;3;0;0
611;11050;St.Gallen Stadt Lerchental;01.11.2020;Sonntag;2;3;0;0;0;0;0;1;3;0;8;8;4;6;6;7;7;8;3;4;3;1;3;0;1
612;11050;St.Gallen Stadt Lerchental;02.11.2020;Montag;1;0;0;1;0;1;1;11;36;63;64;87;102;78;53;62;66;101;125;60;14;5;4;1;1
613;11050;St.Gallen Stadt Lerchental;02.11.2020;Montag;2;1;1;1;0;3;5;82;170;115;83;84;76;98;119;83;70;88;53;28;6;1;2;0;0
614;11050;St.Gallen Stadt Lerchental;03.11.2020;Dienstag;1;0;0;0;0;2;3;16;36;62;62;84;106;61;65;85;84;84;94;41;20;3;4;1;0
615;11050;St.Gallen Stadt Lerchental;03.11.2020;Dienstag;2;1;1;0;1;2;7;96;157;128;67;99;70;73;107;98;79;73;49;20;2;3;1;0;0
616;11050;St.Gallen Stadt Lerchental;04.11.2020;Mittwoch;1;0;0;0;0;0;1;9;44;52;52;56;75;52;51;65;78;81;89;50;9;7;5;1;1
617;11050;St.Gallen Stadt Lerchental;04.11.2020;Mittwoch;2;1;0;0;0;1;3;84;177;114;72;72;70;71;93;73;74;77;48;25;4;1;7;0;1
618;11050;St.Gallen Stadt Lerchental;05.11.2020;Donnerstag;1;2;0;0;2;0;0;11;42;48;71;79;111;76;52;63;66;98;112;49;23;6;1;0;0
619;11050;St.Gallen Stadt Lerchental;05.11.2020;Donnerstag;2;1;0;0;1;0;5;87;181;94;99;105;89;96;101;78;89;79;58;24;12;1;1;0;1
620;11050;St.Gallen Stadt Lerchental;06.11.2020;Freitag;1;3;0;0;2;0;2;8;41;53;63;74;109;62;68;56;85;97;68;50;16;8;0;2;2
621;11050;St.Gallen Stadt Lerchental;06.11.2020;Freitag;2;1;0;0;2;0;6;69;183;101;94;85;72;62;93;74;92;71;40;32;5;3;0;2;3
622;11050;St.Gallen Stadt Lerchental;07.11.2020;Samstag;1;2;2;0;0;0;0;1;6;28;35;60;141;49;48;58;60;48;28;10;4;2;3;1;0
623;11050;St.Gallen Stadt Lerchental;07.11.2020;Samstag;2;1;1;0;0;1;4;5;31;42;48;67;59;56;51;52;53;37;9;3;4;1;4;3;0
624;11050;St.Gallen Stadt Lerchental;08.11.2020;Sonntag;1;1;0;1;0;0;0;1;0;1;6;8;7;4;3;6;6;5;7;3;1;0;0;2;1
625;11050;St.Gallen Stadt Lerchental;08.11.2020;Sonntag;2;2;0;0;0;0;0;1;2;3;8;5;7;4;1;7;7;4;0;5;0;0;2;2;3
626;11050;St.Gallen Stadt Lerchental;09.11.2020;Montag;1;0;2;0;0;0;0;12;34;60;51;71;86;54;51;75;72;81;174;54;9;3;0;0;2
627;11050;St.Gallen Stadt Lerchental;09.11.2020;Montag;2;0;1;1;0;0;5;81;158;113;71;88;68;70;103;84;73;75;76;20;3;0;1;2;0
628;11050;St.Gallen Stadt Lerchental;10.11.2020;Dienstag;1;3;0;0;0;1;0;12;36;57;63;58;81;55;55;62;55;89;107;62;19;2;6;1;2
629;11050;St.Gallen Stadt Lerchental;10.11.2020;Dienstag;2;1;0;0;1;2;4;84;182;103;84;75;70;68;98;74;63;44;45;27;3;1;2;2;1
630;11050;St.Gallen Stadt Lerchental;11.11.2020;Mittwoch;1;2;0;1;0;1;2;4;30;54;57;66;89;64;66;51;56;84;119;50;5;5;3;2;0
631;11050;St.Gallen Stadt Lerchental;11.11.2020;Mittwoch;2;1;0;1;2;1;7;76;171;91;86;87;69;77;115;70;64;83;61;22;1;1;1;0;0
632;11050;St.Gallen Stadt Lerchental;12.11.2020;Donnerstag;1;4;1;0;1;0;0;16;47;61;69;70;82;61;57;57;75;80;98;50;24;7;7;0;0
633;11050;St.Gallen Stadt Lerchental;12.11.2020;Donnerstag;2;4;0;1;0;0;4;83;170;121;85;71;69;76;106;84;62;71;54;21;15;7;4;0;0
634;11050;St.Gallen Stadt Lerchental;13.11.2020;Freitag;1;4;0;0;0;0;1;12;51;64;60;77;102;63;52;64;75;75;68;38;12;9;1;3;4
635;11050;St.Gallen Stadt Lerchental;13.11.2020;Freitag;2;3;0;0;2;0;4;72;168;108;111;88;68;74;102;80;92;76;41;17;6;0;5;1;6
636;11050;St.Gallen Stadt Lerchental;14.11.2020;Samstag;1;0;2;0;1;1;2;2;9;31;39;59;72;63;52;69;49;41;26;8;2;4;1;5;4
637;11050;St.Gallen Stadt Lerchental;14.11.2020;Samstag;2;0;1;1;1;1;3;7;29;42;51;66;67;53;47;64;51;53;10;2;3;6;6;5;4
638;11050;St.Gallen Stadt Lerchental;15.11.2020;Sonntag;1;3;4;0;0;0;0;0;0;2;3;7;3;7;5;9;8;13;12;8;6;2;4;1;1
639;11050;St.Gallen Stadt Lerchental;15.11.2020;Sonntag;2;3;0;0;0;0;0;0;1;3;5;6;4;5;7;5;8;5;7;6;4;1;2;1;4
640;11050;St.Gallen Stadt Lerchental;16.11.2020;Montag;1;2;0;0;0;1;1;9;72;74;56;84;115;73;60;78;68;113;114;53;17;6;3;1;2
641;11050;St.Gallen Stadt Lerchental;16.11.2020;Montag;2;0;1;0;0;1;3;84;166;113;82;98;86;86;124;95;86;87;59;28;4;0;2;1;3
642;11050;St.Gallen Stadt Lerchental;17.11.2020;Dienstag;1;0;0;0;1;1;1;10;32;61;48;59;94;65;45;61;76;89;100;57;22;8;3;2;5
643;11050;St.Gallen Stadt Lerchental;17.11.2020;Dienstag;2;0;0;0;1;2;7;72;165;111;69;88;67;87;101;78;86;80;56;35;7;4;0;3;3
644;11050;St.Gallen Stadt Lerchental;18.11.2020;Mittwoch;1;2;0;0;0;0;3;8;45;67;53;62;102;63;39;62;73;92;93;58;15;10;5;3;1
645;11050;St.Gallen Stadt Lerchental;18.11.2020;Mittwoch;2;1;0;0;1;2;4;72;184;119;70;69;79;63;119;70;66;89;45;25;2;4;4;2;1
646;11050;St.Gallen Stadt Lerchental;19.11.2020;Donnerstag;1;1;0;0;0;2;1;7;43;67;82;81;182;69;58;80;99;107;98;61;39;10;3;1;1
647;11050;St.Gallen Stadt Lerchental;19.11.2020;Donnerstag;2;0;0;0;1;2;7;80;178;140;97;96;74;81;132;86;92;97;54;33;24;7;1;1;2
648;11050;St.Gallen Stadt Lerchental;20.11.2020;Freitag;1;2;0;0;0;1;1;12;24;69;69;67;88;56;71;76;86;92;81;49;20;4;3;2;1
649;11050;St.Gallen Stadt Lerchental;20.11.2020;Freitag;2;1;0;1;1;1;2;67;157;99;96;84;68;67;116;107;96;72;46;22;9;2;3;3;0
650;11050;St.Gallen Stadt Lerchental;21.11.2020;Samstag;1;4;0;1;2;1;0;3;3;25;41;59;63;63;44;53;54;59;22;22;6;1;1;0;5
651;11050;St.Gallen Stadt Lerchental;21.11.2020;Samstag;2;1;0;1;2;0;5;6;23;30;51;69;72;58;47;47;66;38;6;1;4;1;1;3;2
652;11050;St.Gallen Stadt Lerchental;22.11.2020;Sonntag;1;3;2;0;0;0;0;2;2;0;4;11;4;4;9;7;10;12;12;1;2;1;4;2;2
653;11050;St.Gallen Stadt Lerchental;22.11.2020;Sonntag;2;0;0;1;0;0;1;1;1;2;5;11;6;2;3;10;13;7;2;0;4;1;4;0;1
654;11050;St.Gallen Stadt Lerchental;23.11.2020;Montag;1;0;0;1;0;0;2;13;36;60;76;76;176;68;64;53;83;76;104;49;22;3;1;6;1
655;11050;St.Gallen Stadt Lerchental;23.11.2020;Montag;2;0;1;2;1;2;5;78;145;112;85;96;91;81;108;75;91;85;41;30;5;1;0;1;0
656;11050;St.Gallen Stadt Lerchental;24.11.2020;Dienstag;1;0;1;0;1;0;2;7;40;68;55;70;135;66;63;62;62;69;87;53;17;10;1;2;1
657;11050;St.Gallen Stadt Lerchental;24.11.2020;Dienstag;2;0;1;2;1;0;4;72;153;107;83;78;76;57;109;84;69;72;43;24;11;6;1;2;0
658;11050;St.Gallen Stadt Lerchental;25.11.2020;Mittwoch;1;1;0;0;0;0;0;8;38;51;48;49;149;66;54;67;58;82;104;51;18;2;0;1;0
659;11050;St.Gallen Stadt Lerchental;25.11.2020;Mittwoch;2;1;1;2;0;2;3;66;158;101;74;66;71;57;103;81;60;80;50;26;4;1;0;1;1
660;11050;St.Gallen Stadt Lerchental;26.11.2020;Donnerstag;1;6;0;1;0;0;0;9;39;56;56;81;83;91;74;76;90;124;244;45;24;6;2;2;1
661;11050;St.Gallen Stadt Lerchental;26.11.2020;Donnerstag;2;2;0;4;0;2;5;74;152;129;79;106;78;85;100;72;76;64;54;26;16;3;5;0;2
662;11050;St.Gallen Stadt Lerchental;27.11.2020;Freitag;1;0;0;0;0;2;1;11;44;57;56;117;100;68;71;68;66;94;87;55;14;5;5;3;1
663;11050;St.Gallen Stadt Lerchental;27.11.2020;Freitag;2;0;1;1;1;1;4;70;145;101;81;85;73;68;110;76;76;77;39;32;0;3;5;2;2
664;11050;St.Gallen Stadt Lerchental;28.11.2020;Samstag;1;1;1;0;0;0;1;5;6;31;43;73;65;57;50;52;71;52;25;14;3;3;2;0;4
665;11050;St.Gallen Stadt Lerchental;28.11.2020;Samstag;2;0;0;1;2;0;4;8;27;43;55;73;54;43;57;59;58;49;8;8;5;2;1;2;3
666;11050;St.Gallen Stadt Lerchental;29.11.2020;Sonntag;1;0;0;2;1;0;0;1;1;6;2;12;4;3;7;6;11;3;6;2;3;6;3;0;1
667;11050;St.Gallen Stadt Lerchental;29.11.2020;Sonntag;2;0;0;1;0;0;0;1;3;4;3;6;4;2;5;6;11;3;4;3;6;6;1;1;0
668;11050;St.Gallen Stadt Lerchental;30.11.2020;Montag;1;0;0;0;0;0;0;8;33;61;60;64;105;58;55;68;76;101;123;58;16;10;1;0;0
669;11050;St.Gallen Stadt Lerchental;30.11.2020;Montag;2;1;1;2;0;1;3;81;169;109;85;93;74;89;112;77;84;91;65;32;2;3;3;1;0
670;11050;St.Gallen Stadt Lerchental;01.12.2020;Dienstag;1;0;1;0;0;2;1;12;29;56;70;63;194;86;52;78;75;78;111;59;18;8;1;0;0
671;11050;St.Gallen Stadt Lerchental;01.12.2020;Dienstag;2;0;1;1;1;3;6;88;147;112;83;66;71;76;107;88;73;92;59;27;5;0;2;2;0
672;11050;St.Gallen Stadt Lerchental;02.12.2020;Mittwoch;1;0;0;0;1;1;1;8;32;65;64;76;99;78;47;65;67;83;113;49;14;5;3;2;3
673;11050;St.Gallen Stadt Lerchental;02.12.2020;Mittwoch;2;1;1;1;3;1;6;75;173;124;84;89;75;71;98;82;69;61;62;22;4;1;2;3;0
674;11050;St.Gallen Stadt Lerchental;03.12.2020;Donnerstag;1;1;0;0;1;0;2;12;27;66;71;97;115;85;61;93;68;102;105;63;28;5;3;1;0
675;11050;St.Gallen Stadt Lerchental;03.12.2020;Donnerstag;2;1;0;1;1;0;9;81;190;110;94;110;102;92;111;95;93;81;53;25;14;5;3;1;0
676;11050;St.Gallen Stadt Lerchental;04.12.2020;Freitag;1;0;0;0;1;0;2;12;30;51;65;59;97;75;64;85;88;102;81;44;13;4;7;3;5
677;11050;St.Gallen Stadt Lerchental;04.12.2020;Freitag;2;1;0;1;1;0;6;73;159;101;87;87;92;75;110;103;76;78;44;20;7;2;3;5;5
678;11050;St.Gallen Stadt Lerchental;05.12.2020;Samstag;1;5;0;1;1;1;2;4;5;23;28;53;71;60;51;53;62;52;6;5;4;2;1;2;3
679;11050;St.Gallen Stadt Lerchental;05.12.2020;Samstag;2;2;0;1;0;3;8;6;17;29;46;71;80;52;58;56;48;37;5;2;4;2;3;2;6
680;11050;St.Gallen Stadt Lerchental;06.12.2020;Sonntag;1;2;4;3;1;1;2;12;2;2;2;5;6;4;8;9;5;9;2;9;4;1;1;1;1
681;11050;St.Gallen Stadt Lerchental;06.12.2020;Sonntag;2;0;2;4;0;0;2;10;3;1;4;5;9;3;8;4;10;7;5;3;1;4;0;3;0
682;11050;St.Gallen Stadt Lerchental;07.12.2020;Montag;1;0;0;0;0;1;7;10;34;85;59;189;123;63;65;75;71;74;123;54;10;5;1;1;0
683;11050;St.Gallen Stadt Lerchental;07.12.2020;Montag;2;3;0;0;3;1;12;74;173;126;96;105;68;78;126;101;80;81;49;29;3;6;0;1;2
684;11050;St.Gallen Stadt Lerchental;08.12.2020;Dienstag;1;1;1;0;0;0;0;7;41;67;58;78;98;54;46;66;80;97;98;56;21;2;2;2;2
685;11050;St.Gallen Stadt Lerchental;08.12.2020;Dienstag;2;0;0;3;0;0;6;83;166;117;81;79;71;69;112;86;80;78;49;25;5;0;1;6;1
686;11050;St.Gallen Stadt Lerchental;09.12.2020;Mittwoch;1;2;0;0;0;0;3;16;34;52;60;74;78;61;46;66;68;92;103;54;9;2;2;4;3
687;11050;St.Gallen Stadt Lerchental;09.12.2020;Mittwoch;2;2;1;2;1;1;8;71;157;99;92;91;68;72;98;82;73;69;48;19;1;1;1;4;2
688;11050;St.Gallen Stadt Lerchental;10.12.2020;Donnerstag;1;1;0;0;0;0;5;15;31;58;75;90;85;69;52;70;81;91;109;47;28;11;2;3;0
689;11050;St.Gallen Stadt Lerchental;10.12.2020;Donnerstag;2;0;0;2;0;2;15;71;177;110;100;91;82;73;107;89;68;71;53;38;10;7;3;2;2
690;11050;St.Gallen Stadt Lerchental;11.12.2020;Freitag;1;2;0;1;0;1;3;9;37;51;65;89;81;74;47;70;92;114;83;44;15;7;6;5;2
691;11050;St.Gallen Stadt Lerchental;11.12.2020;Freitag;2;0;0;2;3;1;5;76;155;93;87;87;77;68;96;97;84;83;41;31;5;6;3;4;5
692;11050;St.Gallen Stadt Lerchental;12.12.2020;Samstag;1;3;2;2;0;1;0;0;10;19;42;57;53;56;51;56;56;49;28;3;3;0;2;3;2
693;11050;St.Gallen Stadt Lerchental;12.12.2020;Samstag;2;5;1;0;0;1;4;4;23;31;54;74;67;46;64;50;43;33;8;0;2;2;2;1;2
694;11050;St.Gallen Stadt Lerchental;13.12.2020;Sonntag;1;1;0;0;0;0;0;0;0;2;0;8;4;7;6;10;8;3;3;3;8;0;0;3;0
695;11050;St.Gallen Stadt Lerchental;13.12.2020;Sonntag;2;0;1;1;0;0;0;0;0;5;0;7;4;4;5;8;6;3;3;1;2;3;1;2;0
696;11050;St.Gallen Stadt Lerchental;14.12.2020;Montag;1;0;0;0;0;0;2;5;40;55;64;87;97;80;50;65;80;84;99;52;15;3;8;5;0
697;11050;St.Gallen Stadt Lerchental;14.12.2020;Montag;2;2;1;0;1;1;8;71;177;105;95;99;69;90;97;97;72;90;66;34;4;6;3;1;0
698;11050;St.Gallen Stadt Lerchental;15.12.2020;Dienstag;1;3;0;0;1;1;1;9;38;39;51;70;98;68;58;73;51;77;103;48;18;8;3;2;1
699;11050;St.Gallen Stadt Lerchental;15.12.2020;Dienstag;2;2;1;3;6;3;6;76;143;101;72;104;81;69;109;74;70;82;53;15;4;5;7;4;0
700;11050;St.Gallen Stadt Lerchental;16.12.2020;Mittwoch;1;2;0;0;1;1;1;7;32;45;50;80;107;75;54;58;83;69;91;57;10;5;4;4;1
701;11050;St.Gallen Stadt Lerchental;16.12.2020;Mittwoch;2;4;5;6;1;1;6;63;159;109;84;100;69;77;114;91;83;75;56;24;6;1;1;1;0
702;11050;St.Gallen Stadt Lerchental;17.12.2020;Donnerstag;1;3;1;0;0;0;3;8;33;59;88;95;105;87;59;90;76;101;101;63;21;6;2;2;0
703;11050;St.Gallen Stadt Lerchental;17.12.2020;Donnerstag;2;3;1;0;2;0;8;81;174;117;99;115;86;69;112;102;84;82;67;30;6;1;0;2;0
704;11050;St.Gallen Stadt Lerchental;18.12.2020;Freitag;1;0;0;0;0;0;1;10;38;59;63;68;103;64;54;79;80;77;84;53;14;8;3;5;1
705;11050;St.Gallen Stadt Lerchental;18.12.2020;Freitag;2;1;1;1;2;0;8;66;159;123;89;83;95;58;89;100;91;69;51;38;3;2;2;5;0
706;11050;St.Gallen Stadt Lerchental;19.12.2020;Samstag;1;2;1;0;1;0;2;2;13;19;43;67;61;46;51;52;67;46;16;10;2;1;2;4;0
707;11050;St.Gallen Stadt Lerchental;19.12.2020;Samstag;2;1;1;1;1;1;4;6;33;28;48;69;52;52;57;50;57;44;5;3;3;2;3;1;0
708;11050;St.Gallen Stadt Lerchental;20.12.2020;Sonntag;1;2;0;1;1;0;0;1;1;1;6;4;6;6;9;6;9;5;4;4;6;2;2;1;1
709;11050;St.Gallen Stadt Lerchental;20.12.2020;Sonntag;2;1;0;1;0;0;0;2;1;4;7;8;8;5;3;5;9;5;4;4;3;4;0;1;1
710;11050;St.Gallen Stadt Lerchental;21.12.2020;Montag;1;3;1;0;2;0;0;7;35;44;73;89;85;70;79;81;76;84;93;48;19;3;4;0;1
711;11050;St.Gallen Stadt Lerchental;21.12.2020;Montag;2;3;0;1;2;0;4;60;126;84;99;106;73;66;109;97;97;88;50;27;4;6;0;2;1
712;11050;St.Gallen Stadt Lerchental;22.12.2020;Dienstag;1;2;0;0;0;0;2;7;30;43;57;78;98;57;72;77;75;75;102;43;20;7;5;1;4
713;11050;St.Gallen Stadt Lerchental;22.12.2020;Dienstag;2;1;0;2;0;1;9;57;125;80;87;98;83;66;116;83;83;89;46;23;9;1;3;3;0
714;11050;St.Gallen Stadt Lerchental;23.12.2020;Mittwoch;1;2;1;0;2;1;1;7;30;56;70;87;105;92;79;95;88;98;71;65;11;6;3;5;0
715;11050;St.Gallen Stadt Lerchental;23.12.2020;Mittwoch;2;1;0;0;1;1;5;46;107;94;86;115;92;86;116;114;88;89;64;30;5;6;1;2;1
716;11050;St.Gallen Stadt Lerchental;24.12.2020;Donnerstag;1;2;4;0;1;0;2;3;33;43;56;65;89;76;82;60;45;32;8;3;1;0;0;1;0
717;11050;St.Gallen Stadt Lerchental;24.12.2020;Donnerstag;2;4;2;1;1;0;7;20;73;66;67;98;77;72;61;53;38;22;2;1;0;1;0;3;1
718;11050;St.Gallen Stadt Lerchental;25.12.2020;Freitag;1;1;0;0;0;0;0;0;3;0;1;3;1;5;6;3;6;4;2;3;0;1;0;0;2
719;11050;St.Gallen Stadt Lerchental;25.12.2020;Freitag;2;0;0;1;0;0;0;0;3;1;1;2;2;7;4;3;5;2;0;4;1;1;1;0;0
720;11050;St.Gallen Stadt Lerchental;26.12.2020;Samstag;1;0;0;0;0;1;0;2;2;5;4;2;6;4;6;3;11;3;6;3;1;2;0;2;0
721;11050;St.Gallen Stadt Lerchental;26.12.2020;Samstag;2;1;0;0;0;1;1;2;4;6;5;3;6;4;3;5;6;4;3;1;1;0;1;1;0
722;11050;St.Gallen Stadt Lerchental;27.12.2020;Sonntag;1;1;0;0;0;0;0;0;1;3;4;4;2;7;9;8;12;4;5;4;4;1;2;0;1
723;11050;St.Gallen Stadt Lerchental;27.12.2020;Sonntag;2;1;0;1;0;0;0;1;2;3;4;0;8;2;9;10;6;6;5;6;1;0;2;1;1
724;11050;St.Gallen Stadt Lerchental;28.12.2020;Montag;1;1;1;0;0;0;0;4;15;21;36;59;67;57;58;69;74;68;55;32;10;1;2;1;0
725;11050;St.Gallen Stadt Lerchental;28.12.2020;Montag;2;1;0;0;0;0;5;21;62;47;47;72;83;57;80;75;65;62;29;16;3;1;2;1;0
726;11050;St.Gallen Stadt Lerchental;29.12.2020;Dienstag;1;1;0;0;0;0;4;5;16;28;37;61;75;42;48;50;64;63;58;30;11;1;4;2;0
727;11050;St.Gallen Stadt Lerchental;29.12.2020;Dienstag;2;2;0;0;1;0;5;17;53;54;52;70;65;40;75;62;60;62;35;21;2;2;4;1;0
728;11050;St.Gallen Stadt Lerchental;30.12.2020;Mittwoch;1;1;0;0;0;0;0;0;13;41;39;56;72;45;74;66;80;64;55;37;13;3;1;2;1
729;11050;St.Gallen Stadt Lerchental;30.12.2020;Mittwoch;2;1;0;1;0;0;6;20;44;55;75;69;72;65;82;97;82;65;53;26;4;2;1;2;1
730;11050;St.Gallen Stadt Lerchental;31.12.2020;Donnerstag;1;1;0;1;0;0;1;3;19;26;50;48;80;88;66;79;53;64;25;9;4;1;0;0;1
731;11050;St.Gallen Stadt Lerchental;31.12.2020;Donnerstag;2;0;0;1;0;0;5;17;50;44;57;71;92;66;71;69;70;53;16;2;4;0;0;0;1
