LNR;ORT-ID;BEZEICHNUNG;DATUM;WOCHENTAG;RI;1;2;3;4;5;6;7;8;9;10;11;12;13;14;15;16;17;18;19;20;21;22;23;24
0;11148;St.Gallen Stadt Letzistr.;01.01.2020;Mittwoch;1;8;10;7;5;4;3;3;3;4;3;4;22;14;20;15;24;23;29;23;7;15;10;9;6
1;11148;St.Gallen Stadt Letzistr.;01.01.2020;Mittwoch;2;13;14;11;14;7;4;4;1;2;3;8;12;22;18;17;23;15;21;14;12;14;18;12;6
2;11148;St.Gallen Stadt Letzistr.;02.01.2020;Donnerstag;1;3;3;2;3;5;10;43;66;64;89;105;137;91;126;129;119;109;68;34;32;12;15;8;10
3;11148;St.Gallen Stadt Letzistr.;02.01.2020;Donnerstag;2;1;0;2;5;1;4;16;27;35;73;94;147;105;92;130;115;125;109;52;31;18;18;13;3
4;11148;St.Gallen Stadt Letzistr.;03.01.2020;Freitag;1;5;3;2;1;9;21;53;85;77;88;133;154;95;150;174;152;98;73;51;38;17;9;12;5
5;11148;St.Gallen Stadt Letzistr.;03.01.2020;Freitag;2;3;3;3;2;5;11;14;33;44;74;126;148;120;118;183;162;169;109;52;26;21;14;17;12
6;11148;St.Gallen Stadt Letzistr.;04.01.2020;Samstag;1;8;5;4;1;1;4;6;24;54;98;156;154;119;72;65;51;53;32;20;15;9;14;11;5
7;11148;St.Gallen Stadt Letzistr.;04.01.2020;Samstag;2;14;10;6;2;1;0;4;21;38;76;133;166;135;64;59;54;51;38;23;18;7;5;13;20
8;11148;St.Gallen Stadt Letzistr.;05.01.2020;Sonntag;1;8;6;1;3;3;5;3;8;15;24;47;25;34;33;39;41;24;31;19;22;12;9;6;4
9;11148;St.Gallen Stadt Letzistr.;05.01.2020;Sonntag;2;8;3;3;6;1;4;1;5;9;29;24;35;44;33;32;29;26;30;19;13;9;7;12;3
10;11148;St.Gallen Stadt Letzistr.;06.01.2020;Montag;1;3;3;8;2;13;31;176;189;113;152;141;143;122;189;152;129;116;94;63;26;12;20;3;3
11;11148;St.Gallen Stadt Letzistr.;06.01.2020;Montag;2;3;3;5;3;4;8;48;73;72;129;144;163;129;131;153;135;163;257;82;29;27;24;18;16
12;11148;St.Gallen Stadt Letzistr.;07.01.2020;Dienstag;1;3;0;8;2;13;39;158;167;124;119;130;124;118;153;148;127;126;105;53;61;16;17;9;5
13;11148;St.Gallen Stadt Letzistr.;07.01.2020;Dienstag;2;2;2;4;3;2;13;49;70;75;92;122;141;115;124;135;160;164;246;95;58;27;27;23;10
14;11148;St.Gallen Stadt Letzistr.;08.01.2020;Mittwoch;1;2;3;8;6;15;32;173;174;131;116;116;128;113;176;171;121;147;103;65;43;21;18;13;5
15;11148;St.Gallen Stadt Letzistr.;08.01.2020;Mittwoch;2;9;4;3;4;5;14;58;86;78;101;129;155;119;148;146;160;205;230;107;52;32;24;18;13
16;11148;St.Gallen Stadt Letzistr.;09.01.2020;Donnerstag;1;1;2;8;4;21;26;171;187;138;130;111;126;101;183;140;129;130;80;66;48;34;17;16;3
17;11148;St.Gallen Stadt Letzistr.;09.01.2020;Donnerstag;2;12;2;4;3;2;15;52;97;85;112;109;143;123;120;164;135;187;236;87;41;30;35;22;18
18;11148;St.Gallen Stadt Letzistr.;10.01.2020;Freitag;1;3;2;9;5;17;36;158;182;138;138;131;137;114;184;147;148;126;91;67;49;32;20;12;4
19;11148;St.Gallen Stadt Letzistr.;10.01.2020;Freitag;2;2;3;5;3;3;16;40;98;92;102;120;166;120;150;151;162;208;167;92;48;18;27;29;24
20;11148;St.Gallen Stadt Letzistr.;11.01.2020;Samstag;1;11;3;2;3;1;7;10;22;74;127;189;178;117;75;67;73;52;43;23;28;15;9;7;6
21;11148;St.Gallen Stadt Letzistr.;11.01.2020;Samstag;2;15;12;3;2;2;7;6;14;46;113;166;188;128;77;61;73;60;70;27;12;18;12;1;13
22;11148;St.Gallen Stadt Letzistr.;12.01.2020;Sonntag;1;4;6;4;1;1;3;4;6;16;22;47;37;37;37;43;37;33;26;17;18;11;6;11;6
23;11148;St.Gallen Stadt Letzistr.;12.01.2020;Sonntag;2;5;8;5;5;1;3;3;3;11;27;16;29;43;31;46;26;37;32;18;15;19;12;3;8
24;11148;St.Gallen Stadt Letzistr.;13.01.2020;Montag;1;2;2;6;6;17;47;164;200;132;122;119;124;128;158;156;140;152;118;51;40;12;18;14;4
25;11148;St.Gallen Stadt Letzistr.;13.01.2020;Montag;2;1;3;3;5;1;17;55;80;101;125;119;140;151;107;166;149;206;247;94;50;22;19;21;15
26;11148;St.Gallen Stadt Letzistr.;14.01.2020;Dienstag;1;0;2;4;5;21;40;155;191;132;120;126;113;104;151;152;153;134;113;55;55;31;15;6;7
27;11148;St.Gallen Stadt Letzistr.;14.01.2020;Dienstag;2;3;5;1;6;2;18;55;86;70;106;137;119;111;122;128;133;202;223;96;50;41;38;14;21
28;11148;St.Gallen Stadt Letzistr.;15.01.2020;Mittwoch;1;1;0;6;6;14;39;179;185;118;112;122;106;115;176;154;148;128;94;57;38;24;24;15;3
29;11148;St.Gallen Stadt Letzistr.;15.01.2020;Mittwoch;2;4;2;4;4;3;13;65;93;87;91;116;155;134;128;146;162;180;225;110;36;36;15;20;19
30;11148;St.Gallen Stadt Letzistr.;16.01.2020;Donnerstag;1;3;1;6;6;12;43;180;209;113;117;122;124;105;151;156;121;134;86;63;49;34;17;12;9
31;11148;St.Gallen Stadt Letzistr.;16.01.2020;Donnerstag;2;3;1;4;6;3;18;58;91;79;99;113;147;139;110;135;136;200;208;97;44;34;30;22;16
32;11148;St.Gallen Stadt Letzistr.;17.01.2020;Freitag;1;2;2;3;8;14;47;168;172;134;139;108;123;120;154;170;151;141;85;93;41;28;25;17;7
33;11148;St.Gallen Stadt Letzistr.;17.01.2020;Freitag;2;3;2;4;5;3;13;51;84;93;104;107;144;125;156;147;159;221;179;105;47;29;31;29;24
34;11148;St.Gallen Stadt Letzistr.;18.01.2020;Samstag;1;8;4;4;5;3;13;16;42;70;136;193;169;104;64;79;77;47;38;29;29;20;11;8;11
35;11148;St.Gallen Stadt Letzistr.;18.01.2020;Samstag;2;18;7;4;4;2;6;8;23;45;109;198;167;122;69;85;64;64;39;36;22;18;12;14;7
36;11148;St.Gallen Stadt Letzistr.;19.01.2020;Sonntag;1;6;6;2;4;5;1;0;8;16;26;43;30;34;28;20;38;36;30;22;27;15;7;8;3
37;11148;St.Gallen Stadt Letzistr.;19.01.2020;Sonntag;2;12;8;1;7;3;1;3;4;11;28;16;30;47;22;27;26;37;38;16;26;21;10;9;2
38;11148;St.Gallen Stadt Letzistr.;20.01.2020;Montag;1;5;0;7;6;19;40;188;217;123;137;133;129;129;173;137;150;150;103;53;32;21;12;8;4
39;11148;St.Gallen Stadt Letzistr.;20.01.2020;Montag;2;5;1;4;5;3;13;64;106;83;100;120;152;125;115;145;173;205;237;90;41;26;20;13;13
40;11148;St.Gallen Stadt Letzistr.;21.01.2020;Dienstag;1;1;0;7;6;19;32;166;201;130;111;134;118;115;168;111;117;129;111;71;56;18;14;8;3
41;11148;St.Gallen Stadt Letzistr.;21.01.2020;Dienstag;2;3;1;5;4;1;16;59;81;72;97;101;141;119;118;117;109;215;235;102;62;31;33;27;15
42;11148;St.Gallen Stadt Letzistr.;22.01.2020;Mittwoch;1;3;1;6;7;15;41;182;200;114;103;114;109;117;150;123;154;140;119;76;35;21;21;7;2
43;11148;St.Gallen Stadt Letzistr.;22.01.2020;Mittwoch;2;1;4;5;4;2;15;62;94;70;88;116;133;132;92;130;130;187;244;108;63;30;21;22;18
44;11148;St.Gallen Stadt Letzistr.;23.01.2020;Donnerstag;1;0;2;4;7;17;43;177;203;119;126;134;124;132;142;131;118;119;112;66;56;20;13;11;4
45;11148;St.Gallen Stadt Letzistr.;23.01.2020;Donnerstag;2;1;1;3;4;2;14;70;97;92;88;132;147;143;94;139;95;179;214;103;45;35;19;38;16
46;11148;St.Gallen Stadt Letzistr.;24.01.2020;Freitag;1;2;2;6;6;18;44;161;196;121;149;110;142;118;189;154;154;136;114;70;37;27;30;17;9
47;11148;St.Gallen Stadt Letzistr.;24.01.2020;Freitag;2;1;2;3;5;2;13;58;95;83;107;117;156;132;141;168;190;207;178;83;73;39;28;40;33
48;11148;St.Gallen Stadt Letzistr.;25.01.2020;Samstag;1;6;3;2;3;4;8;11;37;91;163;178;187;109;75;74;71;50;52;30;33;39;15;18;14
49;11148;St.Gallen Stadt Letzistr.;25.01.2020;Samstag;2;12;6;8;3;5;1;7;21;66;147;173;195;117;67;78;76;46;54;32;23;30;18;21;21
50;11148;St.Gallen Stadt Letzistr.;26.01.2020;Sonntag;1;10;5;5;4;4;3;6;6;10;15;62;30;34;39;51;69;57;38;40;23;16;13;10;5
51;11148;St.Gallen Stadt Letzistr.;26.01.2020;Sonntag;2;19;10;12;3;4;5;3;4;9;22;21;36;59;31;50;55;47;43;58;25;20;19;8;7
52;11148;St.Gallen Stadt Letzistr.;27.01.2020;Montag;1;1;0;4;5;19;39;154;207;110;124;113;134;138;172;133;141;152;108;49;30;21;11;12;6
53;11148;St.Gallen Stadt Letzistr.;27.01.2020;Montag;2;3;2;2;4;3;12;44;91;85;87;109;153;135;138;135;152;188;255;84;48;25;20;15;10
54;11148;St.Gallen Stadt Letzistr.;28.01.2020;Dienstag;1;2;1;2;6;16;38;160;196;124;115;116;104;109;146;125;107;116;118;47;42;23;15;14;3
55;11148;St.Gallen Stadt Letzistr.;28.01.2020;Dienstag;2;2;5;2;3;2;12;49;88;88;100;106;139;94;115;106;119;176;219;98;38;26;28;15;13
56;11148;St.Gallen Stadt Letzistr.;29.01.2020;Mittwoch;1;4;1;5;4;20;38;167;165;122;108;133;118;111;132;149;122;139;99;57;44;14;19;13;4
57;11148;St.Gallen Stadt Letzistr.;29.01.2020;Mittwoch;2;7;6;3;5;4;11;54;89;64;108;98;129;110;110;149;134;166;228;101;47;25;16;18;16
58;11148;St.Gallen Stadt Letzistr.;30.01.2020;Donnerstag;1;3;2;3;5;15;38;157;197;110;112;118;124;125;160;170;129;145;101;56;52;17;18;14;7
59;11148;St.Gallen Stadt Letzistr.;30.01.2020;Donnerstag;2;2;5;2;4;3;9;56;80;84;92;95;144;132;113;147;138;189;227;111;51;30;39;15;15
60;11148;St.Gallen Stadt Letzistr.;31.01.2020;Freitag;1;3;3;6;4;14;46;166;172;134;142;140;110;128;160;175;159;136;123;56;45;35;21;17;7
61;11148;St.Gallen Stadt Letzistr.;31.01.2020;Freitag;2;4;4;2;5;2;15;59;77;82;133;107;157;111;146;152;156;218;199;74;47;31;21;35;19
62;11148;St.Gallen Stadt Letzistr.;01.02.2020;Samstag;1;4;9;4;3;3;4;12;30;76;136;200;186;129;81;70;74;37;34;33;17;20;10;16;8
63;11148;St.Gallen Stadt Letzistr.;01.02.2020;Samstag;2;7;18;3;4;3;0;8;13;47;122;183;200;135;77;69;52;51;39;30;16;22;10;19;18
64;11148;St.Gallen Stadt Letzistr.;02.02.2020;Sonntag;1;11;4;4;4;1;0;5;7;6;15;54;39;39;25;28;26;32;28;20;24;16;22;12;5
65;11148;St.Gallen Stadt Letzistr.;02.02.2020;Sonntag;2;15;5;5;3;5;2;4;2;6;17;23;33;42;31;23;32;28;33;24;25;14;20;13;6
66;11148;St.Gallen Stadt Letzistr.;03.02.2020;Montag;1;0;2;10;4;23;52;173;200;116;121;122;117;109;166;115;131;138;108;68;43;17;13;12;3
67;11148;St.Gallen Stadt Letzistr.;03.02.2020;Montag;2;4;2;3;4;6;15;56;107;81;103;119;143;103;136;124;130;194;265;84;43;35;29;20;16
68;11148;St.Gallen Stadt Letzistr.;04.02.2020;Dienstag;1;3;3;5;6;15;46;169;195;115;132;122;109;106;148;151;119;122;85;69;57;28;16;13;5
69;11148;St.Gallen Stadt Letzistr.;04.02.2020;Dienstag;2;5;4;1;6;2;9;55;92;68;117;120;115;120;108;123;120;166;250;114;71;36;37;17;10
70;11148;St.Gallen Stadt Letzistr.;05.02.2020;Mittwoch;1;2;1;6;7;19;32;184;161;125;128;139;109;118;164;141;127;130;128;75;40;19;27;11;4
71;11148;St.Gallen Stadt Letzistr.;05.02.2020;Mittwoch;2;1;5;0;6;3;8;55;88;99;105;114;136;121;117;156;131;193;249;107;60;29;22;32;19
72;11148;St.Gallen Stadt Letzistr.;06.02.2020;Donnerstag;1;3;3;6;3;15;44;182;208;120;115;121;118;117;162;129;136;147;100;76;55;35;16;14;3
73;11148;St.Gallen Stadt Letzistr.;06.02.2020;Donnerstag;2;3;3;3;2;3;11;64;94;75;110;102;130;142;118;156;134;210;256;117;50;33;38;18;15
74;11148;St.Gallen Stadt Letzistr.;07.02.2020;Freitag;1;2;1;8;4;15;45;171;179;162;125;152;124;129;193;168;147;120;119;60;41;36;14;19;8
75;11148;St.Gallen Stadt Letzistr.;07.02.2020;Freitag;2;3;3;3;3;5;13;53;88;88;114;138;148;142;157;147;163;210;207;107;46;33;19;14;27
76;11148;St.Gallen Stadt Letzistr.;08.02.2020;Samstag;1;11;4;4;3;2;9;13;27;66;153;198;167;122;75;71;70;61;48;29;25;10;16;19;5
77;11148;St.Gallen Stadt Letzistr.;08.02.2020;Samstag;2;14;5;6;3;4;2;7;26;39;123;196;162;150;77;74;73;51;57;32;19;18;19;19;10
78;11148;St.Gallen Stadt Letzistr.;09.02.2020;Sonntag;1;3;6;3;0;5;3;6;6;17;11;62;36;43;33;50;92;28;28;48;32;13;9;11;2
79;11148;St.Gallen Stadt Letzistr.;09.02.2020;Sonntag;2;9;5;4;2;8;3;2;8;9;13;27;34;51;55;35;74;37;34;96;22;21;9;8;6
80;11148;St.Gallen Stadt Letzistr.;10.02.2020;Montag;1;2;1;7;3;17;49;179;203;126;109;121;106;114;145;120;117;133;105;69;40;28;8;12;7
81;11148;St.Gallen Stadt Letzistr.;10.02.2020;Montag;2;2;1;1;4;6;11;58;90;88;107;129;128;121;117;120;136;189;264;90;60;37;23;21;11
82;11148;St.Gallen Stadt Letzistr.;11.02.2020;Dienstag;1;1;2;5;7;15;48;165;208;133;115;113;104;130;153;144;110;119;116;75;60;19;17;14;4
83;11148;St.Gallen Stadt Letzistr.;11.02.2020;Dienstag;2;2;5;1;5;3;12;56;89;87;100;105;140;117;124;144;131;179;254;91;59;41;39;13;12
84;11148;St.Gallen Stadt Letzistr.;12.02.2020;Mittwoch;1;1;1;6;3;23;53;176;187;131;112;118;111;106;185;129;124;127;114;60;41;22;17;15;4
85;11148;St.Gallen Stadt Letzistr.;12.02.2020;Mittwoch;2;2;6;2;2;6;18;60;93;74;100;99;137;118;126;160;137;179;245;110;61;34;16;14;18
86;11148;St.Gallen Stadt Letzistr.;13.02.2020;Donnerstag;1;1;2;4;4;17;51;157;205;129;127;135;129;122;157;171;157;131;124;66;55;26;16;16;5
87;11148;St.Gallen Stadt Letzistr.;13.02.2020;Donnerstag;2;2;4;1;3;2;18;69;79;93;103;128;145;129;116;167;175;187;241;112;60;37;28;43;15
88;11148;St.Gallen Stadt Letzistr.;14.02.2020;Freitag;1;3;4;4;6;16;46;178;180;158;115;132;191;143;170;150;131;140;116;64;52;40;26;28;13
89;11148;St.Gallen Stadt Letzistr.;14.02.2020;Freitag;2;5;2;1;6;4;14;66;90;89;90;125;135;171;162;182;174;243;183;102;70;38;31;32;19
90;11148;St.Gallen Stadt Letzistr.;15.02.2020;Samstag;1;2;6;6;4;2;4;17;41;66;146;175;178;140;89;67;69;58;41;36;23;23;12;13;8
91;11148;St.Gallen Stadt Letzistr.;15.02.2020;Samstag;2;15;6;8;4;1;3;11;18;43;121;171;190;133;81;67;73;65;68;37;19;13;13;18;9
92;11148;St.Gallen Stadt Letzistr.;16.02.2020;Sonntag;1;5;6;2;4;3;1;2;16;14;25;57;37;36;43;48;36;38;29;30;29;14;10;7;8
93;11148;St.Gallen Stadt Letzistr.;16.02.2020;Sonntag;2;11;6;3;4;3;4;1;5;8;26;22;41;62;36;43;32;42;41;32;14;20;19;9;9
94;11148;St.Gallen Stadt Letzistr.;17.02.2020;Montag;1;2;2;5;5;16;47;171;225;130;132;130;128;129;187;159;138;113;101;50;32;26;13;8;1
95;11148;St.Gallen Stadt Letzistr.;17.02.2020;Montag;2;1;1;2;4;4;10;50;105;103;112;122;148;138;136;161;146;199;239;80;56;25;26;11;13
96;11148;St.Gallen Stadt Letzistr.;18.02.2020;Dienstag;1;2;3;5;5;9;46;170;199;126;137;116;115;114;155;130;137;139;129;69;49;25;21;13;2
97;11148;St.Gallen Stadt Letzistr.;18.02.2020;Dienstag;2;3;2;1;6;2;18;51;97;87;88;110;144;105;95;146;121;205;251;103;52;32;40;9;15
98;11148;St.Gallen Stadt Letzistr.;19.02.2020;Mittwoch;1;3;4;4;7;17;43;184;216;125;111;120;108;114;152;125;142;139;123;69;46;24;22;10;9
99;11148;St.Gallen Stadt Letzistr.;19.02.2020;Mittwoch;2;5;4;2;3;3;15;61;108;81;99;108;140;115;100;140;135;196;224;121;59;34;19;23;13
100;11148;St.Gallen Stadt Letzistr.;20.02.2020;Donnerstag;1;2;1;5;6;12;45;146;214;147;131;122;121;127;177;154;132;159;105;64;46;28;23;14;6
101;11148;St.Gallen Stadt Letzistr.;20.02.2020;Donnerstag;2;8;6;4;2;4;13;62;84;87;110;107;126;126;133;164;133;199;248;112;53;41;39;17;19
102;11148;St.Gallen Stadt Letzistr.;21.02.2020;Freitag;1;0;2;6;4;11;52;156;205;123;133;143;122;97;178;158;150;134;112;73;48;41;27;22;10
103;11148;St.Gallen Stadt Letzistr.;21.02.2020;Freitag;2;6;5;3;3;0;19;54;87;88;129;138;134;114;141;154;151;220;190;101;47;33;23;30;31
104;11148;St.Gallen Stadt Letzistr.;22.02.2020;Samstag;1;8;8;12;4;1;5;26;41;84;159;185;171;113;73;78;66;42;39;52;22;23;29;15;17
105;11148;St.Gallen Stadt Letzistr.;22.02.2020;Samstag;2;24;16;14;5;2;3;13;25;60;143;183;167;105;78;67;63;73;48;60;22;10;17;18;22
106;11148;St.Gallen Stadt Letzistr.;23.02.2020;Sonntag;1;11;7;6;4;1;2;2;6;11;16;66;44;43;47;75;96;42;29;46;26;15;8;10;1
107;11148;St.Gallen Stadt Letzistr.;23.02.2020;Sonntag;2;17;11;12;6;7;3;1;11;10;15;21;38;47;40;65;92;35;32;101;38;13;11;13;1
108;11148;St.Gallen Stadt Letzistr.;24.02.2020;Montag;1;2;2;6;5;16;46;167;202;118;146;133;130;105;196;146;101;120;118;64;39;26;12;12;3
109;11148;St.Gallen Stadt Letzistr.;24.02.2020;Montag;2;3;3;2;7;2;10;69;109;77;109;124;133;109;146;161;132;180;253;99;59;33;24;15;15
110;11148;St.Gallen Stadt Letzistr.;25.02.2020;Dienstag;1;1;2;4;3;13;43;178;208;146;123;129;106;113;160;154;154;159;102;76;52;20;14;16;3
111;11148;St.Gallen Stadt Letzistr.;25.02.2020;Dienstag;2;1;4;1;3;3;12;54;94;99;98;116;141;120;118;147;133;216;256;105;69;35;29;15;16
112;11148;St.Gallen Stadt Letzistr.;26.02.2020;Mittwoch;1;3;1;4;7;20;38;159;213;127;101;108;110;102;166;123;127;133;109;60;37;25;23;13;6
113;11148;St.Gallen Stadt Letzistr.;26.02.2020;Mittwoch;2;1;3;4;4;7;14;63;91;84;92;104;141;112;104;134;141;169;216;110;61;30;20;19;15
114;11148;St.Gallen Stadt Letzistr.;27.02.2020;Donnerstag;1;1;3;3;7;21;43;154;211;119;112;120;117;127;188;119;121;106;105;74;42;19;17;15;8
115;11148;St.Gallen Stadt Letzistr.;27.02.2020;Donnerstag;2;6;3;2;6;4;11;54;82;83;89;116;154;130;112;139;134;164;222;108;56;30;31;16;19
116;11148;St.Gallen Stadt Letzistr.;28.02.2020;Freitag;1;2;1;5;5;21;50;149;192;142;127;123;111;127;189;159;151;144;113;69;53;46;22;20;14
117;11148;St.Gallen Stadt Letzistr.;28.02.2020;Freitag;2;3;2;2;2;5;14;51;85;98;105;115;153;113;149;157;158;217;218;98;45;51;17;21;17
118;11148;St.Gallen Stadt Letzistr.;29.02.2020;Samstag;1;9;5;2;2;1;3;16;36;95;192;222;186;133;73;88;58;62;45;44;27;19;13;14;7
119;11148;St.Gallen Stadt Letzistr.;29.02.2020;Samstag;2;24;3;8;1;0;4;9;30;54;146;218;208;146;69;72;59;59;48;32;20;21;12;11;14
120;11148;St.Gallen Stadt Letzistr.;01.03.2020;Sonntag;1;9;4;5;4;6;1;3;6;19;22;88;31;44;62;50;56;38;39;30;16;12;14;8;4
121;11148;St.Gallen Stadt Letzistr.;01.03.2020;Sonntag;2;23;12;7;6;5;2;1;3;19;24;29;56;56;53;52;62;49;45;37;29;17;5;5;6
122;11148;St.Gallen Stadt Letzistr.;02.03.2020;Montag;1;1;1;2;8;17;53;177;206;127;146;148;131;124;187;150;128;123;124;78;48;25;19;7;3
123;11148;St.Gallen Stadt Letzistr.;02.03.2020;Montag;2;2;2;3;1;3;14;57;107;86;131;131;140;131;138;139;135;185;263;89;56;34;30;23;23
124;11148;St.Gallen Stadt Letzistr.;03.03.2020;Dienstag;1;1;3;0;8;21;44;172;214;138;128;116;108;119;170;137;139;127;127;69;61;23;19;7;3
125;11148;St.Gallen Stadt Letzistr.;03.03.2020;Dienstag;2;1;3;1;3;3;16;58;113;78;101;116;128;112;136;144;141;195;272;106;49;32;37;14;15
126;11148;St.Gallen Stadt Letzistr.;23.03.2020;Montag;1;1;1;2;3;17;45;121;132;101;121;127;105;117;136;145;125;130;112;37;24;8;6;2;1
127;11148;St.Gallen Stadt Letzistr.;23.03.2020;Montag;2;2;2;3;2;4;11;54;74;69;101;123;124;125;123;136;123;145;174;67;32;17;12;11;8
128;11148;St.Gallen Stadt Letzistr.;24.03.2020;Dienstag;1;0;1;2;6;22;45;138;145;101;121;123;104;121;128;117;121;121;87;45;21;19;11;6;4
129;11148;St.Gallen Stadt Letzistr.;24.03.2020;Dienstag;2;2;1;3;4;5;14;64;87;63;121;125;123;104;109;114;113;145;167;74;25;17;15;13;7
130;11148;St.Gallen Stadt Letzistr.;25.03.2020;Mittwoch;1;0;1;2;5;18;45;123;140;101;123;127;105;117;145;144;128;131;115;28;20;7;6;2;3
131;11148;St.Gallen Stadt Letzistr.;25.03.2020;Mittwoch;2;2;1;4;3;4;12;56;78;69;101;123;124;118;121;150;149;157;207;73;25;18;14;12;6
132;11148;St.Gallen Stadt Letzistr.;26.03.2020;Donnerstag;1;0;1;3;7;21;44;139;146;92;114;130;107;113;137;118;125;116;83;39;21;19;9;6;1
133;11148;St.Gallen Stadt Letzistr.;26.03.2020;Donnerstag;2;0;2;5;3;4;14;61;82;62;106;115;136;107;109;128;117;160;179;89;25;18;17;25;3
134;11148;St.Gallen Stadt Letzistr.;27.03.2020;Freitag;1;0;2;3;7;21;44;139;141;106;109;130;118;105;162;150;132;149;122;53;26;12;22;10;5
135;11148;St.Gallen Stadt Letzistr.;27.03.2020;Freitag;2;1;1;3;2;3;14;56;83;77;101;127;159;100;131;171;141;205;172;84;38;26;14;19;6
136;11148;St.Gallen Stadt Letzistr.;28.03.2020;Samstag;1;5;4;0;0;3;7;13;25;64;122;139;142;81;53;52;63;64;34;25;17;6;8;5;5
137;11148;St.Gallen Stadt Letzistr.;28.03.2020;Samstag;2;3;4;3;1;2;3;3;23;53;118;109;129;97;70;56;53;53;44;29;20;6;6;5;14
138;11148;St.Gallen Stadt Letzistr.;29.03.2020;Sonntag;1;3;0;1;1;0;2;5;4;6;7;27;24;20;23;18;31;27;23;16;8;11;9;3;1
139;11148;St.Gallen Stadt Letzistr.;29.03.2020;Sonntag;2;6;0;2;3;0;1;2;1;2;9;19;24;20;27;26;28;21;30;14;17;9;7;4;1
140;11148;St.Gallen Stadt Letzistr.;30.03.2020;Montag;1;1;3;3;9;20;39;128;135;88;96;94;116;100;148;99;114;115;93;42;21;9;3;4;4
141;11148;St.Gallen Stadt Letzistr.;30.03.2020;Montag;2;2;2;2;5;5;8;49;78;71;72;103;102;112;115;111;137;131;199;77;28;15;20;13;7
142;11148;St.Gallen Stadt Letzistr.;31.03.2020;Dienstag;1;2;2;1;8;17;35;142;145;99;105;110;98;91;152;144;121;114;117;49;32;18;7;5;2
143;11148;St.Gallen Stadt Letzistr.;31.03.2020;Dienstag;2;4;2;5;2;4;11;52;63;58;71;102;124;103;100;123;139;169;222;91;31;23;21;15;11
144;11148;St.Gallen Stadt Letzistr.;01.04.2020;Mittwoch;1;4;4;3;7;16;29;140;143;95;117;115;118;108;129;139;127;133;108;60;29;16;7;8;4
145;11148;St.Gallen Stadt Letzistr.;01.04.2020;Mittwoch;2;2;6;2;4;5;9;45;76;65;83;110;147;100;107;145;139;162;204;89;37;19;22;19;12
146;11148;St.Gallen Stadt Letzistr.;02.04.2020;Donnerstag;1;1;0;1;6;17;27;149;131;89;102;128;129;108;123;142;122;132;112;58;28;13;9;6;4
147;11148;St.Gallen Stadt Letzistr.;02.04.2020;Donnerstag;2;4;1;3;2;4;6;48;84;63;74;109;151;97;91;123;148;184;203;88;35;23;13;15;14
148;11148;St.Gallen Stadt Letzistr.;03.04.2020;Freitag;1;1;2;2;7;17;36;138;141;112;122;155;127;117;181;170;152;164;101;54;22;19;20;11;7
149;11148;St.Gallen Stadt Letzistr.;03.04.2020;Freitag;2;3;1;3;2;6;14;50;90;81;100;129;149;115;143;164;171;207;153;86;37;32;23;17;8
150;11148;St.Gallen Stadt Letzistr.;04.04.2020;Samstag;1;3;3;2;1;2;3;10;28;69;119;147;154;97;63;63;62;49;28;23;12;14;9;5;4
151;11148;St.Gallen Stadt Letzistr.;04.04.2020;Samstag;2;2;3;2;2;1;2;8;22;42;85;150;153;108;70;68;50;60;38;25;9;19;15;4;5
152;11148;St.Gallen Stadt Letzistr.;05.04.2020;Sonntag;1;3;2;2;2;0;1;2;2;5;17;32;38;38;54;37;46;41;35;22;17;13;8;8;0
153;11148;St.Gallen Stadt Letzistr.;05.04.2020;Sonntag;2;6;4;0;2;0;1;1;2;4;15;24;31;40;34;45;42;42;35;25;21;17;8;8;3
154;11148;St.Gallen Stadt Letzistr.;06.04.2020;Montag;1;2;0;4;5;18;33;157;137;127;143;144;131;135;138;183;120;122;120;57;38;19;13;7;5
155;11148;St.Gallen Stadt Letzistr.;06.04.2020;Montag;2;1;0;2;3;4;13;50;103;83;114;145;151;130;138;163;151;177;210;82;33;31;18;9;11
156;11148;St.Gallen Stadt Letzistr.;07.04.2020;Dienstag;1;3;4;6;5;26;37;162;142;106;127;153;122;97;137;150;125;141;137;53;44;25;15;4;5
157;11148;St.Gallen Stadt Letzistr.;07.04.2020;Dienstag;2;6;4;6;3;6;13;55;101;70;105;132;141;122;118;132;149;170;209;79;53;31;17;10;13
158;11148;St.Gallen Stadt Letzistr.;08.04.2020;Mittwoch;1;1;3;2;6;23;37;134;138;108;120;136;142;95;177;166;149;159;127;60;37;28;17;9;4
159;11148;St.Gallen Stadt Letzistr.;08.04.2020;Mittwoch;2;4;4;4;2;5;11;57;89;70;111;130;151;117;125;158;147;197;192;87;28;40;19;10;9
160;11148;St.Gallen Stadt Letzistr.;09.04.2020;Donnerstag;1;2;3;2;6;24;36;158;136;119;107;128;129;112;123;139;128;135;121;67;37;14;9;6;5
161;11148;St.Gallen Stadt Letzistr.;09.04.2020;Donnerstag;2;8;5;2;4;6;17;60;90;88;98;105;145;112;98;115;138;175;201;89;42;24;14;11;8
162;11148;St.Gallen Stadt Letzistr.;10.04.2020;Freitag;1;7;2;4;3;2;8;7;9;12;24;29;34;42;45;49;38;42;33;24;12;10;9;8;7
163;11148;St.Gallen Stadt Letzistr.;10.04.2020;Freitag;2;8;4;3;2;3;6;9;7;12;21;28;31;37;33;45;37;28;31;21;17;12;10;7;7
164;11148;St.Gallen Stadt Letzistr.;11.04.2020;Samstag;1;5;4;3;2;5;6;7;18;78;123;156;127;74;78;61;67;45;32;24;14;12;10;9;8
165;11148;St.Gallen Stadt Letzistr.;11.04.2020;Samstag;2;4;2;3;5;7;6;6;12;45;145;163;134;101;68;57;64;45;37;21;17;16;15;11;8
166;11148;St.Gallen Stadt Letzistr.;12.04.2020;Sonntag;1;4;2;3;2;5;6;7;9;8;12;25;29;27;18;17;16;15;13;12;10;17;15;9;7
167;11148;St.Gallen Stadt Letzistr.;12.04.2020;Sonntag;2;4;2;3;1;3;6;6;9;8;12;28;27;23;18;19;17;21;23;17;15;11;8;7;6
168;11148;St.Gallen Stadt Letzistr.;13.04.2020;Montag;1;7;3;2;1;3;4;5;7;17;29;30;56;59;47;34;41;43;28;27;19;14;11;10;3
169;11148;St.Gallen Stadt Letzistr.;13.04.2020;Montag;2;5;2;2;1;2;3;5;7;9;24;31;37;39;38;41;39;45;31;32;24;17;13;10;7
170;11148;St.Gallen Stadt Letzistr.;14.04.2020;Dienstag;1;3;2;5;6;22;41;167;178;121;123;128;124;105;145;146;123;145;105;56;47;28;17;7;5
171;11148;St.Gallen Stadt Letzistr.;14.04.2020;Dienstag;2;0;4;2;3;2;4;10;54;63;64;74;101;123;105;103;127;134;145;189;87;32;21;18;14
172;11148;St.Gallen Stadt Letzistr.;15.04.2020;Mittwoch;1;4;3;4;3;27;39;174;173;132;121;128;127;104;156;146;142;128;112;87;49;15;14;11;8
173;11148;St.Gallen Stadt Letzistr.;15.04.2020;Mittwoch;2;3;2;1;4;5;9;45;77;61;78;101;134;102;112;135;137;160;201;89;37;18;17;14;12
174;11148;St.Gallen Stadt Letzistr.;16.04.2020;Donnerstag;1;2;1;4;5;28;37;164;174;125;145;123;127;121;174;156;145;139;87;57;46;25;17;13;9
175;11148;St.Gallen Stadt Letzistr.;16.04.2020;Donnerstag;2;4;2;2;1;3;5;45;87;78;71;101;147;102;103;121;145;174;201;76;51;30;17;19;20
176;11148;St.Gallen Stadt Letzistr.;17.04.2020;Freitag;1;0;2;1;13;26;27;130;126;124;128;157;145;107;192;199;160;152;127;59;33;22;13;14;7
177;11148;St.Gallen Stadt Letzistr.;17.04.2020;Freitag;2;1;1;1;6;5;16;57;88;89;120;145;143;105;170;196;168;196;186;82;46;35;21;15;14
178;11148;St.Gallen Stadt Letzistr.;18.04.2020;Samstag;1;7;3;2;2;10;9;5;39;74;131;157;156;83;69;73;66;37;42;24;29;13;10;10;4
179;11148;St.Gallen Stadt Letzistr.;18.04.2020;Samstag;2;5;9;0;1;1;7;6;22;66;113;168;154;90;58;92;64;50;35;30;18;14;11;16;4
180;11148;St.Gallen Stadt Letzistr.;19.04.2020;Sonntag;1;4;2;2;3;1;0;2;10;9;34;49;45;36;46;46;44;44;26;23;17;13;12;10;4
181;11148;St.Gallen Stadt Letzistr.;19.04.2020;Sonntag;2;9;2;1;2;2;1;2;3;5;17;35;50;44;29;34;40;35;41;24;17;17;11;8;5
182;11148;St.Gallen Stadt Letzistr.;20.04.2020;Montag;1;1;1;1;6;21;36;151;165;124;141;142;155;116;160;151;170;148;140;50;37;28;6;3;3
183;11148;St.Gallen Stadt Letzistr.;20.04.2020;Montag;2;0;1;2;2;4;15;58;95;77;125;130;177;121;132;167;168;188;248;106;23;20;19;15;9
184;11148;St.Gallen Stadt Letzistr.;21.04.2020;Dienstag;1;1;4;1;8;22;32;158;159;111;117;143;110;106;137;180;148;128;134;72;42;28;10;13;3
185;11148;St.Gallen Stadt Letzistr.;21.04.2020;Dienstag;2;3;3;3;4;3;12;49;111;97;87;129;123;113;116;158;169;149;225;98;50;30;19;23;11
186;11148;St.Gallen Stadt Letzistr.;22.04.2020;Mittwoch;1;1;2;1;4;20;37;157;144;107;102;116;141;115;155;175;161;124;135;64;32;25;13;6;1
187;11148;St.Gallen Stadt Letzistr.;22.04.2020;Mittwoch;2;1;5;6;2;5;13;58;82;59;82;102;143;113;118;158;164;179;215;124;51;34;8;21;11
188;11148;St.Gallen Stadt Letzistr.;23.04.2020;Donnerstag;1;2;1;3;6;23;39;155;143;106;124;122;127;106;148;171;154;134;113;65;46;32;18;8;7
189;11148;St.Gallen Stadt Letzistr.;23.04.2020;Donnerstag;2;2;2;5;3;4;18;44;95;76;94;118;165;97;129;157;143;165;214;91;45;39;22;21;12
190;11148;St.Gallen Stadt Letzistr.;24.04.2020;Freitag;1;1;2;1;4;28;36;146;117;111;130;145;174;103;162;178;207;161;150;50;38;29;22;14;5
191;11148;St.Gallen Stadt Letzistr.;24.04.2020;Freitag;2;4;0;2;1;6;10;64;83;83;115;135;173;116;145;167;215;196;201;76;47;40;24;17;17
192;11148;St.Gallen Stadt Letzistr.;25.04.2020;Samstag;1;4;8;1;0;8;4;10;27;51;91;118;136;80;62;69;75;48;44;25;15;15;11;7;3
193;11148;St.Gallen Stadt Letzistr.;25.04.2020;Samstag;2;4;5;1;0;1;1;12;24;43;77;108;119;91;70;72;59;47;49;32;18;17;12;5;6
194;11148;St.Gallen Stadt Letzistr.;26.04.2020;Sonntag;1;5;2;0;3;3;3;0;4;8;14;25;36;32;28;33;47;40;27;35;33;10;12;8;4
195;11148;St.Gallen Stadt Letzistr.;26.04.2020;Sonntag;2;4;4;4;4;3;1;1;4;3;20;15;41;34;37;34;32;39;30;25;26;20;9;7;5
196;11148;St.Gallen Stadt Letzistr.;27.04.2020;Montag;1;1;2;1;7;17;40;154;178;120;140;156;144;107;180;180;156;164;155;71;37;26;16;11;5
197;11148;St.Gallen Stadt Letzistr.;27.04.2020;Montag;2;1;1;1;2;4;12;59;103;97;126;156;154;123;133;180;174;210;241;100;52;37;24;15;15
198;11148;St.Gallen Stadt Letzistr.;28.04.2020;Dienstag;1;3;2;4;6;18;39;161;166;91;106;150;140;108;180;159;145;134;126;48;24;21;19;5;5
199;11148;St.Gallen Stadt Letzistr.;28.04.2020;Dienstag;2;6;3;2;4;4;12;55;100;72;97;116;165;114;115;172;154;161;246;97;32;30;23;3;20
200;11148;St.Gallen Stadt Letzistr.;29.04.2020;Mittwoch;1;0;4;2;6;21;34;156;147;121;105;127;128;105;151;150;157;162;126;71;39;21;18;14;5
201;11148;St.Gallen Stadt Letzistr.;29.04.2020;Mittwoch;2;0;1;0;3;3;20;53;92;80;103;111;153;111;115;144;160;198;217;107;43;34;18;16;22
202;11148;St.Gallen Stadt Letzistr.;30.04.2020;Donnerstag;1;1;2;1;6;0;32;145;136;127;101;123;127;101;145;136;142;145;125;78;41;22;17;12;6
203;11148;St.Gallen Stadt Letzistr.;30.04.2020;Donnerstag;2;3;1;3;1;3;14;50;87;81;98;121;145;123;124;124;145;189;202;97;41;32;18;12;13
204;11148;St.Gallen Stadt Letzistr.;01.05.2020;Freitag;1;2;2;3;1;18;34;145;145;123;121;117;172;120;179;179;197;172;126;52;29;18;17;11;4
205;11148;St.Gallen Stadt Letzistr.;01.05.2020;Freitag;2;3;1;1;2;3;21;45;87;83;87;121;140;123;139;185;188;204;196;74;53;29;25;13;14
206;11148;St.Gallen Stadt Letzistr.;02.05.2020;Samstag;1;6;3;1;1;5;5;9;29;52;103;110;106;58;60;61;63;52;32;27;19;19;11;7;2
207;11148;St.Gallen Stadt Letzistr.;02.05.2020;Samstag;2;5;5;5;1;1;2;10;21;41;91;101;113;69;63;57;66;57;34;26;22;9;14;13;3
208;11148;St.Gallen Stadt Letzistr.;03.05.2020;Sonntag;1;7;5;0;2;3;0;1;7;14;21;47;45;30;46;47;55;41;33;31;19;21;13;14;3
209;11148;St.Gallen Stadt Letzistr.;03.05.2020;Sonntag;2;6;1;6;2;0;0;3;5;8;22;38;36;40;44;45;30;36;28;28;21;12;12;19;2
210;11148;St.Gallen Stadt Letzistr.;04.05.2020;Montag;1;1;1;6;6;29;37;178;141;115;147;158;139;125;192;172;151;152;133;66;36;20;11;12;3
211;11148;St.Gallen Stadt Letzistr.;04.05.2020;Montag;2;5;0;3;5;1;16;60;102;91;130;150;163;113;144;179;166;184;223;91;49;38;22;19;7
212;11148;St.Gallen Stadt Letzistr.;05.05.2020;Dienstag;1;5;3;2;6;20;46;168;158;105;111;115;108;112;152;141;125;132;115;68;25;15;7;11;3
213;11148;St.Gallen Stadt Letzistr.;05.05.2020;Dienstag;2;9;4;1;2;5;14;62;88;72;107;101;127;117;115;142;142;162;198;93;47;21;12;16;11
214;11148;St.Gallen Stadt Letzistr.;06.05.2020;Mittwoch;1;3;2;2;7;23;44;156;147;132;128;116;134;98;164;156;161;138;126;63;41;27;11;5;6
215;11148;St.Gallen Stadt Letzistr.;06.05.2020;Mittwoch;2;2;0;4;3;3;15;55;96;80;106;105;132;122;115;161;155;163;208;114;56;40;15;16;13
216;11148;St.Gallen Stadt Letzistr.;07.05.2020;Donnerstag;1;0;2;3;8;23;44;154;142;135;114;126;142;115;138;156;137;134;129;73;58;17;18;11;2
217;11148;St.Gallen Stadt Letzistr.;07.05.2020;Donnerstag;2;3;4;5;2;6;20;60;98;75;101;117;143;113;109;139;137;174;231;107;55;34;18;24;13
218;11148;St.Gallen Stadt Letzistr.;08.05.2020;Freitag;1;2;3;1;8;25;47;148;139;109;144;156;156;109;180;201;180;165;140;66;42;29;19;13;8
219;11148;St.Gallen Stadt Letzistr.;08.05.2020;Freitag;2;1;2;3;4;5;17;58;86;79;138;140;164;137;151;196;161;214;211;91;55;46;23;21;13
220;11148;St.Gallen Stadt Letzistr.;09.05.2020;Samstag;1;6;5;1;4;6;2;13;27;65;111;134;131;85;75;82;67;52;47;40;28;16;16;18;11
221;11148;St.Gallen Stadt Letzistr.;09.05.2020;Samstag;2;12;3;3;5;2;2;13;27;52;90;117;123;75;82;69;67;70;49;38;23;16;15;15;10
222;11148;St.Gallen Stadt Letzistr.;10.05.2020;Sonntag;1;8;2;4;1;0;3;2;7;14;18;36;28;38;50;48;48;36;32;33;30;18;19;19;0
223;11148;St.Gallen Stadt Letzistr.;10.05.2020;Sonntag;2;17;5;2;3;0;3;2;2;14;16;23;21;37;36;49;37;47;47;40;29;23;12;9;2
224;11148;St.Gallen Stadt Letzistr.;11.05.2020;Montag;1;0;0;2;11;23;34;185;204;143;167;191;171;131;182;149;170;155;128;66;41;24;16;10;0
225;11148;St.Gallen Stadt Letzistr.;11.05.2020;Montag;2;0;3;1;6;5;12;54;122;100;159;152;173;140;138;153;174;187;245;111;47;39;23;15;9
226;11148;St.Gallen Stadt Letzistr.;12.05.2020;Dienstag;1;2;2;3;8;18;39;176;160;134;153;171;121;122;183;164;167;170;132;68;34;23;19;12;2
227;11148;St.Gallen Stadt Letzistr.;12.05.2020;Dienstag;2;9;2;6;3;2;16;59;99;86;138;150;160;120;138;152;172;225;262;95;50;38;21;26;10
228;11148;St.Gallen Stadt Letzistr.;13.05.2020;Mittwoch;1;2;1;2;7;19;45;162;183;135;125;155;127;112;188;169;153;153;121;65;37;20;24;15;4
229;11148;St.Gallen Stadt Letzistr.;13.05.2020;Mittwoch;2;5;4;3;2;2;13;54;100;76;112;144;149;119;131;147;172;196;230;111;45;38;22;32;12
230;11148;St.Gallen Stadt Letzistr.;14.05.2020;Donnerstag;1;5;2;2;9;19;42;217;258;156;156;128;130;129;177;174;162;175;127;74;49;21;21;12;4
231;11148;St.Gallen Stadt Letzistr.;14.05.2020;Donnerstag;2;7;6;2;8;4;33;98;184;130;125;133;146;134;140;179;153;217;276;107;46;38;33;25;12
232;11148;St.Gallen Stadt Letzistr.;15.05.2020;Freitag;1;0;3;0;12;23;36;166;171;126;139;155;148;121;179;196;195;167;144;67;43;22;21;19;7
233;11148;St.Gallen Stadt Letzistr.;15.05.2020;Freitag;2;1;3;4;7;6;17;57;103;101;131;143;154;135;148;194;195;236;211;89;50;39;16;14;17
234;11148;St.Gallen Stadt Letzistr.;16.05.2020;Samstag;1;8;10;3;3;5;6;13;34;81;154;165;151;104;121;116;91;81;67;30;30;20;17;10;7
235;11148;St.Gallen Stadt Letzistr.;16.05.2020;Samstag;2;16;16;5;4;3;2;10;15;64;124;138;151;100;99;93;100;75;73;32;26;24;14;12;14
236;11148;St.Gallen Stadt Letzistr.;17.05.2020;Sonntag;1;4;2;3;1;1;3;4;3;11;14;25;29;34;48;45;44;36;32;28;21;17;14;11;10
237;11148;St.Gallen Stadt Letzistr.;17.05.2020;Sonntag;2;10;4;3;2;3;1;3;2;11;14;21;20;34;36;41;36;42;41;39;28;21;12;11;4
238;11148;St.Gallen Stadt Letzistr.;18.05.2020;Montag;1;1;1;2;3;24;37;154;146;121;123;145;136;125;205;174;163;159;157;75;41;22;14;15;3
239;11148;St.Gallen Stadt Letzistr.;18.05.2020;Montag;2;4;2;2;4;4;15;58;97;87;121;123;145;141;162;178;184;220;268;98;53;37;25;10;17
240;11148;St.Gallen Stadt Letzistr.;19.05.2020;Dienstag;1;2;5;1;11;23;43;201;162;139;168;163;130;129;182;185;159;162;153;80;44;29;11;15;7
241;11148;St.Gallen Stadt Letzistr.;19.05.2020;Dienstag;2;4;2;5;4;4;11;71;105;99;137;160;142;135;133;168;164;209;247;112;53;26;26;14;12
242;11148;St.Gallen Stadt Letzistr.;20.05.2020;Mittwoch;1;1;7;2;7;21;46;178;192;168;164;174;137;143;200;211;181;152;116;88;47;31;22;6;10
243;11148;St.Gallen Stadt Letzistr.;20.05.2020;Mittwoch;2;4;4;5;3;6;16;52;107;109;134;173;173;145;147;204;215;247;190;102;57;30;35;17;8
244;11148;St.Gallen Stadt Letzistr.;21.05.2020;Donnerstag;1;13;5;2;7;0;1;2;13;26;30;49;63;64;42;53;42;58;29;28;27;22;12;12;7
245;11148;St.Gallen Stadt Letzistr.;21.05.2020;Donnerstag;2;15;8;7;3;2;1;4;6;28;29;42;44;50;50;44;41;38;33;28;24;23;16;12;8
246;11148;St.Gallen Stadt Letzistr.;22.05.2020;Freitag;1;6;7;3;5;11;20;47;77;132;190;220;213;117;166;193;160;136;124;51;37;17;14;18;11
247;11148;St.Gallen Stadt Letzistr.;22.05.2020;Freitag;2;7;2;6;2;5;7;22;54;77;162;200;234;139;140;212;173;166;146;56;43;20;21;7;14
248;11148;St.Gallen Stadt Letzistr.;23.05.2020;Samstag;1;12;4;1;2;0;4;8;27;69;129;147;135;98;91;52;52;36;46;26;21;16;9;9;5
249;11148;St.Gallen Stadt Letzistr.;23.05.2020;Samstag;2;20;12;5;1;2;4;6;20;44;101;140;129;101;87;68;66;47;47;21;20;14;8;10;13
250;11148;St.Gallen Stadt Letzistr.;24.05.2020;Sonntag;1;12;1;3;0;2;0;0;7;16;26;46;46;39;42;37;55;62;45;35;37;24;21;12;4
251;11148;St.Gallen Stadt Letzistr.;24.05.2020;Sonntag;2;12;6;3;0;1;2;4;4;11;16;40;40;47;40;43;52;39;36;27;30;23;24;7;11
252;11148;St.Gallen Stadt Letzistr.;25.05.2020;Montag;1;3;3;5;11;22;39;199;188;149;164;193;174;138;192;181;168;177;176;75;59;29;18;11;7
253;11148;St.Gallen Stadt Letzistr.;25.05.2020;Montag;2;1;1;5;4;4;14;72;119;93;145;181;200;122;134;187;173;210;267;123;55;40;33;18;11
254;11148;St.Gallen Stadt Letzistr.;26.05.2020;Dienstag;1;0;7;2;9;21;46;182;178;138;172;163;140;130;184;188;177;167;141;76;31;21;21;17;6
255;11148;St.Gallen Stadt Letzistr.;26.05.2020;Dienstag;2;5;3;3;5;2;17;60;108;103;136;164;180;114;138;183;174;198;246;119;49;48;35;23;22
256;11148;St.Gallen Stadt Letzistr.;27.05.2020;Mittwoch;1;2;4;2;8;20;48;202;170;142;157;150;137;138;181;203;170;167;150;93;45;33;30;13;4
257;11148;St.Gallen Stadt Letzistr.;27.05.2020;Mittwoch;2;5;2;6;4;4;12;63;115;102;134;152;171;128;135;212;156;217;243;142;52;49;29;14;12
258;11148;St.Gallen Stadt Letzistr.;28.05.2020;Donnerstag;1;1;4;4;9;14;48;185;173;147;143;171;137;150;175;185;166;182;138;80;58;38;26;13;6
259;11148;St.Gallen Stadt Letzistr.;28.05.2020;Donnerstag;2;3;3;4;5;2;17;68;89;97;135;137;157;131;137;163;160;208;260;117;56;52;38;24;19
260;11148;St.Gallen Stadt Letzistr.;29.05.2020;Freitag;1;1;3;2;11;17;42;168;150;149;166;167;154;140;196;200;200;175;157;68;51;29;29;14;13
261;11148;St.Gallen Stadt Letzistr.;29.05.2020;Freitag;2;3;3;4;5;4;18;59;87;91;149;157;185;121;148;196;223;222;234;103;61;40;36;17;17
262;11148;St.Gallen Stadt Letzistr.;30.05.2020;Samstag;1;11;9;1;1;8;10;21;37;110;142;180;173;106;90;98;68;51;53;36;31;12;23;11;13
263;11148;St.Gallen Stadt Letzistr.;30.05.2020;Samstag;2;14;20;3;0;6;7;17;26;64;142;162;178;115;87;91;98;80;45;28;29;17;24;15;12
264;11148;St.Gallen Stadt Letzistr.;31.05.2020;Sonntag;1;8;4;4;2;1;3;2;5;14;17;34;33;35;45;42;43;35;32;30;28;17;14;15;6
265;11148;St.Gallen Stadt Letzistr.;31.05.2020;Sonntag;2;10;4;3;2;1;3;4;2;11;15;21;24;34;36;45;37;41;37;33;28;21;12;9;4
266;11148;St.Gallen Stadt Letzistr.;15.06.2020;Montag;1;2;2;1;10;17;57;178;189;164;175;179;158;142;178;188;167;154;142;121;54;34;18;11;8
267;11148;St.Gallen Stadt Letzistr.;15.06.2020;Montag;2;2;2;1;3;5;15;70;102;121;123;145;163;128;154;165;158;212;274;123;65;48;32;17;12
268;11148;St.Gallen Stadt Letzistr.;16.06.2020;Dienstag;1;2;2;1;5;14;54;212;178;169;157;142;138;124;156;147;152;132;124;87;48;26;21;14;5
269;11148;St.Gallen Stadt Letzistr.;16.06.2020;Dienstag;2;4;2;4;3;5;14;74;78;101;126;145;156;128;115;132;148;201;232;137;54;48;32;21;12
270;11148;St.Gallen Stadt Letzistr.;17.06.2020;Mittwoch;1;0;2;4;7;18;50;205;171;140;140;159;134;137;161;177;159;172;155;87;43;31;15;11;5
271;11148;St.Gallen Stadt Letzistr.;17.06.2020;Mittwoch;2;1;3;5;2;6;16;70;100;114;116;155;166;129;138;154;174;213;276;132;65;34;19;13;21
272;11148;St.Gallen Stadt Letzistr.;18.06.2020;Donnerstag;1;0;4;4;7;18;56;190;198;131;143;152;154;136;154;184;165;143;123;69;49;30;20;14;5
273;11148;St.Gallen Stadt Letzistr.;18.06.2020;Donnerstag;2;2;0;2;4;3;21;75;110;93;149;148;158;103;137;153;160;198;288;120;57;29;38;21;12
274;11148;St.Gallen Stadt Letzistr.;19.06.2020;Freitag;1;2;3;1;7;20;59;160;170;135;159;147;128;125;180;165;146;154;124;61;57;29;20;15;8
275;11148;St.Gallen Stadt Letzistr.;19.06.2020;Freitag;2;3;2;2;2;5;24;69;95;104;115;151;147;119;152;181;146;223;186;106;53;35;26;25;26
276;11148;St.Gallen Stadt Letzistr.;20.06.2020;Samstag;1;10;4;2;3;7;10;18;38;64;130;148;133;88;67;82;67;57;56;33;21;33;15;16;18
277;11148;St.Gallen Stadt Letzistr.;20.06.2020;Samstag;2;16;16;3;3;1;5;15;20;52;112;144;131;105;54;82;54;91;61;40;18;18;15;18;26
278;11148;St.Gallen Stadt Letzistr.;21.06.2020;Sonntag;1;9;11;6;6;3;1;1;14;22;25;62;50;54;58;33;57;43;45;36;47;28;14;11;5
279;11148;St.Gallen Stadt Letzistr.;21.06.2020;Sonntag;2;8;11;2;7;3;2;4;7;13;18;39;53;60;40;30;59;57;30;30;30;25;12;13;6
280;11148;St.Gallen Stadt Letzistr.;22.06.2020;Montag;1;0;10;2;11;19;57;189;184;169;173;172;168;132;210;183;170;151;151;108;50;30;14;10;5
281;11148;St.Gallen Stadt Letzistr.;22.06.2020;Montag;2;3;2;1;14;3;17;71;102;111;143;168;167;124;159;177;172;233;286;117;57;47;34;19;11
282;11148;St.Gallen Stadt Letzistr.;23.06.2020;Dienstag;1;1;4;2;7;14;56;207;174;163;157;139;135;113;181;157;148;149;133;80;48;26;22;16;0
283;11148;St.Gallen Stadt Letzistr.;23.06.2020;Dienstag;2;7;3;6;2;5;15;81;94;102;135;148;159;123;114;143;148;202;240;137;59;48;31;20;14
284;11148;St.Gallen Stadt Letzistr.;24.06.2020;Mittwoch;1;2;1;4;10;17;49;196;202;141;153;150;130;114;186;145;140;126;161;99;55;31;20;19;8
285;11148;St.Gallen Stadt Letzistr.;24.06.2020;Mittwoch;2;0;4;4;3;4;14;75;119;101;114;143;155;123;133;148;152;176;284;124;67;47;15;25;24
286;11148;St.Gallen Stadt Letzistr.;25.06.2020;Donnerstag;1;0;3;4;10;17;45;196;177;148;135;153;136;116;187;147;154;142;152;85;55;34;33;26;7
287;11148;St.Gallen Stadt Letzistr.;25.06.2020;Donnerstag;2;5;4;2;6;2;15;91;106;95;129;138;160;131;113;144;173;188;253;105;49;47;52;29;18
288;11148;St.Gallen Stadt Letzistr.;26.06.2020;Freitag;1;2;4;3;10;19;44;176;154;155;139;172;148;131;174;189;194;171;147;77;44;27;24;19;15
289;11148;St.Gallen Stadt Letzistr.;26.06.2020;Freitag;2;7;5;5;3;5;15;64;75;78;127;147;169;142;147;178;198;217;242;101;65;35;29;17;26
290;11148;St.Gallen Stadt Letzistr.;27.06.2020;Samstag;1;11;9;4;4;10;7;14;53;62;115;122;148;77;76;74;143;104;97;59;34;27;28;26;12
291;11148;St.Gallen Stadt Letzistr.;27.06.2020;Samstag;2;14;8;4;4;2;9;12;28;58;89;111;132;78;76;82;93;83;72;53;28;22;26;21;14
292;11148;St.Gallen Stadt Letzistr.;28.06.2020;Sonntag;1;20;6;6;3;4;8;5;19;21;39;66;74;51;67;73;51;52;45;40;37;31;27;8;6
293;11148;St.Gallen Stadt Letzistr.;28.06.2020;Sonntag;2;22;6;4;3;2;8;3;13;24;44;50;44;58;51;44;53;46;27;45;26;31;15;12;3
294;11148;St.Gallen Stadt Letzistr.;29.06.2020;Montag;1;1;4;2;7;14;40;188;161;134;159;165;161;122;183;185;145;175;135;74;40;30;19;10;8
295;11148;St.Gallen Stadt Letzistr.;29.06.2020;Montag;2;3;2;3;1;3;16;60;99;91;149;150;193;119;133;153;180;225;300;116;51;42;29;16;8
296;11148;St.Gallen Stadt Letzistr.;30.06.2020;Dienstag;1;4;3;4;6;22;61;190;204;158;146;153;121;115;180;175;138;143;158;88;46;36;25;14;10
297;11148;St.Gallen Stadt Letzistr.;30.06.2020;Dienstag;2;8;3;3;2;3;12;77;111;105;142;116;144;121;135;169;148;197;331;138;51;43;34;17;14
298;11148;St.Gallen Stadt Letzistr.;01.07.2020;Mittwoch;1;4;3;1;9;17;54;192;186;157;167;152;138;129;181;201;150;172;136;85;41;30;29;7;12
299;11148;St.Gallen Stadt Letzistr.;01.07.2020;Mittwoch;2;5;3;3;3;5;17;76;112;113;140;156;168;122;146;191;171;203;261;141;56;33;22;32;11
300;11148;St.Gallen Stadt Letzistr.;02.07.2020;Donnerstag;1;2;2;1;8;0;0;104;185;132;147;144;124;120;170;176;149;143;141;81;55;34;29;16;9
301;11148;St.Gallen Stadt Letzistr.;02.07.2020;Donnerstag;2;5;3;7;3;0;0;50;107;100;113;141;169;97;131;167;168;216;277;103;51;41;42;20;16
302;11148;St.Gallen Stadt Letzistr.;03.07.2020;Freitag;1;4;3;2;9;19;58;183;197;159;169;182;192;128;194;205;188;156;135;76;50;25;23;14;12
303;11148;St.Gallen Stadt Letzistr.;03.07.2020;Freitag;2;8;6;6;2;4;15;81;108;100;152;176;188;143;167;181;196;242;206;124;65;37;28;11;13
304;11148;St.Gallen Stadt Letzistr.;04.07.2020;Samstag;1;11;12;7;5;4;13;11;38;64;128;149;143;121;88;73;64;52;50;32;43;29;24;12;6
305;11148;St.Gallen Stadt Letzistr.;04.07.2020;Samstag;2;23;12;8;5;5;8;8;15;41;122;137;161;113;81;71;78;68;54;35;26;30;18;23;13
306;11148;St.Gallen Stadt Letzistr.;05.07.2020;Sonntag;1;5;8;8;2;2;4;6;8;14;27;73;43;42;42;41;32;33;39;34;31;20;19;17;7
307;11148;St.Gallen Stadt Letzistr.;05.07.2020;Sonntag;2;10;9;7;4;2;3;8;5;14;25;39;47;59;34;44;47;33;30;41;22;23;20;18;8
308;11148;St.Gallen Stadt Letzistr.;06.07.2020;Montag;1;0;2;1;10;16;52;204;193;123;155;147;155;143;177;179;163;181;117;90;48;32;21;18;4
309;11148;St.Gallen Stadt Letzistr.;06.07.2020;Montag;2;4;1;2;2;2;15;77;99;98;122;143;167;129;147;180;165;236;257;123;48;39;38;17;13
310;11148;St.Gallen Stadt Letzistr.;07.07.2020;Dienstag;1;4;4;3;7;19;57;196;194;143;143;154;139;125;182;155;153;140;158;87;50;27;37;22;7
311;11148;St.Gallen Stadt Letzistr.;07.07.2020;Dienstag;2;4;6;7;4;3;13;79;94;85;152;127;141;142;147;168;159;213;266;127;65;34;44;22;14
312;11148;St.Gallen Stadt Letzistr.;08.07.2020;Mittwoch;1;0;4;3;5;22;54;184;203;132;134;147;135;130;183;154;146;141;159;79;56;31;47;32;8
313;11148;St.Gallen Stadt Letzistr.;08.07.2020;Mittwoch;2;4;2;6;1;11;14;76;120;83;112;128;171;117;133;145;147;228;262;142;49;41;36;21;33
314;11148;St.Gallen Stadt Letzistr.;09.07.2020;Donnerstag;1;4;2;5;5;19;47;184;181;127;122;131;156;138;160;148;141;170;133;67;52;35;34;18;11
315;11148;St.Gallen Stadt Letzistr.;09.07.2020;Donnerstag;2;3;1;6;4;3;14;76;102;117;116;143;157;123;127;149;143;196;277;125;49;47;40;28;14
316;11148;St.Gallen Stadt Letzistr.;10.07.2020;Freitag;1;2;7;1;12;18;49;176;148;138;144;141;158;123;194;167;177;175;122;51;47;24;19;20;12
317;11148;St.Gallen Stadt Letzistr.;10.07.2020;Freitag;2;7;3;4;6;4;16;65;96;103;131;151;175;139;158;168;214;223;191;92;44;37;24;18;21
318;11148;St.Gallen Stadt Letzistr.;11.07.2020;Samstag;1;10;7;2;7;4;7;17;43;55;136;125;146;101;84;82;77;46;44;21;29;14;17;13;10
319;11148;St.Gallen Stadt Letzistr.;11.07.2020;Samstag;2;26;8;6;8;2;5;15;15;48;104;127;146;117;72;80;76;58;51;30;15;20;16;15;12
320;11148;St.Gallen Stadt Letzistr.;12.07.2020;Sonntag;1;5;4;6;5;1;0;4;14;11;34;57;39;39;52;23;35;30;36;38;30;17;14;16;7
321;11148;St.Gallen Stadt Letzistr.;12.07.2020;Sonntag;2;7;4;10;5;3;2;2;10;9;38;40;49;47;31;42;28;37;38;19;31;18;20;10;5
322;11148;St.Gallen Stadt Letzistr.;13.07.2020;Montag;1;1;4;1;9;18;55;178;185;133;129;182;165;130;154;163;158;139;128;78;45;28;18;18;7
323;11148;St.Gallen Stadt Letzistr.;13.07.2020;Montag;2;0;2;4;4;2;13;71;115;84;126;148;182;133;143;152;164;155;264;115;47;29;47;18;12
324;11148;St.Gallen Stadt Letzistr.;14.07.2020;Dienstag;1;5;5;2;6;16;67;162;189;133;128;146;131;127;173;182;146;131;132;63;54;35;21;11;5
325;11148;St.Gallen Stadt Letzistr.;14.07.2020;Dienstag;2;5;4;6;2;4;15;66;106;99;126;133;145;122;139;163;167;201;238;116;46;36;33;19;11
326;11148;St.Gallen Stadt Letzistr.;15.07.2020;Mittwoch;1;1;3;0;9;17;50;179;165;130;138;177;149;128;65;164;168;148;141;69;36;27;22;14;3
327;11148;St.Gallen Stadt Letzistr.;15.07.2020;Mittwoch;2;8;5;4;1;6;12;56;103;77;118;150;174;135;70;151;159;189;253;115;54;29;30;16;8
328;11148;St.Gallen Stadt Letzistr.;16.07.2020;Donnerstag;1;2;3;1;5;16;53;170;156;124;151;137;147;122;165;176;146;145;117;71;41;26;16;13;6
329;11148;St.Gallen Stadt Letzistr.;16.07.2020;Donnerstag;2;11;1;2;3;2;13;66;97;85;124;133;141;120;121;166;177;191;245;126;47;32;34;15;17
330;11148;St.Gallen Stadt Letzistr.;17.07.2020;Freitag;1;2;5;2;9;17;55;153;170;116;104;158;140;138;196;221;176;154;103;63;39;26;20;8;10
331;11148;St.Gallen Stadt Letzistr.;17.07.2020;Freitag;2;6;2;1;5;5;15;58;84;79;99;135;165;124;175;221;181;215;203;103;46;28;20;10;11
332;11148;St.Gallen Stadt Letzistr.;18.07.2020;Samstag;1;6;5;6;1;1;7;24;37;65;104;149;124;86;80;66;58;55;55;26;30;26;14;18;15
333;11148;St.Gallen Stadt Letzistr.;18.07.2020;Samstag;2;9;6;6;2;1;4;14;23;43;94;124;132;102;59;70;66;59;54;44;17;18;22;20;17
334;11148;St.Gallen Stadt Letzistr.;19.07.2020;Sonntag;1;8;6;4;2;2;0;1;8;22;31;49;49;42;32;38;41;27;28;29;24;31;16;12;7
335;11148;St.Gallen Stadt Letzistr.;19.07.2020;Sonntag;2;10;7;3;1;2;4;3;6;13;29;41;31;51;39;31;28;22;36;29;21;28;16;16;2
336;11148;St.Gallen Stadt Letzistr.;20.07.2020;Montag;1;1;4;2;7;6;47;150;154;108;105;134;124;127;143;135;123;125;112;47;48;27;13;9;9
337;11148;St.Gallen Stadt Letzistr.;20.07.2020;Montag;2;3;1;0;5;5;7;56;89;92;101;131;144;112;125;133;123;180;206;77;48;32;18;20;8
338;11148;St.Gallen Stadt Letzistr.;21.07.2020;Dienstag;1;2;4;3;6;9;40;149;161;122;132;128;132;111;143;153;153;142;122;75;48;26;18;7;9
339;11148;St.Gallen Stadt Letzistr.;21.07.2020;Dienstag;2;6;4;1;4;3;19;55;104;86;123;115;152;108;113;138;161;177;199;96;49;35;27;14;6
340;11148;St.Gallen Stadt Letzistr.;22.07.2020;Mittwoch;1;2;2;2;8;13;40;137;156;120;125;134;140;105;170;160;148;129;104;67;42;27;23;11;9
341;11148;St.Gallen Stadt Letzistr.;22.07.2020;Mittwoch;2;6;1;3;6;3;16;44;81;77;121;139;154;114;132;140;155;169;201;85;33;43;21;28;17
342;11148;St.Gallen Stadt Letzistr.;23.07.2020;Donnerstag;1;1;1;1;7;10;43;127;148;122;125;122;128;109;127;158;123;111;98;68;49;32;24;13;5
343;11148;St.Gallen Stadt Letzistr.;23.07.2020;Donnerstag;2;6;2;2;2;5;14;45;75;89;118;120;149;109;103;132;146;180;191;94;44;34;40;17;11
344;11148;St.Gallen Stadt Letzistr.;24.07.2020;Freitag;1;4;2;3;7;11;47;126;129;115;130;145;159;110;185;215;180;150;91;53;41;21;22;23;9
345;11148;St.Gallen Stadt Letzistr.;24.07.2020;Freitag;2;9;1;1;2;4;7;43;69;89;129;154;173;103;148;200;192;177;150;84;43;24;29;23;15
346;11148;St.Gallen Stadt Letzistr.;25.07.2020;Samstag;1;6;5;8;2;2;4;15;38;93;98;130;129;99;59;56;65;39;37;26;24;28;20;15;10
347;11148;St.Gallen Stadt Letzistr.;25.07.2020;Samstag;2;7;8;3;3;0;5;9;15;55;108;144;118;104;67;58;63;62;52;27;26;19;18;13;9
348;11148;St.Gallen Stadt Letzistr.;26.07.2020;Sonntag;1;5;7;5;1;4;2;2;11;13;25;55;28;24;45;40;39;19;32;25;24;15;26;8;4
349;11148;St.Gallen Stadt Letzistr.;26.07.2020;Sonntag;2;12;4;3;2;3;3;3;7;5;20;24;38;56;37;30;32;31;26;31;30;15;9;13;6
350;11148;St.Gallen Stadt Letzistr.;28.07.2020;Dienstag;1;2;5;1;8;9;41;117;133;107;124;140;154;86;139;137;124;111;120;50;53;19;12;14;6
351;11148;St.Gallen Stadt Letzistr.;28.07.2020;Dienstag;2;3;3;1;4;4;7;54;73;88;122;135;144;102;114;139;137;150;169;86;50;38;25;9;5
352;11148;St.Gallen Stadt Letzistr.;29.07.2020;Mittwoch;1;4;3;1;7;7;30;119;120;119;115;147;136;125;146;145;122;131;96;68;38;26;17;18;10
353;11148;St.Gallen Stadt Letzistr.;29.07.2020;Mittwoch;2;5;1;1;3;4;7;58;79;75;111;132;172;112;97;123;135;177;194;92;33;42;22;12;9
354;11148;St.Gallen Stadt Letzistr.;30.07.2020;Donnerstag;1;4;3;2;4;7;36;119;117;114;145;158;124;99;125;145;121;116;91;59;40;20;21;12;13
355;11148;St.Gallen Stadt Letzistr.;30.07.2020;Donnerstag;2;8;5;0;1;6;7;49;77;76;116;161;129;103;100;130;158;150;166;89;45;29;22;10;8
356;11148;St.Gallen Stadt Letzistr.;31.07.2020;Freitag;1;9;7;0;5;12;39;96;104;119;138;158;137;97;167;153;138;102;97;58;29;22;21;10;12
357;11148;St.Gallen Stadt Letzistr.;31.07.2020;Freitag;2;8;4;4;3;5;10;55;68;77;125;137;163;105;131;159;131;150;116;63;46;28;27;17;14
358;11148;St.Gallen Stadt Letzistr.;01.08.2020;Samstag;1;11;8;4;4;4;2;4;13;25;38;40;34;29;30;28;32;38;28;19;13;22;15;11;15
359;11148;St.Gallen Stadt Letzistr.;01.08.2020;Samstag;2;9;10;4;2;4;2;6;13;21;30;29;36;38;23;25;21;38;35;16;15;22;16;10;11
360;11148;St.Gallen Stadt Letzistr.;02.08.2020;Sonntag;1;8;3;4;1;3;4;1;5;9;25;56;29;37;33;36;29;31;32;18;26;15;20;14;2
361;11148;St.Gallen Stadt Letzistr.;02.08.2020;Sonntag;2;10;2;0;0;2;4;4;3;7;24;23;44;47;38;32;20;24;37;20;25;18;16;16;6
362;11148;St.Gallen Stadt Letzistr.;03.08.2020;Montag;1;3;4;0;11;12;41;147;146;113;140;167;168;123;197;175;149;131;121;69;53;36;16;13;7
363;11148;St.Gallen Stadt Letzistr.;03.08.2020;Montag;2;4;0;0;4;4;16;54;78;74;140;150;179;132;155;175;176;183;231;108;57;34;39;26;5
364;11148;St.Gallen Stadt Letzistr.;04.08.2020;Dienstag;1;2;5;2;7;12;44;126;153;107;97;149;132;116;183;167;170;142;128;61;57;25;21;19;11
365;11148;St.Gallen Stadt Letzistr.;04.08.2020;Dienstag;2;6;5;1;3;3;12;44;79;76;82;117;151;146;117;177;187;182;216;113;47;43;34;20;17
366;11148;St.Gallen Stadt Letzistr.;05.08.2020;Mittwoch;1;4;2;1;7;17;39;141;134;95;147;145;138;107;179;128;150;149;125;67;52;25;11;17;10
367;11148;St.Gallen Stadt Letzistr.;05.08.2020;Mittwoch;2;12;2;0;3;5;10;61;67;65;115;136;154;120;119;146;156;179;221;111;65;35;23;21;7
368;11148;St.Gallen Stadt Letzistr.;06.08.2020;Donnerstag;1;1;3;3;8;19;31;132;132;117;135;142;127;112;162;151;159;121;107;77;65;15;32;17;7
369;11148;St.Gallen Stadt Letzistr.;06.08.2020;Donnerstag;2;4;1;3;3;4;16;57;75;84;106;118;146;99;113;138;160;159;224;103;46;33;50;22;14
370;11148;St.Gallen Stadt Letzistr.;07.08.2020;Freitag;1;6;4;0;8;11;35;132;142;128;171;144;144;123;168;165;166;128;106;55;42;14;22;13;13
371;11148;St.Gallen Stadt Letzistr.;07.08.2020;Freitag;2;9;4;2;3;2;13;65;73;79;155;128;157;122;146;147;182;164;192;83;49;28;24;26;17
372;11148;St.Gallen Stadt Letzistr.;08.08.2020;Samstag;1;11;12;5;4;3;3;11;33;73;152;159;159;100;76;70;54;42;46;31;17;39;12;20;12
373;11148;St.Gallen Stadt Letzistr.;08.08.2020;Samstag;2;11;11;5;4;3;4;11;13;60;139;151;151;124;67;64;69;45;47;21;23;26;16;12;19
374;11148;St.Gallen Stadt Letzistr.;09.08.2020;Sonntag;1;4;3;1;5;4;1;5;10;20;29;57;43;37;35;31;30;32;50;19;28;34;13;12;8
375;11148;St.Gallen Stadt Letzistr.;09.08.2020;Sonntag;2;7;5;2;4;4;2;7;7;17;42;31;27;59;26;21;29;31;39;28;29;22;19;15;7
376;11148;St.Gallen Stadt Letzistr.;10.08.2020;Montag;1;2;2;0;10;20;44;180;186;140;151;168;129;121;195;164;156;151;133;67;63;29;30;9;3
377;11148;St.Gallen Stadt Letzistr.;10.08.2020;Montag;2;0;2;1;4;4;12;69;114;92;128;158;141;147;140;172;169;181;241;118;71;43;36;25;10
378;11148;St.Gallen Stadt Letzistr.;11.08.2020;Dienstag;1;2;3;4;10;15;59;177;183;157;147;140;139;121;154;157;151;155;158;91;66;31;26;17;8
379;11148;St.Gallen Stadt Letzistr.;11.08.2020;Dienstag;2;5;6;3;6;4;15;64;143;99;146;138;158;116;105;130;156;196;251;128;86;41;35;18;15
380;11148;St.Gallen Stadt Letzistr.;18.08.2020;Dienstag;1;0;1;2;8;16;58;190;197;135;140;132;118;116;183;156;170;126;129;71;73;23;17;8;3
381;11148;St.Gallen Stadt Letzistr.;18.08.2020;Dienstag;2;3;3;3;5;3;22;82;115;98;125;129;125;135;121;165;171;179;263;102;57;25;40;26;10
382;11148;St.Gallen Stadt Letzistr.;19.08.2020;Mittwoch;1;4;1;1;7;18;57;179;176;130;168;128;118;146;170;169;157;153;141;86;52;26;28;15;5
383;11148;St.Gallen Stadt Letzistr.;19.08.2020;Mittwoch;2;6;1;2;3;3;22;89;85;94;150;125;166;121;136;153;166;212;230;103;61;46;33;27;18
384;11148;St.Gallen Stadt Letzistr.;20.08.2020;Donnerstag;1;1;2;3;9;19;57;175;181;128;143;120;125;107;147;169;143;150;137;82;63;37;20;11;3
385;11148;St.Gallen Stadt Letzistr.;20.08.2020;Donnerstag;2;4;5;5;3;5;19;81;125;101;122;143;150;121;117;173;152;209;244;105;72;40;42;22;15
386;11148;St.Gallen Stadt Letzistr.;21.08.2020;Freitag;1;3;2;3;9;15;59;171;150;147;142;146;139;116;165;164;153;134;133;53;47;44;28;23;19
387;11148;St.Gallen Stadt Letzistr.;21.08.2020;Freitag;2;1;4;3;6;4;16;85;92;112;120;148;169;124;130;189;176;209;187;90;52;44;36;17;33
388;11148;St.Gallen Stadt Letzistr.;22.08.2020;Samstag;1;10;3;5;4;8;4;16;44;68;134;169;154;122;73;72;61;58;49;23;36;16;19;8;10
389;11148;St.Gallen Stadt Letzistr.;22.08.2020;Samstag;2;19;5;6;9;0;3;6;24;50;111;148;158;134;56;75;76;68;56;28;33;25;15;15;12
390;11148;St.Gallen Stadt Letzistr.;23.08.2020;Sonntag;1;10;11;5;3;2;1;6;9;21;35;73;38;44;43;47;36;40;46;43;31;24;15;8;9
391;11148;St.Gallen Stadt Letzistr.;23.08.2020;Sonntag;2;14;9;4;5;0;3;2;9;23;24;42;42;62;44;35;43;58;39;38;26;31;16;7;10
392;11148;St.Gallen Stadt Letzistr.;24.08.2020;Montag;1;1;1;3;9;16;51;201;193;155;159;169;152;118;184;148;138;156;167;74;45;22;17;15;7
393;11148;St.Gallen Stadt Letzistr.;24.08.2020;Montag;2;3;0;3;5;8;10;86;107;122;129;169;172;122;143;139;174;202;280;89;42;42;27;27;13
394;11148;St.Gallen Stadt Letzistr.;25.08.2020;Dienstag;1;3;4;1;12;24;44;194;178;148;163;137;133;108;174;163;158;146;155;93;57;25;21;17;14
395;11148;St.Gallen Stadt Letzistr.;25.08.2020;Dienstag;2;4;4;1;8;10;13;86;121;106;136;126;157;116;124;141;164;210;268;137;68;31;44;30;17
396;11148;St.Gallen Stadt Letzistr.;26.08.2020;Mittwoch;1;5;2;2;11;17;52;184;191;142;149;152;143;133;166;178;148;121;126;81;59;30;20;20;7
397;11148;St.Gallen Stadt Letzistr.;26.08.2020;Mittwoch;2;3;3;2;6;7;18;68;104;114;130;138;182;124;128;182;178;196;249;112;76;40;23;23;17
398;11148;St.Gallen Stadt Letzistr.;27.08.2020;Donnerstag;1;6;0;3;12;18;50;153;185;143;154;165;140;141;183;171;151;146;150;75;76;38;12;18;4
399;11148;St.Gallen Stadt Letzistr.;27.08.2020;Donnerstag;2;6;5;4;4;7;15;62;114;107;118;161;154;125;152;173;154;194;259;105;56;52;53;21;15
400;11148;St.Gallen Stadt Letzistr.;28.08.2020;Freitag;1;1;1;4;9;19;48;149;163;147;181;173;150;127;186;190;181;155;104;57;52;30;16;16;15
401;11148;St.Gallen Stadt Letzistr.;28.08.2020;Freitag;2;1;2;1;6;6;10;72;108;104;137;135;178;134;128;202;193;225;214;75;63;29;31;23;24
402;11148;St.Gallen Stadt Letzistr.;29.08.2020;Samstag;1;8;4;2;4;6;7;10;31;78;134;206;130;116;82;84;59;60;25;28;29;15;15;13;7
403;11148;St.Gallen Stadt Letzistr.;29.08.2020;Samstag;2;16;10;0;4;2;6;9;15;50;111;199;160;128;95;77;70;61;39;34;24;14;17;11;13
404;11148;St.Gallen Stadt Letzistr.;30.08.2020;Sonntag;1;12;6;3;2;4;2;2;4;15;20;42;37;30;28;49;38;45;30;20;18;28;13;12;4
405;11148;St.Gallen Stadt Letzistr.;30.08.2020;Sonntag;2;23;8;3;4;3;3;2;2;9;25;25;29;48;20;34;37;44;31;29;21;22;15;14;2
406;11148;St.Gallen Stadt Letzistr.;31.08.2020;Montag;1;1;2;1;8;18;42;177;197;147;183;192;138;141;209;194;171;161;136;85;51;26;14;10;2
407;11148;St.Gallen Stadt Letzistr.;31.08.2020;Montag;2;0;2;1;4;4;18;58;108;83;149;165;166;129;159;203;163;221;279;139;55;37;26;18;12
408;11148;St.Gallen Stadt Letzistr.;01.09.2020;Dienstag;1;0;2;1;9;15;49;192;203;151;145;124;109;132;176;145;150;150;145;56;71;31;17;10;7
409;11148;St.Gallen Stadt Letzistr.;01.09.2020;Dienstag;2;6;4;1;7;4;17;70;98;107;137;114;134;136;148;130;162;210;288;134;62;53;42;27;13
410;11148;St.Gallen Stadt Letzistr.;02.09.2020;Mittwoch;1;3;2;3;9;17;46;210;192;128;134;152;170;143;180;157;160;163;145;78;65;15;26;12;6
411;11148;St.Gallen Stadt Letzistr.;02.09.2020;Mittwoch;2;2;2;3;3;5;17;64;113;106;100;153;168;158;131;183;154;205;254;135;65;46;24;14;27
412;11148;St.Gallen Stadt Letzistr.;03.09.2020;Donnerstag;1;2;1;1;9;18;40;194;197;151;146;136;120;132;194;146;169;143;146;96;63;29;18;16;6
413;11148;St.Gallen Stadt Letzistr.;03.09.2020;Donnerstag;2;5;1;1;3;1;15;74;118;104;101;146;144;132;138;181;183;205;271;142;81;37;43;18;13
414;11148;St.Gallen Stadt Letzistr.;04.09.2020;Freitag;1;3;1;2;8;20;46;184;167;164;181;170;155;146;171;199;175;163;157;93;64;42;17;24;18
415;11148;St.Gallen Stadt Letzistr.;04.09.2020;Freitag;2;6;0;0;5;5;19;61;119;90;128;149;197;142;161;181;201;226;248;115;75;41;31;21;30
416;11148;St.Gallen Stadt Letzistr.;05.09.2020;Samstag;1;4;4;4;3;8;7;20;41;85;146;189;162;103;70;79;86;63;61;32;24;42;10;13;7
417;11148;St.Gallen Stadt Letzistr.;05.09.2020;Samstag;2;16;8;3;2;3;3;10;40;67;121;197;154;113;65;65;88;68;53;40;23;36;11;12;12
418;11148;St.Gallen Stadt Letzistr.;06.09.2020;Sonntag;1;7;3;3;1;1;2;2;7;10;16;43;26;29;32;41;33;34;30;26;26;15;6;2;5
419;11148;St.Gallen Stadt Letzistr.;06.09.2020;Sonntag;2;13;5;11;3;2;1;2;2;5;18;23;32;41;32;37;32;26;37;27;21;14;13;2;2
420;11148;St.Gallen Stadt Letzistr.;07.09.2020;Montag;1;1;2;2;12;19;47;191;182;106;127;116;115;82;124;134;129;97;114;67;31;22;16;8;3
421;11148;St.Gallen Stadt Letzistr.;07.09.2020;Montag;2;1;0;2;6;6;10;68;91;60;93;91;86;82;94;127;97;101;149;52;32;16;34;16;8
422;11148;St.Gallen Stadt Letzistr.;08.09.2020;Dienstag;1;2;0;1;7;7;28;116;106;67;103;81;71;64;90;92;83;118;100;61;50;22;20;10;5
423;11148;St.Gallen Stadt Letzistr.;08.09.2020;Dienstag;2;4;0;2;2;4;12;51;75;49;92;71;79;58;82;73;73;110;115;68;44;18;17;20;12
424;11148;St.Gallen Stadt Letzistr.;09.09.2020;Mittwoch;1;3;2;1;11;8;22;96;76;73;93;78;78;56;84;81;93;87;85;77;34;22;20;10;5
425;11148;St.Gallen Stadt Letzistr.;09.09.2020;Mittwoch;2;6;2;2;4;3;8;55;56;66;64;80;74;42;74;69;81;100;103;77;36;18;16;12;14
426;11148;St.Gallen Stadt Letzistr.;10.09.2020;Donnerstag;1;0;5;1;4;5;26;72;64;71;76;90;68;54;86;96;88;92;116;56;35;21;17;12;0
427;11148;St.Gallen Stadt Letzistr.;10.09.2020;Donnerstag;2;4;3;3;2;2;9;31;41;47;64;76;63;55;60;89;74;86;121;51;43;27;28;13;13
428;11148;St.Gallen Stadt Letzistr.;11.09.2020;Freitag;1;3;2;2;6;11;26;70;57;82;78;103;92;61;90;108;100;102;108;59;51;31;34;21;12
429;11148;St.Gallen Stadt Letzistr.;11.09.2020;Freitag;2;4;3;2;4;4;10;34;36;54;59;64;76;46;74;101;94;126;151;67;44;30;24;28;17
430;11148;St.Gallen Stadt Letzistr.;12.09.2020;Samstag;1;3;9;2;1;8;3;11;32;80;163;172;139;113;69;76;68;56;60;32;38;16;25;17;11
431;11148;St.Gallen Stadt Letzistr.;12.09.2020;Samstag;2;22;7;3;2;2;2;7;18;64;136;142;148;100;63;76;53;56;38;20;26;21;24;18;19
432;11148;St.Gallen Stadt Letzistr.;13.09.2020;Sonntag;1;12;3;2;0;3;4;1;5;21;19;44;41;37;49;40;42;29;43;34;28;19;13;8;4
433;11148;St.Gallen Stadt Letzistr.;13.09.2020;Sonntag;2;13;6;11;2;2;4;2;1;16;26;32;30;52;36;34;29;40;23;30;29;10;15;7;4
434;11148;St.Gallen Stadt Letzistr.;14.09.2020;Montag;1;1;3;3;13;9;31;126;111;108;133;130;115;118;132;135;114;133;132;74;50;19;14;14;4
435;11148;St.Gallen Stadt Letzistr.;14.09.2020;Montag;2;1;2;0;7;4;11;65;91;87;112;124;135;99;142;147;134;179;222;117;48;25;18;18;16
436;11148;St.Gallen Stadt Letzistr.;15.09.2020;Dienstag;1;0;4;3;10;19;41;161;154;107;144;126;119;122;150;149;116;146;129;73;68;25;17;11;2
437;11148;St.Gallen Stadt Letzistr.;15.09.2020;Dienstag;2;3;1;1;4;1;18;75;92;90;106;116;151;113;123;151;120;199;241;102;54;39;28;23;17
438;11148;St.Gallen Stadt Letzistr.;16.09.2020;Mittwoch;1;0;4;2;10;24;48;173;176;135;133;137;114;121;135;140;139;148;136;76;53;26;26;18;5
439;11148;St.Gallen Stadt Letzistr.;16.09.2020;Mittwoch;2;3;1;3;4;4;13;83;98;108;93;129;131;129;125;135;155;184;257;110;60;32;30;23;17
440;11148;St.Gallen Stadt Letzistr.;17.09.2020;Donnerstag;1;1;1;3;10;20;40;186;173;118;147;140;124;98;158;171;142;137;141;83;37;29;18;19;5
441;11148;St.Gallen Stadt Letzistr.;17.09.2020;Donnerstag;2;6;2;2;5;0;17;75;98;94;112;147;141;124;139;155;170;201;245;123;48;37;34;23;18
442;11148;St.Gallen Stadt Letzistr.;18.09.2020;Freitag;1;4;4;3;11;22;48;164;163;129;171;152;123;139;162;149;156;159;191;79;63;33;22;18;7
443;11148;St.Gallen Stadt Letzistr.;18.09.2020;Freitag;2;6;2;3;3;4;20;69;88;92;133;135;167;150;132;170;158;207;270;107;60;56;30;30;17
444;11148;St.Gallen Stadt Letzistr.;19.09.2020;Samstag;1;10;9;4;5;12;7;19;38;77;153;203;209;134;69;82;80;71;50;52;42;18;19;15;11
445;11148;St.Gallen Stadt Letzistr.;19.09.2020;Samstag;2;9;15;5;4;5;4;14;27;52;134;174;206;140;83;86;74;69;66;34;37;23;11;19;18
446;11148;St.Gallen Stadt Letzistr.;20.09.2020;Sonntag;1;6;8;5;5;6;2;3;14;17;23;38;41;54;45;45;47;43;41;51;26;18;12;9;1
447;11148;St.Gallen Stadt Letzistr.;20.09.2020;Sonntag;2;14;16;8;5;9;2;3;5;20;31;35;39;42;41;31;47;44;46;38;27;32;11;6;2
448;11148;St.Gallen Stadt Letzistr.;21.09.2020;Montag;1;1;0;2;10;13;50;174;175;129;151;169;139;125;169;167;154;169;127;78;53;20;10;12;7
449;11148;St.Gallen Stadt Letzistr.;21.09.2020;Montag;2;1;1;1;6;3;18;64;122;89;116;143;162;135;120;181;151;196;247;108;63;34;20;15;16
450;11148;St.Gallen Stadt Letzistr.;22.09.2020;Dienstag;1;0;1;2;11;17;42;178;181;128;140;153;146;121;148;150;133;137;122;78;63;30;17;16;5
451;11148;St.Gallen Stadt Letzistr.;22.09.2020;Dienstag;2;2;4;4;6;4;17;69;113;96;109;132;155;132;104;155;134;191;254;120;54;34;32;26;21
452;11148;St.Gallen Stadt Letzistr.;23.09.2020;Mittwoch;1;4;3;1;10;23;36;177;178;109;148;121;126;92;141;158;114;126;130;51;38;19;17;13;3
453;11148;St.Gallen Stadt Letzistr.;23.09.2020;Mittwoch;2;6;1;2;4;4;16;65;153;96;129;125;141;102;118;140;138;150;172;76;41;21;17;16;17
454;11148;St.Gallen Stadt Letzistr.;24.09.2020;Donnerstag;1;0;1;3;8;8;30;113;103;92;124;131;109;93;146;154;137;134;101;58;48;27;12;13;5
455;11148;St.Gallen Stadt Letzistr.;24.09.2020;Donnerstag;2;3;2;2;3;11;17;72;87;81;107;124;123;99;103;153;135;168;158;85;45;19;45;17;18
456;11148;St.Gallen Stadt Letzistr.;25.09.2020;Freitag;1;1;0;1;7;9;30;91;91;84;128;145;124;93;140;139;145;137;95;62;37;24;21;11;10
457;11148;St.Gallen Stadt Letzistr.;25.09.2020;Freitag;2;2;1;1;2;11;15;59;71;64;111;132;124;117;113;135;152;189;167;113;51;27;24;19;11
458;11148;St.Gallen Stadt Letzistr.;26.09.2020;Samstag;1;2;6;2;1;3;4;14;29;58;123;157;169;100;55;51;53;45;37;19;30;21;17;10;13
459;11148;St.Gallen Stadt Letzistr.;26.09.2020;Samstag;2;4;12;3;1;6;1;8;18;45;128;167;173;127;74;51;53;72;46;29;20;20;17;9;17
460;11148;St.Gallen Stadt Letzistr.;27.09.2020;Sonntag;1;5;4;3;7;2;3;3;6;17;17;50;32;35;28;49;38;34;33;27;26;18;9;6;6
461;11148;St.Gallen Stadt Letzistr.;27.09.2020;Sonntag;2;14;13;1;7;3;4;2;5;11;24;34;37;51;32;45;38;41;39;41;27;13;11;8;6
462;11148;St.Gallen Stadt Letzistr.;28.09.2020;Montag;1;1;2;1;8;13;30;120;130;103;138;163;136;116;170;165;160;158;139;58;33;22;7;12;6
463;11148;St.Gallen Stadt Letzistr.;28.09.2020;Montag;2;4;1;2;2;3;11;74;91;97;118;154;154;135;152;161;173;221;249;98;40;30;23;10;19
464;11148;St.Gallen Stadt Letzistr.;29.09.2020;Dienstag;1;4;1;0;11;20;47;163;178;136;128;153;137;106;181;179;176;161;131;63;55;21;17;14;5
465;11148;St.Gallen Stadt Letzistr.;29.09.2020;Dienstag;2;7;4;2;4;3;14;65;91;90;116;138;170;136;121;163;166;196;246;131;50;35;21;28;15
466;11148;St.Gallen Stadt Letzistr.;30.09.2020;Mittwoch;1;1;2;0;11;17;43;166;166;143;144;138;132;132;174;167;173;131;132;81;53;25;13;12;8
467;11148;St.Gallen Stadt Letzistr.;30.09.2020;Mittwoch;2;8;3;3;2;2;15;72;98;84;123;132;140;150;135;167;152;227;240;115;59;36;16;28;15
468;11148;St.Gallen Stadt Letzistr.;01.10.2020;Donnerstag;1;3;1;1;8;21;37;158;174;141;139;145;107;118;166;171;151;153;121;80;47;20;17;19;5
469;11148;St.Gallen Stadt Letzistr.;01.10.2020;Donnerstag;2;7;3;3;4;7;12;53;96;97;107;121;131;115;135;131;165;207;249;106;60;26;39;25;11
470;11148;St.Gallen Stadt Letzistr.;02.10.2020;Freitag;1;2;4;2;9;21;43;151;141;144;153;135;123;135;179;170;166;153;130;66;41;22;19;24;8
471;11148;St.Gallen Stadt Letzistr.;02.10.2020;Freitag;2;12;5;2;6;5;14;54;88;73;116;128;156;135;146;185;174;223;210;99;38;27;28;27;10
472;11148;St.Gallen Stadt Letzistr.;03.10.2020;Samstag;1;5;10;4;2;5;4;12;30;72;109;133;144;101;81;71;60;64;42;35;34;23;14;12;3
473;11148;St.Gallen Stadt Letzistr.;03.10.2020;Samstag;2;17;17;5;3;2;3;12;15;47;90;134;141;111;73;69;65;65;51;30;32;21;13;8;10
474;11148;St.Gallen Stadt Letzistr.;04.10.2020;Sonntag;1;8;7;2;6;3;3;0;8;9;22;50;34;40;47;66;55;43;42;42;26;17;16;10;6
475;11148;St.Gallen Stadt Letzistr.;04.10.2020;Sonntag;2;5;13;13;7;4;2;0;3;14;14;25;35;47;37;41;53;42;36;72;31;13;15;15;11
476;11148;St.Gallen Stadt Letzistr.;05.10.2020;Montag;1;2;0;3;8;20;32;185;189;116;137;160;146;144;171;192;174;149;142;78;33;15;14;10;2
477;11148;St.Gallen Stadt Letzistr.;05.10.2020;Montag;2;2;0;1;3;4;13;64;99;86;110;142;177;141;129;187;189;207;268;96;44;28;40;12;10
478;11148;St.Gallen Stadt Letzistr.;06.10.2020;Dienstag;1;1;1;2;10;20;42;162;196;149;127;149;141;100;171;182;178;137;135;71;58;25;15;7;9
479;11148;St.Gallen Stadt Letzistr.;06.10.2020;Dienstag;2;4;2;1;5;5;12;57;93;91;92;144;142;122;118;169;163;209;261;105;57;34;29;19;19
480;11148;St.Gallen Stadt Letzistr.;07.10.2020;Mittwoch;1;5;1;1;11;16;39;170;169;123;126;148;136;111;177;166;134;140;114;68;60;30;14;19;11
481;11148;St.Gallen Stadt Letzistr.;07.10.2020;Mittwoch;2;10;2;2;6;4;12;55;110;87;93;123;141;120;114;174;151;201;223;124;57;29;15;25;28
482;11148;St.Gallen Stadt Letzistr.;08.10.2020;Donnerstag;1;3;1;4;13;20;33;162;147;111;125;151;132;117;157;148;151;159;136;80;69;13;14;12;8
483;11148;St.Gallen Stadt Letzistr.;08.10.2020;Donnerstag;2;20;2;7;7;5;7;74;77;87;97;127;140;134;130;151;169;197;233;153;56;26;36;20;20
484;11148;St.Gallen Stadt Letzistr.;09.10.2020;Freitag;1;3;1;2;13;17;43;141;143;131;135;165;146;130;171;163;166;173;138;75;51;18;17;13;7
485;11148;St.Gallen Stadt Letzistr.;09.10.2020;Freitag;2;5;3;1;6;5;12;51;84;71;115;139;161;159;137;164;159;229;200;93;46;28;21;25;23
486;11148;St.Gallen Stadt Letzistr.;10.10.2020;Samstag;1;10;6;3;4;7;8;19;39;62;103;133;122;99;66;67;75;47;42;19;27;13;9;11;8
487;11148;St.Gallen Stadt Letzistr.;10.10.2020;Samstag;2;18;8;4;6;3;2;9;14;42;103;118;124;102;56;68;56;56;59;26;17;18;12;13;11
488;11148;St.Gallen Stadt Letzistr.;11.10.2020;Sonntag;1;5;5;2;0;3;2;3;8;19;16;48;38;29;49;35;29;30;42;29;31;12;11;10;5
489;11148;St.Gallen Stadt Letzistr.;11.10.2020;Sonntag;2;8;4;2;1;7;3;1;2;12;24;26;49;42;35;32;38;38;37;25;31;16;16;14;8
490;11148;St.Gallen Stadt Letzistr.;12.10.2020;Montag;1;3;2;1;10;15;49;172;190;132;144;172;155;132;159;176;171;148;128;68;31;18;22;16;7
491;11148;St.Gallen Stadt Letzistr.;12.10.2020;Montag;2;1;2;0;5;1;13;57;105;90;105;156;178;147;126;182;175;212;252;101;33;26;25;16;18
492;11148;St.Gallen Stadt Letzistr.;13.10.2020;Dienstag;1;3;1;1;11;16;44;174;177;110;140;150;129;136;158;162;155;143;156;68;63;21;15;17;8
493;11148;St.Gallen Stadt Letzistr.;13.10.2020;Dienstag;2;2;3;4;4;5;9;54;91;90;103;146;138;114;117;163;165;204;264;97;51;33;27;22;20
494;11148;St.Gallen Stadt Letzistr.;14.10.2020;Mittwoch;1;3;1;3;10;20;45;176;161;115;131;139;133;113;180;168;153;160;136;72;37;30;12;12;4
495;11148;St.Gallen Stadt Letzistr.;14.10.2020;Mittwoch;2;4;4;2;6;5;14;65;93;74;111;128;126;130;137;165;159;232;236;99;38;31;17;20;20
496;11148;St.Gallen Stadt Letzistr.;15.10.2020;Donnerstag;1;2;2;4;9;17;44;174;170;132;151;147;145;107;153;162;150;149;118;76;43;30;18;13;2
497;11148;St.Gallen Stadt Letzistr.;15.10.2020;Donnerstag;2;9;4;5;3;2;11;63;91;80;121;128;172;110;114;143;177;202;211;116;54;25;27;15;20
498;11148;St.Gallen Stadt Letzistr.;16.10.2020;Freitag;1;2;1;3;11;15;52;160;152;111;119;134;140;109;170;180;180;174;113;58;53;27;23;17;14
499;11148;St.Gallen Stadt Letzistr.;16.10.2020;Freitag;2;3;3;1;5;5;23;60;82;74;92;121;163;125;148;171;213;239;208;96;46;34;18;27;27
500;11148;St.Gallen Stadt Letzistr.;17.10.2020;Samstag;1;9;7;4;4;7;3;19;37;57;112;188;166;95;67;67;66;64;35;25;16;13;5;9;9
501;11148;St.Gallen Stadt Letzistr.;17.10.2020;Samstag;2;14;11;5;5;2;9;10;18;43;109;166;169;102;64;64;75;70;45;26;15;17;14;16;9
502;11148;St.Gallen Stadt Letzistr.;18.10.2020;Sonntag;1;10;6;5;7;3;3;4;5;12;22;45;35;37;43;41;37;41;37;34;19;20;12;8;2
503;11148;St.Gallen Stadt Letzistr.;18.10.2020;Sonntag;2;11;5;2;3;6;3;3;2;12;23;29;29;44;32;41;40;47;49;28;23;21;13;4;7
504;11148;St.Gallen Stadt Letzistr.;19.10.2020;Montag;1;0;4;6;7;24;41;175;201;139;172;154;131;112;192;158;166;155;157;77;50;18;22;10;1
505;11148;St.Gallen Stadt Letzistr.;19.10.2020;Montag;2;1;1;3;5;4;18;57;95;77;141;168;176;122;140;189;153;225;285;104;70;32;27;15;8
506;11148;St.Gallen Stadt Letzistr.;20.10.2020;Dienstag;1;2;3;3;7;15;47;180;185;148;138;116;115;115;164;146;178;162;113;66;51;13;15;10;4
507;11148;St.Gallen Stadt Letzistr.;20.10.2020;Dienstag;2;8;4;4;4;3;15;58;106;81;120;107;143;123;111;156;170;241;238;108;51;26;23;13;14
508;11148;St.Gallen Stadt Letzistr.;21.10.2020;Mittwoch;1;2;1;6;8;16;42;164;166;123;142;157;119;107;160;175;153;122;153;65;36;22;18;10;0
509;11148;St.Gallen Stadt Letzistr.;21.10.2020;Mittwoch;2;4;1;3;6;3;16;60;93;74;124;135;163;134;132;191;161;184;231;121;40;28;26;14;20
510;11148;St.Gallen Stadt Letzistr.;22.10.2020;Donnerstag;1;4;2;2;9;15;42;172;168;120;150;156;132;120;155;147;146;170;127;72;54;26;23;7;7
511;11148;St.Gallen Stadt Letzistr.;22.10.2020;Donnerstag;2;4;3;2;4;4;13;61;93;86;116;141;182;133;108;157;154;188;254;118;36;30;33;13;24
512;11148;St.Gallen Stadt Letzistr.;23.10.2020;Freitag;1;3;2;2;10;19;41;152;184;146;162;172;136;129;198;194;154;160;121;73;46;35;25;7;9
513;11148;St.Gallen Stadt Letzistr.;23.10.2020;Freitag;2;5;2;4;5;4;18;54;109;83;151;165;165;134;168;181;175;223;225;105;30;25;27;17;23
514;11148;St.Gallen Stadt Letzistr.;24.10.2020;Samstag;1;10;6;4;3;9;3;17;34;76;128;148;142;107;93;84;69;56;49;31;26;13;16;11;5
515;11148;St.Gallen Stadt Letzistr.;24.10.2020;Samstag;2;21;15;4;4;8;4;7;19;57;99;158;143;111;90;83;70;74;55;30;18;21;22;18;16
516;11148;St.Gallen Stadt Letzistr.;25.10.2020;Sonntag;1;8;7;4;0;1;5;2;7;26;30;69;65;77;63;70;48;44;43;19;13;13;17;7;2
517;11148;St.Gallen Stadt Letzistr.;25.10.2020;Sonntag;2;13;6;5;1;0;4;3;6;18;20;33;64;75;52;59;55;66;45;28;13;16;21;6;3
518;11148;St.Gallen Stadt Letzistr.;26.10.2020;Montag;1;1;2;5;5;19;40;189;182;140;168;170;137;114;165;158;132;140;137;60;42;19;10;10;3
519;11148;St.Gallen Stadt Letzistr.;26.10.2020;Montag;2;0;2;3;2;1;16;53;105;93;136;156;154;145;143;169;146;203;240;96;46;26;28;14;10
520;11148;St.Gallen Stadt Letzistr.;27.10.2020;Dienstag;1;2;1;4;5;23;34;180;188;122;148;162;139;94;172;148;167;130;127;70;41;15;12;7;5
521;11148;St.Gallen Stadt Letzistr.;27.10.2020;Dienstag;2;7;3;3;3;3;17;42;101;83;120;146;166;141;131;154;158;203;254;88;32;29;24;17;17
522;11148;St.Gallen Stadt Letzistr.;28.10.2020;Mittwoch;1;1;2;3;8;18;36;185;187;129;166;133;122;110;184;137;151;150;131;75;34;24;20;10;5
523;11148;St.Gallen Stadt Letzistr.;28.10.2020;Mittwoch;2;3;3;2;8;3;12;48;99;88;136;125;146;139;128;164;154;189;265;106;45;40;27;15;9
524;11148;St.Gallen Stadt Letzistr.;29.10.2020;Donnerstag;1;2;2;3;6;17;36;168;170;134;140;145;136;106;177;153;122;142;165;85;37;15;17;6;6
525;11148;St.Gallen Stadt Letzistr.;29.10.2020;Donnerstag;2;7;2;3;5;3;14;49;105;100;107;126;142;145;130;164;147;199;270;119;57;30;24;14;11
526;11148;St.Gallen Stadt Letzistr.;30.10.2020;Freitag;1;2;4;3;6;22;33;171;172;124;161;139;151;126;197;200;183;174;130;52;43;17;14;10;6
527;11148;St.Gallen Stadt Letzistr.;30.10.2020;Freitag;2;8;1;2;2;6;14;58;84;88;145;148;154;145;161;200;208;244;237;82;38;27;15;17;22
528;11148;St.Gallen Stadt Letzistr.;31.10.2020;Samstag;1;3;5;2;0;5;6;15;33;88;140;160;150;104;70;80;76;69;58;25;19;24;15;14;10
529;11148;St.Gallen Stadt Letzistr.;31.10.2020;Samstag;2;9;6;5;0;3;4;5;26;68;127;150;152;104;80;95;92;72;56;29;15;17;11;17;17
530;11148;St.Gallen Stadt Letzistr.;01.11.2020;Sonntag;1;11;1;5;3;3;4;2;5;16;31;53;32;34;38;48;41;28;47;23;13;11;8;1;5
531;11148;St.Gallen Stadt Letzistr.;01.11.2020;Sonntag;2;11;3;4;4;1;6;1;2;10;21;41;24;47;29;37;44;33;33;28;12;11;15;5;4
532;11148;St.Gallen Stadt Letzistr.;02.11.2020;Montag;1;2;2;3;9;22;51;177;193;144;187;186;156;124;194;176;181;179;149;53;30;18;16;11;1
533;11148;St.Gallen Stadt Letzistr.;02.11.2020;Montag;2;2;1;3;5;5;19;44;93;109;161;163;156;141;155;176;189;216;303;108;42;31;22;15;5
534;11148;St.Gallen Stadt Letzistr.;03.11.2020;Dienstag;1;1;2;0;9;16;48;176;206;142;141;151;126;119;153;167;160;125;121;56;43;16;12;12;0
535;11148;St.Gallen Stadt Letzistr.;03.11.2020;Dienstag;2;9;4;2;3;3;15;63;103;92;117;142;160;151;125;176;162;200;280;95;49;26;23;15;15
536;11148;St.Gallen Stadt Letzistr.;04.11.2020;Mittwoch;1;1;3;2;8;20;48;164;192;129;131;137;143;123;159;190;147;139;112;54;38;19;11;11;4
537;11148;St.Gallen Stadt Letzistr.;04.11.2020;Mittwoch;2;1;5;2;2;7;16;61;95;73;110;126;172;129;132;186;151;184;257;88;53;39;17;13;17
538;11148;St.Gallen Stadt Letzistr.;05.11.2020;Donnerstag;1;2;1;1;9;18;49;151;193;152;127;151;123;118;176;179;201;161;123;74;45;9;21;14;4
539;11148;St.Gallen Stadt Letzistr.;05.11.2020;Donnerstag;2;4;2;3;2;4;17;52;112;96;109;124;157;115;136;153;188;216;244;118;48;25;38;17;24
540;11148;St.Gallen Stadt Letzistr.;06.11.2020;Freitag;1;0;2;2;10;16;45;155;173;140;144;159;142;112;181;200;187;178;134;59;45;31;15;14;12
541;11148;St.Gallen Stadt Letzistr.;06.11.2020;Freitag;2;5;3;1;4;6;12;60;92;72;144;159;157;146;129;183;203;252;210;90;53;27;16;28;27
542;11148;St.Gallen Stadt Letzistr.;07.11.2020;Samstag;1;2;3;4;1;3;6;10;30;71;120;124;130;69;78;90;102;43;47;15;18;12;13;8;18
543;11148;St.Gallen Stadt Letzistr.;07.11.2020;Samstag;2;6;6;2;2;3;1;13;17;54;93;120;126;84;75;74;108;55;43;29;18;13;12;16;17
544;11148;St.Gallen Stadt Letzistr.;08.11.2020;Sonntag;1;4;6;6;2;5;3;1;6;16;32;56;35;39;41;46;49;43;30;20;15;11;11;5;2
545;11148;St.Gallen Stadt Letzistr.;08.11.2020;Sonntag;2;4;1;7;2;3;1;2;3;11;24;30;42;35;34;38;44;38;41;17;17;7;13;4;6
546;11148;St.Gallen Stadt Letzistr.;09.11.2020;Montag;1;2;2;4;10;17;43;172;196;160;186;183;171;135;186;193;192;172;135;65;36;13;10;10;5
547;11148;St.Gallen Stadt Letzistr.;09.11.2020;Montag;2;3;2;2;3;2;13;49;96;85;148;148;185;139;171;159;203;216;264;86;47;29;20;16;12
548;11148;St.Gallen Stadt Letzistr.;10.11.2020;Dienstag;1;1;2;2;9;20;44;172;191;141;139;150;128;105;163;173;137;158;125;72;37;28;12;7;4
549;11148;St.Gallen Stadt Letzistr.;10.11.2020;Dienstag;2;12;4;3;3;4;16;61;104;88;139;123;150;122;116;177;149;199;245;103;51;33;23;17;13
550;11148;St.Gallen Stadt Letzistr.;11.11.2020;Mittwoch;1;1;3;2;12;21;39;168;201;126;143;127;132;119;147;189;135;142;114;54;47;12;10;11;7
551;11148;St.Gallen Stadt Letzistr.;11.11.2020;Mittwoch;2;3;2;2;4;4;15;51;107;88;128;106;147;130;123;167;139;212;232;83;55;29;16;15;20
552;11148;St.Gallen Stadt Letzistr.;12.11.2020;Donnerstag;1;2;4;3;8;17;47;160;195;147;143;152;145;122;177;148;141;148;127;72;52;23;25;10;3
553;11148;St.Gallen Stadt Letzistr.;12.11.2020;Donnerstag;2;5;3;2;3;7;16;55;104;102;110;147;159;144;151;153;164;221;250;101;40;28;35;26;20
554;11148;St.Gallen Stadt Letzistr.;13.11.2020;Freitag;1;3;2;2;9;18;37;165;172;141;140;161;151;124;174;179;177;168;141;45;35;19;31;13;11
555;11148;St.Gallen Stadt Letzistr.;13.11.2020;Freitag;2;5;2;2;4;6;15;55;98;93;123;149;166;134;146;170;203;263;204;66;50;24;14;18;27
556;11148;St.Gallen Stadt Letzistr.;14.11.2020;Samstag;1;2;4;3;2;7;2;10;28;90;106;164;149;101;85;62;66;59;47;16;24;12;12;15;15
557;11148;St.Gallen Stadt Letzistr.;14.11.2020;Samstag;2;9;10;4;3;1;2;9;10;64;87;153;141;91;95;83;80;69;70;26;21;22;10;15;14
558;11148;St.Gallen Stadt Letzistr.;15.11.2020;Sonntag;1;5;7;2;0;2;1;1;6;20;22;47;57;38;53;68;52;36;36;23;20;11;12;2;2
559;11148;St.Gallen Stadt Letzistr.;15.11.2020;Sonntag;2;7;4;1;2;2;3;3;4;22;22;24;42;52;45;50;46;47;36;23;16;16;10;8;4
560;11148;St.Gallen Stadt Letzistr.;16.11.2020;Montag;1;1;4;1;9;27;43;186;189;148;165;183;152;134;194;189;162;153;118;52;34;17;11;11;7
561;11148;St.Gallen Stadt Letzistr.;16.11.2020;Montag;2;0;0;2;3;6;16;54;100;97;150;150;169;141;156;171;170;227;251;92;45;32;16;13;13
562;11148;St.Gallen Stadt Letzistr.;17.11.2020;Dienstag;1;4;2;3;10;21;45;168;197;127;154;133;131;116;146;164;164;135;114;59;56;16;15;11;5
563;11148;St.Gallen Stadt Letzistr.;17.11.2020;Dienstag;2;11;3;2;5;5;13;61;102;91;118;141;148;140;124;171;150;219;250;98;55;35;24;16;9
564;11148;St.Gallen Stadt Letzistr.;18.11.2020;Mittwoch;1;0;4;3;9;23;47;162;191;113;143;159;121;124;165;164;149;137;135;67;31;21;12;16;6
565;11148;St.Gallen Stadt Letzistr.;18.11.2020;Mittwoch;2;3;7;7;2;6;13;54;97;90;104;148;142;145;139;177;140;186;251;108;42;31;12;15;13
566;11148;St.Gallen Stadt Letzistr.;19.11.2020;Donnerstag;1;1;1;2;15;15;51;154;182;138;128;162;138;94;149;151;128;154;113;68;54;23;15;13;8
567;11148;St.Gallen Stadt Letzistr.;19.11.2020;Donnerstag;2;8;7;3;4;5;16;61;100;87;122;135;150;134;117;147;146;204;231;99;56;30;30;22;21
568;11148;St.Gallen Stadt Letzistr.;20.11.2020;Freitag;1;4;4;3;7;28;48;160;155;142;148;163;138;126;176;181;188;174;141;59;43;16;17;20;10
569;11148;St.Gallen Stadt Letzistr.;20.11.2020;Freitag;2;11;4;1;3;11;17;51;80;99;140;138;162;132;133;194;206;245;238;91;35;37;21;20;26
570;11148;St.Gallen Stadt Letzistr.;21.11.2020;Samstag;1;6;3;2;2;8;5;23;38;72;122;110;123;85;89;86;84;63;49;27;22;20;9;8;12
571;11148;St.Gallen Stadt Letzistr.;21.11.2020;Samstag;2;10;8;3;3;5;5;9;17;55;91;108;131;77;86;83;81;67;52;37;22;21;9;10;22
572;11148;St.Gallen Stadt Letzistr.;22.11.2020;Sonntag;1;6;4;3;0;2;2;3;4;12;25;43;30;46;42;34;61;37;34;25;15;16;7;8;0
573;11148;St.Gallen Stadt Letzistr.;22.11.2020;Sonntag;2;9;2;2;0;3;3;2;3;9;20;21;38;43;41;42;49;49;33;37;19;12;8;7;2
574;11148;St.Gallen Stadt Letzistr.;23.11.2020;Montag;1;0;5;4;7;22;43;169;191;136;175;176;145;118;180;188;172;189;134;68;46;15;11;1;5
575;11148;St.Gallen Stadt Letzistr.;23.11.2020;Montag;2;1;0;1;5;4;17;44;86;89;148;156;149;127;143;186;164;257;295;99;61;30;26;15;12
576;11148;St.Gallen Stadt Letzistr.;24.11.2020;Dienstag;1;0;3;2;7;21;50;174;200;151;134;133;118;126;177;157;174;156;143;51;52;18;15;5;5
577;11148;St.Gallen Stadt Letzistr.;24.11.2020;Dienstag;2;2;6;3;3;4;17;58;93;102;109;137;152;142;138;162;150;229;272;87;49;30;31;11;15
578;11148;St.Gallen Stadt Letzistr.;25.11.2020;Mittwoch;1;2;4;1;12;24;43;157;220;120;147;151;147;135;171;148;150;160;113;56;40;15;10;7;5
579;11148;St.Gallen Stadt Letzistr.;25.11.2020;Mittwoch;2;10;6;1;3;4;16;54;112;91;127;139;154;146;140;153;147;205;240;97;54;30;18;11;10
580;11148;St.Gallen Stadt Letzistr.;26.11.2020;Donnerstag;1;0;0;2;7;26;39;161;205;119;141;130;138;124;176;166;151;152;129;59;60;22;21;14;5
581;11148;St.Gallen Stadt Letzistr.;26.11.2020;Donnerstag;2;10;3;3;3;3;14;53;101;85;108;118;170;108;147;148;153;213;239;100;65;35;27;16;21
582;11148;St.Gallen Stadt Letzistr.;27.11.2020;Freitag;1;2;3;4;9;22;41;156;203;123;148;163;150;122;170;161;189;167;139;82;57;21;16;13;11
583;11148;St.Gallen Stadt Letzistr.;27.11.2020;Freitag;2;8;6;7;4;7;15;45;108;100;121;141;182;140;157;174;191;224;199;98;57;44;20;13;33
584;11148;St.Gallen Stadt Letzistr.;28.11.2020;Samstag;1;5;5;1;1;6;11;14;41;57;112;132;138;80;69;87;77;54;52;16;15;23;8;14;7
585;11148;St.Gallen Stadt Letzistr.;28.11.2020;Samstag;2;7;5;4;0;2;6;9;15;47;95;135;139;99;59;71;82;57;59;24;14;10;18;16;17
586;11148;St.Gallen Stadt Letzistr.;29.11.2020;Sonntag;1;13;8;1;4;6;0;1;5;18;24;59;34;47;57;59;53;40;40;18;19;33;12;5;1
587;11148;St.Gallen Stadt Letzistr.;29.11.2020;Sonntag;2;11;11;3;6;4;0;2;1;12;17;38;39;54;58;58;41;29;47;24;25;22;16;8;4
588;11148;St.Gallen Stadt Letzistr.;30.11.2020;Montag;1;2;3;2;10;22;41;176;187;150;134;190;171;131;199;204;173;178;138;70;38;30;8;14;4
589;11148;St.Gallen Stadt Letzistr.;30.11.2020;Montag;2;0;0;3;2;6;14;47;104;102;134;152;201;152;157;196;184;213;294;116;46;37;32;13;12
590;11148;St.Gallen Stadt Letzistr.;01.12.2020;Dienstag;1;1;4;4;7;20;48;158;206;126;125;133;117;128;152;158;117;153;116;63;39;27;13;12;1
591;11148;St.Gallen Stadt Letzistr.;01.12.2020;Dienstag;2;4;8;5;2;6;17;47;94;80;106;123;149;136;116;151;126;209;234;82;52;33;27;23;13
592;11148;St.Gallen Stadt Letzistr.;02.12.2020;Mittwoch;1;1;5;2;7;20;53;153;186;124;123;117;133;118;164;181;165;149;116;50;31;15;13;12;2
593;11148;St.Gallen Stadt Letzistr.;02.12.2020;Mittwoch;2;3;8;2;2;4;22;53;84;78;101;109;185;133;124;189;171;215;236;99;48;27;21;15;9
594;11148;St.Gallen Stadt Letzistr.;03.12.2020;Donnerstag;1;1;1;3;9;22;47;155;201;151;142;127;136;123;181;166;159;159;120;72;52;13;19;11;5
595;11148;St.Gallen Stadt Letzistr.;03.12.2020;Donnerstag;2;5;5;3;4;2;19;50;99;104;127;118;161;137;130;166;171;175;267;103;51;30;25;21;18
596;11148;St.Gallen Stadt Letzistr.;04.12.2020;Freitag;1;2;2;2;8;23;44;158;176;147;167;165;158;134;200;216;189;188;112;60;47;19;17;14;14
597;11148;St.Gallen Stadt Letzistr.;04.12.2020;Freitag;2;4;2;3;5;3;19;51;102;93;140;153;205;140;156;198;199;294;196;102;47;38;26;27;20
598;11148;St.Gallen Stadt Letzistr.;05.12.2020;Samstag;1;6;5;2;5;6;5;26;47;57;90;112;117;79;59;65;63;50;43;31;28;20;9;11;16
599;11148;St.Gallen Stadt Letzistr.;05.12.2020;Samstag;2;6;5;6;4;4;4;12;17;49;71;118;134;80;50;75;61;71;54;33;33;22;9;14;25
600;11148;St.Gallen Stadt Letzistr.;06.12.2020;Sonntag;1;11;7;6;4;3;2;5;7;19;25;44;29;27;31;47;41;38;22;21;20;24;6;8;7
601;11148;St.Gallen Stadt Letzistr.;06.12.2020;Sonntag;2;9;5;5;5;4;1;5;4;17;22;17;33;43;24;27;45;32;40;19;26;25;10;11;5
602;11148;St.Gallen Stadt Letzistr.;07.12.2020;Montag;1;6;2;3;10;25;46;165;202;121;131;153;135;120;166;165;176;123;133;61;49;16;7;11;2
603;11148;St.Gallen Stadt Letzistr.;07.12.2020;Montag;2;4;3;0;5;7;10;55;82;94;127;126;156;117;126;174;177;214;244;98;58;32;22;16;6
604;11148;St.Gallen Stadt Letzistr.;08.12.2020;Dienstag;1;5;3;5;8;22;44;163;196;147;141;133;126;100;192;159;162;130;117;57;46;14;11;8;8
605;11148;St.Gallen Stadt Letzistr.;08.12.2020;Dienstag;2;5;2;4;8;9;13;46;94;92;129;118;164;122;144;161;163;242;239;107;47;20;32;8;9
606;11148;St.Gallen Stadt Letzistr.;09.12.2020;Mittwoch;1;2;3;6;6;24;46;172;203;113;142;142;137;113;153;143;140;120;128;64;52;24;12;9;2
607;11148;St.Gallen Stadt Letzistr.;09.12.2020;Mittwoch;2;9;4;4;4;8;17;49;101;69;113;119;156;119;134;132;141;210;243;116;60;39;27;18;9
608;11148;St.Gallen Stadt Letzistr.;10.12.2020;Donnerstag;1;3;2;4;10;24;43;154;196;136;147;135;127;109;178;167;157;130;123;60;38;27;14;13;8
609;11148;St.Gallen Stadt Letzistr.;10.12.2020;Donnerstag;2;2;4;1;8;12;17;48;100;92;124;118;148;126;149;154;180;197;236;117;34;35;22;18;12
610;11148;St.Gallen Stadt Letzistr.;11.12.2020;Freitag;1;3;2;3;7;21;42;149;186;134;153;153;156;125;171;192;200;153;111;59;46;25;15;15;14
611;11148;St.Gallen Stadt Letzistr.;11.12.2020;Freitag;2;4;2;6;9;6;11;52;80;98;129;134;193;141;143;153;205;263;202;76;47;31;19;24;31
612;11148;St.Gallen Stadt Letzistr.;12.12.2020;Samstag;1;6;4;1;4;6;8;13;35;73;91;130;123;72;88;71;84;48;37;29;20;10;12;13;4
613;11148;St.Gallen Stadt Letzistr.;12.12.2020;Samstag;2;12;10;4;8;5;6;5;14;49;95;137;121;101;64;76;83;55;40;28;27;12;13;15;6
614;11148;St.Gallen Stadt Letzistr.;13.12.2020;Sonntag;1;4;8;4;1;3;0;1;5;11;19;47;26;29;48;33;35;37;33;15;23;15;10;6;3
615;11148;St.Gallen Stadt Letzistr.;13.12.2020;Sonntag;2;11;5;2;0;2;1;3;1;5;15;24;26;31;32;34;33;27;31;29;20;19;13;3;7
616;11148;St.Gallen Stadt Letzistr.;14.12.2020;Montag;1;3;3;4;8;19;47;175;196;141;181;165;142;122;202;190;147;170;126;59;36;15;11;9;7
617;11148;St.Gallen Stadt Letzistr.;14.12.2020;Montag;2;3;1;0;6;6;18;50;106;104;169;146;179;151;134;191;176;226;262;122;58;31;17;13;7
618;11148;St.Gallen Stadt Letzistr.;15.12.2020;Dienstag;1;2;4;5;9;16;47;167;199;139;133;150;137;107;196;176;174;155;125;64;39;21;17;10;4
619;11148;St.Gallen Stadt Letzistr.;15.12.2020;Dienstag;2;5;6;3;5;5;15;52;106;80;106;124;172;141;136;168;187;253;275;116;51;27;29;10;10
620;11148;St.Gallen Stadt Letzistr.;16.12.2020;Mittwoch;1;3;3;3;4;14;39;178;182;130;157;149;145;123;187;176;167;168;126;64;45;23;7;7;3
621;11148;St.Gallen Stadt Letzistr.;16.12.2020;Mittwoch;2;3;5;3;2;7;14;60;104;92;131;135;158;148;132;192;168;201;270;102;65;33;19;15;5
622;11148;St.Gallen Stadt Letzistr.;17.12.2020;Donnerstag;1;2;1;4;9;20;38;158;190;160;157;154;139;116;175;191;173;186;118;60;49;20;7;9;4
623;11148;St.Gallen Stadt Letzistr.;17.12.2020;Donnerstag;2;4;6;1;5;6;14;53;98;100;140;150;170;140;158;178;157;230;255;116;42;29;24;19;3
624;11148;St.Gallen Stadt Letzistr.;18.12.2020;Freitag;1;1;1;3;9;15;43;155;182;154;181;197;179;123;219;232;211;165;118;63;57;26;17;12;12
625;11148;St.Gallen Stadt Letzistr.;18.12.2020;Freitag;2;8;7;2;6;4;16;48;88;104;165;184;186;162;171;229;201;290;214;113;73;28;22;17;21
626;11148;St.Gallen Stadt Letzistr.;19.12.2020;Samstag;1;8;6;1;4;3;5;10;32;59;97;111;116;77;78;114;87;53;47;14;24;15;11;8;6
627;11148;St.Gallen Stadt Letzistr.;19.12.2020;Samstag;2;13;6;3;3;3;3;5;21;55;82;110;103;76;84;96;97;66;40;35;24;14;10;12;10
628;11148;St.Gallen Stadt Letzistr.;20.12.2020;Sonntag;1;10;11;5;1;2;1;2;9;10;15;57;42;33;34;55;44;35;24;17;10;22;10;6;6
629;11148;St.Gallen Stadt Letzistr.;20.12.2020;Sonntag;2;18;10;7;2;1;3;3;4;11;11;27;44;50;31;54;44;32;26;12;26;18;15;2;1
630;11148;St.Gallen Stadt Letzistr.;21.12.2020;Montag;1;0;1;4;10;13;33;128;159;121;213;212;195;141;198;212;192;167;109;50;38;20;4;7;6
631;11148;St.Gallen Stadt Letzistr.;21.12.2020;Montag;2;0;0;0;4;8;10;34;94;86;183;208;202;169;146;207;213;233;229;97;35;33;15;9;11
632;11148;St.Gallen Stadt Letzistr.;22.12.2020;Dienstag;1;1;4;4;6;11;38;116;136;114;157;196;172;116;205;200;185;128;124;50;51;19;10;8;6
633;11148;St.Gallen Stadt Letzistr.;22.12.2020;Dienstag;2;6;7;3;4;8;11;28;67;89;133;191;167;142;151;185;199;204;208;97;39;26;27;16;13
634;11148;St.Gallen Stadt Letzistr.;23.12.2020;Mittwoch;1;2;3;2;11;8;36;104;127;126;183;201;190;148;210;229;192;121;93;58;31;21;14;7;4
635;11148;St.Gallen Stadt Letzistr.;23.12.2020;Mittwoch;2;8;6;3;5;6;6;28;69;98;139;195;202;156;170;239;220;183;155;70;52;27;27;17;7
636;11148;St.Gallen Stadt Letzistr.;24.12.2020;Donnerstag;1;8;5;3;2;10;9;33;46;80;130;153;143;91;95;95;60;44;29;13;11;5;19;16;9
637;11148;St.Gallen Stadt Letzistr.;24.12.2020;Donnerstag;2;12;3;4;3;4;5;11;22;49;119;132;145;122;110;90;64;56;32;16;17;10;11;11;7
638;11148;St.Gallen Stadt Letzistr.;25.12.2020;Freitag;1;8;1;3;0;0;1;2;4;4;10;17;25;23;19;20;33;19;32;13;6;15;12;13;10
639;11148;St.Gallen Stadt Letzistr.;25.12.2020;Freitag;2;9;5;0;1;1;1;2;2;4;9;17;17;22;23;29;28;17;32;17;8;12;11;9;5
640;11148;St.Gallen Stadt Letzistr.;26.12.2020;Samstag;1;4;0;2;0;8;4;6;12;19;19;28;24;36;27;35;46;31;26;13;17;10;12;10;9
641;11148;St.Gallen Stadt Letzistr.;26.12.2020;Samstag;2;3;6;2;1;4;4;3;8;19;11;20;29;37;33;28;35;26;26;17;11;17;15;12;7
642;11148;St.Gallen Stadt Letzistr.;27.12.2020;Sonntag;1;7;8;2;4;3;3;2;1;7;15;34;26;12;24;28;25;35;37;15;23;7;13;8;8
643;11148;St.Gallen Stadt Letzistr.;27.12.2020;Sonntag;2;5;3;2;0;2;5;3;1;3;7;19;30;20;26;23;30;35;27;16;20;13;9;7;3
644;11148;St.Gallen Stadt Letzistr.;28.12.2020;Montag;1;3;6;4;6;15;14;35;78;98;184;234;222;115;199;197;182;129;77;23;20;8;13;4;2
645;11148;St.Gallen Stadt Letzistr.;28.12.2020;Montag;2;2;3;1;5;4;8;18;38;68;155;216;221;145;146;226;174;146;118;35;18;10;17;11;3
646;11148;St.Gallen Stadt Letzistr.;29.12.2020;Dienstag;1;6;2;4;5;13;11;31;67;61;110;163;146;105;160;163;186;120;95;43;31;15;4;7;6
647;11148;St.Gallen Stadt Letzistr.;29.12.2020;Dienstag;2;5;0;4;3;4;9;15;26;47;111;138;167;102;149;165;172;153;130;53;33;20;16;13;7
648;11148;St.Gallen Stadt Letzistr.;30.12.2020;Mittwoch;1;4;4;2;3;13;12;28;68;91;151;153;165;122;165;189;160;111;78;33;27;19;15;6;4
649;11148;St.Gallen Stadt Letzistr.;30.12.2020;Mittwoch;2;6;1;2;1;5;7;10;20;69;125;140;189;120;146;185;161;141;117;40;24;28;19;11;4
650;11148;St.Gallen Stadt Letzistr.;31.12.2020;Donnerstag;1;4;6;1;2;9;13;23;41;71;120;167;130;85;100;92;60;49;26;20;13;10;4;9;5
651;11148;St.Gallen Stadt Letzistr.;31.12.2020;Donnerstag;2;9;2;5;1;1;6;11;28;45;118;157;142;92;109;99;72;42;29;28;12;13;5;9;4
