LNR;ORT-ID;BEZEICHNUNG;DATUM;WOCHENTAG;RI;1;2;3;4;5;6;7;8;9;10;11;12;13;14;15;16;17;18;19;20;21;22;23;24
0;11252;St.Gallen Stadt Herisauerst.58;01.01.2020;Mittwoch;1;20;17;24;10;4;11;8;6;7;18;21;18;45;49;36;57;45;56;48;33;35;26;15;14
1;11252;St.Gallen Stadt Herisauerst.58;01.01.2020;Mittwoch;2;30;17;19;15;6;11;10;14;13;21;26;37;42;66;55;50;40;43;38;27;31;40;19;18
2;11252;St.Gallen Stadt Herisauerst.58;02.01.2020;Donnerstag;1;17;8;6;4;5;9;42;61;58;92;90;134;122;131;156;168;141;117;69;72;48;44;24;10
3;11252;St.Gallen Stadt Herisauerst.58;02.01.2020;Donnerstag;2;14;9;2;3;5;11;34;38;50;85;99;112;87;139;122;149;121;97;64;59;46;59;31;23
4;11252;St.Gallen Stadt Herisauerst.58;03.01.2020;Freitag;1;11;9;4;8;8;12;39;87;83;99;137;174;147;170;203;181;167;152;89;51;35;36;26;15
5;11252;St.Gallen Stadt Herisauerst.58;03.01.2020;Freitag;2;18;6;7;5;4;16;46;70;78;80;109;130;116;133;154;133;141;124;80;63;35;37;26;19
6;11252;St.Gallen Stadt Herisauerst.58;04.01.2020;Samstag;1;17;11;8;9;4;9;17;26;41;127;129;150;128;140;155;158;176;134;56;45;29;27;24;28
7;11252;St.Gallen Stadt Herisauerst.58;04.01.2020;Samstag;2;20;9;12;10;8;11;18;22;49;140;166;155;152;125;188;161;150;122;61;33;42;33;20;35
8;11252;St.Gallen Stadt Herisauerst.58;05.01.2020;Sonntag;1;19;18;17;7;5;5;8;11;20;40;37;58;51;62;78;57;89;68;58;39;33;24;16;18
9;11252;St.Gallen Stadt Herisauerst.58;05.01.2020;Sonntag;2;23;15;15;6;6;13;13;11;33;44;42;58;56;63;61;77;64;59;56;40;38;31;16;16
10;11252;St.Gallen Stadt Herisauerst.58;06.01.2020;Montag;1;8;6;2;1;10;28;146;208;113;141;170;181;153;181;180;162;202;238;108;54;53;47;23;15
11;11252;St.Gallen Stadt Herisauerst.58;06.01.2020;Montag;2;11;7;1;2;11;31;82;110;119;103;125;151;128;138;129;155;166;195;109;65;50;53;21;18
12;11252;St.Gallen Stadt Herisauerst.58;07.01.2020;Dienstag;1;6;4;5;0;14;37;122;186;117;138;115;159;155;166;164;146;202;204;121;89;36;37;25;14
13;11252;St.Gallen Stadt Herisauerst.58;07.01.2020;Dienstag;2;10;5;4;4;7;28;91;121;96;119;127;122;132;108;128;123;177;201;108;78;44;51;27;18
14;11252;St.Gallen Stadt Herisauerst.58;08.01.2020;Mittwoch;1;6;5;3;2;12;46;147;184;139;127;149;186;165;172;144;146;187;263;143;76;47;43;41;15
15;11252;St.Gallen Stadt Herisauerst.58;08.01.2020;Mittwoch;2;8;6;4;2;10;31;77;129;123;92;128;150;114;121;137;123;176;220;109;98;44;49;29;19
16;11252;St.Gallen Stadt Herisauerst.58;09.01.2020;Donnerstag;1;8;7;2;2;9;41;133;201;127;130;134;169;172;173;169;159;170;215;144;103;60;49;33;22
17;11252;St.Gallen Stadt Herisauerst.58;09.01.2020;Donnerstag;2;12;7;3;4;10;29;93;112;114;112;109;135;120;140;132;134;169;191;117;76;75;65;25;24
18;11252;St.Gallen Stadt Herisauerst.58;10.01.2020;Freitag;1;11;11;7;2;10;46;126;180;129;136;132;186;165;188;157;178;225;202;145;85;52;49;45;26
19;11252;St.Gallen Stadt Herisauerst.58;10.01.2020;Freitag;2;20;9;6;3;6;29;74;107;116;105;116;147;129;145;135;139;184;177;109;81;53;64;40;24
20;11252;St.Gallen Stadt Herisauerst.58;11.01.2020;Samstag;1;28;14;11;8;12;15;23;49;80;169;165;206;169;177;174;173;202;162;84;50;38;46;29;37
21;11252;St.Gallen Stadt Herisauerst.58;11.01.2020;Samstag;2;25;7;8;5;10;17;28;29;68;185;203;197;185;184;191;205;159;168;65;48;40;36;39;27
22;11252;St.Gallen Stadt Herisauerst.58;12.01.2020;Sonntag;1;13;11;11;7;9;8;11;26;23;57;38;63;74;78;78;92;92;58;64;35;35;27;11;12
23;11252;St.Gallen Stadt Herisauerst.58;12.01.2020;Sonntag;2;18;9;7;7;3;10;12;22;22;45;51;67;74;69;57;105;74;60;52;35;42;32;14;18
24;11252;St.Gallen Stadt Herisauerst.58;13.01.2020;Montag;1;11;4;0;3;11;34;126;212;125;130;163;144;163;153;149;165;181;269;118;79;43;36;22;13
25;11252;St.Gallen Stadt Herisauerst.58;13.01.2020;Montag;2;13;3;5;4;8;37;85;126;116;106;120;134;112;128;150;140;190;218;108;75;38;47;24;11
26;11252;St.Gallen Stadt Herisauerst.58;14.01.2020;Dienstag;1;12;6;4;2;9;44;130;213;118;145;134;148;130;174;138;168;236;238;153;81;50;43;34;11
27;11252;St.Gallen Stadt Herisauerst.58;14.01.2020;Dienstag;2;11;6;7;2;10;36;88;126;117;99;120;133;107;125;133;153;184;234;109;79;50;54;36;14
28;11252;St.Gallen Stadt Herisauerst.58;15.01.2020;Mittwoch;1;6;5;6;4;6;42;145;227;109;128;138;164;162;195;147;164;209;217;152;93;44;46;25;16
29;11252;St.Gallen Stadt Herisauerst.58;15.01.2020;Mittwoch;2;10;8;8;4;2;33;99;150;101;113;115;142;144;153;144;139;165;212;124;92;67;49;35;21
30;11252;St.Gallen Stadt Herisauerst.58;16.01.2020;Donnerstag;1;9;3;2;4;7;39;134;213;125;140;121;156;175;180;138;150;203;227;155;111;50;48;29;24
31;11252;St.Gallen Stadt Herisauerst.58;16.01.2020;Donnerstag;2;10;3;5;4;12;30;99;156;108;91;115;145;119;145;136;141;210;193;122;98;80;73;37;21
32;11252;St.Gallen Stadt Herisauerst.58;17.01.2020;Freitag;1;10;8;8;4;11;36;131;194;135;154;146;172;165;194;182;179;206;224;227;73;50;44;37;38
33;11252;St.Gallen Stadt Herisauerst.58;17.01.2020;Freitag;2;13;9;6;1;8;31;83;123;117;122;125;145;145;160;141;161;196;212;129;85;62;57;58;30
34;11252;St.Gallen Stadt Herisauerst.58;18.01.2020;Samstag;1;22;9;11;7;5;16;31;52;58;168;202;188;172;161;180;168;190;138;77;52;26;30;27;29
35;11252;St.Gallen Stadt Herisauerst.58;18.01.2020;Samstag;2;22;12;7;5;7;17;23;43;69;201;238;210;185;175;218;173;162;137;64;54;28;36;25;28
36;11252;St.Gallen Stadt Herisauerst.58;19.01.2020;Sonntag;1;27;16;9;4;6;9;7;18;17;45;33;50;66;64;63;141;76;68;59;49;41;25;16;15
37;11252;St.Gallen Stadt Herisauerst.58;19.01.2020;Sonntag;2;19;16;7;11;12;21;11;17;31;40;56;44;69;57;69;72;72;62;52;69;30;36;30;11
38;11252;St.Gallen Stadt Herisauerst.58;20.01.2020;Montag;1;10;3;5;2;8;34;151;229;137;152;123;159;146;162;147;164;184;240;125;69;40;40;17;15
39;11252;St.Gallen Stadt Herisauerst.58;20.01.2020;Montag;2;19;3;5;4;2;33;95;134;121;101;123;114;129;139;129;138;151;214;114;74;59;46;29;27
40;11252;St.Gallen Stadt Herisauerst.58;21.01.2020;Dienstag;1;9;5;5;4;8;36;147;189;117;122;148;152;150;151;139;137;200;241;222;102;39;51;21;14
41;11252;St.Gallen Stadt Herisauerst.58;21.01.2020;Dienstag;2;15;3;5;4;5;34;97;145;109;97;115;160;112;136;108;135;170;213;105;78;44;48;31;15
42;11252;St.Gallen Stadt Herisauerst.58;22.01.2020;Mittwoch;1;11;4;4;3;8;45;141;193;135;130;123;139;174;186;129;186;195;249;126;90;44;51;39;14
43;11252;St.Gallen Stadt Herisauerst.58;22.01.2020;Mittwoch;2;13;3;3;1;7;36;99;145;114;104;118;146;117;139;117;154;175;222;118;80;61;45;23;20
44;11252;St.Gallen Stadt Herisauerst.58;23.01.2020;Donnerstag;1;12;5;3;4;12;45;127;204;137;137;133;153;189;179;146;135;186;236;135;106;58;49;30;34
45;11252;St.Gallen Stadt Herisauerst.58;23.01.2020;Donnerstag;2;12;6;6;4;9;33;110;143;117;103;117;170;123;139;114;138;168;196;101;100;57;73;29;18
46;11252;St.Gallen Stadt Herisauerst.58;24.01.2020;Freitag;1;8;4;6;6;6;46;133;179;118;147;144;183;168;160;186;201;196;223;138;89;42;45;42;24
47;11252;St.Gallen Stadt Herisauerst.58;24.01.2020;Freitag;2;12;5;7;2;7;32;102;127;121;123;157;148;154;156;167;153;189;196;120;86;47;47;50;26
48;11252;St.Gallen Stadt Herisauerst.58;25.01.2020;Samstag;1;23;10;8;8;10;11;22;39;71;162;174;191;172;182;172;176;192;131;95;45;31;29;26;25
49;11252;St.Gallen Stadt Herisauerst.58;25.01.2020;Samstag;2;25;11;13;5;7;16;18;36;67;217;202;225;160;199;185;146;174;139;72;52;51;34;26;31
50;11252;St.Gallen Stadt Herisauerst.58;26.01.2020;Sonntag;1;19;15;11;11;5;10;7;14;17;54;59;51;88;77;136;162;125;101;103;56;27;25;19;17
51;11252;St.Gallen Stadt Herisauerst.58;26.01.2020;Sonntag;2;26;15;13;7;7;8;10;14;27;40;43;50;95;84;137;157;106;93;113;50;38;29;20;17
52;11252;St.Gallen Stadt Herisauerst.58;27.01.2020;Montag;1;9;3;2;0;6;31;133;192;119;125;125;143;161;163;150;160;177;226;101;72;47;30;20;16
53;11252;St.Gallen Stadt Herisauerst.58;27.01.2020;Montag;2;10;2;6;4;7;28;85;115;94;103;103;129;121;137;119;131;160;214;116;74;42;42;34;18
54;11252;St.Gallen Stadt Herisauerst.58;28.01.2020;Dienstag;1;8;7;1;3;6;37;133;191;127;135;140;142;149;146;124;148;200;215;135;73;39;37;19;7
55;11252;St.Gallen Stadt Herisauerst.58;28.01.2020;Dienstag;2;11;7;6;2;7;26;101;121;92;119;109;137;121;121;120;106;202;203;96;85;42;46;30;13
56;11252;St.Gallen Stadt Herisauerst.58;29.01.2020;Mittwoch;1;15;3;4;4;5;41;124;183;122;150;134;170;161;168;167;179;195;194;147;72;52;42;27;21
57;11252;St.Gallen Stadt Herisauerst.58;29.01.2020;Mittwoch;2;23;5;6;2;6;30;91;119;119;105;127;136;128;130;135;118;156;243;116;71;68;54;29;20
58;11252;St.Gallen Stadt Herisauerst.58;30.01.2020;Donnerstag;1;11;8;1;3;6;40;122;177;101;121;121;170;177;163;214;154;185;226;161;117;41;45;24;19
59;11252;St.Gallen Stadt Herisauerst.58;30.01.2020;Donnerstag;2;20;11;6;5;4;27;98;103;97;98;108;138;139;143;126;147;182;197;122;87;54;88;32;13
60;11252;St.Gallen Stadt Herisauerst.58;31.01.2020;Freitag;1;15;4;4;3;9;40;129;147;132;143;149;185;181;175;161;164;204;200;129;67;56;40;37;22
61;11252;St.Gallen Stadt Herisauerst.58;31.01.2020;Freitag;2;12;6;5;5;7;28;97;108;105;112;117;159;133;145;147;138;187;185;98;71;57;61;35;27
62;11252;St.Gallen Stadt Herisauerst.58;01.02.2020;Samstag;1;24;13;11;11;8;10;29;46;71;140;196;213;176;174;204;174;195;132;82;51;42;40;25;24
63;11252;St.Gallen Stadt Herisauerst.58;01.02.2020;Samstag;2;39;18;16;10;11;9;26;59;66;201;220;224;188;187;200;163;178;144;83;56;34;41;36;27
64;11252;St.Gallen Stadt Herisauerst.58;02.02.2020;Sonntag;1;20;12;6;9;10;9;12;15;18;47;51;68;68;78;57;80;71;63;63;50;35;41;17;12
65;11252;St.Gallen Stadt Herisauerst.58;02.02.2020;Sonntag;2;19;15;13;11;7;12;10;19;22;35;57;65;129;58;57;58;84;70;65;40;35;30;39;17
66;11252;St.Gallen Stadt Herisauerst.58;03.02.2020;Montag;1;11;9;0;4;11;27;149;202;121;125;139;158;159;136;147;181;177;232;134;68;44;44;34;10
67;11252;St.Gallen Stadt Herisauerst.58;03.02.2020;Montag;2;12;9;8;3;7;32;98;193;111;109;133;133;116;129;122;131;176;211;105;88;50;39;35;14
68;11252;St.Gallen Stadt Herisauerst.58;04.02.2020;Dienstag;1;8;5;4;7;7;48;130;185;145;138;134;137;159;162;164;154;180;248;144;83;40;50;27;23
69;11252;St.Gallen Stadt Herisauerst.58;04.02.2020;Dienstag;2;9;7;0;3;6;31;102;145;113;94;125;142;130;116;135;142;157;212;141;97;37;68;29;15
70;11252;St.Gallen Stadt Herisauerst.58;05.02.2020;Mittwoch;1;6;9;2;5;9;37;125;173;136;139;134;158;158;152;157;157;206;246;144;79;47;51;48;22
71;11252;St.Gallen Stadt Herisauerst.58;05.02.2020;Mittwoch;2;16;12;4;4;8;20;99;114;108;105;114;134;126;143;120;199;153;246;131;83;79;55;32;18
72;11252;St.Gallen Stadt Herisauerst.58;06.02.2020;Donnerstag;1;7;9;2;6;8;37;139;184;134;148;130;162;169;177;160;143;192;206;185;119;57;48;38;18
73;11252;St.Gallen Stadt Herisauerst.58;06.02.2020;Donnerstag;2;16;9;5;3;10;24;97;129;106;107;123;173;136;130;141;140;159;196;127;95;63;81;30;15
74;11252;St.Gallen Stadt Herisauerst.58;07.02.2020;Freitag;1;8;5;3;5;9;38;135;177;150;141;138;172;186;172;144;156;223;225;134;79;56;39;43;36
75;11252;St.Gallen Stadt Herisauerst.58;07.02.2020;Freitag;2;11;6;7;5;6;38;93;120;102;111;130;151;174;155;129;144;188;197;130;104;47;48;34;32
76;11252;St.Gallen Stadt Herisauerst.58;08.02.2020;Samstag;1;21;18;8;8;7;10;19;50;93;184;162;198;194;169;188;157;212;126;87;48;41;30;40;32
77;11252;St.Gallen Stadt Herisauerst.58;08.02.2020;Samstag;2;26;18;9;6;9;5;20;39;66;210;216;189;233;218;210;175;167;156;74;61;33;34;35;30
78;11252;St.Gallen Stadt Herisauerst.58;09.02.2020;Sonntag;1;18;22;11;5;7;12;18;10;19;46;57;74;86;88;143;194;135;101;142;52;41;19;21;7
79;11252;St.Gallen Stadt Herisauerst.58;09.02.2020;Sonntag;2;20;12;17;9;16;12;13;16;25;42;52;76;78;86;161;126;110;114;165;66;43;25;16;13
80;11252;St.Gallen Stadt Herisauerst.58;10.02.2020;Montag;1;12;2;1;5;9;25;153;246;141;133;145;157;189;184;143;142;188;226;133;75;43;42;29;19
81;11252;St.Gallen Stadt Herisauerst.58;10.02.2020;Montag;2;15;7;1;8;8;27;93;167;141;105;105;131;123;118;130;122;146;223;133;74;61;64;33;21
82;11252;St.Gallen Stadt Herisauerst.58;11.02.2020;Dienstag;1;7;5;6;4;6;38;136;180;138;133;134;157;166;195;147;163;198;230;125;91;43;40;31;17
83;11252;St.Gallen Stadt Herisauerst.58;11.02.2020;Dienstag;2;9;9;4;4;10;32;102;131;132;113;105;152;124;118;119;128;186;220;109;97;46;40;35;13
84;11252;St.Gallen Stadt Herisauerst.58;12.02.2020;Mittwoch;1;10;5;6;3;6;41;131;197;148;121;124;156;142;184;172;183;195;229;147;92;46;44;25;20
85;11252;St.Gallen Stadt Herisauerst.58;12.02.2020;Mittwoch;2;11;9;7;5;8;31;99;128;126;121;116;115;126;145;128;144;154;220;125;101;62;54;30;24
86;11252;St.Gallen Stadt Herisauerst.58;13.02.2020;Donnerstag;1;9;5;2;4;6;34;139;179;131;134;146;162;167;164;165;166;195;229;145;112;66;38;38;19
87;11252;St.Gallen Stadt Herisauerst.58;13.02.2020;Donnerstag;2;16;8;2;4;9;34;94;131;110;112;128;142;146;135;145;143;151;199;143;95;70;80;32;21
88;11252;St.Gallen Stadt Herisauerst.58;14.02.2020;Freitag;1;9;2;2;5;11;35;137;192;135;151;178;159;169;187;179;187;228;221;130;96;58;129;39;22
89;11252;St.Gallen Stadt Herisauerst.58;14.02.2020;Freitag;2;12;3;7;3;9;35;95;143;125;118;146;139;167;139;138;152;198;209;134;101;66;57;44;27
90;11252;St.Gallen Stadt Herisauerst.58;15.02.2020;Samstag;1;16;15;17;7;4;8;28;54;87;171;179;184;193;177;159;159;202;164;81;53;49;37;27;31
91;11252;St.Gallen Stadt Herisauerst.58;15.02.2020;Samstag;2;14;16;12;7;4;23;26;38;79;206;221;197;205;200;206;160;175;154;77;60;36;35;36;40
92;11252;St.Gallen Stadt Herisauerst.58;16.02.2020;Sonntag;1;17;13;12;4;3;11;9;11;18;47;44;72;85;68;77;73;81;74;64;52;47;29;17;11
93;11252;St.Gallen Stadt Herisauerst.58;16.02.2020;Sonntag;2;25;10;13;7;10;14;14;18;22;36;55;65;83;53;70;97;65;71;48;46;28;31;22;11
94;11252;St.Gallen Stadt Herisauerst.58;17.02.2020;Montag;1;10;3;3;2;9;24;144;197;146;131;151;183;138;158;149;147;226;178;143;66;43;47;25;11
95;11252;St.Gallen Stadt Herisauerst.58;17.02.2020;Montag;2;11;5;5;4;9;27;86;136;111;95;105;118;122;144;154;144;181;214;111;79;63;69;19;17
96;11252;St.Gallen Stadt Herisauerst.58;18.02.2020;Dienstag;1;7;8;1;4;8;37;148;194;137;144;134;162;155;152;143;160;197;227;140;72;44;41;27;16
97;11252;St.Gallen Stadt Herisauerst.58;18.02.2020;Dienstag;2;14;7;2;2;6;44;93;128;128;109;99;137;127;132;115;138;164;254;114;78;59;70;29;19
98;11252;St.Gallen Stadt Herisauerst.58;19.02.2020;Mittwoch;1;7;2;6;0;7;46;140;196;132;130;123;156;179;162;150;158;175;250;140;108;40;32;32;19
99;11252;St.Gallen Stadt Herisauerst.58;19.02.2020;Mittwoch;2;12;0;8;2;9;36;106;139;100;100;136;127;137;135;115;128;165;214;135;100;64;42;30;23
100;11252;St.Gallen Stadt Herisauerst.58;20.02.2020;Donnerstag;1;11;8;8;4;7;43;139;197;145;131;151;154;165;178;139;153;188;202;147;113;72;52;33;18
101;11252;St.Gallen Stadt Herisauerst.58;20.02.2020;Donnerstag;2;12;7;6;6;5;26;100;155;104;102;113;143;132;126;135;162;199;189;129;89;61;72;32;21
102;11252;St.Gallen Stadt Herisauerst.58;21.02.2020;Freitag;1;15;9;3;4;7;35;142;197;136;146;149;166;195;174;151;185;176;189;132;98;52;44;40;27
103;11252;St.Gallen Stadt Herisauerst.58;21.02.2020;Freitag;2;11;10;10;3;5;35;112;142;110;130;127;150;136;132;130;179;183;222;136;112;64;71;58;27
104;11252;St.Gallen Stadt Herisauerst.58;22.02.2020;Samstag;1;21;19;13;10;10;9;32;41;90;213;161;199;175;163;168;151;206;160;105;72;41;40;41;28
105;11252;St.Gallen Stadt Herisauerst.58;22.02.2020;Samstag;2;24;12;18;12;8;19;39;31;79;205;221;206;237;233;191;175;175;180;96;75;31;42;36;34
106;11252;St.Gallen Stadt Herisauerst.58;23.02.2020;Sonntag;1;19;9;12;9;8;4;14;14;30;53;49;66;76;108;126;163;100;76;111;62;37;27;20;9
107;11252;St.Gallen Stadt Herisauerst.58;23.02.2020;Sonntag;2;30;6;13;16;16;11;13;20;30;49;47;73;72;65;103;122;106;77;148;114;52;37;36;17
108;11252;St.Gallen Stadt Herisauerst.58;24.02.2020;Montag;1;8;7;2;4;8;37;142;200;117;151;132;157;145;159;160;167;186;204;133;62;45;47;23;12
109;11252;St.Gallen Stadt Herisauerst.58;24.02.2020;Montag;2;14;3;6;5;7;30;103;133;101;124;114;122;113;125;134;139;168;243;127;69;75;53;36;12
110;11252;St.Gallen Stadt Herisauerst.58;25.02.2020;Dienstag;1;6;4;0;4;7;38;144;208;137;141;144;150;169;163;143;161;208;240;140;100;47;45;16;13
111;11252;St.Gallen Stadt Herisauerst.58;25.02.2020;Dienstag;2;13;6;1;5;6;29;111;124;106;98;126;142;129;147;133;178;160;242;105;91;65;63;24;21
112;11252;St.Gallen Stadt Herisauerst.58;26.02.2020;Mittwoch;1;10;7;3;4;6;43;158;190;119;125;148;165;157;196;168;167;184;246;155;79;44;40;28;13
113;11252;St.Gallen Stadt Herisauerst.58;26.02.2020;Mittwoch;2;10;5;9;6;10;33;115;143;117;97;118;147;138;126;141;127;172;236;140;70;54;50;35;20
114;11252;St.Gallen Stadt Herisauerst.58;27.02.2020;Donnerstag;1;7;7;5;4;10;40;135;186;143;139;127;190;166;158;141;164;181;213;147;114;46;39;37;17
115;11252;St.Gallen Stadt Herisauerst.58;27.02.2020;Donnerstag;2;19;4;7;5;11;34;97;116;117;102;125;116;134;138;113;113;159;207;121;86;59;68;32;25
116;11252;St.Gallen Stadt Herisauerst.58;28.02.2020;Freitag;1;11;4;1;6;9;43;144;189;114;134;150;189;179;181;165;189;189;221;128;102;45;56;36;36
117;11252;St.Gallen Stadt Herisauerst.58;28.02.2020;Freitag;2;17;2;6;5;10;32;99;137;111;111;124;146;160;159;144;144;183;194;132;94;61;74;35;32
118;11252;St.Gallen Stadt Herisauerst.58;29.02.2020;Samstag;1;26;7;7;6;3;11;28;45;77;165;196;207;195;175;162;156;216;135;77;67;21;30;23;29
119;11252;St.Gallen Stadt Herisauerst.58;29.02.2020;Samstag;2;25;7;13;6;7;12;29;34;87;215;236;191;187;184;203;184;141;172;75;46;40;39;26;30
120;11252;St.Gallen Stadt Herisauerst.58;01.03.2020;Sonntag;1;21;8;15;11;5;15;14;6;21;51;48;78;75;88;83;85;85;64;65;49;34;25;21;14
121;11252;St.Gallen Stadt Herisauerst.58;01.03.2020;Sonntag;2;27;16;13;11;11;11;28;10;20;40;52;57;79;91;87;80;56;60;54;80;35;52;22;23
122;11252;St.Gallen Stadt Herisauerst.58;02.03.2020;Montag;1;7;6;4;4;8;28;140;201;133;144;143;165;165;178;149;180;222;216;119;59;46;34;18;10
123;11252;St.Gallen Stadt Herisauerst.58;02.03.2020;Montag;2;12;3;1;10;8;36;86;131;112;101;127;128;127;136;133;136;181;199;108;112;49;42;31;18
124;11252;St.Gallen Stadt Herisauerst.58;03.03.2020;Dienstag;1;6;6;3;1;12;47;144;182;116;141;128;134;147;168;152;170;189;228;138;74;48;39;28;13
125;11252;St.Gallen Stadt Herisauerst.58;03.03.2020;Dienstag;2;10;6;3;4;10;36;107;128;109;93;103;142;112;132;139;128;173;206;123;70;39;60;34;17
126;11252;St.Gallen Stadt Herisauerst.58;04.03.2020;Mittwoch;1;8;9;1;1;14;52;135;194;132;132;144;155;186;199;155;166;175;218;149;59;60;46;26;13
127;11252;St.Gallen Stadt Herisauerst.58;04.03.2020;Mittwoch;2;10;6;6;4;6;32;103;134;111;113;125;166;177;144;128;151;169;225;110;81;60;51;35;19
128;11252;St.Gallen Stadt Herisauerst.58;05.03.2020;Donnerstag;1;9;8;2;1;9;46;146;192;121;136;130;161;155;166;137;160;188;214;141;107;56;43;31;16
129;11252;St.Gallen Stadt Herisauerst.58;05.03.2020;Donnerstag;2;19;7;4;5;9;41;99;149;116;111;123;139;151;141;127;122;172;201;105;88;62;60;25;24
130;11252;St.Gallen Stadt Herisauerst.58;06.03.2020;Freitag;1;12;4;5;4;6;43;148;162;130;145;136;152;202;183;159;177;292;266;145;87;50;37;33;21
131;11252;St.Gallen Stadt Herisauerst.58;06.03.2020;Freitag;2;13;9;3;4;11;29;92;135;111;102;134;153;141;139;141;141;215;210;118;78;71;41;39;27
132;11252;St.Gallen Stadt Herisauerst.58;07.03.2020;Samstag;1;22;16;13;7;5;8;16;48;64;137;170;178;186;174;165;183;174;151;94;40;31;32;26;40
133;11252;St.Gallen Stadt Herisauerst.58;07.03.2020;Samstag;2;32;11;12;10;8;10;32;38;60;182;196;182;176;199;163;173;170;162;86;44;36;34;28;25
134;11252;St.Gallen Stadt Herisauerst.58;08.03.2020;Sonntag;1;27;17;12;4;11;14;19;18;26;37;63;84;77;80;81;95;93;79;60;52;28;25;14;10
135;11252;St.Gallen Stadt Herisauerst.58;08.03.2020;Sonntag;2;20;13;9;4;13;10;27;21;24;37;61;79;78;77;75;87;75;103;56;34;34;33;20;28
136;11252;St.Gallen Stadt Herisauerst.58;09.03.2020;Montag;1;6;6;1;4;6;30;156;187;129;134;135;159;158;143;132;157;191;204;111;80;38;30;25;15
137;11252;St.Gallen Stadt Herisauerst.58;09.03.2020;Montag;2;16;11;1;6;8;32;99;126;122;118;115;144;106;153;117;128;203;226;93;75;47;47;34;14
138;11252;St.Gallen Stadt Herisauerst.58;10.03.2020;Dienstag;1;11;2;3;1;8;37;154;168;116;144;128;159;163;123;125;156;197;236;134;66;45;41;20;20
139;11252;St.Gallen Stadt Herisauerst.58;10.03.2020;Dienstag;2;15;4;3;6;12;32;109;124;113;115;117;145;127;128;107;122;176;202;109;74;57;50;29;27
140;11252;St.Gallen Stadt Herisauerst.58;11.03.2020;Mittwoch;1;6;5;6;4;5;35;157;182;121;131;131;161;171;166;142;158;195;217;119;85;38;61;28;15
141;11252;St.Gallen Stadt Herisauerst.58;11.03.2020;Mittwoch;2;11;6;7;6;10;37;110;124;113;97;141;158;120;141;121;162;166;233;112;143;53;50;34;18
142;11252;St.Gallen Stadt Herisauerst.58;12.03.2020;Donnerstag;1;10;4;2;4;7;48;155;178;134;103;130;144;165;151;148;163;188;215;138;103;58;49;35;10
143;11252;St.Gallen Stadt Herisauerst.58;12.03.2020;Donnerstag;2;17;6;4;4;10;36;88;137;110;137;107;123;119;131;131;130;163;196;118;119;60;84;39;19
144;11252;St.Gallen Stadt Herisauerst.58;13.03.2020;Freitag;1;9;8;2;5;8;36;136;161;122;125;133;170;172;185;145;176;221;221;134;100;49;40;32;17
145;11252;St.Gallen Stadt Herisauerst.58;13.03.2020;Freitag;2;13;10;1;5;5;66;90;130;96;106;113;163;152;148;139;166;205;225;140;99;54;63;29;23
146;11252;St.Gallen Stadt Herisauerst.58;14.03.2020;Samstag;1;12;17;10;6;7;9;22;49;92;172;199;227;165;164;176;144;147;114;60;62;24;20;24;17
147;11252;St.Gallen Stadt Herisauerst.58;14.03.2020;Samstag;2;17;14;7;6;3;8;34;31;78;190;240;200;202;169;172;150;125;127;75;58;21;26;25;33
148;11252;St.Gallen Stadt Herisauerst.58;15.03.2020;Sonntag;1;21;8;11;3;1;8;11;12;21;33;45;63;83;83;76;69;80;73;67;40;27;26;20;8
149;11252;St.Gallen Stadt Herisauerst.58;15.03.2020;Sonntag;2;28;12;7;7;1;9;14;16;33;36;69;56;73;98;89;68;65;74;51;33;32;37;18;9
150;11252;St.Gallen Stadt Herisauerst.58;16.03.2020;Montag;1;5;6;3;5;10;38;144;179;124;173;167;169;173;154;146;209;215;212;145;78;32;47;16;12
151;11252;St.Gallen Stadt Herisauerst.58;16.03.2020;Montag;2;16;5;2;5;9;38;93;140;119;138;133;188;109;123;187;161;154;214;134;91;40;40;25;17
152;11252;St.Gallen Stadt Herisauerst.58;17.03.2020;Dienstag;1;7;0;1;2;10;38;121;132;117;97;109;114;119;118;121;112;150;181;101;40;28;34;22;5
153;11252;St.Gallen Stadt Herisauerst.58;17.03.2020;Dienstag;2;11;0;3;4;7;38;88;91;95;105;107;117;136;95;109;102;133;163;86;62;40;60;23;12
154;11252;St.Gallen Stadt Herisauerst.58;18.03.2020;Mittwoch;1;8;1;0;3;7;34;120;152;123;104;126;121;144;128;122;107;173;186;74;46;37;24;12;8
155;11252;St.Gallen Stadt Herisauerst.58;18.03.2020;Mittwoch;2;11;2;1;2;8;33;103;131;108;98;101;149;106;128;114;109;139;145;80;71;48;48;25;13
156;11252;St.Gallen Stadt Herisauerst.58;19.03.2020;Donnerstag;1;5;5;2;2;5;34;130;146;111;99;114;101;127;119;130;133;171;158;84;51;22;23;18;8
157;11252;St.Gallen Stadt Herisauerst.58;19.03.2020;Donnerstag;2;8;4;1;5;6;39;99;103;79;112;111;125;104;120;99;110;152;149;98;52;44;38;29;13
158;11252;St.Gallen Stadt Herisauerst.58;20.03.2020;Freitag;1;8;4;2;4;6;34;107;121;108;108;131;121;113;129;131;125;161;139;89;52;30;25;18;9
159;11252;St.Gallen Stadt Herisauerst.58;20.03.2020;Freitag;2;10;3;1;3;6;24;94;116;90;100;110;133;113;117;121;139;155;139;71;67;36;42;28;26
160;11252;St.Gallen Stadt Herisauerst.58;21.03.2020;Samstag;1;7;6;0;3;4;9;23;46;44;104;97;118;119;96;91;116;90;74;35;28;29;12;15;20
161;11252;St.Gallen Stadt Herisauerst.58;21.03.2020;Samstag;2;12;3;2;0;4;9;25;30;49;124;130;144;112;124;111;130;94;90;42;31;37;28;17;19
162;11252;St.Gallen Stadt Herisauerst.58;22.03.2020;Sonntag;1;9;5;3;2;0;4;7;12;14;19;24;38;39;41;41;46;47;36;44;26;24;20;14;5
163;11252;St.Gallen Stadt Herisauerst.58;22.03.2020;Sonntag;2;13;4;1;3;2;4;10;14;17;24;27;47;40;39;49;50;54;45;37;32;42;15;13;10
164;11252;St.Gallen Stadt Herisauerst.58;23.03.2020;Montag;1;4;2;4;2;3;25;130;143;84;101;98;117;100;119;108;116;132;136;83;36;25;21;11;9
165;11252;St.Gallen Stadt Herisauerst.58;23.03.2020;Montag;2;12;3;2;2;7;21;76;104;94;89;114;96;104;119;130;101;125;166;72;45;35;28;19;13
166;11252;St.Gallen Stadt Herisauerst.58;24.03.2020;Dienstag;1;9;3;3;1;5;39;122;108;91;95;112;89;105;119;118;109;136;156;84;49;21;18;13;10
167;11252;St.Gallen Stadt Herisauerst.58;24.03.2020;Dienstag;2;10;4;3;4;10;20;74;89;84;80;92;115;100;115;127;102;152;140;80;44;26;36;23;10
168;11252;St.Gallen Stadt Herisauerst.58;25.03.2020;Mittwoch;1;9;5;2;1;5;39;116;120;83;102;106;105;121;115;113;126;150;159;88;42;28;24;10;9
169;11252;St.Gallen Stadt Herisauerst.58;25.03.2020;Mittwoch;2;12;7;2;4;7;24;79;101;85;95;106;122;111;112;111;124;129;145;76;46;38;44;20;12
170;11252;St.Gallen Stadt Herisauerst.58;26.03.2020;Donnerstag;1;7;4;1;2;16;26;117;110;92;93;106;126;115;110;129;98;121;142;75;45;26;26;16;11
171;11252;St.Gallen Stadt Herisauerst.58;26.03.2020;Donnerstag;2;12;7;3;1;6;30;73;116;78;96;98;108;116;116;123;101;132;127;69;57;37;27;19;11
172;11252;St.Gallen Stadt Herisauerst.58;27.03.2020;Freitag;1;5;6;2;0;6;18;120;101;87;106;107;111;112;126;139;121;156;155;79;54;36;15;12;9
173;11252;St.Gallen Stadt Herisauerst.58;27.03.2020;Freitag;2;11;5;4;3;8;21;72;101;83;106;122;136;112;109;117;132;152;139;84;55;37;35;17;23
174;11252;St.Gallen Stadt Herisauerst.58;28.03.2020;Samstag;1;15;6;2;2;3;8;25;31;48;90;132;139;147;115;104;129;117;121;70;48;24;15;13;19
175;11252;St.Gallen Stadt Herisauerst.58;28.03.2020;Samstag;2;14;7;2;1;1;13;29;42;62;117;193;158;164;162;145;139;140;125;75;39;34;30;17;19
176;11252;St.Gallen Stadt Herisauerst.58;29.03.2020;Sonntag;1;8;10;0;2;0;4;8;4;10;22;24;41;48;52;47;42;38;43;25;29;27;14;11;6
177;11252;St.Gallen Stadt Herisauerst.58;29.03.2020;Sonntag;2;40;4;0;2;2;4;13;17;17;43;25;54;41;48;46;35;35;35;54;43;24;28;12;21
178;11252;St.Gallen Stadt Herisauerst.58;30.03.2020;Montag;1;9;1;0;4;7;25;110;139;78;79;96;97;116;94;103;104;124;143;77;46;30;30;17;8
179;11252;St.Gallen Stadt Herisauerst.58;30.03.2020;Montag;2;14;4;1;5;3;22;76;97;79;90;79;92;98;105;85;98;148;149;71;45;35;29;21;11
180;11252;St.Gallen Stadt Herisauerst.58;31.03.2020;Dienstag;1;7;7;1;2;7;18;102;123;98;90;95;103;105;125;87;94;149;144;92;43;32;16;18;7
181;11252;St.Gallen Stadt Herisauerst.58;31.03.2020;Dienstag;2;8;9;1;5;2;23;77;98;82;85;86;105;84;106;120;117;130;147;73;57;20;32;31;11
182;11252;St.Gallen Stadt Herisauerst.58;01.04.2020;Mittwoch;1;6;4;1;2;9;15;107;123;79;85;110;103;102;107;93;127;145;159;95;43;33;39;10;13
183;11252;St.Gallen Stadt Herisauerst.58;01.04.2020;Mittwoch;2;10;6;0;4;7;25;74;114;74;103;94;101;107;105;126;132;108;186;76;44;41;73;24;14
184;11252;St.Gallen Stadt Herisauerst.58;02.04.2020;Donnerstag;1;6;7;2;1;9;21;104;120;97;79;103;111;104;113;114;110;131;153;90;33;48;28;9;9
185;11252;St.Gallen Stadt Herisauerst.58;02.04.2020;Donnerstag;2;8;5;0;3;6;28;82;106;88;71;85;99;109;106;98;94;104;134;82;59;38;37;15;11
186;11252;St.Gallen Stadt Herisauerst.58;03.04.2020;Freitag;1;11;3;3;0;8;21;94;118;98;108;106;137;128;121;145;140;174;155;91;59;50;30;13;15
187;11252;St.Gallen Stadt Herisauerst.58;03.04.2020;Freitag;2;13;6;4;2;5;23;78;91;118;121;103;119;111;117;124;123;158;129;87;67;42;35;27;16
188;11252;St.Gallen Stadt Herisauerst.58;04.04.2020;Samstag;1;8;5;0;1;3;6;22;29;39;105;132;152;121;128;134;159;120;104;46;52;37;22;20;20
189;11252;St.Gallen Stadt Herisauerst.58;04.04.2020;Samstag;2;15;4;3;2;5;7;23;31;59;117;185;183;206;164;151;133;160;107;47;42;33;32;123;23
190;11252;St.Gallen Stadt Herisauerst.58;05.04.2020;Sonntag;1;14;5;1;3;2;4;5;6;23;27;37;44;62;61;53;59;61;65;45;34;23;28;10;6
191;11252;St.Gallen Stadt Herisauerst.58;05.04.2020;Sonntag;2;16;5;3;0;2;7;11;13;21;49;42;48;60;52;66;68;62;54;42;31;26;35;20;9
192;11252;St.Gallen Stadt Herisauerst.58;06.04.2020;Montag;1;5;4;1;1;3;21;118;140;78;83;117;125;120;121;137;124;148;168;89;44;36;30;12;7
193;11252;St.Gallen Stadt Herisauerst.58;06.04.2020;Montag;2;8;6;1;2;4;21;121;100;89;94;124;130;107;123;118;113;134;141;72;71;49;28;17;16
194;11252;St.Gallen Stadt Herisauerst.58;07.04.2020;Dienstag;1;8;5;0;0;3;25;107;107;75;98;120;120;115;121;116;114;141;176;90;49;28;22;16;9
195;11252;St.Gallen Stadt Herisauerst.58;07.04.2020;Dienstag;2;12;5;4;2;3;24;75;131;75;115;98;125;129;108;103;100;135;164;68;54;48;35;12;21
196;11252;St.Gallen Stadt Herisauerst.58;08.04.2020;Mittwoch;1;6;3;1;0;6;22;103;124;89;97;125;132;115;116;137;121;156;171;94;47;39;21;21;9
197;11252;St.Gallen Stadt Herisauerst.58;08.04.2020;Mittwoch;2;11;4;4;4;6;22;83;103;91;99;130;111;109;117;128;126;143;167;80;51;52;53;23;12
198;11252;St.Gallen Stadt Herisauerst.58;09.04.2020;Donnerstag;1;7;6;1;1;7;18;104;115;79;120;120;147;110;138;136;166;186;123;88;65;43;26;40;10
199;11252;St.Gallen Stadt Herisauerst.58;09.04.2020;Donnerstag;2;12;5;1;1;6;23;83;123;128;100;147;124;102;144;125;138;155;133;78;52;46;42;25;14
200;11252;St.Gallen Stadt Herisauerst.58;10.04.2020;Freitag;1;6;4;2;1;0;2;11;10;20;26;39;47;62;43;56;63;70;73;54;34;35;20;17;16
201;11252;St.Gallen Stadt Herisauerst.58;10.04.2020;Freitag;2;13;8;2;1;2;4;19;18;24;40;69;38;46;71;72;67;52;54;52;46;26;32;13;19
202;11252;St.Gallen Stadt Herisauerst.58;11.04.2020;Samstag;1;12;4;6;1;3;6;19;29;56;149;154;149;138;136;115;139;119;109;56;70;45;18;22;18
203;11252;St.Gallen Stadt Herisauerst.58;11.04.2020;Samstag;2;18;4;5;2;2;9;22;35;60;179;167;201;154;166;149;158;141;104;66;56;45;22;29;18
204;11252;St.Gallen Stadt Herisauerst.58;12.04.2020;Sonntag;1;17;5;3;1;2;4;4;10;21;22;42;47;56;52;62;67;76;62;48;50;30;22;18;11
205;11252;St.Gallen Stadt Herisauerst.58;12.04.2020;Sonntag;2;18;5;2;4;2;6;10;11;22;25;58;55;46;74;57;48;68;65;54;46;44;37;15;15
206;11252;St.Gallen Stadt Herisauerst.58;13.04.2020;Montag;1;8;4;4;1;1;4;7;9;15;34;40;47;53;60;66;76;63;66;49;36;31;16;13;9
207;11252;St.Gallen Stadt Herisauerst.58;13.04.2020;Montag;2;12;11;2;0;1;14;8;12;19;32;46;39;59;56;69;58;60;57;49;46;32;21;24;9
208;11252;St.Gallen Stadt Herisauerst.58;14.04.2020;Dienstag;1;4;2;2;3;4;20;113;128;105;116;121;128;128;123;122;141;144;184;90;46;30;36;18;9
209;11252;St.Gallen Stadt Herisauerst.58;14.04.2020;Dienstag;2;8;5;3;7;1;23;78;103;88;179;128;122;93;120;125;132;138;170;86;54;41;32;17;18
210;11252;St.Gallen Stadt Herisauerst.58;15.04.2020;Mittwoch;1;7;2;5;4;6;18;98;125;91;108;95;144;128;114;126;146;149;162;96;53;31;26;19;9
211;11252;St.Gallen Stadt Herisauerst.58;15.04.2020;Mittwoch;2;14;3;4;8;5;24;78;104;88;108;109;127;112;116;94;119;125;152;86;76;48;36;21;12
212;11252;St.Gallen Stadt Herisauerst.58;16.04.2020;Donnerstag;1;6;7;4;4;5;21;99;138;105;100;124;116;105;150;132;122;163;184;88;54;35;26;17;10
213;11252;St.Gallen Stadt Herisauerst.58;16.04.2020;Donnerstag;2;9;7;4;7;6;20;79;96;106;86;96;130;116;115;113;132;127;131;108;55;40;33;25;18
214;11252;St.Gallen Stadt Herisauerst.58;17.04.2020;Freitag;1;7;3;5;2;5;25;104;110;99;106;108;115;116;132;141;143;163;146;98;56;42;27;18;20
215;11252;St.Gallen Stadt Herisauerst.58;17.04.2020;Freitag;2;10;9;4;4;6;21;82;96;95;85;108;110;95;112;116;114;149;144;78;52;49;36;28;17
216;11252;St.Gallen Stadt Herisauerst.58;18.04.2020;Samstag;1;14;8;3;4;2;7;17;15;64;126;149;141;127;148;137;132;123;125;67;41;31;24;20;21
217;11252;St.Gallen Stadt Herisauerst.58;18.04.2020;Samstag;2;15;18;2;2;4;27;23;17;50;158;154;183;163;164;165;155;135;123;58;39;45;34;26;12
218;11252;St.Gallen Stadt Herisauerst.58;19.04.2020;Sonntag;1;10;6;4;4;1;3;6;8;11;27;40;54;79;57;62;68;51;61;60;52;39;28;11;7
219;11252;St.Gallen Stadt Herisauerst.58;19.04.2020;Sonntag;2;16;5;3;1;1;9;10;19;10;36;59;55;56;57;66;56;52;55;48;43;47;22;21;17
220;11252;St.Gallen Stadt Herisauerst.58;20.04.2020;Montag;1;7;1;4;5;9;28;109;142;94;104;103;134;104;137;120;121;153;183;92;40;36;26;15;13
221;11252;St.Gallen Stadt Herisauerst.58;20.04.2020;Montag;2;11;3;8;3;8;25;84;100;98;93;98;120;93;128;108;113;157;160;76;72;40;34;21;12
222;11252;St.Gallen Stadt Herisauerst.58;21.04.2020;Dienstag;1;6;2;2;3;3;39;114;139;110;94;109;120;119;106;117;145;156;160;100;64;33;36;14;12
223;11252;St.Gallen Stadt Herisauerst.58;21.04.2020;Dienstag;2;11;3;2;4;6;26;86;114;85;89;105;109;108;103;105;126;139;152;87;71;49;49;18;9
224;11252;St.Gallen Stadt Herisauerst.58;22.04.2020;Mittwoch;1;8;2;4;5;6;42;105;135;92;95;107;107;125;124;90;149;139;202;107;53;41;30;17;17
225;11252;St.Gallen Stadt Herisauerst.58;22.04.2020;Mittwoch;2;11;3;3;8;8;30;77;100;81;89;88;103;96;108;119;107;120;171;78;63;55;44;21;15
226;11252;St.Gallen Stadt Herisauerst.58;23.04.2020;Donnerstag;1;4;3;2;2;6;30;107;130;94;102;92;129;111;144;125;129;145;166;112;58;58;31;22;10
227;11252;St.Gallen Stadt Herisauerst.58;23.04.2020;Donnerstag;2;20;6;5;5;10;31;84;123;86;98;87;114;94;109;120;112;115;165;101;66;49;53;25;14
228;11252;St.Gallen Stadt Herisauerst.58;24.04.2020;Freitag;1;7;7;2;1;9;33;109;137;93;109;111;124;129;127;147;148;166;169;102;63;40;41;22;15
229;11252;St.Gallen Stadt Herisauerst.58;24.04.2020;Freitag;2;16;4;1;6;11;33;80;126;86;93;115;118;98;133;120;143;165;150;100;58;56;46;39;18
230;11252;St.Gallen Stadt Herisauerst.58;25.04.2020;Samstag;1;16;8;6;0;2;18;26;25;50;111;141;119;145;121;122;138;140;122;59;48;40;31;16;17
231;11252;St.Gallen Stadt Herisauerst.58;25.04.2020;Samstag;2;17;6;10;4;2;7;23;34;54;152;170;184;148;161;159;154;148;133;60;49;41;34;22;21
232;11252;St.Gallen Stadt Herisauerst.58;26.04.2020;Sonntag;1;17;8;1;2;2;3;10;11;15;25;34;48;64;76;61;68;65;55;65;73;29;28;14;13
233;11252;St.Gallen Stadt Herisauerst.58;26.04.2020;Sonntag;2;25;12;2;4;1;5;14;9;18;29;60;53;59;56;71;62;77;70;58;58;41;41;22;12
234;11252;St.Gallen Stadt Herisauerst.58;27.04.2020;Montag;1;6;3;4;2;5;26;127;160;123;145;152;127;139;126;155;164;164;185;97;53;52;31;26;11
235;11252;St.Gallen Stadt Herisauerst.58;27.04.2020;Montag;2;13;5;6;3;7;25;85;137;111;156;131;130;120;130;117;135;175;171;84;68;46;49;21;20
236;11252;St.Gallen Stadt Herisauerst.58;28.04.2020;Dienstag;1;7;2;4;1;9;43;121;138;108;110;132;144;119;136;127;154;161;200;120;67;40;36;17;10
237;11252;St.Gallen Stadt Herisauerst.58;28.04.2020;Dienstag;2;9;3;4;2;9;32;87;127;94;104;113;121;101;134;111;119;154;187;98;59;34;47;23;13
238;11252;St.Gallen Stadt Herisauerst.58;29.04.2020;Mittwoch;1;7;5;1;4;9;39;109;145;98;109;126;130;124;143;125;123;159;171;107;70;34;25;19;20
239;11252;St.Gallen Stadt Herisauerst.58;29.04.2020;Mittwoch;2;14;5;2;3;10;36;83;127;109;96;115;166;106;148;103;125;152;173;81;78;40;50;28;23
240;11252;St.Gallen Stadt Herisauerst.58;30.04.2020;Donnerstag;1;7;6;0;2;8;40;119;147;115;122;122;156;128;143;119;134;143;161;95;51;32;40;28;14
241;11252;St.Gallen Stadt Herisauerst.58;30.04.2020;Donnerstag;2;10;5;1;4;13;48;95;129;110;137;100;138;117;126;100;106;125;147;81;61;47;77;48;20
242;11252;St.Gallen Stadt Herisauerst.58;01.05.2020;Freitag;1;11;5;3;3;6;39;112;115;103;136;139;148;160;155;145;159;157;175;94;63;49;46;24;17
243;11252;St.Gallen Stadt Herisauerst.58;01.05.2020;Freitag;2;12;4;10;4;8;25;81;107;108;110;145;138;125;132;126;142;154;162;93;67;61;81;35;24
244;11252;St.Gallen Stadt Herisauerst.58;02.05.2020;Samstag;1;20;5;9;2;5;9;12;40;61;123;135;131;108;144;123;128;148;112;64;42;26;28;16;19
245;11252;St.Gallen Stadt Herisauerst.58;02.05.2020;Samstag;2;22;6;11;3;3;9;34;35;74;124;157;164;154;157;146;173;136;119;56;53;34;66;20;18
246;11252;St.Gallen Stadt Herisauerst.58;03.05.2020;Sonntag;1;16;6;3;1;4;4;5;7;24;29;43;61;64;74;70;67;69;66;65;52;30;22;14;14
247;11252;St.Gallen Stadt Herisauerst.58;03.05.2020;Sonntag;2;20;8;6;0;2;6;24;42;25;25;39;52;55;64;65;72;65;67;57;44;38;25;19;19
248;11252;St.Gallen Stadt Herisauerst.58;04.05.2020;Montag;1;6;4;0;5;5;23;131;158;104;115;137;142;126;148;118;126;155;181;100;54;45;30;25;10
249;11252;St.Gallen Stadt Herisauerst.58;04.05.2020;Montag;2;10;8;1;5;9;38;95;119;109;118;111;132;105;117;115;135;136;187;88;63;49;33;27;11
250;11252;St.Gallen Stadt Herisauerst.58;05.05.2020;Dienstag;1;3;5;3;3;6;26;129;147;103;118;112;156;113;120;123;148;134;171;92;58;42;22;16;13
251;11252;St.Gallen Stadt Herisauerst.58;05.05.2020;Dienstag;2;8;3;5;4;7;38;94;120;93;110;97;124;100;91;114;120;123;186;89;57;35;33;31;19
252;11252;St.Gallen Stadt Herisauerst.58;06.05.2020;Mittwoch;1;5;3;3;5;7;25;108;144;113;101;116;135;155;119;131;148;182;204;103;66;50;52;28;9
253;11252;St.Gallen Stadt Herisauerst.58;06.05.2020;Mittwoch;2;10;8;5;5;8;50;90;109;103;122;104;102;125;115;120;123;164;182;81;71;49;47;31;16
254;11252;St.Gallen Stadt Herisauerst.58;07.05.2020;Donnerstag;1;7;6;3;5;5;29;126;139;120;112;108;122;150;134;119;153;173;196;114;78;49;37;18;15
255;11252;St.Gallen Stadt Herisauerst.58;07.05.2020;Donnerstag;2;16;5;2;4;11;87;91;128;108;92;101;122;104;139;102;132;149;173;100;93;56;41;28;15
256;11252;St.Gallen Stadt Herisauerst.58;08.05.2020;Freitag;1;9;3;4;4;5;28;112;153;110;130;140;156;149;130;139;151;190;168;119;75;52;37;26;21
257;11252;St.Gallen Stadt Herisauerst.58;08.05.2020;Freitag;2;11;6;3;9;6;37;98;115;106;110;123;150;113;143;146;152;159;162;94;78;65;53;31;21
258;11252;St.Gallen Stadt Herisauerst.58;09.05.2020;Samstag;1;18;6;6;4;1;12;20;41;58;120;163;146;143;142;157;135;167;120;96;74;41;42;18;30
259;11252;St.Gallen Stadt Herisauerst.58;09.05.2020;Samstag;2;22;5;7;5;3;12;18;39;68;176;183;198;171;142;207;175;144;133;79;58;39;45;25;26
260;11252;St.Gallen Stadt Herisauerst.58;10.05.2020;Sonntag;1;18;6;5;2;1;9;10;6;19;31;39;75;53;62;72;68;89;83;80;56;46;26;25;16
261;11252;St.Gallen Stadt Herisauerst.58;10.05.2020;Sonntag;2;40;9;5;3;0;6;9;14;15;44;51;52;58;66;70;63;89;87;66;50;47;44;21;17
262;11252;St.Gallen Stadt Herisauerst.58;11.05.2020;Montag;1;7;3;1;4;7;26;135;205;120;155;143;170;159;196;139;175;197;206;128;57;38;26;22;10
263;11252;St.Gallen Stadt Herisauerst.58;11.05.2020;Montag;2;14;4;1;6;6;31;88;140;127;136;144;157;132;153;118;139;173;221;127;78;37;57;18;12
264;11252;St.Gallen Stadt Herisauerst.58;12.05.2020;Dienstag;1;10;4;3;3;8;43;137;172;99;147;154;166;146;178;148;183;186;248;128;73;49;40;19;12
265;11252;St.Gallen Stadt Herisauerst.58;12.05.2020;Dienstag;2;11;5;2;6;10;39;89;121;94;139;136;114;119;134;135;171;145;215;130;109;49;51;36;96
266;11252;St.Gallen Stadt Herisauerst.58;13.05.2020;Mittwoch;1;15;5;2;5;10;39;126;165;120;137;161;144;170;192;187;190;178;237;130;59;42;37;16;13
267;11252;St.Gallen Stadt Herisauerst.58;13.05.2020;Mittwoch;2;22;3;2;6;8;190;96;122;117;112;191;113;133;148;146;154;271;215;118;77;44;59;41;14
268;11252;St.Gallen Stadt Herisauerst.58;14.05.2020;Donnerstag;1;10;2;1;2;7;42;148;222;133;124;131;169;174;183;167;183;212;230;163;79;42;56;29;21
269;11252;St.Gallen Stadt Herisauerst.58;14.05.2020;Donnerstag;2;12;1;2;3;12;36;167;207;124;109;115;145;136;154;143;156;170;218;159;120;57;83;27;25
270;11252;St.Gallen Stadt Herisauerst.58;15.05.2020;Freitag;1;10;7;3;1;7;40;128;170;109;157;144;164;191;214;201;201;199;204;130;81;53;50;24;21
271;11252;St.Gallen Stadt Herisauerst.58;15.05.2020;Freitag;2;14;10;3;2;8;32;99;132;107;121;201;143;138;163;162;180;213;191;129;220;58;58;35;18
272;11252;St.Gallen Stadt Herisauerst.58;16.05.2020;Samstag;1;21;12;4;6;8;10;25;41;94;164;168;225;153;202;208;202;168;155;65;44;44;34;26;27
273;11252;St.Gallen Stadt Herisauerst.58;16.05.2020;Samstag;2;23;13;4;8;1;11;26;46;75;192;216;233;197;209;250;237;174;146;54;60;38;41;27;41
274;11252;St.Gallen Stadt Herisauerst.58;17.05.2020;Sonntag;1;15;7;2;5;1;9;4;6;20;30;46;57;61;77;69;65;88;78;64;48;49;27;16;18
275;11252;St.Gallen Stadt Herisauerst.58;17.05.2020;Sonntag;2;25;7;5;6;2;10;10;35;32;43;67;60;78;70;65;71;81;73;64;51;38;41;27;24
276;11252;St.Gallen Stadt Herisauerst.58;18.05.2020;Montag;1;12;4;3;4;7;30;118;193;125;144;156;179;161;197;156;157;207;219;137;78;50;31;22;20
277;11252;St.Gallen Stadt Herisauerst.58;18.05.2020;Montag;2;15;9;2;5;8;36;87;132;111;137;129;158;142;143;137;134;185;214;132;99;60;45;26;21
278;11252;St.Gallen Stadt Herisauerst.58;19.05.2020;Dienstag;1;7;4;4;2;5;29;141;174;145;157;161;152;150;152;173;186;183;216;137;88;51;39;20;14
279;11252;St.Gallen Stadt Herisauerst.58;19.05.2020;Dienstag;2;12;5;4;5;11;25;89;132;118;129;114;123;127;139;121;139;180;197;115;95;53;41;29;15
280;11252;St.Gallen Stadt Herisauerst.58;20.05.2020;Mittwoch;1;6;5;3;3;10;30;125;169;145;160;153;209;164;173;197;213;245;201;125;76;56;52;24;21
281;11252;St.Gallen Stadt Herisauerst.58;20.05.2020;Mittwoch;2;11;7;5;4;7;28;103;145;116;123;159;158;131;168;136;191;175;176;116;113;69;53;28;18
282;11252;St.Gallen Stadt Herisauerst.58;21.05.2020;Donnerstag;1;17;12;9;6;2;4;7;10;26;45;59;69;69;68;59;73;69;85;66;66;56;37;23;18
283;11252;St.Gallen Stadt Herisauerst.58;21.05.2020;Donnerstag;2;22;8;7;3;3;5;13;24;43;52;70;62;65;78;64;60;65;65;73;52;50;26;31;19
284;11252;St.Gallen Stadt Herisauerst.58;22.05.2020;Freitag;1;10;3;4;5;8;13;40;76;109;170;218;189;156;172;188;187;168;169;107;79;43;29;23;18
285;11252;St.Gallen Stadt Herisauerst.58;22.05.2020;Freitag;2;12;8;5;4;2;17;43;70;114;162;193;175;145;130;154;150;132;129;104;75;61;39;27;30
286;11252;St.Gallen Stadt Herisauerst.58;23.05.2020;Samstag;1;16;3;0;5;0;8;19;36;75;127;189;174;186;180;212;170;147;123;79;39;41;29;20;16
287;11252;St.Gallen Stadt Herisauerst.58;23.05.2020;Samstag;2;23;3;7;2;2;8;24;46;79;196;165;165;190;178;186;164;141;155;59;43;36;25;31;18
288;11252;St.Gallen Stadt Herisauerst.58;24.05.2020;Sonntag;1;11;17;5;0;2;6;5;8;17;35;52;61;56;64;75;80;108;89;74;51;33;30;27;8
289;11252;St.Gallen Stadt Herisauerst.58;24.05.2020;Sonntag;2;24;21;7;1;2;8;11;20;24;38;58;63;66;51;70;61;91;73;59;68;43;36;23;17
290;11252;St.Gallen Stadt Herisauerst.58;25.05.2020;Montag;1;7;3;1;2;10;27;135;215;130;174;164;178;160;164;193;173;201;237;149;74;52;33;25;18
291;11252;St.Gallen Stadt Herisauerst.58;25.05.2020;Montag;2;13;7;2;3;5;34;102;136;136;143;134;163;134;149;144;158;178;238;107;100;57;56;33;20
292;11252;St.Gallen Stadt Herisauerst.58;26.05.2020;Dienstag;1;11;3;2;2;7;33;143;165;135;141;162;163;193;161;164;181;201;233;155;70;52;35;29;12
293;11252;St.Gallen Stadt Herisauerst.58;26.05.2020;Dienstag;2;16;7;3;6;10;36;97;117;119;140;120;137;120;139;137;142;187;231;123;76;67;59;21;23
294;11252;St.Gallen Stadt Herisauerst.58;27.05.2020;Mittwoch;1;9;5;3;2;6;48;134;174;123;142;154;143;155;164;185;160;198;244;145;86;51;44;28;17
295;11252;St.Gallen Stadt Herisauerst.58;27.05.2020;Mittwoch;2;15;5;0;2;8;30;110;131;133;125;121;133;129;134;143;122;163;203;131;84;63;64;40;16
296;11252;St.Gallen Stadt Herisauerst.58;28.05.2020;Donnerstag;1;9;7;1;3;10;40;125;168;139;140;130;177;167;177;210;165;187;229;154;97;76;41;38;16
297;11252;St.Gallen Stadt Herisauerst.58;28.05.2020;Donnerstag;2;19;6;5;7;10;41;105;118;135;126;121;135;141;169;168;150;162;212;129;90;77;72;30;18
298;11252;St.Gallen Stadt Herisauerst.58;29.05.2020;Freitag;1;9;5;1;4;8;47;129;147;127;168;136;164;175;182;178;206;216;227;153;84;71;54;30;19
299;11252;St.Gallen Stadt Herisauerst.58;29.05.2020;Freitag;2;14;7;1;4;9;30;94;121;133;142;132;174;143;161;156;183;199;192;123;78;60;56;43;33
300;11252;St.Gallen Stadt Herisauerst.58;30.05.2020;Samstag;1;18;11;5;5;11;7;14;36;81;151;200;225;184;190;168;180;172;149;68;61;44;39;14;20
301;11252;St.Gallen Stadt Herisauerst.58;30.05.2020;Samstag;2;27;8;9;3;6;11;26;52;77;197;223;217;203;191;226;188;155;134;67;54;36;31;27;43
302;11252;St.Gallen Stadt Herisauerst.58;31.05.2020;Sonntag;1;22;7;7;2;3;5;3;9;21;45;63;62;78;61;58;76;70;79;58;62;44;39;29;22
303;11252;St.Gallen Stadt Herisauerst.58;31.05.2020;Sonntag;2;29;9;9;1;0;5;9;17;34;55;58;68;71;52;56;71;57;65;56;61;51;28;31;20
304;11252;St.Gallen Stadt Herisauerst.58;01.06.2020;Montag;1;11;6;6;2;4;6;7;12;17;43;62;77;67;71;79;71;91;85;74;67;51;47;22;11
305;11252;St.Gallen Stadt Herisauerst.58;01.06.2020;Montag;2;23;8;8;2;3;9;14;22;29;41;73;68;76;75;83;75;68;74;71;63;44;49;25;18
306;11252;St.Gallen Stadt Herisauerst.58;02.06.2020;Dienstag;1;8;2;0;3;8;34;140;183;136;181;182;172;154;180;169;156;204;251;130;86;53;45;29;9
307;11252;St.Gallen Stadt Herisauerst.58;02.06.2020;Dienstag;2;16;3;3;3;3;38;107;131;135;142;142;141;132;169;129;150;184;255;134;79;50;50;27;22
308;11252;St.Gallen Stadt Herisauerst.58;03.06.2020;Mittwoch;1;11;4;2;2;10;26;123;162;142;146;149;168;159;174;185;174;186;250;156;75;46;34;27;17
309;11252;St.Gallen Stadt Herisauerst.58;03.06.2020;Mittwoch;2;12;5;3;4;7;28;110;123;127;127;103;137;127;148;141;144;160;237;133;65;57;45;36;13
310;11252;St.Gallen Stadt Herisauerst.58;04.06.2020;Donnerstag;1;6;3;2;3;7;26;146;192;121;163;151;163;165;181;142;174;204;250;148;99;47;55;25;20
311;11252;St.Gallen Stadt Herisauerst.58;04.06.2020;Donnerstag;2;14;4;2;4;7;30;110;117;143;133;133;153;144;131;121;148;185;212;144;94;72;60;27;28
312;11252;St.Gallen Stadt Herisauerst.58;05.06.2020;Freitag;1;7;4;2;3;8;27;124;149;130;163;201;155;175;199;163;200;203;210;125;71;56;45;29;12
313;11252;St.Gallen Stadt Herisauerst.58;05.06.2020;Freitag;2;16;5;1;4;4;32;110;120;121;125;141;144;139;140;152;182;193;189;128;78;56;46;27;26
314;11252;St.Gallen Stadt Herisauerst.58;06.06.2020;Samstag;1;16;12;5;4;8;9;21;34;86;141;168;186;168;174;216;209;181;146;71;66;46;29;21;25
315;11252;St.Gallen Stadt Herisauerst.58;06.06.2020;Samstag;2;19;21;5;4;5;10;36;41;70;180;199;188;197;215;210;209;163;148;69;45;39;42;31;25
316;11252;St.Gallen Stadt Herisauerst.58;07.06.2020;Sonntag;1;22;13;8;4;3;9;8;8;11;31;40;61;54;44;65;57;61;51;75;52;39;51;31;13
317;11252;St.Gallen Stadt Herisauerst.58;07.06.2020;Sonntag;2;35;15;11;6;3;16;14;14;23;35;51;49;47;47;60;67;56;47;62;66;37;41;26;26
318;11252;St.Gallen Stadt Herisauerst.58;08.06.2020;Montag;1;8;7;0;7;11;34;136;188;137;165;151;184;166;187;164;178;229;253;145;85;45;52;38;15
319;11252;St.Gallen Stadt Herisauerst.58;08.06.2020;Montag;2;17;5;4;3;12;32;100;148;133;151;142;142;131;156;143;155;186;241;118;87;55;51;39;32
320;11252;St.Gallen Stadt Herisauerst.58;09.06.2020;Dienstag;1;11;1;4;5;5;37;133;169;123;147;139;165;169;156;163;179;211;246;151;73;44;58;40;21
321;11252;St.Gallen Stadt Herisauerst.58;09.06.2020;Dienstag;2;15;8;3;6;12;37;96;139;130;124;124;152;131;144;153;135;157;240;114;83;63;55;31;18
322;11252;St.Gallen Stadt Herisauerst.58;10.06.2020;Mittwoch;1;14;8;4;3;10;43;138;170;134;146;142;164;169;168;175;182;193;228;138;71;43;42;31;15
323;11252;St.Gallen Stadt Herisauerst.58;10.06.2020;Mittwoch;2;14;8;5;4;10;39;86;133;137;108;133;134;137;150;148;143;169;232;122;93;49;61;22;17
324;11252;St.Gallen Stadt Herisauerst.58;11.06.2020;Donnerstag;1;10;9;1;3;8;38;140;176;131;149;145;164;160;181;156;183;224;230;169;88;71;68;32;16
325;11252;St.Gallen Stadt Herisauerst.58;11.06.2020;Donnerstag;2;10;8;2;4;9;32;97;142;107;120;112;130;130;132;122;155;169;205;133;94;96;72;32;27
326;11252;St.Gallen Stadt Herisauerst.58;12.06.2020;Freitag;1;12;11;3;3;11;35;119;165;141;146;134;160;147;173;152;193;225;192;125;85;68;52;56;24
327;11252;St.Gallen Stadt Herisauerst.58;12.06.2020;Freitag;2;16;12;2;4;11;40;105;121;127;110;114;144;122;141;148;178;157;171;120;113;62;57;40;24
328;11252;St.Gallen Stadt Herisauerst.58;13.06.2020;Samstag;1;22;16;3;8;6;8;22;49;90;117;211;197;150;170;164;151;156;171;82;55;42;36;31;27
329;11252;St.Gallen Stadt Herisauerst.58;13.06.2020;Samstag;2;32;10;3;5;4;16;35;50;86;182;208;196;195;197;174;165;148;154;82;52;35;31;25;25
330;11252;St.Gallen Stadt Herisauerst.58;14.06.2020;Sonntag;1;23;16;6;4;6;3;7;7;12;23;55;58;73;59;69;59;56;68;70;55;38;28;22;16
331;11252;St.Gallen Stadt Herisauerst.58;14.06.2020;Sonntag;2;44;21;11;7;6;30;11;9;18;66;53;44;40;63;61;64;61;53;57;49;31;37;27;19
332;11252;St.Gallen Stadt Herisauerst.58;15.06.2020;Montag;1;8;3;3;4;7;29;147;175;146;163;156;156;158;175;156;160;195;225;129;72;62;51;22;19
333;11252;St.Gallen Stadt Herisauerst.58;15.06.2020;Montag;2;12;5;1;6;7;38;97;136;129;131;125;166;126;148;140;127;165;198;127;80;51;45;31;15
334;11252;St.Gallen Stadt Herisauerst.58;16.06.2020;Dienstag;1;9;2;2;0;6;43;124;172;139;144;145;156;156;172;170;161;184;222;158;75;56;43;23;18
335;11252;St.Gallen Stadt Herisauerst.58;16.06.2020;Dienstag;2;11;9;3;5;13;34;97;122;127;117;114;176;111;132;136;140;171;195;138;93;72;44;24;16
336;11252;St.Gallen Stadt Herisauerst.58;17.06.2020;Mittwoch;1;10;8;2;0;8;42;116;202;136;138;148;149;151;182;169;159;207;245;150;85;45;48;26;28
337;11252;St.Gallen Stadt Herisauerst.58;17.06.2020;Mittwoch;2;19;8;1;2;9;42;119;108;139;115;124;140;142;130;124;161;175;209;131;104;55;51;28;21
338;11252;St.Gallen Stadt Herisauerst.58;18.06.2020;Donnerstag;1;13;5;4;1;8;37;137;174;140;144;151;190;141;157;157;187;220;244;128;98;65;66;47;23
339;11252;St.Gallen Stadt Herisauerst.58;18.06.2020;Donnerstag;2;23;7;6;8;8;43;102;134;117;159;135;165;151;137;137;136;148;204;118;95;74;68;40;23
340;11252;St.Gallen Stadt Herisauerst.58;19.06.2020;Freitag;1;7;4;0;3;10;41;127;171;127;150;142;179;138;193;172;180;216;197;114;81;65;47;37;31
341;11252;St.Gallen Stadt Herisauerst.58;19.06.2020;Freitag;2;14;8;3;9;7;41;105;120;119;115;130;146;115;146;130;143;209;152;112;93;64;56;39;22
342;11252;St.Gallen Stadt Herisauerst.58;20.06.2020;Samstag;1;25;10;7;6;4;17;19;37;76;124;198;217;147;164;166;172;168;156;94;64;44;34;45;31
343;11252;St.Gallen Stadt Herisauerst.58;20.06.2020;Samstag;2;27;9;6;5;5;17;39;42;97;169;178;224;182;165;185;181;158;155;72;55;41;36;38;36
344;11252;St.Gallen Stadt Herisauerst.58;21.06.2020;Sonntag;1;26;18;10;4;7;3;10;12;21;38;60;81;80;67;75;82;75;60;71;65;50;38;24;19
345;11252;St.Gallen Stadt Herisauerst.58;21.06.2020;Sonntag;2;32;17;8;6;5;6;12;24;27;48;71;74;65;57;67;66;59;56;49;56;44;40;20;23
346;11252;St.Gallen Stadt Herisauerst.58;22.06.2020;Montag;1;10;5;1;0;12;32;123;203;161;134;139;166;184;176;134;154;228;230;156;83;52;54;38;19
347;11252;St.Gallen Stadt Herisauerst.58;22.06.2020;Montag;2;10;6;4;4;9;41;97;142;162;180;101;159;135;152;124;147;180;204;142;90;70;61;35;15
348;11252;St.Gallen Stadt Herisauerst.58;23.06.2020;Dienstag;1;9;2;1;3;10;37;121;183;154;156;151;150;154;179;155;146;171;233;135;87;63;51;30;20
349;11252;St.Gallen Stadt Herisauerst.58;23.06.2020;Dienstag;2;15;4;5;3;7;36;105;147;141;135;113;172;109;154;121;155;186;224;126;96;65;51;26;15
350;11252;St.Gallen Stadt Herisauerst.58;24.06.2020;Mittwoch;1;7;7;4;2;11;42;110;166;125;140;136;155;156;197;154;186;210;230;143;92;46;54;45;18
351;11252;St.Gallen Stadt Herisauerst.58;24.06.2020;Mittwoch;2;15;6;3;3;14;37;106;145;129;101;118;140;128;148;115;140;160;191;112;110;65;71;40;19
352;11252;St.Gallen Stadt Herisauerst.58;25.06.2020;Donnerstag;1;9;4;2;1;9;39;113;182;145;137;159;146;145;166;155;212;201;249;147;120;52;72;48;26
353;11252;St.Gallen Stadt Herisauerst.58;25.06.2020;Donnerstag;2;15;6;4;5;9;45;132;122;129;128;125;141;132;151;144;134;166;185;115;77;105;83;61;31
354;11252;St.Gallen Stadt Herisauerst.58;26.06.2020;Freitag;1;13;11;4;7;10;30;116;165;139;154;146;194;178;191;197;174;235;215;123;84;66;56;32;38
355;11252;St.Gallen Stadt Herisauerst.58;26.06.2020;Freitag;2;19;8;7;5;10;30;122;120;114;103;124;146;123;125;132;161;195;191;111;82;69;63;40;32
356;11252;St.Gallen Stadt Herisauerst.58;27.06.2020;Samstag;1;20;9;13;6;9;19;19;43;92;108;150;185;133;162;182;130;134;129;59;48;33;35;26;23
357;11252;St.Gallen Stadt Herisauerst.58;27.06.2020;Samstag;2;25;11;18;8;5;13;35;36;91;172;179;201;165;186;183;223;227;190;83;75;72;52;41;43
358;11252;St.Gallen Stadt Herisauerst.58;28.06.2020;Sonntag;1;19;14;11;5;4;6;11;10;28;24;59;56;58;59;85;75;62;64;62;50;41;39;17;11
359;11252;St.Gallen Stadt Herisauerst.58;28.06.2020;Sonntag;2;40;30;13;14;11;20;29;32;44;68;91;95;97;95;122;93;92;95;87;91;61;47;37;21
360;11252;St.Gallen Stadt Herisauerst.58;29.06.2020;Montag;1;7;2;4;2;6;32;121;183;135;148;147;186;169;191;146;169;179;260;111;78;57;56;31;14
361;11252;St.Gallen Stadt Herisauerst.58;29.06.2020;Montag;2;13;6;2;12;15;39;103;111;124;150;137;150;120;154;118;144;197;221;120;100;66;62;24;23
362;11252;St.Gallen Stadt Herisauerst.58;30.06.2020;Dienstag;1;8;5;4;4;11;39;146;192;134;142;135;144;151;155;161;171;218;228;159;93;69;55;34;19
363;11252;St.Gallen Stadt Herisauerst.58;30.06.2020;Dienstag;2;13;5;5;4;12;37;113;130;121;121;134;157;132;142;152;150;163;266;155;96;71;58;37;31
