LNR;ORT-ID;BEZEICHNUNG;DATUM;WOCHENTAG;RI;1;2;3;4;5;6;7;8;9;10;11;12;13;14;15;16;17;18;19;20;21;22;23;24
0;11077;St.Gallen Stadt Bildweiherstr.;01.01.2020;Mittwoch;1;33;48;34;18;7;18;17;21;24;28;36;54;66;83;87;71;88;64;76;47;38;65;28;13
1;11077;St.Gallen Stadt Bildweiherstr.;01.01.2020;Mittwoch;2;27;39;35;22;7;15;9;5;14;24;23;39;60;69;56;82;76;85;76;79;47;47;22;18
2;11077;St.Gallen Stadt Bildweiherstr.;02.01.2020;Donnerstag;1;14;7;7;5;14;26;70;78;103;135;153;162;117;177;184;191;180;153;93;63;44;73;43;25
3;11077;St.Gallen Stadt Bildweiherstr.;02.01.2020;Donnerstag;2;23;9;7;1;4;14;70;87;64;85;126;135;138;134;159;185;169;132;119;103;60;57;46;17
4;11077;St.Gallen Stadt Bildweiherstr.;03.01.2020;Freitag;1;17;8;11;8;22;34;88;126;133;154;170;206;165;205;203;183;231;180;113;81;50;31;39;32
5;11077;St.Gallen Stadt Bildweiherstr.;03.01.2020;Freitag;2;18;10;7;7;8;20;56;125;99;98;152;196;166;184;165;191;198;158;133;86;57;53;39;21
6;11077;St.Gallen Stadt Bildweiherstr.;04.01.2020;Samstag;1;16;16;8;14;14;15;32;51;80;116;147;138;126;108;150;145;127;106;112;63;52;61;31;38
7;11077;St.Gallen Stadt Bildweiherstr.;04.01.2020;Samstag;2;26;24;12;5;6;10;16;26;37;109;118;137;123;123;135;137;162;137;98;62;48;43;37;48
8;11077;St.Gallen Stadt Bildweiherstr.;05.01.2020;Sonntag;1;28;13;21;7;10;13;16;22;52;67;86;106;108;111;102;102;104;113;80;77;58;41;17;16
9;11077;St.Gallen Stadt Bildweiherstr.;05.01.2020;Sonntag;2;43;20;20;9;6;5;8;21;23;62;52;92;86;95;100;94;123;100;91;70;61;30;22;29
10;11077;St.Gallen Stadt Bildweiherstr.;06.01.2020;Montag;1;13;12;4;4;27;68;205;227;193;174;185;213;217;222;216;231;320;341;162;99;65;60;31;17
11;11077;St.Gallen Stadt Bildweiherstr.;06.01.2020;Montag;2;9;12;3;7;11;43;205;303;135;169;178;201;194;222;204;193;233;290;166;99;66;74;50;23
12;11077;St.Gallen Stadt Bildweiherstr.;07.01.2020;Dienstag;1;11;6;5;7;26;54;209;262;169;179;176;221;212;183;196;188;316;326;154;106;55;70;38;16
13;11077;St.Gallen Stadt Bildweiherstr.;07.01.2020;Dienstag;2;14;11;8;6;15;34;192;284;135;147;149;192;202;200;162;173;214;261;168;142;66;59;36;22
14;11077;St.Gallen Stadt Bildweiherstr.;08.01.2020;Mittwoch;1;14;3;4;6;27;66;210;272;174;174;173;254;201;223;211;214;345;386;184;128;74;92;32;25
15;11077;St.Gallen Stadt Bildweiherstr.;08.01.2020;Mittwoch;2;14;7;6;4;12;34;205;280;163;121;165;220;209;219;173;185;233;316;210;133;84;72;52;24
16;11077;St.Gallen Stadt Bildweiherstr.;09.01.2020;Donnerstag;1;12;8;5;10;27;78;205;268;187;185;172;235;235;218;192;202;316;361;192;113;79;110;43;22
17;11077;St.Gallen Stadt Bildweiherstr.;09.01.2020;Donnerstag;2;17;12;6;4;14;34;193;288;170;158;171;229;197;218;171;189;226;276;211;153;86;68;60;36
18;11077;St.Gallen Stadt Bildweiherstr.;10.01.2020;Freitag;1;16;8;9;5;29;65;192;247;189;198;171;248;226;214;194;254;321;309;167;105;80;77;47;36
19;11077;St.Gallen Stadt Bildweiherstr.;10.01.2020;Freitag;2;14;14;8;8;13;45;190;277;143;149;175;210;207;240;187;219;244;243;192;120;73;66;56;44
20;11077;St.Gallen Stadt Bildweiherstr.;11.01.2020;Samstag;1;27;20;8;13;11;25;43;56;106;168;177;153;154;159;166;181;141;136;152;77;58;65;45;38
21;11077;St.Gallen Stadt Bildweiherstr.;11.01.2020;Samstag;2;26;20;21;8;14;20;23;40;77;144;151;177;136;164;164;166;186;159;114;73;51;58;48;55
22;11077;St.Gallen Stadt Bildweiherstr.;12.01.2020;Sonntag;1;25;14;19;8;7;10;20;30;46;82;76;118;143;116;128;121;113;115;81;69;57;43;15;17
23;11077;St.Gallen Stadt Bildweiherstr.;12.01.2020;Sonntag;2;34;26;19;11;11;7;10;21;22;83;50;82;102;96;101;113;127;88;102;77;60;45;24;22
24;11077;St.Gallen Stadt Bildweiherstr.;13.01.2020;Montag;1;10;6;8;8;26;70;215;270;196;175;163;228;214;207;219;226;339;353;202;102;51;55;31;15
25;11077;St.Gallen Stadt Bildweiherstr.;13.01.2020;Montag;2;15;8;2;2;15;50;206;323;150;141;164;187;199;223;173;189;217;307;206;104;69;67;42;25
26;11077;St.Gallen Stadt Bildweiherstr.;14.01.2020;Dienstag;1;11;3;12;7;37;77;226;260;202;177;153;242;213;212;201;223;343;381;181;113;64;68;54;20
27;11077;St.Gallen Stadt Bildweiherstr.;14.01.2020;Dienstag;2;21;14;9;3;14;48;199;310;146;148;157;178;177;234;159;179;280;294;220;144;72;64;51;21
28;11077;St.Gallen Stadt Bildweiherstr.;15.01.2020;Mittwoch;1;9;9;9;11;28;72;221;293;178;198;165;232;225;253;226;216;318;338;192;102;67;85;47;24
29;11077;St.Gallen Stadt Bildweiherstr.;15.01.2020;Mittwoch;2;14;12;6;3;9;48;195;314;150;153;177;194;228;238;174;201;235;288;197;144;68;75;40;32
30;11077;St.Gallen Stadt Bildweiherstr.;16.01.2020;Donnerstag;1;12;4;7;9;28;81;225;289;172;184;166;232;240;243;198;214;380;353;189;125;88;108;52;20
31;11077;St.Gallen Stadt Bildweiherstr.;16.01.2020;Donnerstag;2;18;12;4;3;12;41;205;314;169;168;155;190;220;237;156;189;265;283;199;164;91;82;45;40
32;11077;St.Gallen Stadt Bildweiherstr.;17.01.2020;Freitag;1;16;8;6;4;29;85;206;261;204;188;173;244;251;256;206;267;356;359;194;111;74;69;52;31
33;11077;St.Gallen Stadt Bildweiherstr.;17.01.2020;Freitag;2;21;11;5;4;8;58;198;283;155;169;177;210;216;227;213;220;261;295;311;115;76;66;48;54
34;11077;St.Gallen Stadt Bildweiherstr.;18.01.2020;Samstag;1;23;14;13;10;15;30;40;70;108;188;217;174;156;157;193;148;152;108;125;82;52;71;26;38
35;11077;St.Gallen Stadt Bildweiherstr.;18.01.2020;Samstag;2;28;16;15;6;7;15;52;31;67;145;178;168;150;155;162;146;193;136;100;74;49;53;56;42
36;11077;St.Gallen Stadt Bildweiherstr.;19.01.2020;Sonntag;1;24;26;9;13;10;14;15;32;53;82;78;82;118;102;132;105;126;115;93;95;54;31;23;12
37;11077;St.Gallen Stadt Bildweiherstr.;19.01.2020;Sonntag;2;44;29;8;11;4;5;7;18;19;76;45;75;81;97;90;99;115;104;95;77;72;45;34;26
38;11077;St.Gallen Stadt Bildweiherstr.;20.01.2020;Montag;1;13;4;5;7;26;76;230;274;206;180;189;206;239;204;198;250;319;387;183;95;76;60;42;21
39;11077;St.Gallen Stadt Bildweiherstr.;20.01.2020;Montag;2;14;6;4;4;8;46;212;338;168;161;154;224;189;214;163;209;242;303;218;98;67;69;52;26
40;11077;St.Gallen Stadt Bildweiherstr.;21.01.2020;Dienstag;1;12;7;7;8;28;74;228;268;183;179;149;238;228;219;186;198;312;375;185;98;58;89;62;19
41;11077;St.Gallen Stadt Bildweiherstr.;21.01.2020;Dienstag;2;11;12;2;6;9;39;220;271;161;140;168;182;186;211;150;157;232;291;201;164;77;71;44;24
42;11077;St.Gallen Stadt Bildweiherstr.;22.01.2020;Mittwoch;1;10;3;3;4;28;72;223;254;202;178;160;232;230;200;213;196;312;352;189;101;76;93;37;21
43;11077;St.Gallen Stadt Bildweiherstr.;22.01.2020;Mittwoch;2;12;7;4;4;9;42;196;289;157;142;149;198;231;206;153;167;230;270;188;150;85;71;59;28
44;11077;St.Gallen Stadt Bildweiherstr.;23.01.2020;Donnerstag;1;14;7;5;5;37;74;237;257;207;174;164;236;228;212;191;214;309;345;177;115;62;119;44;28
45;11077;St.Gallen Stadt Bildweiherstr.;23.01.2020;Donnerstag;2;17;8;5;2;16;47;190;308;163;163;149;196;227;211;166;163;213;280;179;170;91;90;51;42
46;11077;St.Gallen Stadt Bildweiherstr.;24.01.2020;Freitag;1;9;7;6;5;29;76;212;250;190;180;197;246;252;232;237;253;347;345;200;117;65;64;71;31
47;11077;St.Gallen Stadt Bildweiherstr.;24.01.2020;Freitag;2;14;5;7;5;11;48;192;275;145;160;191;208;212;215;200;236;228;277;192;137;67;74;64;44
48;11077;St.Gallen Stadt Bildweiherstr.;25.01.2020;Samstag;1;36;18;12;11;14;24;36;69;105;193;179;198;146;154;162;120;149;115;146;65;67;70;34;35
49;11077;St.Gallen Stadt Bildweiherstr.;25.01.2020;Samstag;2;37;19;11;5;8;13;31;25;62;143;140;182;146;151;159;153;176;134;125;78;48;43;43;43
50;11077;St.Gallen Stadt Bildweiherstr.;26.01.2020;Sonntag;1;25;20;12;6;8;15;22;28;31;69;81;110;153;148;124;125;90;85;129;83;65;28;20;13
51;11077;St.Gallen Stadt Bildweiherstr.;26.01.2020;Sonntag;2;32;29;10;10;6;8;9;8;17;69;62;81;117;107;119;149;118;96;111;65;59;39;32;25
52;11077;St.Gallen Stadt Bildweiherstr.;27.01.2020;Montag;1;9;3;8;10;17;78;199;248;172;170;159;198;199;203;203;223;278;349;163;99;55;51;32;16
53;11077;St.Gallen Stadt Bildweiherstr.;27.01.2020;Montag;2;11;8;4;2;13;42;214;271;155;145;151;171;184;201;171;187;211;278;170;119;71;60;36;22
54;11077;St.Gallen Stadt Bildweiherstr.;28.01.2020;Dienstag;1;11;8;6;6;21;65;227;249;159;192;171;209;222;189;170;199;324;320;157;96;56;71;43;26
55;11077;St.Gallen Stadt Bildweiherstr.;28.01.2020;Dienstag;2;13;12;5;2;8;48;197;280;162;133;168;175;213;203;165;161;212;259;183;133;67;57;51;18
56;11077;St.Gallen Stadt Bildweiherstr.;29.01.2020;Mittwoch;1;15;6;10;9;27;74;223;260;153;173;186;241;231;215;183;191;284;314;179;102;76;80;30;22
57;11077;St.Gallen Stadt Bildweiherstr.;29.01.2020;Mittwoch;2;18;12;5;5;7;54;204;276;133;150;155;179;206;219;171;199;216;255;198;125;81;61;51;29
58;11077;St.Gallen Stadt Bildweiherstr.;30.01.2020;Donnerstag;1;12;11;7;9;23;66;208;238;158;185;169;220;230;216;209;203;322;353;191;106;75;107;46;17
59;11077;St.Gallen Stadt Bildweiherstr.;30.01.2020;Donnerstag;2;14;10;3;5;9;45;196;272;152;135;146;204;230;200;189;191;238;260;180;169;71;69;51;30
60;11077;St.Gallen Stadt Bildweiherstr.;31.01.2020;Freitag;1;9;7;5;11;25;70;195;218;180;184;178;240;258;207;240;238;314;301;148;93;71;61;43;28
61;11077;St.Gallen Stadt Bildweiherstr.;31.01.2020;Freitag;2;22;8;6;6;11;54;172;250;141;138;190;216;208;229;165;184;241;236;179;101;91;56;61;38
62;11077;St.Gallen Stadt Bildweiherstr.;01.02.2020;Samstag;1;32;22;10;13;21;23;47;67;109;185;194;189;165;153;170;127;151;123;148;82;53;67;42;28
63;11077;St.Gallen Stadt Bildweiherstr.;01.02.2020;Samstag;2;34;21;16;4;11;16;28;34;69;131;183;175;161;167;171;162;195;129;117;79;56;50;48;45
64;11077;St.Gallen Stadt Bildweiherstr.;02.02.2020;Sonntag;1;24;20;10;18;7;11;20;23;42;71;90;101;157;108;97;98;91;102;95;74;51;35;31;16
65;11077;St.Gallen Stadt Bildweiherstr.;02.02.2020;Sonntag;2;33;19;11;13;8;5;11;8;18;67;72;79;84;88;79;99;111;96;83;68;56;40;38;20
66;11077;St.Gallen Stadt Bildweiherstr.;03.02.2020;Montag;1;13;4;6;6;30;80;228;255;188;168;191;214;221;203;198;230;295;357;187;103;70;49;40;17
67;11077;St.Gallen Stadt Bildweiherstr.;03.02.2020;Montag;2;14;5;5;2;14;46;213;291;165;151;145;188;216;183;170;214;226;288;183;116;70;80;49;16
68;11077;St.Gallen Stadt Bildweiherstr.;04.02.2020;Dienstag;1;11;6;4;5;30;77;236;257;175;177;187;218;252;186;190;210;327;351;194;108;50;96;42;19
69;11077;St.Gallen Stadt Bildweiherstr.;04.02.2020;Dienstag;2;12;13;6;6;8;53;186;284;173;166;185;183;207;205;183;159;240;316;193;143;81;67;48;30
70;11077;St.Gallen Stadt Bildweiherstr.;05.02.2020;Mittwoch;1;10;8;4;6;31;79;209;266;181;174;171;229;254;223;204;211;290;400;211;105;77;101;36;21
71;11077;St.Gallen Stadt Bildweiherstr.;05.02.2020;Mittwoch;2;15;13;3;5;17;46;196;248;169;152;161;200;220;195;180;160;267;274;208;150;73;68;73;38
72;11077;St.Gallen Stadt Bildweiherstr.;06.02.2020;Donnerstag;1;13;4;3;10;33;84;226;272;162;165;188;273;233;236;215;239;279;347;220;124;74;100;48;19
73;11077;St.Gallen Stadt Bildweiherstr.;06.02.2020;Donnerstag;2;11;15;5;5;13;39;206;285;173;153;141;203;201;229;183;172;222;265;231;152;105;90;62;37
74;11077;St.Gallen Stadt Bildweiherstr.;07.02.2020;Freitag;1;10;6;9;8;28;86;210;254;170;197;176;241;250;240;232;230;322;342;189;126;73;46;52;36
75;11077;St.Gallen Stadt Bildweiherstr.;07.02.2020;Freitag;2;14;15;4;4;11;49;188;256;175;148;159;192;214;241;186;194;263;286;179;128;91;67;59;55
76;11077;St.Gallen Stadt Bildweiherstr.;08.02.2020;Samstag;1;32;10;14;10;7;60;66;107;135;199;193;167;200;181;172;138;136;139;134;93;51;67;35;28
77;11077;St.Gallen Stadt Bildweiherstr.;08.02.2020;Samstag;2;37;28;12;10;6;12;17;37;83;169;136;180;168;162;170;149;209;144;137;77;64;50;54;45
78;11077;St.Gallen Stadt Bildweiherstr.;09.02.2020;Sonntag;1;29;9;26;12;8;13;20;18;51;74;100;130;145;125;138;123;92;102;156;98;57;33;23;16
79;11077;St.Gallen Stadt Bildweiherstr.;09.02.2020;Sonntag;2;33;28;21;7;2;5;11;15;17;68;75;102;107;119;133;174;126;95;161;79;62;42;38;17
80;11077;St.Gallen Stadt Bildweiherstr.;10.02.2020;Montag;1;12;12;3;11;34;80;206;270;197;146;149;208;224;207;194;209;307;353;193;103;55;47;32;20
81;11077;St.Gallen Stadt Bildweiherstr.;10.02.2020;Montag;2;17;10;1;5;10;43;203;362;160;134;163;199;201;227;155;170;218;304;195;100;77;62;41;27
82;11077;St.Gallen Stadt Bildweiherstr.;11.02.2020;Dienstag;1;7;6;3;6;32;76;219;267;175;199;166;237;229;204;199;201;328;372;163;94;52;74;46;16
83;11077;St.Gallen Stadt Bildweiherstr.;11.02.2020;Dienstag;2;13;8;5;2;8;41;202;288;172;155;153;163;236;228;188;181;223;277;194;145;80;74;54;27
84;11077;St.Gallen Stadt Bildweiherstr.;12.02.2020;Mittwoch;1;12;5;8;6;35;80;208;269;185;189;173;204;240;202;221;219;312;361;179;120;82;96;44;29
85;11077;St.Gallen Stadt Bildweiherstr.;12.02.2020;Mittwoch;2;15;7;7;1;8;53;196;282;165;149;146;196;207;214;179;213;234;281;221;147;84;75;58;30
86;11077;St.Gallen Stadt Bildweiherstr.;13.02.2020;Donnerstag;1;12;5;4;6;26;86;220;251;166;180;179;235;251;200;199;243;282;341;232;118;74;100;35;20
87;11077;St.Gallen Stadt Bildweiherstr.;13.02.2020;Donnerstag;2;17;12;7;3;6;40;194;291;170;158;165;217;211;204;198;195;221;271;193;155;95;81;49;24
88;11077;St.Gallen Stadt Bildweiherstr.;14.02.2020;Freitag;1;15;4;6;6;30;75;218;272;190;181;170;224;236;238;245;247;335;320;195;138;60;66;53;50
89;11077;St.Gallen Stadt Bildweiherstr.;14.02.2020;Freitag;2;17;8;5;4;8;47;187;295;166;147;167;186;208;249;210;206;243;243;202;123;77;84;61;43
90;11077;St.Gallen Stadt Bildweiherstr.;15.02.2020;Samstag;1;17;18;10;14;12;27;51;63;124;182;202;178;178;173;167;144;142;143;129;85;63;75;47;49
91;11077;St.Gallen Stadt Bildweiherstr.;15.02.2020;Samstag;2;28;29;19;6;3;11;24;47;84;150;154;165;155;170;141;141;194;162;129;78;78;66;48;47
92;11077;St.Gallen Stadt Bildweiherstr.;16.02.2020;Sonntag;1;33;18;16;8;12;10;23;28;47;85;85;122;159;118;136;134;107;111;91;85;41;34;25;13
93;11077;St.Gallen Stadt Bildweiherstr.;16.02.2020;Sonntag;2;34;23;24;5;4;7;8;17;25;83;60;93;96;104;102;97;114;134;121;81;72;45;31;17
94;11077;St.Gallen Stadt Bildweiherstr.;17.02.2020;Montag;1;8;3;3;6;23;82;219;258;192;183;173;216;244;223;183;236;299;394;183;102;69;66;36;14
95;11077;St.Gallen Stadt Bildweiherstr.;17.02.2020;Montag;2;14;7;4;1;7;40;209;285;183;143;182;203;197;218;171;184;254;267;197;120;78;71;44;20
96;11077;St.Gallen Stadt Bildweiherstr.;18.02.2020;Dienstag;1;7;8;4;6;29;86;228;262;190;186;154;216;215;199;176;243;321;377;193;97;66;85;37;21
97;11077;St.Gallen Stadt Bildweiherstr.;18.02.2020;Dienstag;2;18;13;4;4;10;51;199;305;166;151;142;178;203;211;173;160;245;273;204;135;92;61;40;27
98;11077;St.Gallen Stadt Bildweiherstr.;19.02.2020;Mittwoch;1;13;4;4;8;26;86;227;278;169;176;184;219;235;228;212;225;325;372;206;142;69;86;44;27
99;11077;St.Gallen Stadt Bildweiherstr.;19.02.2020;Mittwoch;2;11;10;4;2;12;50;210;290;157;167;149;196;228;216;190;189;221;323;205;168;78;72;58;32
100;11077;St.Gallen Stadt Bildweiherstr.;20.02.2020;Donnerstag;1;11;7;5;8;28;86;224;270;168;184;154;245;229;210;211;209;320;352;179;108;63;98;43;18
101;11077;St.Gallen Stadt Bildweiherstr.;20.02.2020;Donnerstag;2;13;10;10;3;10;46;207;295;160;151;158;202;205;208;183;188;237;278;191;138;90;77;53;28
102;11077;St.Gallen Stadt Bildweiherstr.;21.02.2020;Freitag;1;9;3;8;10;25;79;224;259;175;199;167;255;247;208;214;266;317;379;178;121;81;54;48;38
103;11077;St.Gallen Stadt Bildweiherstr.;21.02.2020;Freitag;2;22;9;6;4;7;42;192;278;153;163;176;200;188;232;166;223;228;229;179;143;78;70;62;38
104;11077;St.Gallen Stadt Bildweiherstr.;22.02.2020;Samstag;1;24;13;10;15;10;23;51;63;148;174;199;201;220;157;167;146;144;159;136;88;59;79;39;42
105;11077;St.Gallen Stadt Bildweiherstr.;22.02.2020;Samstag;2;25;36;16;10;10;11;24;46;87;188;146;191;152;147;160;131;199;156;137;83;55;45;47;42
106;11077;St.Gallen Stadt Bildweiherstr.;23.02.2020;Sonntag;1;22;8;11;11;17;14;16;31;55;77;84;116;138;109;100;122;82;72;139;86;44;41;25;10
107;11077;St.Gallen Stadt Bildweiherstr.;23.02.2020;Sonntag;2;29;18;17;14;10;3;13;18;35;80;55;80;96;117;108;149;99;71;113;71;52;45;26;15
108;11077;St.Gallen Stadt Bildweiherstr.;24.02.2020;Montag;1;7;1;5;10;33;85;228;258;183;166;166;191;217;240;199;218;335;374;177;102;77;53;36;13
109;11077;St.Gallen Stadt Bildweiherstr.;24.02.2020;Montag;2;8;5;6;4;7;48;221;312;153;148;168;174;217;213;184;200;263;278;196;113;83;61;42;23
110;11077;St.Gallen Stadt Bildweiherstr.;25.02.2020;Dienstag;1;12;4;5;8;28;75;248;238;169;205;170;248;249;216;214;242;318;370;169;102;72;82;39;26
111;11077;St.Gallen Stadt Bildweiherstr.;25.02.2020;Dienstag;2;13;10;3;2;10;46;219;321;162;155;158;191;214;230;168;187;244;269;196;132;87;73;46;23
112;11077;St.Gallen Stadt Bildweiherstr.;26.02.2020;Mittwoch;1;14;4;9;10;28;82;204;256;195;177;165;233;240;202;205;235;321;362;199;97;65;89;41;18
113;11077;St.Gallen Stadt Bildweiherstr.;26.02.2020;Mittwoch;2;15;11;4;7;10;53;219;283;163;147;168;211;214;226;177;197;211;338;251;128;80;70;40;27
114;11077;St.Gallen Stadt Bildweiherstr.;27.02.2020;Donnerstag;1;19;6;6;8;32;79;219;251;192;177;164;207;231;244;171;222;300;347;205;100;59;108;39;20
115;11077;St.Gallen Stadt Bildweiherstr.;27.02.2020;Donnerstag;2;13;9;8;6;9;42;207;289;171;153;137;224;200;227;182;182;211;259;206;151;92;71;52;24
116;11077;St.Gallen Stadt Bildweiherstr.;28.02.2020;Freitag;1;12;1;8;10;30;80;208;249;188;188;187;230;238;239;242;257;347;304;179;119;86;61;50;28
117;11077;St.Gallen Stadt Bildweiherstr.;28.02.2020;Freitag;2;16;10;4;5;6;42;191;287;149;158;164;217;225;252;203;226;232;255;202;128;91;79;61;49
118;11077;St.Gallen Stadt Bildweiherstr.;29.02.2020;Samstag;1;18;13;9;14;15;22;50;66;153;199;199;169;167;150;182;153;115;135;112;79;55;77;29;39
119;11077;St.Gallen Stadt Bildweiherstr.;29.02.2020;Samstag;2;41;23;9;7;6;12;32;33;88;138;171;188;167;155;151;125;199;142;106;83;45;49;43;48
120;11077;St.Gallen Stadt Bildweiherstr.;01.03.2020;Sonntag;1;27;11;7;13;7;11;25;18;42;76;90;104;170;131;156;144;121;117;97;92;52;26;29;26
121;11077;St.Gallen Stadt Bildweiherstr.;01.03.2020;Sonntag;2;44;12;14;15;7;10;11;13;27;71;54;101;120;124;115;131;133;127;104;72;73;44;40;24
122;11077;St.Gallen Stadt Bildweiherstr.;02.03.2020;Montag;1;12;2;3;9;21;88;210;261;194;169;177;246;235;214;200;210;305;348;183;119;62;47;26;18
123;11077;St.Gallen Stadt Bildweiherstr.;02.03.2020;Montag;2;10;8;7;4;8;39;201;313;155;148;161;203;209;206;168;179;231;262;183;98;81;66;41;17
124;11077;St.Gallen Stadt Bildweiherstr.;03.03.2020;Dienstag;1;9;7;3;7;28;84;232;253;170;171;150;213;224;215;196;217;305;370;200;94;69;77;51;16
125;11077;St.Gallen Stadt Bildweiherstr.;03.03.2020;Dienstag;2;16;12;5;5;11;54;206;266;155;148;153;172;204;203;176;193;207;275;215;113;84;71;48;21
126;11077;St.Gallen Stadt Bildweiherstr.;04.03.2020;Mittwoch;1;10;5;3;8;25;77;218;269;186;196;195;267;230;217;199;238;294;357;184;123;71;90;40;11
127;11077;St.Gallen Stadt Bildweiherstr.;04.03.2020;Mittwoch;2;15;12;4;3;10;55;212;282;180;157;182;197;230;219;185;211;222;293;216;130;88;77;52;22
128;11077;St.Gallen Stadt Bildweiherstr.;05.03.2020;Donnerstag;1;17;6;4;12;30;97;225;257;189;192;154;238;247;203;192;211;322;330;186;113;69;76;36;17
129;11077;St.Gallen Stadt Bildweiherstr.;05.03.2020;Donnerstag;2;13;13;7;3;9;49;217;292;156;154;157;191;203;211;165;182;246;247;176;140;94;67;51;24
130;11077;St.Gallen Stadt Bildweiherstr.;06.03.2020;Freitag;1;12;9;5;8;30;83;202;228;198;193;180;258;250;227;226;251;346;298;196;126;80;47;42;34
131;11077;St.Gallen Stadt Bildweiherstr.;06.03.2020;Freitag;2;25;8;6;5;8;51;209;260;154;152;168;199;218;226;184;220;274;259;189;112;77;65;74;44
132;11077;St.Gallen Stadt Bildweiherstr.;07.03.2020;Samstag;1;29;13;12;14;5;16;39;63;118;159;163;153;143;176;140;140;146;128;139;66;53;59;38;23
133;11077;St.Gallen Stadt Bildweiherstr.;07.03.2020;Samstag;2;31;20;20;9;7;8;22;43;62;119;155;151;154;153;154;152;168;140;128;64;50;54;44;41
134;11077;St.Gallen Stadt Bildweiherstr.;08.03.2020;Sonntag;1;31;14;8;10;10;14;26;36;45;80;116;139;166;139;138;152;132;115;103;81;42;39;25;13
135;11077;St.Gallen Stadt Bildweiherstr.;08.03.2020;Sonntag;2;39;21;15;5;9;14;13;23;35;81;71;109;105;96;113;136;140;131;108;88;72;42;34;21
136;11077;St.Gallen Stadt Bildweiherstr.;09.03.2020;Montag;1;12;9;4;7;26;84;226;278;175;170;151;224;221;245;199;194;325;362;162;110;73;44;46;22
137;11077;St.Gallen Stadt Bildweiherstr.;09.03.2020;Montag;2;18;8;2;4;6;37;221;268;175;143;153;219;208;197;142;167;231;283;193;123;73;67;39;30
138;11077;St.Gallen Stadt Bildweiherstr.;10.03.2020;Dienstag;1;8;6;3;10;29;81;224;269;182;184;163;226;232;194;192;197;331;348;179;100;63;72;40;15
139;11077;St.Gallen Stadt Bildweiherstr.;10.03.2020;Dienstag;2;15;11;6;3;7;39;221;271;151;154;139;200;228;165;161;169;267;333;206;124;82;72;40;22
140;11077;St.Gallen Stadt Bildweiherstr.;11.03.2020;Mittwoch;1;7;5;5;9;27;80;225;267;174;185;174;239;232;253;187;218;298;358;194;126;76;77;40;22
141;11077;St.Gallen Stadt Bildweiherstr.;11.03.2020;Mittwoch;2;8;10;8;4;6;36;223;279;152;153;158;207;223;206;177;176;273;281;184;142;75;85;45;27
142;11077;St.Gallen Stadt Bildweiherstr.;12.03.2020;Donnerstag;1;11;8;5;6;26;85;222;241;167;171;164;207;220;213;192;203;320;344;216;109;71;64;40;17
143;11077;St.Gallen Stadt Bildweiherstr.;12.03.2020;Donnerstag;2;14;10;7;4;5;38;219;271;163;142;154;194;199;221;153;189;248;269;180;130;95;83;57;17
144;11077;St.Gallen Stadt Bildweiherstr.;13.03.2020;Freitag;1;12;11;2;9;23;83;211;252;175;175;179;257;242;222;225;256;330;335;202;116;79;73;44;36
145;11077;St.Gallen Stadt Bildweiherstr.;13.03.2020;Freitag;2;17;12;3;6;5;37;187;253;164;130;171;200;224;224;173;220;268;287;204;141;76;72;55;46
146;11077;St.Gallen Stadt Bildweiherstr.;14.03.2020;Samstag;1;22;16;6;11;10;17;42;76;134;175;199;174;170;159;148;138;101;109;112;77;40;35;34;27
147;11077;St.Gallen Stadt Bildweiherstr.;14.03.2020;Samstag;2;22;25;14;2;6;9;23;44;84;157;173;190;142;157;163;138;142;120;68;79;52;39;35;33
148;11077;St.Gallen Stadt Bildweiherstr.;15.03.2020;Sonntag;1;23;18;11;8;2;15;25;27;47;61;82;109;94;148;138;128;114;101;85;76;46;37;22;10
149;11077;St.Gallen Stadt Bildweiherstr.;15.03.2020;Sonntag;2;27;25;14;4;3;3;11;17;32;48;67;87;102;102;113;111;121;112;105;66;64;47;33;16
150;11077;St.Gallen Stadt Bildweiherstr.;16.03.2020;Montag;1;11;4;5;6;31;86;222;271;195;196;196;230;205;227;223;198;285;351;190;104;65;49;24;13
151;11077;St.Gallen Stadt Bildweiherstr.;16.03.2020;Montag;2;12;8;3;2;8;42;206;274;157;176;185;191;233;188;189;182;249;274;220;141;62;65;32;15
152;11077;St.Gallen Stadt Bildweiherstr.;17.03.2020;Dienstag;1;12;1;5;7;30;88;198;223;137;169;154;171;206;196;156;184;235;289;133;73;37;39;22;10
153;11077;St.Gallen Stadt Bildweiherstr.;17.03.2020;Dienstag;2;15;7;6;2;10;35;186;224;137;124;140;165;178;170;151;157;179;248;164;62;50;40;28;10
154;11077;St.Gallen Stadt Bildweiherstr.;18.03.2020;Mittwoch;1;8;3;3;3;26;86;195;253;146;153;157;178;205;191;173;184;259;264;110;77;53;53;23;11
155;11077;St.Gallen Stadt Bildweiherstr.;18.03.2020;Mittwoch;2;8;9;2;1;5;33;178;230;142;134;154;164;171;160;154;159;203;267;137;86;46;44;23;11
156;11077;St.Gallen Stadt Bildweiherstr.;19.03.2020;Donnerstag;1;6;3;2;3;32;85;194;214;152;162;158;172;171;187;154;205;249;276;139;66;42;48;24;7
157;11077;St.Gallen Stadt Bildweiherstr.;19.03.2020;Donnerstag;2;10;10;5;3;6;34;178;240;135;119;154;153;152;160;171;166;208;246;137;73;46;43;32;10
158;11077;St.Gallen Stadt Bildweiherstr.;20.03.2020;Freitag;1;11;2;2;4;31;75;187;201;168;151;169;174;194;183;219;234;245;237;102;80;48;39;28;5
159;11077;St.Gallen Stadt Bildweiherstr.;20.03.2020;Freitag;2;12;11;3;4;6;42;149;187;112;142;161;161;156;171;185;189;213;199;141;84;50;35;32;16
160;11077;St.Gallen Stadt Bildweiherstr.;21.03.2020;Samstag;1;15;3;3;3;9;16;37;48;72;116;120;126;109;105;96;118;87;74;61;46;42;23;20;18
161;11077;St.Gallen Stadt Bildweiherstr.;21.03.2020;Samstag;2;15;12;6;5;2;9;25;36;52;94;97;108;111;87;89;106;90;72;59;39;37;15;30;22
162;11077;St.Gallen Stadt Bildweiherstr.;22.03.2020;Sonntag;1;16;4;2;1;3;6;12;22;27;34;54;74;69;74;73;85;80;70;54;48;48;29;9;11
163;11077;St.Gallen Stadt Bildweiherstr.;22.03.2020;Sonntag;2;15;10;3;2;1;6;6;14;19;28;33;60;48;61;73;74;64;76;64;39;37;32;18;12
164;11077;St.Gallen Stadt Bildweiherstr.;23.03.2020;Montag;1;10;2;5;5;24;71;179;197;126;140;141;146;182;168;162;180;202;273;111;55;38;39;31;13
165;11077;St.Gallen Stadt Bildweiherstr.;23.03.2020;Montag;2;9;4;3;2;2;32;182;225;101;97;117;142;143;139;147;145;171;222;123;62;40;36;18;21
166;11077;St.Gallen Stadt Bildweiherstr.;24.03.2020;Dienstag;1;5;1;5;6;25;65;185;180;130;127;151;157;176;181;164;148;246;263;118;64;38;33;22;14
167;11077;St.Gallen Stadt Bildweiherstr.;24.03.2020;Dienstag;2;11;4;5;1;1;27;163;179;114;112;128;143;150;160;138;142;178;238;130;81;37;39;22;22
168;11077;St.Gallen Stadt Bildweiherstr.;25.03.2020;Mittwoch;1;12;5;5;3;23;69;186;184;129;113;152;151;177;174;143;186;208;242;116;68;44;49;33;16
169;11077;St.Gallen Stadt Bildweiherstr.;25.03.2020;Mittwoch;2;10;8;3;1;2;33;158;194;110;112;124;126;156;148;148;150;163;224;136;83;38;47;19;13
170;11077;St.Gallen Stadt Bildweiherstr.;26.03.2020;Donnerstag;1;15;6;8;5;23;66;185;187;132;147;145;161;186;201;171;182;229;232;126;82;47;34;25;15
171;11077;St.Gallen Stadt Bildweiherstr.;26.03.2020;Donnerstag;2;11;9;4;2;6;28;154;178;117;118;135;165;152;163;156;128;195;226;124;77;36;44;21;17
172;11077;St.Gallen Stadt Bildweiherstr.;27.03.2020;Freitag;1;10;6;4;7;27;58;183;169;126;153;178;156;180;189;190;210;239;235;137;74;52;37;27;19
173;11077;St.Gallen Stadt Bildweiherstr.;27.03.2020;Freitag;2;13;12;7;1;4;24;149;165;104;128;159;145;146;179;165;169;212;234;126;93;64;32;19;16
174;11077;St.Gallen Stadt Bildweiherstr.;28.03.2020;Samstag;1;12;11;9;2;9;23;33;55;82;110;170;134;145;156;134;123;118;107;98;52;55;27;16;24
175;11077;St.Gallen Stadt Bildweiherstr.;28.03.2020;Samstag;2;17;15;7;2;2;13;28;28;55;83;126;129;138;121;103;121;112;114;93;68;44;36;21;27
176;11077;St.Gallen Stadt Bildweiherstr.;29.03.2020;Sonntag;1;15;0;9;5;6;7;18;21;23;32;52;84;71;78;76;73;64;58;50;57;31;28;17;12
177;11077;St.Gallen Stadt Bildweiherstr.;29.03.2020;Sonntag;2;12;0;16;5;1;4;9;8;19;28;41;63;78;65;60;60;54;66;53;53;34;26;18;10
178;11077;St.Gallen Stadt Bildweiherstr.;30.03.2020;Montag;1;10;7;2;4;23;63;183;192;119;123;133;147;185;161;132;163;237;246;116;68;42;33;24;9
179;11077;St.Gallen Stadt Bildweiherstr.;30.03.2020;Montag;2;8;9;3;3;8;28;159;211;119;100;123;128;169;135;126;125;161;216;113;82;44;49;25;13
180;11077;St.Gallen Stadt Bildweiherstr.;31.03.2020;Dienstag;1;7;9;2;5;24;68;177;174;128;130;145;141;168;182;173;151;241;270;116;75;39;39;31;17
181;11077;St.Gallen Stadt Bildweiherstr.;31.03.2020;Dienstag;2;11;10;3;1;5;25;155;194;114;111;120;139;147;154;114;132;189;217;151;75;58;38;28;13
182;11077;St.Gallen Stadt Bildweiherstr.;01.04.2020;Mittwoch;1;6;5;4;5;22;74;172;193;128;156;133;161;202;180;166;177;214;262;119;70;52;48;29;12
183;11077;St.Gallen Stadt Bildweiherstr.;01.04.2020;Mittwoch;2;10;11;4;2;5;23;141;194;106;106;135;150;161;145;121;162;179;230;153;78;53;52;21;18
184;11077;St.Gallen Stadt Bildweiherstr.;02.04.2020;Donnerstag;1;9;5;1;3;33;67;177;174;123;127;147;170;208;175;154;148;219;245;136;92;57;36;22;13
185;11077;St.Gallen Stadt Bildweiherstr.;02.04.2020;Donnerstag;2;9;11;3;3;4;26;163;186;120;78;145;156;156;147;145;140;177;227;135;61;55;42;33;13
186;11077;St.Gallen Stadt Bildweiherstr.;03.04.2020;Freitag;1;10;7;3;6;25;76;170;186;145;148;172;177;204;198;192;206;266;220;116;75;72;50;36;15
187;11077;St.Gallen Stadt Bildweiherstr.;03.04.2020;Freitag;2;16;6;6;0;7;31;136;185;134;135;120;163;173;155;177;179;232;199;140;78;70;49;31;20
188;11077;St.Gallen Stadt Bildweiherstr.;04.04.2020;Samstag;1;14;6;4;3;13;17;30;54;65;106;173;151;130;160;129;121;150;93;72;62;42;46;33;21
189;11077;St.Gallen Stadt Bildweiherstr.;04.04.2020;Samstag;2;17;10;6;5;6;10;18;30;55;90;128;140;119;126;126;145;122;102;74;68;50;44;24;27
190;11077;St.Gallen Stadt Bildweiherstr.;05.04.2020;Sonntag;1;17;8;4;2;7;12;16;23;31;39;69;80;94;91;120;98;93;80;77;52;36;38;24;13
191;11077;St.Gallen Stadt Bildweiherstr.;05.04.2020;Sonntag;2;15;5;5;7;2;3;8;9;23;36;46;58;83;80;94;82;83;95;69;61;40;48;19;11
192;11077;St.Gallen Stadt Bildweiherstr.;06.04.2020;Montag;1;7;5;5;5;27;62;169;206;131;145;139;161;200;207;190;184;233;256;122;81;59;32;29;14
193;11077;St.Gallen Stadt Bildweiherstr.;06.04.2020;Montag;2;12;7;2;2;5;18;167;206;115;100;130;146;160;163;162;150;183;234;144;82;59;45;22;14
194;11077;St.Gallen Stadt Bildweiherstr.;07.04.2020;Dienstag;1;6;7;4;5;28;66;182;182;118;163;164;180;194;203;170;194;243;289;128;81;66;41;22;18
195;11077;St.Gallen Stadt Bildweiherstr.;07.04.2020;Dienstag;2;9;11;2;1;3;33;163;192;118;128;155;159;160;166;165;161;172;238;159;85;55;39;24;19
196;11077;St.Gallen Stadt Bildweiherstr.;08.04.2020;Mittwoch;1;5;4;4;9;27;63;183;175;153;158;169;191;202;200;208;205;239;277;123;89;64;43;26;12
197;11077;St.Gallen Stadt Bildweiherstr.;08.04.2020;Mittwoch;2;13;5;7;2;3;28;153;176;132;111;154;186;183;162;168;164;211;245;153;67;61;52;39;16
198;11077;St.Gallen Stadt Bildweiherstr.;09.04.2020;Donnerstag;1;11;5;3;2;34;66;175;199;161;172;192;204;200;231;221;235;265;208;128;71;61;61;31;21
199;11077;St.Gallen Stadt Bildweiherstr.;09.04.2020;Donnerstag;2;10;6;3;2;8;25;144;184;107;139;163;199;189;174;191;202;224;197;118;98;67;39;28;29
200;11077;St.Gallen Stadt Bildweiherstr.;10.04.2020;Freitag;1;15;8;2;0;4;8;19;20;36;63;70;76;69;107;123;93;89;90;78;61;44;50;17;20
201;11077;St.Gallen Stadt Bildweiherstr.;10.04.2020;Freitag;2;15;7;6;2;2;2;10;16;17;31;52;65;78;61;84;88;94;113;77;53;55;42;25;18
202;11077;St.Gallen Stadt Bildweiherstr.;11.04.2020;Samstag;1;19;6;5;4;15;18;26;49;105;155;151;186;142;159;146;150;128;103;87;85;69;34;42;27
203;11077;St.Gallen Stadt Bildweiherstr.;11.04.2020;Samstag;2;16;9;9;3;6;5;21;28;63;130;150;125;141;119;112;124;115;106;96;99;74;40;38;22
204;11077;St.Gallen Stadt Bildweiherstr.;12.04.2020;Sonntag;1;21;7;3;4;1;9;17;23;37;40;79;96;80;101;88;98;106;98;81;78;57;52;30;18
205;11077;St.Gallen Stadt Bildweiherstr.;12.04.2020;Sonntag;2;22;8;6;2;2;6;6;15;28;39;54;83;76;70;90;97;106;95;73;63;60;37;33;12
206;11077;St.Gallen Stadt Bildweiherstr.;13.04.2020;Montag;1;8;15;4;2;2;9;15;23;36;41;85;74;93;106;121;114;107;105;82;64;47;30;22;13
207;11077;St.Gallen Stadt Bildweiherstr.;13.04.2020;Montag;2;8;10;5;2;1;2;7;11;18;40;50;76;77;84;100;109;101;102;72;59;57;34;28;15
208;11077;St.Gallen Stadt Bildweiherstr.;14.04.2020;Dienstag;1;6;6;3;6;15;69;175;185;138;156;172;187;177;184;201;180;237;298;134;88;42;43;17;10
209;11077;St.Gallen Stadt Bildweiherstr.;14.04.2020;Dienstag;2;7;4;1;2;6;26;172;196;105;131;121;172;180;160;139;179;179;257;143;82;35;50;29;15
210;11077;St.Gallen Stadt Bildweiherstr.;15.04.2020;Mittwoch;1;7;5;4;8;25;81;169;200;141;149;142;190;198;208;162;174;239;276;137;104;53;48;37;14
211;11077;St.Gallen Stadt Bildweiherstr.;15.04.2020;Mittwoch;2;11;5;5;2;8;18;163;192;124;119;121;172;181;155;151;167;211;235;168;102;57;38;27;17
212;11077;St.Gallen Stadt Bildweiherstr.;16.04.2020;Donnerstag;1;9;9;5;9;23;65;188;191;150;137;168;195;203;195;191;200;213;272;148;75;72;41;32;14
213;11077;St.Gallen Stadt Bildweiherstr.;16.04.2020;Donnerstag;2;9;8;9;3;4;22;145;203;120;125;154;158;163;179;162;149;196;261;150;87;58;53;32;19
214;11077;St.Gallen Stadt Bildweiherstr.;17.04.2020;Freitag;1;13;9;5;6;28;67;180;159;157;156;171;173;176;222;212;210;256;240;138;86;67;58;35;20
215;11077;St.Gallen Stadt Bildweiherstr.;17.04.2020;Freitag;2;11;11;7;6;8;22;139;173;119;126;132;145;147;190;182;189;231;209;160;105;69;49;35;33
216;11077;St.Gallen Stadt Bildweiherstr.;18.04.2020;Samstag;1;22;15;4;6;10;23;39;46;86;153;151;173;152;152;157;140;121;111;96;44;63;46;30;28
217;11077;St.Gallen Stadt Bildweiherstr.;18.04.2020;Samstag;2;20;13;10;5;2;17;22;22;62;118;137;123;126;137;134;120;123;124;90;57;57;37;29;35
218;11077;St.Gallen Stadt Bildweiherstr.;19.04.2020;Sonntag;1;21;7;9;2;2;15;14;21;20;52;81;98;100;101;114;109;102;94;90;64;73;29;24;21
219;11077;St.Gallen Stadt Bildweiherstr.;19.04.2020;Sonntag;2;19;9;7;6;1;3;6;13;20;31;48;76;97;81;90;102;84;104;99;78;54;45;19;12
220;11077;St.Gallen Stadt Bildweiherstr.;20.04.2020;Montag;1;15;1;6;6;27;79;176;217;146;158;148;196;175;192;166;176;259;315;122;82;58;39;30;11
221;11077;St.Gallen Stadt Bildweiherstr.;20.04.2020;Montag;2;10;5;5;3;6;25;164;209;131;118;137;170;155;176;141;142;204;255;149;75;47;41;24;24
222;11077;St.Gallen Stadt Bildweiherstr.;21.04.2020;Dienstag;1;9;4;5;6;28;80;179;209;142;133;180;188;176;196;143;180;261;301;142;85;71;52;25;11
223;11077;St.Gallen Stadt Bildweiherstr.;21.04.2020;Dienstag;2;8;7;6;1;5;29;169;233;122;106;147;170;160;157;143;160;201;235;172;95;42;57;28;19
224;11077;St.Gallen Stadt Bildweiherstr.;22.04.2020;Mittwoch;1;11;8;6;6;26;70;187;211;126;152;166;169;192;182;191;157;256;344;124;91;62;47;27;16
225;11077;St.Gallen Stadt Bildweiherstr.;22.04.2020;Mittwoch;2;11;5;6;2;10;33;154;208;122;115;137;175;167;159;126;196;194;264;166;87;52;44;32;22
226;11077;St.Gallen Stadt Bildweiherstr.;23.04.2020;Donnerstag;1;12;9;4;8;29;75;189;222;137;165;150;179;175;198;188;202;225;290;172;93;57;58;39;23
227;11077;St.Gallen Stadt Bildweiherstr.;23.04.2020;Donnerstag;2;12;9;3;3;8;24;164;204;137;113;129;161;183;171;135;176;208;229;160;97;64;51;31;20
228;11077;St.Gallen Stadt Bildweiherstr.;24.04.2020;Freitag;1;10;4;4;10;23;84;168;210;163;144;166;200;163;217;195;218;292;276;137;103;70;58;47;33
229;11077;St.Gallen Stadt Bildweiherstr.;24.04.2020;Freitag;2;12;9;6;1;13;26;162;199;129;127;133;156;198;196;178;188;210;237;164;116;78;56;35;33
230;11077;St.Gallen Stadt Bildweiherstr.;25.04.2020;Samstag;1;18;8;11;4;7;15;35;63;84;140;151;174;129;155;152;147;137;117;94;70;53;39;31;32
231;11077;St.Gallen Stadt Bildweiherstr.;25.04.2020;Samstag;2;21;12;6;4;3;15;25;31;59;106;116;119;145;111;121;126;138;116;91;66;72;42;36;31
232;11077;St.Gallen Stadt Bildweiherstr.;26.04.2020;Sonntag;1;18;23;2;5;7;6;17;16;33;51;86;69;93;105;122;106;121;111;85;82;50;56;21;18
233;11077;St.Gallen Stadt Bildweiherstr.;26.04.2020;Sonntag;2;24;17;4;3;2;3;12;9;20;32;42;62;91;98;90;106;100;94;92;107;57;37;14;15
234;11077;St.Gallen Stadt Bildweiherstr.;27.04.2020;Montag;1;7;7;4;6;27;79;193;239;181;198;199;213;214;239;206;215;277;310;143;100;61;53;27;21
235;11077;St.Gallen Stadt Bildweiherstr.;27.04.2020;Montag;2;9;3;6;1;11;30;195;227;151;166;171;195;192;174;174;177;192;285;164;96;66;43;34;25
236;11077;St.Gallen Stadt Bildweiherstr.;28.04.2020;Dienstag;1;8;3;4;3;37;74;201;217;155;148;167;191;199;202;187;213;282;324;175;85;56;47;32;16
237;11077;St.Gallen Stadt Bildweiherstr.;28.04.2020;Dienstag;2;6;5;4;4;8;42;187;220;133;123;149;181;187;170;175;191;211;291;160;108;53;49;26;18
238;11077;St.Gallen Stadt Bildweiherstr.;29.04.2020;Mittwoch;1;10;5;3;3;28;74;189;227;140;170;181;207;200;212;192;205;302;283;154;91;50;61;34;25
239;11077;St.Gallen Stadt Bildweiherstr.;29.04.2020;Mittwoch;2;13;11;6;4;8;37;161;221;125;139;150;176;180;169;164;170;218;263;179;94;55;44;25;25
240;11077;St.Gallen Stadt Bildweiherstr.;30.04.2020;Donnerstag;1;9;5;3;3;32;68;193;210;158;181;193;208;206;221;173;194;231;290;125;95;53;55;32;17
241;11077;St.Gallen Stadt Bildweiherstr.;30.04.2020;Donnerstag;2;12;9;4;3;8;41;163;224;141;157;148;195;204;183;161;167;183;235;141;76;57;52;30;23
242;11077;St.Gallen Stadt Bildweiherstr.;01.05.2020;Freitag;1;10;7;7;4;25;58;151;218;167;173;173;225;233;239;204;232;287;278;132;105;67;59;34;20
243;11077;St.Gallen Stadt Bildweiherstr.;01.05.2020;Freitag;2;16;12;6;4;7;40;157;190;135;162;177;189;192;197;172;190;211;228;118;86;63;56;41;34
244;11077;St.Gallen Stadt Bildweiherstr.;02.05.2020;Samstag;1;19;7;13;6;11;8;31;61;110;122;148;136;143;139;147;159;120;111;86;61;40;45;28;36
245;11077;St.Gallen Stadt Bildweiherstr.;02.05.2020;Samstag;2;27;10;12;3;5;10;17;33;62;112;128;131;104;128;133;116;134;117;87;62;44;36;29;24
246;11077;St.Gallen Stadt Bildweiherstr.;03.05.2020;Sonntag;1;21;15;8;3;6;12;10;22;44;55;84;81;106;107;110;130;123;105;96;80;61;47;25;20
247;11077;St.Gallen Stadt Bildweiherstr.;03.05.2020;Sonntag;2;29;13;5;5;3;3;9;10;29;45;54;74;86;102;105;81;108;107;110;94;54;39;30;15
248;11077;St.Gallen Stadt Bildweiherstr.;04.05.2020;Montag;1;11;6;3;6;26;92;195;253;138;176;171;204;201;211;200;190;228;339;163;84;68;45;35;13
249;11077;St.Gallen Stadt Bildweiherstr.;04.05.2020;Montag;2;9;7;2;6;4;32;194;267;108;150;166;181;176;202;146;164;196;261;161;95;56;41;30;15
250;11077;St.Gallen Stadt Bildweiherstr.;05.05.2020;Dienstag;1;9;2;7;6;29;90;192;232;169;160;171;186;217;200;200;195;252;326;132;76;52;40;33;18
251;11077;St.Gallen Stadt Bildweiherstr.;05.05.2020;Dienstag;2;5;10;4;2;7;36;197;220;146;132;150;182;189;168;174;193;203;246;153;96;55;38;26;20
252;11077;St.Gallen Stadt Bildweiherstr.;06.05.2020;Mittwoch;1;8;7;6;3;28;83;198;242;170;179;175;176;231;204;193;194;272;322;155;91;72;50;35;13
253;11077;St.Gallen Stadt Bildweiherstr.;06.05.2020;Mittwoch;2;6;10;5;3;6;30;159;238;146;126;138;181;194;157;157;195;235;259;198;106;63;54;34;20
254;11077;St.Gallen Stadt Bildweiherstr.;07.05.2020;Donnerstag;1;12;6;7;5;32;87;195;234;185;178;170;217;190;225;197;220;267;329;142;112;90;43;31;13
255;11077;St.Gallen Stadt Bildweiherstr.;07.05.2020;Donnerstag;2;10;8;6;5;10;28;166;224;161;144;143;174;214;200;164;191;215;269;170;113;65;52;30;23
256;11077;St.Gallen Stadt Bildweiherstr.;08.05.2020;Freitag;1;10;9;7;12;34;90;183;235;163;198;228;211;208;235;212;243;274;291;162;106;86;56;45;33
257;11077;St.Gallen Stadt Bildweiherstr.;08.05.2020;Freitag;2;10;9;6;4;8;31;151;201;131;152;184;190;212;182;193;194;243;252;174;108;91;65;39;29
258;11077;St.Gallen Stadt Bildweiherstr.;09.05.2020;Samstag;1;21;5;11;6;16;14;33;59;118;164;169;177;144;146;184;161;116;118;104;72;72;58;41;28
259;11077;St.Gallen Stadt Bildweiherstr.;09.05.2020;Samstag;2;22;12;11;4;7;9;24;47;61;110;151;136;136;138;149;127;149;118;116;100;70;56;39;28
260;11077;St.Gallen Stadt Bildweiherstr.;10.05.2020;Sonntag;1;35;10;11;6;2;9;16;22;37;70;97;106;110;145;143;118;135;136;119;89;72;62;20;24
261;11077;St.Gallen Stadt Bildweiherstr.;10.05.2020;Sonntag;2;24;19;18;4;2;6;12;5;20;45;62;95;82;95;111;98;123;137;123;91;78;37;30;20
262;11077;St.Gallen Stadt Bildweiherstr.;11.05.2020;Montag;1;10;5;1;6;25;77;211;265;214;218;188;232;231;245;189;207;289;374;158;80;56;49;22;9
263;11077;St.Gallen Stadt Bildweiherstr.;11.05.2020;Montag;2;8;6;1;5;9;30;192;333;162;169;170;204;211;212;160;176;224;301;188;101;54;41;28;13
264;11077;St.Gallen Stadt Bildweiherstr.;12.05.2020;Dienstag;1;6;5;3;8;37;65;208;240;165;201;199;212;208;243;200;255;274;368;171;119;68;55;40;14
265;11077;St.Gallen Stadt Bildweiherstr.;12.05.2020;Dienstag;2;11;7;3;5;8;46;200;270;131;149;151;209;200;207;175;198;238;286;197;123;60;46;26;23
266;11077;St.Gallen Stadt Bildweiherstr.;13.05.2020;Mittwoch;1;19;5;2;5;32;75;232;233;177;209;173;200;226;229;221;244;266;324;153;92;51;42;29;19
267;11077;St.Gallen Stadt Bildweiherstr.;13.05.2020;Mittwoch;2;17;7;5;3;12;36;181;250;148;146;175;196;205;216;159;212;249;268;198;93;65;45;30;18
268;11077;St.Gallen Stadt Bildweiherstr.;14.05.2020;Donnerstag;1;6;6;1;6;34;84;216;234;189;185;158;224;215;253;214;236;303;324;191;114;47;72;24;21
269;11077;St.Gallen Stadt Bildweiherstr.;14.05.2020;Donnerstag;2;10;7;4;3;9;43;179;269;149;145;162;205;212;202;186;206;259;281;201;105;73;64;34;24
270;11077;St.Gallen Stadt Bildweiherstr.;15.05.2020;Freitag;1;13;12;5;6;25;79;195;238;195;196;213;211;239;285;279;267;328;304;204;107;89;55;52;32
271;11077;St.Gallen Stadt Bildweiherstr.;15.05.2020;Freitag;2;17;15;4;3;10;33;174;255;150;172;180;219;260;246;227;239;250;269;184;127;72;54;43;38
272;11077;St.Gallen Stadt Bildweiherstr.;16.05.2020;Samstag;1;16;12;5;15;12;24;38;72;131;177;205;202;175;201;220;217;153;113;99;88;57;49;34;33
273;11077;St.Gallen Stadt Bildweiherstr.;16.05.2020;Samstag;2;31;13;7;10;9;11;27;40;99;147;164;204;143;189;191;193;152;152;92;64;63;48;29;44
274;11077;St.Gallen Stadt Bildweiherstr.;17.05.2020;Sonntag;1;36;8;6;8;4;10;14;27;43;64;87;105;120;136;114;130;111;120;111;78;65;49;37;18
275;11077;St.Gallen Stadt Bildweiherstr.;17.05.2020;Sonntag;2;38;17;7;4;2;8;7;9;20;33;59;77;100;112;108;100;110;112;99;89;75;46;32;17
276;11077;St.Gallen Stadt Bildweiherstr.;18.05.2020;Montag;1;10;8;3;8;32;89;210;244;202;185;183;212;247;244;193;227;280;353;193;123;74;61;36;21
277;11077;St.Gallen Stadt Bildweiherstr.;18.05.2020;Montag;2;11;8;3;5;10;36;181;288;148;158;174;220;201;213;171;181;213;298;195;121;77;51;41;24
278;11077;St.Gallen Stadt Bildweiherstr.;19.05.2020;Dienstag;1;9;7;8;8;35;75;202;260;201;215;181;215;229;230;194;236;306;342;158;109;61;60;35;20
279;11077;St.Gallen Stadt Bildweiherstr.;19.05.2020;Dienstag;2;7;10;4;4;8;36;209;254;172;160;171;195;208;195;173;198;220;277;186;130;76;52;31;22
280;11077;St.Gallen Stadt Bildweiherstr.;20.05.2020;Mittwoch;1;12;8;4;8;23;80;221;271;202;229;220;232;256;245;241;281;325;261;145;129;89;68;36;30
281;11077;St.Gallen Stadt Bildweiherstr.;20.05.2020;Mittwoch;2;12;10;4;2;11;39;168;226;187;155;180;254;204;203;186;212;293;246;174;114;103;69;44;36
282;11077;St.Gallen Stadt Bildweiherstr.;21.05.2020;Donnerstag;1;31;10;6;4;5;12;21;45;61;95;131;133;118;137;102;96;108;102;106;81;75;50;42;25
283;11077;St.Gallen Stadt Bildweiherstr.;21.05.2020;Donnerstag;2;18;22;13;4;1;4;13;14;34;53;80;89;76;84;73;86;111;128;109;98;79;62;35;32
284;11077;St.Gallen Stadt Bildweiherstr.;22.05.2020;Freitag;1;13;8;3;10;22;39;90;123;173;254;245;224;199;210;221;226;187;219;137;106;73;45;41;28
285;11077;St.Gallen Stadt Bildweiherstr.;22.05.2020;Freitag;2;15;10;3;7;11;22;49;104;127;147;210;189;182;189;188;197;190;205;169;115;74;68;40;24
286;11077;St.Gallen Stadt Bildweiherstr.;23.05.2020;Samstag;1;25;9;7;8;11;14;36;72;121;174;164;140;172;161;153;143;113;122;84;62;47;39;29;22
287;11077;St.Gallen Stadt Bildweiherstr.;23.05.2020;Samstag;2;30;10;5;11;5;10;19;31;72;110;177;159;164;170;179;157;129;124;82;56;60;47;31;26
288;11077;St.Gallen Stadt Bildweiherstr.;24.05.2020;Sonntag;1;26;18;7;1;7;10;18;23;41;71;89;110;115;104;131;137;137;109;104;103;86;52;34;13
289;11077;St.Gallen Stadt Bildweiherstr.;24.05.2020;Sonntag;2;21;19;6;3;4;9;13;8;22;50;62;91;95;98;115;108;127;126;108;92;75;62;31;13
290;11077;St.Gallen Stadt Bildweiherstr.;25.05.2020;Montag;1;13;6;2;5;24;86;214;245;203;219;193;234;229;227;225;254;302;398;149;116;82;51;38;18
291;11077;St.Gallen Stadt Bildweiherstr.;25.05.2020;Montag;2;15;7;2;2;8;32;197;315;149;191;188;217;200;188;192;198;211;301;209;119;73;47;37;22
292;11077;St.Gallen Stadt Bildweiherstr.;26.05.2020;Dienstag;1;15;6;1;6;36;81;221;234;196;209;194;233;216;246;215;217;299;360;159;112;85;58;29;20
293;11077;St.Gallen Stadt Bildweiherstr.;26.05.2020;Dienstag;2;15;11;1;3;10;31;197;243;156;146;201;198;215;195;190;195;250;270;198;96;80;68;36;19
294;11077;St.Gallen Stadt Bildweiherstr.;27.05.2020;Mittwoch;1;10;6;0;2;29;80;224;266;187;210;198;207;221;210;236;202;297;324;173;103;83;61;29;16
295;11077;St.Gallen Stadt Bildweiherstr.;27.05.2020;Mittwoch;2;9;15;1;3;11;44;180;250;143;167;171;182;203;198;195;208;221;288;198;121;65;59;33;19
296;11077;St.Gallen Stadt Bildweiherstr.;28.05.2020;Donnerstag;1;12;8;4;6;38;81;220;241;197;204;199;220;244;245;242;247;286;336;181;128;86;66;49;16
297;11077;St.Gallen Stadt Bildweiherstr.;28.05.2020;Donnerstag;2;13;11;5;1;12;40;182;242;146;158;159;228;220;195;188;191;217;276;227;147;88;55;46;38
298;11077;St.Gallen Stadt Bildweiherstr.;29.05.2020;Freitag;1;15;8;1;5;37;78;207;218;217;220;212;243;236;246;247;269;316;328;187;121;69;61;52;34
299;11077;St.Gallen Stadt Bildweiherstr.;29.05.2020;Freitag;2;14;9;5;5;10;50;174;213;164;171;192;212;231;207;199;231;234;247;214;145;88;86;50;47
300;11077;St.Gallen Stadt Bildweiherstr.;30.05.2020;Samstag;1;29;15;12;9;19;20;45;69;129;180;200;193;177;166;197;161;129;116;95;70;70;46;37;51
301;11077;St.Gallen Stadt Bildweiherstr.;30.05.2020;Samstag;2;23;20;14;7;8;12;14;35;69;139;163;208;167;158;157;148;172;144;102;87;73;47;35;37
302;11077;St.Gallen Stadt Bildweiherstr.;31.05.2020;Sonntag;1;36;17;14;3;10;12;15;30;55;79;102;121;118;106;131;109;98;116;84;95;72;54;47;19
303;11077;St.Gallen Stadt Bildweiherstr.;31.05.2020;Sonntag;2;30;19;8;4;1;7;7;13;19;49;79;80;100;88;90;94;118;113;108;98;90;63;48;36
304;11077;St.Gallen Stadt Bildweiherstr.;01.06.2020;Montag;1;30;13;11;2;11;16;21;28;57;99;134;108;135;130;150;119;117;129;122;96;78;67;29;19
305;11077;St.Gallen Stadt Bildweiherstr.;01.06.2020;Montag;2;21;17;10;5;5;10;13;14;26;62;90;93;86;103;113;99;130;132;117;110;80;70;40;26
306;11077;St.Gallen Stadt Bildweiherstr.;02.06.2020;Dienstag;1;12;4;3;5;32;96;219;236;209;218;198;233;211;287;206;232;317;374;156;107;61;71;33;20
307;11077;St.Gallen Stadt Bildweiherstr.;02.06.2020;Dienstag;2;19;7;2;4;8;38;201;273;158;176;180;214;202;221;194;177;195;298;207;144;72;69;38;19
308;11077;St.Gallen Stadt Bildweiherstr.;03.06.2020;Mittwoch;1;11;8;7;12;31;91;232;250;192;209;188;219;217;251;205;227;298;351;198;93;76;56;49;13
309;11077;St.Gallen Stadt Bildweiherstr.;03.06.2020;Mittwoch;2;15;9;7;6;6;39;176;245;159;164;162;216;211;180;197;192;237;300;224;126;63;55;36;26
310;11077;St.Gallen Stadt Bildweiherstr.;04.06.2020;Donnerstag;1;12;4;6;7;31;92;224;243;204;203;182;226;234;245;207;227;304;356;214;95;78;58;38;25
311;11077;St.Gallen Stadt Bildweiherstr.;04.06.2020;Donnerstag;2;12;6;6;3;7;33;199;282;144;169;170;205;219;226;174;180;260;313;185;122;67;65;31;33
312;11077;St.Gallen Stadt Bildweiherstr.;05.06.2020;Freitag;1;10;7;3;7;29;93;204;244;189;196;209;249;246;230;222;281;311;310;167;115;76;55;44;32
313;11077;St.Gallen Stadt Bildweiherstr.;05.06.2020;Freitag;2;12;10;4;7;11;42;163;260;153;171;222;215;219;219;192;207;266;255;190;112;82;66;42;37
314;11077;St.Gallen Stadt Bildweiherstr.;06.06.2020;Samstag;1;21;14;8;9;20;16;43;79;101;170;178;164;183;194;184;196;141;124;111;74;57;57;42;25
315;11077;St.Gallen Stadt Bildweiherstr.;06.06.2020;Samstag;2;27;19;16;6;8;14;25;35;74;114;153;153;163;163;190;194;181;141;95;74;58;40;40;36
316;11077;St.Gallen Stadt Bildweiherstr.;07.06.2020;Sonntag;1;37;16;14;6;12;10;15;27;41;64;82;81;75;101;110;107;98;120;98;85;70;50;27;27
317;11077;St.Gallen Stadt Bildweiherstr.;07.06.2020;Sonntag;2;41;28;9;9;4;9;12;14;13;38;48;77;84;73;104;72;92;93;107;87;60;62;41;16
318;11077;St.Gallen Stadt Bildweiherstr.;08.06.2020;Montag;1;14;6;2;6;42;92;215;273;189;210;181;203;235;243;209;241;309;383;180;116;69;59;40;18
319;11077;St.Gallen Stadt Bildweiherstr.;08.06.2020;Montag;2;11;9;3;3;11;48;204;281;175;173;165;219;206;180;176;179;247;308;192;124;76;66;41;18
320;11077;St.Gallen Stadt Bildweiherstr.;09.06.2020;Dienstag;1;10;7;3;9;34;86;214;267;192;200;179;233;236;233;204;220;286;373;185;96;68;55;36;20
321;11077;St.Gallen Stadt Bildweiherstr.;09.06.2020;Dienstag;2;13;9;5;5;8;47;205;257;152;180;177;204;215;213;174;182;249;301;210;117;68;79;46;27
322;11077;St.Gallen Stadt Bildweiherstr.;10.06.2020;Mittwoch;1;12;6;5;6;35;86;218;262;196;188;204;227;262;229;192;223;289;364;185;110;70;57;30;17
323;11077;St.Gallen Stadt Bildweiherstr.;10.06.2020;Mittwoch;2;14;13;5;4;6;51;190;264;158;156;188;207;223;188;185;208;240;305;213;92;75;59;50;34
324;11077;St.Gallen Stadt Bildweiherstr.;11.06.2020;Donnerstag;1;13;7;3;8;32;85;201;250;200;181;173;220;244;215;209;220;276;362;199;154;89;76;40;26
325;11077;St.Gallen Stadt Bildweiherstr.;11.06.2020;Donnerstag;2;12;11;5;2;9;46;190;248;158;152;174;204;214;208;166;170;258;285;211;132;111;100;66;39
326;11077;St.Gallen Stadt Bildweiherstr.;12.06.2020;Freitag;1;13;8;4;10;33;89;222;246;215;215;184;229;224;250;234;254;286;299;197;124;88;75;46;38
327;11077;St.Gallen Stadt Bildweiherstr.;12.06.2020;Freitag;2;22;7;8;5;12;41;168;245;164;162;185;209;188;195;176;205;257;236;189;126;108;86;75;50
328;11077;St.Gallen Stadt Bildweiherstr.;13.06.2020;Samstag;1;38;18;4;9;18;23;40;82;136;171;183;173;172;182;152;153;133;128;119;77;52;59;33;35
329;11077;St.Gallen Stadt Bildweiherstr.;13.06.2020;Samstag;2;34;35;10;9;6;11;21;46;76;103;188;172;134;151;152;145;147;162;110;77;70;47;50;46
330;11077;St.Gallen Stadt Bildweiherstr.;14.06.2020;Sonntag;1;51;34;12;9;10;11;23;24;35;57;84;80;88;94;123;110;123;109;96;82;56;40;32;15
331;11077;St.Gallen Stadt Bildweiherstr.;14.06.2020;Sonntag;2;41;33;13;9;5;3;10;10;14;33;63;79;97;79;118;84;95;99;103;74;64;45;39;25
332;11077;St.Gallen Stadt Bildweiherstr.;15.06.2020;Montag;1;11;4;2;9;34;91;208;279;216;197;187;240;228;228;213;224;325;342;173;117;63;63;28;8
333;11077;St.Gallen Stadt Bildweiherstr.;15.06.2020;Montag;2;13;7;4;5;10;37;208;292;153;177;160;215;219;215;174;199;245;287;200;92;87;73;41;33
334;11077;St.Gallen Stadt Bildweiherstr.;16.06.2020;Dienstag;1;10;9;5;9;38;89;205;276;206;178;180;239;216;241;210;209;285;355;195;113;84;60;29;17
335;11077;St.Gallen Stadt Bildweiherstr.;16.06.2020;Dienstag;2;10;10;5;4;6;39;189;251;162;169;150;199;202;220;171;200;230;286;212;131;83;63;44;35
336;11077;St.Gallen Stadt Bildweiherstr.;17.06.2020;Mittwoch;1;13;7;2;8;35;94;225;253;210;209;175;224;231;235;182;239;299;344;176;107;74;60;34;14
337;11077;St.Gallen Stadt Bildweiherstr.;17.06.2020;Mittwoch;2;19;11;5;5;10;39;193;282;143;160;167;196;218;190;177;197;250;295;199;124;84;71;45;43
338;11077;St.Gallen Stadt Bildweiherstr.;18.06.2020;Donnerstag;1;19;9;5;11;38;89;242;268;182;202;187;229;238;229;205;208;310;354;209;108;81;60;51;10
339;11077;St.Gallen Stadt Bildweiherstr.;18.06.2020;Donnerstag;2;15;10;11;4;10;40;206;256;173;161;181;223;203;210;183;211;206;286;176;122;108;85;55;44
340;11077;St.Gallen Stadt Bildweiherstr.;19.06.2020;Freitag;1;12;7;5;13;38;83;218;237;199;207;198;240;205;230;218;252;336;271;175;123;94;87;43;32
341;11077;St.Gallen Stadt Bildweiherstr.;19.06.2020;Freitag;2;17;10;4;7;9;47;175;246;156;168;187;206;191;190;181;205;263;247;180;149;100;66;57;44
342;11077;St.Gallen Stadt Bildweiherstr.;20.06.2020;Samstag;1;33;13;6;8;23;23;48;76;141;168;163;184;151;156;160;157;144;122;111;73;57;79;48;40
343;11077;St.Gallen Stadt Bildweiherstr.;20.06.2020;Samstag;2;34;24;14;7;2;15;26;29;73;110;174;183;136;152;149;152;161;154;121;84;56;55;62;50
344;11077;St.Gallen Stadt Bildweiherstr.;21.06.2020;Sonntag;1;37;19;5;10;7;10;21;39;46;77;117;123;101;120;131;110;104;128;90;79;71;55;32;21
345;11077;St.Gallen Stadt Bildweiherstr.;21.06.2020;Sonntag;2;39;32;18;10;5;8;13;19;20;45;64;100;94;77;107;110;113;108;111;95;78;64;53;31
346;11077;St.Gallen Stadt Bildweiherstr.;22.06.2020;Montag;1;8;2;3;10;27;90;220;282;211;177;151;225;227;233;214;233;333;338;206;110;76;85;48;15
347;11077;St.Gallen Stadt Bildweiherstr.;22.06.2020;Montag;2;12;7;4;3;11;35;200;295;172;148;157;193;213;205;181;166;250;276;209;127;83;81;55;23
348;11077;St.Gallen Stadt Bildweiherstr.;23.06.2020;Dienstag;1;11;3;6;11;32;86;242;258;237;194;169;249;209;235;177;220;330;354;179;127;85;64;49;15
349;11077;St.Gallen Stadt Bildweiherstr.;23.06.2020;Dienstag;2;14;7;9;3;8;37;204;267;172;156;169;203;212;210;157;170;223;287;210;140;96;78;47;33
350;11077;St.Gallen Stadt Bildweiherstr.;24.06.2020;Mittwoch;1;18;10;5;4;36;92;237;262;197;171;185;238;219;233;183;206;288;308;178;137;96;73;56;20
351;11077;St.Gallen Stadt Bildweiherstr.;24.06.2020;Mittwoch;2;10;14;7;3;11;44;181;245;144;155;168;187;204;210;157;184;233;280;195;159;85;89;58;38
352;11077;St.Gallen Stadt Bildweiherstr.;25.06.2020;Donnerstag;1;14;5;4;9;31;84;231;240;217;211;187;206;230;226;187;215;284;341;182;116;110;69;64;25
353;11077;St.Gallen Stadt Bildweiherstr.;25.06.2020;Donnerstag;2;14;5;8;2;9;47;176;258;171;154;178;193;213;206;159;233;252;298;197;139;103;105;80;50
354;11077;St.Gallen Stadt Bildweiherstr.;26.06.2020;Freitag;1;18;8;7;10;34;74;216;229;193;181;186;228;224;225;237;236;325;303;177;113;92;73;61;34
355;11077;St.Gallen Stadt Bildweiherstr.;26.06.2020;Freitag;2;14;12;6;6;13;43;165;241;152;168;154;223;213;200;203;208;270;254;174;116;99;82;60;54
356;11077;St.Gallen Stadt Bildweiherstr.;27.06.2020;Samstag;1;31;15;16;13;16;25;48;63;140;155;162;181;131;163;158;152;140;106;84;72;65;61;58;38
357;11077;St.Gallen Stadt Bildweiherstr.;27.06.2020;Samstag;2;31;18;16;11;8;19;19;34;79;95;129;171;120;155;167;153;168;168;87;86;62;66;42;51
358;11077;St.Gallen Stadt Bildweiherstr.;28.06.2020;Sonntag;1;41;18;16;13;13;12;21;40;55;71;98;107;97;101;131;111;85;107;96;72;51;46;35;13
359;11077;St.Gallen Stadt Bildweiherstr.;28.06.2020;Sonntag;2;32;22;17;10;8;9;13;14;21;42;73;88;90;86;101;97;81;104;92;78;82;62;37;15
360;11077;St.Gallen Stadt Bildweiherstr.;29.06.2020;Montag;1;8;4;3;9;37;81;210;235;191;206;177;216;212;246;199;238;333;384;172;127;87;78;30;26
361;11077;St.Gallen Stadt Bildweiherstr.;29.06.2020;Montag;2;12;6;6;3;10;40;192;289;157;150;171;211;192;216;153;201;223;354;206;128;102;76;52;28
362;11077;St.Gallen Stadt Bildweiherstr.;30.06.2020;Dienstag;1;8;8;8;8;34;91;222;267;177;179;187;228;218;230;193;219;296;362;185;116;99;69;46;28
363;11077;St.Gallen Stadt Bildweiherstr.;30.06.2020;Dienstag;2;13;9;9;8;6;43;215;268;158;152;166;169;213;183;183;201;254;288;199;130;115;99;53;28
