LNR;ORT-ID;BEZEICHNUNG;DATUM;WOCHENTAG;RI;1;2;3;4;5;6;7;8;9;10;11;12;13;14;15;16;17;18;19;20;21;22;23;24
0;11253;St.Gallen Herisauer/Schranke;01.01.2020;Mittwoch;1;19;35;27;13;7;14;12;11;19;15;26;29;43;53;52;54;59;53;55;41;27;51;19;12
1;11253;St.Gallen Herisauer/Schranke;01.01.2020;Mittwoch;2;16;28;25;23;6;9;6;5;3;10;12;35;32;36;38;46;49;49;45;56;29;39;16;16
2;11253;St.Gallen Herisauer/Schranke;02.01.2020;Donnerstag;1;3;6;6;6;12;21;57;60;85;118;108;142;114;130;172;161;150;146;64;66;42;61;33;12
3;11253;St.Gallen Herisauer/Schranke;02.01.2020;Donnerstag;2;8;7;3;3;1;10;45;47;30;58;80;93;88;100;111;115;113;97;86;73;38;51;33;14
4;11253;St.Gallen Herisauer/Schranke;03.01.2020;Freitag;1;6;8;6;8;20;27;69;96;117;126;136;169;149;205;216;171;200;154;95;65;42;16;32;24
5;11253;St.Gallen Herisauer/Schranke;03.01.2020;Freitag;2;12;5;6;4;4;13;43;81;62;53;90;117;119;109;109;127;128;108;90;61;38;33;30;15
6;11253;St.Gallen Herisauer/Schranke;04.01.2020;Samstag;1;11;8;8;12;12;10;25;36;58;3;2;2;4;5;7;1;3;13;78;56;38;53;23;22
7;11253;St.Gallen Herisauer/Schranke;04.01.2020;Samstag;2;20;14;14;2;7;4;10;12;19;1;0;2;0;2;3;0;0;15;62;30;24;36;27;37
8;11253;St.Gallen Herisauer/Schranke;05.01.2020;Sonntag;1;19;11;16;9;7;11;14;15;39;44;57;78;81;84;83;71;84;87;62;57;36;25;15;13
9;11253;St.Gallen Herisauer/Schranke;05.01.2020;Sonntag;2;30;12;12;7;5;5;7;14;14;37;25;59;59;52;45;60;76;63;67;48;39;15;16;19
10;11253;St.Gallen Herisauer/Schranke;06.01.2020;Montag;1;4;1;5;4;27;51;181;193;149;159;146;177;190;194;200;200;251;306;139;81;50;41;21;8
11;11253;St.Gallen Herisauer/Schranke;06.01.2020;Montag;2;3;8;2;8;12;23;127;170;86;107;98;126;121;134;135;138;141;181;134;71;39;57;36;13
12;11253;St.Gallen Herisauer/Schranke;07.01.2020;Dienstag;1;6;4;5;3;30;57;171;213;142;151;139;174;174;171;174;186;265;266;135;87;40;61;25;7
13;11253;St.Gallen Herisauer/Schranke;07.01.2020;Dienstag;2;10;9;7;6;11;23;125;162;86;81;120;117;121;109;106;125;141;176;131;86;45;51;20;13
14;11253;St.Gallen Herisauer/Schranke;08.01.2020;Mittwoch;1;10;2;2;5;28;69;185;222;137;155;132;196;164;185;174;179;294;325;143;87;51;77;27;17
15;11253;St.Gallen Herisauer/Schranke;08.01.2020;Mittwoch;2;10;4;4;3;11;23;125;163;108;62;103;127;99;134;118;124;158;186;131;94;52;58;37;14
16;11253;St.Gallen Herisauer/Schranke;09.01.2020;Donnerstag;1;5;3;3;7;24;72;168;222;147;145;131;169;209;197;163;176;250;307;167;104;55;97;35;11
17;11253;St.Gallen Herisauer/Schranke;09.01.2020;Donnerstag;2;11;9;5;4;12;19;111;153;106;99;104;133;115;126;107;120;171;185;133;103;63;57;41;19
18;11253;St.Gallen Herisauer/Schranke;10.01.2020;Freitag;1;11;5;9;4;29;66;165;208;157;177;155;184;178;198;159;216;281;262;133;92;56;50;34;27
19;11253;St.Gallen Herisauer/Schranke;10.01.2020;Freitag;2;13;11;5;8;11;27;120;150;87;93;125;130;130;140;126;135;163;130;118;85;45;46;37;29
20;11253;St.Gallen Herisauer/Schranke;11.01.2020;Samstag;1;22;20;8;15;10;12;32;60;68;4;1;3;1;4;5;2;3;9;109;63;36;54;29;35
21;11253;St.Gallen Herisauer/Schranke;11.01.2020;Samstag;2;15;13;16;5;12;13;16;21;21;1;3;2;4;0;1;0;0;7;61;40;33;33;34;37
22;11253;St.Gallen Herisauer/Schranke;12.01.2020;Sonntag;1;15;8;17;7;6;4;18;22;42;59;51;84;102;90;101;97;75;88;60;66;37;24;13;8
23;11253;St.Gallen Herisauer/Schranke;12.01.2020;Sonntag;2;28;17;12;7;6;3;5;12;13;46;32;45;58;53;61;58;71;51;69;56;41;33;22;14
24;11253;St.Gallen Herisauer/Schranke;13.01.2020;Montag;1;7;2;6;7;22;57;164;234;164;143;132;168;184;158;190;188;281;307;165;83;40;34;19;11
25;11253;St.Gallen Herisauer/Schranke;13.01.2020;Montag;2;11;4;5;2;10;32;134;195;105;82;82;116;128;139;119;117;152;179;148;56;46;50;31;15
26;11253;St.Gallen Herisauer/Schranke;14.01.2020;Dienstag;1;8;1;6;8;31;72;177;217;160;163;129;173;170;185;168;198;285;297;146;82;42;51;38;11
27;11253;St.Gallen Herisauer/Schranke;14.01.2020;Dienstag;2;12;12;5;3;7;30;121;167;99;82;102;98;111;136;126;134;163;185;133;88;44;47;35;12
28;11253;St.Gallen Herisauer/Schranke;15.01.2020;Mittwoch;1;2;5;8;10;29;67;200;236;146;156;127;174;170;202;187;192;252;304;155;81;50;79;32;14
29;11253;St.Gallen Herisauer/Schranke;15.01.2020;Mittwoch;2;7;11;4;1;6;33;134;170;104;87;113;116;148;130;126;131;145;199;137;99;54;66;32;22
30;11253;St.Gallen Herisauer/Schranke;16.01.2020;Donnerstag;1;6;2;6;7;23;78;178;207;146;162;128;182;220;190;157;173;296;307;157;110;55;90;39;14
31;11253;St.Gallen Herisauer/Schranke;16.01.2020;Donnerstag;2;12;11;4;3;13;27;132;172;122;88;110;111;137;128;117;128;171;183;127;108;77;78;39;28
32;11253;St.Gallen Herisauer/Schranke;17.01.2020;Freitag;1;8;3;7;6;30;75;167;200;164;159;136;182;193;237;157;222;285;273;162;91;53;52;37;37
33;11253;St.Gallen Herisauer/Schranke;17.01.2020;Freitag;2;17;9;3;4;6;41;118;144;98;95;117;124;140;138;131;134;185;170;183;88;57;55;45;47
34;11253;St.Gallen Herisauer/Schranke;18.01.2020;Samstag;1;19;11;13;12;13;24;29;68;62;1;3;3;5;2;1;4;7;11;93;67;41;58;23;25
35;11253;St.Gallen Herisauer/Schranke;18.01.2020;Samstag;2;21;15;10;5;5;9;38;19;21;1;2;0;0;2;1;3;0;7;55;54;31;37;42;26
36;11253;St.Gallen Herisauer/Schranke;19.01.2020;Sonntag;1;17;17;9;7;5;12;9;19;43;61;38;68;79;86;94;80;84;89;55;72;41;20;14;10
37;11253;St.Gallen Herisauer/Schranke;19.01.2020;Sonntag;2;25;19;5;10;6;7;7;8;11;48;30;48;50;48;61;59;66;58;50;59;53;29;25;17
38;11253;St.Gallen Herisauer/Schranke;20.01.2020;Montag;1;5;2;4;4;29;68;185;225;156;160;140;170;192;189;166;216;266;319;133;81;56;39;27;11
39;11253;St.Gallen Herisauer/Schranke;20.01.2020;Montag;2;10;4;6;3;5;30;135;187;93;91;99;130;130;133;113;149;156;178;143;69;55;51;44;23
40;11253;St.Gallen Herisauer/Schranke;21.01.2020;Dienstag;1;7;7;9;5;29;66;186;209;144;142;137;170;198;179;161;163;265;312;152;85;49;68;46;15
41;11253;St.Gallen Herisauer/Schranke;21.01.2020;Dienstag;2;7;9;4;4;6;30;134;166;107;77;114;119;125;139;96;100;146;174;133;105;58;48;32;17
42;11253;St.Gallen Herisauer/Schranke;22.01.2020;Mittwoch;1;5;4;5;5;29;70;187;187;169;165;139;172;182;174;181;178;258;294;147;78;52;82;38;13
43;11253;St.Gallen Herisauer/Schranke;22.01.2020;Mittwoch;2;6;7;4;5;8;30;131;170;96;85;115;141;127;130;99;107;147;172;133;91;63;50;37;23
44;11253;St.Gallen Herisauer/Schranke;23.01.2020;Donnerstag;1;8;4;4;4;34;73;184;209;170;154;135;171;206;191;168;175;268;297;150;95;55;96;35;23
45;11253;St.Gallen Herisauer/Schranke;23.01.2020;Donnerstag;2;10;5;4;3;10;29;132;182;113;89;99;137;138;127;105;123;155;160;114;114;69;81;35;18
46;11253;St.Gallen Herisauer/Schranke;24.01.2020;Freitag;1;3;5;5;6;26;74;168;203;143;159;136;180;200;200;211;220;293;282;148;102;49;58;40;27
47;11253;St.Gallen Herisauer/Schranke;24.01.2020;Freitag;2;12;4;6;4;10;35;129;162;89;103;137;123;154;146;138;149;150;171;127;97;47;55;37;37
48;11253;St.Gallen Herisauer/Schranke;25.01.2020;Samstag;1;34;14;8;13;16;19;33;61;73;1;4;5;7;6;5;6;2;13;121;46;42;60;21;26
49;11253;St.Gallen Herisauer/Schranke;25.01.2020;Samstag;2;26;14;10;4;5;10;27;16;24;2;1;3;1;1;1;4;3;9;71;45;27;30;26;37
50;11253;St.Gallen Herisauer/Schranke;26.01.2020;Sonntag;1;12;13;12;9;7;16;17;24;25;61;69;88;95;115;2;3;0;0;36;73;46;15;15;9
51;11253;St.Gallen Herisauer/Schranke;26.01.2020;Sonntag;2;22;19;11;8;7;6;8;5;9;41;29;59;69;61;1;4;1;2;23;30;39;28;26;17
52;11253;St.Gallen Herisauer/Schranke;27.01.2020;Montag;1;7;3;6;7;14;65;162;210;144;135;134;152;171;182;176;189;227;293;122;86;44;37;27;11
53;11253;St.Gallen Herisauer/Schranke;27.01.2020;Montag;2;7;6;4;2;11;27;136;160;100;79;100;101;125;133;114;125;135;183;124;82;50;52;29;16
54;11253;St.Gallen Herisauer/Schranke;28.01.2020;Dienstag;1;4;4;5;7;21;65;186;205;142;165;141;166;175;174;136;184;252;256;133;80;35;52;31;20
55;11253;St.Gallen Herisauer/Schranke;28.01.2020;Dienstag;2;7;11;5;2;7;36;129;159;97;82;97;114;134;143;104;89;141;164;118;96;43;50;33;19
56;11253;St.Gallen Herisauer/Schranke;29.01.2020;Mittwoch;1;8;4;7;8;29;70;182;201;132;160;154;199;189;201;182;191;256;252;122;89;54;63;22;20
57;11253;St.Gallen Herisauer/Schranke;29.01.2020;Mittwoch;2;12;9;2;3;8;38;132;149;93;82;105;98;126;154;118;133;141;220;115;83;63;49;38;21
58;11253;St.Gallen Herisauer/Schranke;30.01.2020;Donnerstag;1;7;5;4;7;24;62;164;202;139;153;136;181;191;186;183;186;259;307;168;90;66;77;33;20
59;11253;St.Gallen Herisauer/Schranke;30.01.2020;Donnerstag;2;9;4;4;4;8;31;129;163;109;81;87;125;146;135;125;143;168;178;126;88;61;67;36;22
60;11253;St.Gallen Herisauer/Schranke;31.01.2020;Freitag;1;6;2;9;8;25;66;152;165;149;158;142;195;218;199;201;199;268;237;125;83;58;46;33;19
61;11253;St.Gallen Herisauer/Schranke;31.01.2020;Freitag;2;16;5;7;5;10;35;109;145;79;66;106;142;139;142;119;119;157;143;120;69;63;48;42;28
62;11253;St.Gallen Herisauer/Schranke;01.02.2020;Samstag;1;22;10;11;16;18;18;37;57;62;0;0;2;4;3;3;3;4;18;103;64;44;58;24;20
63;11253;St.Gallen Herisauer/Schranke;01.02.2020;Samstag;2;27;13;13;5;12;12;18;24;24;1;1;4;1;2;0;1;4;11;70;46;29;31;36;32
64;11253;St.Gallen Herisauer/Schranke;02.02.2020;Sonntag;1;19;14;6;13;5;12;15;16;36;53;53;74;103;92;70;87;65;72;68;66;37;29;18;7
65;11253;St.Gallen Herisauer/Schranke;02.02.2020;Sonntag;2;24;16;12;9;5;2;5;8;5;34;36;42;68;44;44;46;66;71;54;33;36;25;29;15
66;11253;St.Gallen Herisauer/Schranke;03.02.2020;Montag;1;10;3;2;6;29;60;184;206;139;138;153;168;203;169;166;199;248;291;163;84;42;39;29;13
67;11253;St.Gallen Herisauer/Schranke;03.02.2020;Montag;2;7;5;8;2;9;28;135;156;103;109;85;111;143;121;110;128;161;191;119;87;44;52;35;11
68;11253;St.Gallen Herisauer/Schranke;04.02.2020;Dienstag;1;6;2;8;6;30;77;183;201;137;167;140;159;194;160;169;193;282;271;156;77;45;62;31;18
69;11253;St.Gallen Herisauer/Schranke;04.02.2020;Dienstag;2;6;9;5;2;7;32;119;174;105;97;110;119;123;104;120;116;163;183;140;89;64;46;32;20
70;11253;St.Gallen Herisauer/Schranke;05.02.2020;Mittwoch;1;4;3;4;4;28;81;157;206;157;154;139;177;197;206;195;183;258;316;180;91;56;75;29;18
71;11253;St.Gallen Herisauer/Schranke;05.02.2020;Mittwoch;2;9;9;4;4;15;30;119;117;109;100;105;117;139;133;129;103;174;175;152;102;58;54;46;24
72;11253;St.Gallen Herisauer/Schranke;06.02.2020;Donnerstag;1;5;4;1;10;29;78;184;202;141;148;157;194;186;205;182;193;242;263;194;119;51;78;37;15
73;11253;St.Gallen Herisauer/Schranke;06.02.2020;Donnerstag;2;9;13;6;3;12;23;134;152;115;89;92;133;128;139;122;107;146;161;146;94;76;84;40;26
74;11253;St.Gallen Herisauer/Schranke;07.02.2020;Freitag;1;5;3;5;7;27;79;160;216;151;171;139;183;179;200;192;191;280;260;148;93;55;39;40;31
75;11253;St.Gallen Herisauer/Schranke;07.02.2020;Freitag;2;8;10;4;3;10;29;113;145;114;85;107;118;153;138;122;131;179;167;128;102;60;51;37;37
76;11253;St.Gallen Herisauer/Schranke;08.02.2020;Samstag;1;23;10;13;10;7;15;29;70;92;4;0;1;2;2;3;4;0;11;96;73;40;58;30;31
77;11253;St.Gallen Herisauer/Schranke;08.02.2020;Samstag;2;25;25;12;9;5;4;17;19;21;2;3;0;7;16;12;16;25;35;77;57;45;35;38;32
78;11253;St.Gallen Herisauer/Schranke;09.02.2020;Sonntag;1;27;9;16;11;8;13;18;15;42;62;73;80;104;95;1;5;0;0;25;76;43;20;17;8
79;11253;St.Gallen Herisauer/Schranke;09.02.2020;Sonntag;2;26;20;16;9;5;4;9;13;11;37;45;60;64;55;0;3;0;4;19;42;44;33;21;13
80;11253;St.Gallen Herisauer/Schranke;10.02.2020;Montag;1;8;7;6;5;33;62;169;215;157;136;136;172;196;186;146;181;286;287;163;90;43;31;23;16
81;11253;St.Gallen Herisauer/Schranke;10.02.2020;Montag;2;13;11;1;2;7;25;125;183;119;79;95;117;137;132;92;117;147;230;132;68;59;43;30;19
82;11253;St.Gallen Herisauer/Schranke;11.02.2020;Dienstag;1;3;5;7;5;28;71;173;202;152;168;155;196;191;180;171;171;270;291;139;71;39;58;34;15
83;11253;St.Gallen Herisauer/Schranke;11.02.2020;Dienstag;2;8;7;6;1;6;29;128;163;118;86;109;108;146;118;125;112;143;180;135;108;62;54;43;16
84;11253;St.Gallen Herisauer/Schranke;12.02.2020;Mittwoch;1;9;4;6;4;31;74;155;218;162;164;157;168;195;178;192;193;279;304;146;84;55;81;28;17
85;11253;St.Gallen Herisauer/Schranke;12.02.2020;Mittwoch;2;8;9;6;2;7;34;124;163;104;102;117;118;134;132;105;142;153;195;148;104;60;58;47;19
86;11253;St.Gallen Herisauer/Schranke;13.02.2020;Donnerstag;1;4;3;6;6;22;72;173;204;131;167;148;194;195;185;161;197;256;275;182;106;62;73;30;16
87;11253;St.Gallen Herisauer/Schranke;13.02.2020;Donnerstag;2;12;11;7;4;5;27;118;174;119;105;111;133;141;132;123;122;145;174;125;90;73;86;32;20
88;11253;St.Gallen Herisauer/Schranke;14.02.2020;Freitag;1;10;3;6;8;30;73;174;210;163;178;166;166;191;227;221;221;295;273;154;108;48;46;39;37
89;11253;St.Gallen Herisauer/Schranke;14.02.2020;Freitag;2;11;8;9;2;8;38;107;167;122;107;111;130;145;138;149;141;168;166;139;84;45;54;48;33
90;11253;St.Gallen Herisauer/Schranke;15.02.2020;Samstag;1;12;8;11;11;13;15;35;64;71;0;3;0;1;4;2;2;3;13;103;64;56;64;30;37
91;11253;St.Gallen Herisauer/Schranke;15.02.2020;Samstag;2;17;22;12;2;3;7;20;25;20;0;2;1;0;4;2;3;1;8;82;58;49;47;35;38
92;11253;St.Gallen Herisauer/Schranke;16.02.2020;Sonntag;1;19;15;13;7;8;11;14;18;39;67;61;79;116;111;104;96;72;81;71;57;37;24;15;8
93;11253;St.Gallen Herisauer/Schranke;16.02.2020;Sonntag;2;22;16;21;3;7;10;9;8;13;44;42;44;56;65;68;53;60;104;71;50;44;33;23;11
94;11253;St.Gallen Herisauer/Schranke;17.02.2020;Montag;1;7;2;4;5;23;69;181;209;152;164;143;170;202;176;160;186;266;283;160;75;53;51;32;8
95;11253;St.Gallen Herisauer/Schranke;17.02.2020;Montag;2;9;7;5;1;7;27;125;160;105;85;92;103;133;131;104;127;150;176;116;97;70;48;26;17
96;11253;St.Gallen Herisauer/Schranke;18.02.2020;Dienstag;1;4;4;4;6;26;78;187;209;147;170;141;177;177;167;151;203;266;273;152;68;46;57;27;15
97;11253;St.Gallen Herisauer/Schranke;18.02.2020;Dienstag;2;14;6;4;2;6;35;113;182;108;102;85;106;133;141;114;105;153;183;118;94;66;50;27;21
98;11253;St.Gallen Herisauer/Schranke;19.02.2020;Mittwoch;1;6;3;5;6;23;84;172;224;156;149;130;185;185;192;186;184;273;296;158;102;42;67;42;22
99;11253;St.Gallen Herisauer/Schranke;19.02.2020;Mittwoch;2;5;7;6;2;11;35;120;167;102;107;85;127;137;131;126;121;156;198;135;108;55;56;47;26
100;11253;St.Gallen Herisauer/Schranke;20.02.2020;Donnerstag;1;9;3;5;8;29;83;174;222;145;150;134;178;194;180;168;165;240;264;154;87;59;84;30;14
101;11253;St.Gallen Herisauer/Schranke;20.02.2020;Donnerstag;2;10;5;7;4;10;31;126;160;86;84;97;119;140;124;117;127;152;179;126;81;72;63;33;17
102;11253;St.Gallen Herisauer/Schranke;21.02.2020;Freitag;1;7;7;4;9;26;71;181;205;151;164;139;201;225;199;201;227;247;246;120;96;63;36;30;26
103;11253;St.Gallen Herisauer/Schranke;21.02.2020;Freitag;2;14;9;8;2;6;32;122;153;91;105;115;128;145;150;120;144;142;142;107;109;55;57;49;21
104;11253;St.Gallen Herisauer/Schranke;22.02.2020;Samstag;1;16;6;9;13;11;14;45;57;94;1;2;1;5;5;1;3;2;1;94;57;51;62;38;33
105;11253;St.Gallen Herisauer/Schranke;22.02.2020;Samstag;2;15;21;14;7;8;8;30;19;30;2;0;1;7;1;3;3;5;3;80;51;35;28;23;29
106;11253;St.Gallen Herisauer/Schranke;23.02.2020;Sonntag;1;17;7;11;10;8;10;7;23;41;57;60;82;96;85;7;2;0;1;3;52;39;28;20;4
107;11253;St.Gallen Herisauer/Schranke;23.02.2020;Sonntag;2;25;16;16;19;8;1;8;11;15;48;28;43;58;37;9;3;2;0;2;34;31;36;17;11
108;11253;St.Gallen Herisauer/Schranke;24.02.2020;Montag;1;3;3;6;8;30;70;170;209;154;152;146;162;174;184;162;157;271;296;137;81;58;38;25;9
109;11253;St.Gallen Herisauer/Schranke;24.02.2020;Montag;2;6;4;8;3;5;25;134;189;98;96;113;110;142;113;114;113;166;203;123;89;54;45;33;13
110;11253;St.Gallen Herisauer/Schranke;25.02.2020;Dienstag;1;6;2;5;7;26;78;189;185;150;178;146;183;206;181;169;192;263;291;151;76;60;62;26;17
111;11253;St.Gallen Herisauer/Schranke;25.02.2020;Dienstag;2;7;10;3;2;6;33;135;186;101;91;102;123;129;146;113;127;144;170;125;90;74;50;35;19
112;11253;St.Gallen Herisauer/Schranke;26.02.2020;Mittwoch;1;13;4;6;4;23;80;162;200;147;159;128;193;186;207;188;196;261;258;153;74;45;75;36;7
113;11253;St.Gallen Herisauer/Schranke;26.02.2020;Mittwoch;2;10;10;4;3;11;30;137;165;110;89;82;146;141;147;125;107;132;213;151;98;45;54;36;23
114;11253;St.Gallen Herisauer/Schranke;27.02.2020;Donnerstag;1;11;5;5;6;30;75;166;204;152;156;135;169;194;196;157;208;266;283;178;95;51;91;31;13
115;11253;St.Gallen Herisauer/Schranke;27.02.2020;Donnerstag;2;8;5;8;5;8;26;130;157;97;86;89;112;135;146;125;110;160;182;138;103;68;62;37;20
116;11253;St.Gallen Herisauer/Schranke;28.02.2020;Freitag;1;9;2;4;10;31;76;169;194;147;149;172;166;184;203;198;230;288;252;130;92;60;38;41;25
117;11253;St.Gallen Herisauer/Schranke;28.02.2020;Freitag;2;13;7;4;4;8;26;105;169;93;86;114;118;158;168;112;143;153;174;139;80;59;57;45;31
118;11253;St.Gallen Herisauer/Schranke;29.02.2020;Samstag;1;16;9;8;9;13;19;34;70;90;6;1;0;4;2;1;8;3;1;82;62;45;56;27;27
119;11253;St.Gallen Herisauer/Schranke;29.02.2020;Samstag;2;27;19;13;3;6;7;24;16;35;4;1;1;2;4;2;2;0;5;62;59;32;31;37;37
120;11253;St.Gallen Herisauer/Schranke;01.03.2020;Sonntag;1;18;7;10;11;4;16;21;11;36;48;53;75;119;104;110;97;87;91;60;66;41;22;17;13
121;11253;St.Gallen Herisauer/Schranke;01.03.2020;Sonntag;2;36;15;15;9;10;9;8;7;10;32;30;44;71;57;67;82;58;90;64;51;39;30;28;15
122;11253;St.Gallen Herisauer/Schranke;02.03.2020;Montag;1;9;0;6;6;21;72;184;206;151;158;138;199;209;186;159;197;263;289;154;85;44;33;18;9
123;11253;St.Gallen Herisauer/Schranke;02.03.2020;Montag;2;6;3;5;6;6;26;134;174;91;90;93;119;135;121;100;114;133;180;117;82;49;55;37;9
124;11253;St.Gallen Herisauer/Schranke;03.03.2020;Dienstag;1;7;5;2;5;28;80;192;197;142;158;126;172;176;190;159;189;267;274;156;67;61;52;40;6
125;11253;St.Gallen Herisauer/Schranke;03.03.2020;Dienstag;2;12;8;4;5;9;35;135;142;112;88;102;123;119;125;116;113;135;161;132;80;45;56;36;12
126;11253;St.Gallen Herisauer/Schranke;04.03.2020;Mittwoch;1;6;6;2;7;29;73;164;208;149;161;150;198;194;187;175;201;242;287;160;86;54;77;25;0
127;11253;St.Gallen Herisauer/Schranke;04.03.2020;Mittwoch;2;11;8;7;5;6;27;128;149;118;93;108;133;145;122;114;136;161;208;125;112;56;61;37;12
128;11253;St.Gallen Herisauer/Schranke;05.03.2020;Donnerstag;1;9;5;2;8;30;76;192;202;152;149;131;189;214;155;158;188;267;274;165;90;74;66;32;13
129;11253;St.Gallen Herisauer/Schranke;05.03.2020;Donnerstag;2;10;8;6;2;11;25;138;173;108;87;109;123;149;132;102;125;162;177;98;103;72;59;36;15
130;11253;St.Gallen Herisauer/Schranke;06.03.2020;Freitag;1;8;5;6;6;31;74;162;173;166;177;153;203;224;205;192;227;356;281;163;99;49;35;29;28
131;11253;St.Gallen Herisauer/Schranke;06.03.2020;Freitag;2;19;6;4;2;11;33;125;152;99;93;124;134;135;130;134;149;182;196;122;79;56;52;52;33
132;11253;St.Gallen Herisauer/Schranke;07.03.2020;Samstag;1;19;12;10;12;8;12;28;64;84;0;0;4;0;2;3;3;3;0;84;53;45;49;34;15
133;11253;St.Gallen Herisauer/Schranke;07.03.2020;Samstag;2;23;16;15;11;10;7;25;26;28;1;2;3;2;0;1;0;1;3;65;42;32;39;35;34
134;11253;St.Gallen Herisauer/Schranke;08.03.2020;Sonntag;1;27;12;11;10;7;9;22;23;38;61;84;102;127;116;115;110;94;80;70;69;35;22;14;8
135;11253;St.Gallen Herisauer/Schranke;08.03.2020;Sonntag;2;24;15;12;3;8;8;14;11;17;56;40;65;58;65;74;78;79;88;63;56;56;31;21;15
136;11253;St.Gallen Herisauer/Schranke;09.03.2020;Montag;1;4;3;4;7;26;60;186;232;135;146;126;175;191;186;161;177;277;272;134;86;50;24;33;17
137;11253;St.Gallen Herisauer/Schranke;09.03.2020;Montag;2;15;9;2;4;6;22;133;151;121;86;94;133;131;141;91;111;165;192;129;81;49;57;29;21
138;11253;St.Gallen Herisauer/Schranke;10.03.2020;Dienstag;1;5;4;2;5;24;71;183;219;145;153;134;173;208;157;179;163;262;293;146;66;41;53;26;12
139;11253;St.Gallen Herisauer/Schranke;10.03.2020;Dienstag;2;8;10;5;3;4;25;134;161;113;88;78;121;158;117;119;102;153;234;138;92;48;50;25;18
140;11253;St.Gallen Herisauer/Schranke;11.03.2020;Mittwoch;1;4;4;4;8;25;70;186;216;141;160;137;168;200;203;170;183;237;276;176;89;49;69;30;14
141;11253;St.Gallen Herisauer/Schranke;11.03.2020;Mittwoch;2;3;13;8;4;9;23;133;158;106;85;106;129;145;130;110;120;188;190;130;97;45;58;30;17
142;11253;St.Gallen Herisauer/Schranke;12.03.2020;Donnerstag;1;6;5;2;7;25;77;195;204;134;133;144;155;184;174;156;177;254;297;185;86;69;49;36;7
143;11253;St.Gallen Herisauer/Schranke;12.03.2020;Donnerstag;2;9;9;5;3;7;20;125;169;101;86;100;126;124;139;109;113;147;188;123;90;73;69;42;13
144;11253;St.Gallen Herisauer/Schranke;13.03.2020;Freitag;1;6;6;4;8;25;68;173;202;148;159;145;172;201;201;188;224;265;256;156;92;55;52;40;24
145;11253;St.Gallen Herisauer/Schranke;13.03.2020;Freitag;2;11;9;3;4;7;25;104;156;107;102;111;116;132;150;130;154;174;187;143;97;51;57;42;37
146;11253;St.Gallen Herisauer/Schranke;14.03.2020;Samstag;1;15;12;5;9;13;15;29;73;83;3;6;6;10;5;5;2;5;1;68;47;33;24;25;17
147;11253;St.Gallen Herisauer/Schranke;14.03.2020;Samstag;2;13;17;9;0;3;6;18;18;29;2;2;2;3;2;2;3;1;4;34;36;34;25;21;27
148;11253;St.Gallen Herisauer/Schranke;15.03.2020;Sonntag;1;13;8;10;7;1;10;20;18;26;38;50;86;75;123;109;85;81;84;67;59;30;21;17;6
149;11253;St.Gallen Herisauer/Schranke;15.03.2020;Sonntag;2;18;16;9;6;3;5;1;6;18;27;50;44;60;59;69;64;70;87;66;45;43;37;19;11
150;11253;St.Gallen Herisauer/Schranke;16.03.2020;Montag;1;4;1;6;6;33;78;183;207;153;153;163;183;192;189;160;178;234;275;138;71;38;36;15;10
151;11253;St.Gallen Herisauer/Schranke;16.03.2020;Montag;2;9;4;1;2;5;31;129;164;111;94;115;124;141;116;133;107;129;183;143;107;40;42;26;12
152;11253;St.Gallen Herisauer/Schranke;17.03.2020;Dienstag;1;5;1;5;6;32;80;161;181;109;131;111;114;155;157;121;146;195;222;106;49;22;25;16;7
153;11253;St.Gallen Herisauer/Schranke;17.03.2020;Dienstag;2;9;7;6;3;7;23;121;129;84;78;83;106;104;106;93;103;113;157;106;47;36;30;17;7
154;11253;St.Gallen Herisauer/Schranke;18.03.2020;Mittwoch;1;4;2;4;3;27;81;153;183;111;114;110;116;162;136;130;138;192;208;82;44;35;25;15;5
155;11253;St.Gallen Herisauer/Schranke;18.03.2020;Mittwoch;2;3;9;3;1;5;22;115;127;80;80;76;105;86;91;103;102;110;157;89;71;28;34;19;8
156;11253;St.Gallen Herisauer/Schranke;19.03.2020;Donnerstag;1;3;3;1;3;29;88;153;178;118;121;105;109;132;134;117;157;197;204;89;46;22;31;14;4
157;11253;St.Gallen Herisauer/Schranke;19.03.2020;Donnerstag;2;7;9;4;5;6;26;104;154;76;76;85;95;91;87;94;100;120;148;96;49;37;37;19;3
158;11253;St.Gallen Herisauer/Schranke;20.03.2020;Freitag;1;4;2;3;3;29;70;156;166;136;120;120;122;132;145;151;167;179;178;78;44;32;25;16;4
159;11253;St.Gallen Herisauer/Schranke;20.03.2020;Freitag;2;5;9;2;1;4;25;95;108;71;85;92;114;98;107;103;125;139;121;86;52;29;30;21;10
160;11253;St.Gallen Herisauer/Schranke;21.03.2020;Samstag;1;10;1;1;3;8;14;26;48;43;0;1;3;2;1;0;1;0;2;37;28;22;14;9;9
161;11253;St.Gallen Herisauer/Schranke;21.03.2020;Samstag;2;11;5;6;3;2;6;15;14;26;0;4;1;0;0;0;5;1;0;34;18;23;13;17;9
162;11253;St.Gallen Herisauer/Schranke;22.03.2020;Sonntag;1;10;2;1;2;2;4;7;15;18;18;42;50;50;56;45;59;51;42;35;30;30;22;10;5
163;11253;St.Gallen Herisauer/Schranke;22.03.2020;Sonntag;2;9;5;1;2;2;3;1;5;8;16;22;38;26;38;49;42;46;55;32;26;27;18;10;8
164;11253;St.Gallen Herisauer/Schranke;23.03.2020;Montag;1;2;2;6;6;22;56;149;149;92;93;86;113;131;123;116;139;158;201;82;38;26;26;21;7
165;11253;St.Gallen Herisauer/Schranke;23.03.2020;Montag;2;7;3;1;1;1;17;106;136;71;45;62;87;87;89;79;86;108;151;76;42;31;28;11;16
166;11253;St.Gallen Herisauer/Schranke;24.03.2020;Dienstag;1;1;3;4;5;23;69;155;147;92;110;103;90;138;132;122;110;185;196;83;40;26;19;12;8
167;11253;St.Gallen Herisauer/Schranke;24.03.2020;Dienstag;2;5;5;5;1;2;11;93;124;64;72;58;79;87;98;79;86;121;146;86;48;28;29;18;14
168;11253;St.Gallen Herisauer/Schranke;25.03.2020;Mittwoch;1;5;5;4;3;23;68;150;135;91;89;110;98;130;141;96;145;158;178;89;48;23;23;23;9
169;11253;St.Gallen Herisauer/Schranke;25.03.2020;Mittwoch;2;2;8;3;3;3;18;95;117;66;80;69;88;98;88;93;91;101;127;97;52;23;38;14;6
170;11253;St.Gallen Herisauer/Schranke;26.03.2020;Donnerstag;1;9;4;6;6;31;56;156;137;92;105;100;112;129;135;116;133;156;167;89;60;27;25;12;9
171;11253;St.Gallen Herisauer/Schranke;26.03.2020;Donnerstag;2;10;8;5;2;2;18;90;119;59;76;74;90;98;85;93;78;125;144;69;59;23;29;10;10
172;11253;St.Gallen Herisauer/Schranke;27.03.2020;Freitag;1;4;5;3;4;27;44;164;122;99;116;112;94;140;138;153;154;175;169;100;40;32;24;17;10
173;11253;St.Gallen Herisauer/Schranke;27.03.2020;Freitag;2;5;10;7;1;4;15;88;112;66;68;105;89;82;106;88;115;136;136;79;58;40;23;10;13
174;11253;St.Gallen Herisauer/Schranke;28.03.2020;Samstag;1;6;5;8;3;8;16;26;36;46;0;3;0;1;3;1;0;0;2;64;37;32;19;16;15
175;11253;St.Gallen Herisauer/Schranke;28.03.2020;Samstag;2;8;8;6;1;1;9;16;10;32;2;5;4;2;3;7;8;4;4;49;39;28;23;14;15
176;11253;St.Gallen Herisauer/Schranke;29.03.2020;Sonntag;1;4;11;0;5;3;7;10;11;14;23;41;48;48;61;57;52;49;46;26;40;30;17;16;6
177;11253;St.Gallen Herisauer/Schranke;29.03.2020;Sonntag;2;7;11;0;4;1;3;3;3;11;17;23;38;38;44;34;35;33;45;38;36;25;20;11;7
178;11253;St.Gallen Herisauer/Schranke;30.03.2020;Montag;1;6;3;3;5;24;55;155;144;84;86;104;100;139;117;104;124;164;177;87;46;26;14;12;3
179;11253;St.Gallen Herisauer/Schranke;30.03.2020;Montag;2;5;7;2;3;6;14;103;117;81;52;71;84;97;82;75;74;106;132;68;48;27;24;12;6
180;11253;St.Gallen Herisauer/Schranke;31.03.2020;Dienstag;1;3;5;4;3;26;55;144;128;97;88;97;100;131;137;118;108;186;198;88;46;33;18;12;12
181;11253;St.Gallen Herisauer/Schranke;31.03.2020;Dienstag;2;6;8;3;2;3;14;104;112;62;69;60;86;94;83;84;101;113;133;94;49;36;26;26;9
182;11253;St.Gallen Herisauer/Schranke;01.04.2020;Mittwoch;1;3;1;7;5;23;59;137;145;97;105;106;111;159;129;124;135;171;194;86;55;32;23;15;8
183;11253;St.Gallen Herisauer/Schranke;01.04.2020;Mittwoch;2;7;9;4;4;4;13;82;123;71;61;87;89;105;97;80;90;94;148;92;49;34;39;14;12
184;11253;St.Gallen Herisauer/Schranke;02.04.2020;Donnerstag;1;5;3;2;3;33;52;127;136;92;98;101;119;134;128;110;115;175;183;103;56;44;22;12;6
185;11253;St.Gallen Herisauer/Schranke;02.04.2020;Donnerstag;2;4;9;2;3;2;13;95;112;66;42;86;93;85;90;85;78;105;137;82;47;25;32;20;4
186;11253;St.Gallen Herisauer/Schranke;03.04.2020;Freitag;1;4;1;6;5;26;62;126;138;101;84;118;128;148;143;141;144;187;164;81;54;49;32;17;8
187;11253;St.Gallen Herisauer/Schranke;03.04.2020;Freitag;2;8;3;8;0;6;17;81;106;89;81;67;92;94;90;103;105;139;107;92;46;43;29;22;10
188;11253;St.Gallen Herisauer/Schranke;04.04.2020;Samstag;1;7;6;2;1;12;15;26;41;38;0;0;0;2;3;2;3;1;1;52;38;36;30;24;15
189;11253;St.Gallen Herisauer/Schranke;04.04.2020;Samstag;2;10;8;7;5;5;6;11;11;26;2;2;1;4;5;7;3;2;3;47;32;29;39;15;17
190;11253;St.Gallen Herisauer/Schranke;05.04.2020;Sonntag;1;12;7;2;4;5;8;10;18;24;22;51;50;69;62;91;67;63;59;56;39;27;26;13;8
191;11253;St.Gallen Herisauer/Schranke;05.04.2020;Sonntag;2;10;4;3;6;0;2;5;5;8;17;25;29;46;44;68;57;61;63;46;43;29;32;11;9
192;11253;St.Gallen Herisauer/Schranke;06.04.2020;Montag;1;3;5;4;4;26;52;136;162;87;95;96;108;144;117;130;138;181;195;95;51;36;26;18;6
193;11253;St.Gallen Herisauer/Schranke;06.04.2020;Montag;2;5;7;2;1;5;13;110;117;71;58;72;77;94;80;88;82;114;121;95;52;41;30;11;9
194;11253;St.Gallen Herisauer/Schranke;07.04.2020;Dienstag;1;3;9;1;4;28;59;147;137;82;111;121;108;143;158;124;147;186;210;100;48;47;25;18;10
195;11253;St.Gallen Herisauer/Schranke;07.04.2020;Dienstag;2;6;8;2;1;3;22;97;131;74;61;84;81;108;100;95;109;103;145;101;57;39;37;10;13
196;11253;St.Gallen Herisauer/Schranke;08.04.2020;Mittwoch;1;0;4;1;7;29;55;141;136;109;114;134;121;152;138;149;150;204;196;87;70;39;29;16;7
197;11253;St.Gallen Herisauer/Schranke;08.04.2020;Mittwoch;2;7;6;6;3;3;16;94;113;82;58;97;100;121;100;93;105;152;144;89;44;48;42;25;10
198;11253;St.Gallen Herisauer/Schranke;09.04.2020;Donnerstag;1;4;4;4;3;35;49;127;149;110;141;119;161;150;155;152;177;206;147;94;64;45;33;15;16
199;11253;St.Gallen Herisauer/Schranke;09.04.2020;Donnerstag;2;5;4;3;3;6;12;84;126;62;85;94;120;128;117;115;111;130;131;76;68;48;26;12;23
200;11253;St.Gallen Herisauer/Schranke;10.04.2020;Freitag;1;5;2;1;0;3;5;16;16;25;39;48;53;42;67;80;58;65;67;45;40;34;28;16;10
201;11253;St.Gallen Herisauer/Schranke;10.04.2020;Freitag;2;9;4;5;1;2;1;4;8;7;17;45;40;33;53;56;57;55;64;40;44;37;28;12;7
202;11253;St.Gallen Herisauer/Schranke;11.04.2020;Samstag;1;10;4;3;3;15;16;16;31;64;0;0;0;0;2;3;6;1;6;62;52;41;26;24;20
203;11253;St.Gallen Herisauer/Schranke;11.04.2020;Samstag;2;9;6;6;3;5;5;11;12;23;3;4;3;5;3;4;11;6;5;55;52;44;29;23;10
204;11253;St.Gallen Herisauer/Schranke;12.04.2020;Sonntag;1;8;3;4;1;3;7;10;13;26;23;58;63;53;55;64;77;66;65;45;56;38;26;22;12
205;11253;St.Gallen Herisauer/Schranke;12.04.2020;Sonntag;2;8;5;5;2;3;4;2;5;17;23;45;58;40;45;55;50;67;56;46;34;39;22;23;8
206;11253;St.Gallen Herisauer/Schranke;13.04.2020;Montag;1;5;7;2;1;3;9;14;20;25;28;57;57;68;78;92;80;81;73;61;40;33;18;11;8
207;11253;St.Gallen Herisauer/Schranke;13.04.2020;Montag;2;4;8;1;1;2;4;2;6;14;22;30;53;48;50;67;63;66;56;46;45;42;22;19;7
208;11253;St.Gallen Herisauer/Schranke;14.04.2020;Dienstag;1;3;3;4;3;16;56;153;138;109;111;107;117;143;138;143;121;175;213;101;54;34;26;11;5
209;11253;St.Gallen Herisauer/Schranke;14.04.2020;Dienstag;2;5;3;1;2;3;16;111;124;56;70;59;86;105;104;85;96;116;147;90;48;25;29;16;5
210;11253;St.Gallen Herisauer/Schranke;15.04.2020;Mittwoch;1;2;5;5;6;23;60;144;157;102;116;110;138;151;153;119;139;186;206;91;65;31;29;23;8
211;11253;St.Gallen Herisauer/Schranke;15.04.2020;Mittwoch;2;11;5;4;4;6;6;103;121;76;84;73;98;105;99;77;106;121;142;110;74;41;20;16;10
212;11253;St.Gallen Herisauer/Schranke;16.04.2020;Donnerstag;1;4;8;4;5;21;62;149;172;106;99;125;134;135;140;140;143;188;202;93;49;48;26;24;6
213;11253;St.Gallen Herisauer/Schranke;16.04.2020;Donnerstag;2;4;6;7;3;3;11;95;125;74;66;90;91;106;92;90;99;125;136;106;62;34;36;28;15
214;11253;St.Gallen Herisauer/Schranke;17.04.2020;Freitag;1;8;3;5;6;29;57;155;114;121;124;126;123;136;152;157;167;193;169;95;56;41;47;16;13
215;11253;St.Gallen Herisauer/Schranke;17.04.2020;Freitag;2;5;9;6;6;7;10;98;110;71;71;74;93;84;99;105;113;139;130;90;74;42;40;20;20
216;11253;St.Gallen Herisauer/Schranke;18.04.2020;Samstag;1;16;7;4;6;9;16;30;41;51;0;0;0;1;2;2;1;1;4;71;32;34;34;14;21
217;11253;St.Gallen Herisauer/Schranke;18.04.2020;Samstag;2;11;10;9;3;2;13;20;11;15;1;7;4;9;8;9;9;6;9;46;36;39;30;15;18
218;11253;St.Gallen Herisauer/Schranke;19.04.2020;Sonntag;1;8;6;10;2;2;9;9;12;15;36;65;69;68;64;74;82;69;68;67;38;48;20;12;11
219;11253;St.Gallen Herisauer/Schranke;19.04.2020;Sonntag;2;11;6;6;3;1;1;2;8;13;19;33;50;48;51;56;56;47;70;64;40;36;30;12;7
220;11253;St.Gallen Herisauer/Schranke;20.04.2020;Montag;1;8;0;3;8;25;67;148;171;100;110;99;120;136;145;121;134;187;252;93;52;35;23;16;4
221;11253;St.Gallen Herisauer/Schranke;20.04.2020;Montag;2;7;6;5;3;4;13;108;112;89;59;73;86;102;106;89;84;123;170;87;56;27;34;10;12
222;11253;St.Gallen Herisauer/Schranke;21.04.2020;Dienstag;1;5;3;5;7;26;79;149;158;120;102;116;135;112;138;97;126;200;225;95;55;48;36;16;6
223;11253;St.Gallen Herisauer/Schranke;21.04.2020;Dienstag;2;6;6;6;1;4;16;110;147;76;66;71;99;91;82;86;93;110;144;106;50;31;49;16;8
224;11253;St.Gallen Herisauer/Schranke;22.04.2020;Mittwoch;1;4;7;4;8;27;67;150;181;105;109;129;119;143;134;128;122;192;258;98;65;35;34;11;12
225;11253;St.Gallen Herisauer/Schranke;22.04.2020;Mittwoch;2;4;4;4;6;10;15;104;130;89;63;77;110;93;94;85;129;103;142;104;66;32;38;18;13
226;11253;St.Gallen Herisauer/Schranke;23.04.2020;Donnerstag;1;3;8;3;7;25;69;155;176;107;124;114;133;130;152;135;145;179;199;127;54;36;33;27;15
227;11253;St.Gallen Herisauer/Schranke;23.04.2020;Donnerstag;2;8;9;5;4;9;18;109;126;84;61;86;109;112;76;89;89;136;140;95;62;44;45;18;11
228;11253;St.Gallen Herisauer/Schranke;24.04.2020;Freitag;1;3;2;6;8;22;76;147;157;124;109;119;133;136;138;148;163;229;211;101;72;39;43;22;20
229;11253;St.Gallen Herisauer/Schranke;24.04.2020;Freitag;2;10;5;7;4;12;15;107;115;90;67;90;82;135;130;103;120;144;141;118;86;54;43;24;20
230;11253;St.Gallen Herisauer/Schranke;25.04.2020;Samstag;1;12;6;4;2;8;23;27;43;49;1;0;1;2;2;1;2;3;6;59;47;34;34;19;23
231;11253;St.Gallen Herisauer/Schranke;25.04.2020;Samstag;2;15;7;4;6;5;8;12;18;23;0;3;4;5;4;4;8;2;9;57;46;42;32;27;22
232;11253;St.Gallen Herisauer/Schranke;26.04.2020;Sonntag;1;10;14;4;4;7;3;11;13;25;40;53;44;59;71;80;69;76;74;57;60;27;28;11;14
233;11253;St.Gallen Herisauer/Schranke;26.04.2020;Sonntag;2;16;10;7;3;1;2;5;2;14;22;31;40;42;52;61;71;52;66;58;68;42;17;9;4
234;11253;St.Gallen Herisauer/Schranke;27.04.2020;Montag;1;2;4;3;6;27;64;162;180;134;140;124;140;145;175;182;158;219;240;105;48;45;33;21;8
235;11253;St.Gallen Herisauer/Schranke;27.04.2020;Montag;2;6;2;4;2;9;16;129;132;89;101;73;117;105;100;103;112;134;183;103;57;39;40;15;17
236;11253;St.Gallen Herisauer/Schranke;28.04.2020;Dienstag;1;6;3;4;3;37;72;171;153;115;125;118;139;155;140;145;166;218;241;132;60;40;34;18;13
237;11253;St.Gallen Herisauer/Schranke;28.04.2020;Dienstag;2;3;4;3;4;6;28;119;136;79;77;80;95;125;104;101;115;124;182;89;64;32;43;13;14
238;11253;St.Gallen Herisauer/Schranke;29.04.2020;Mittwoch;1;3;4;2;5;28;75;159;166;107;130;118;128;158;160;161;148;235;209;122;50;28;34;20;10
239;11253;St.Gallen Herisauer/Schranke;29.04.2020;Mittwoch;2;10;8;6;2;10;22;104;124;78;77;78;92;116;93;94;114;139;166;120;50;35;39;17;11
240;11253;St.Gallen Herisauer/Schranke;30.04.2020;Donnerstag;1;3;5;3;4;28;65;156;167;112;130;152;152;142;144;141;163;184;223;99;73;33;25;25;9
241;11253;St.Gallen Herisauer/Schranke;30.04.2020;Donnerstag;2;4;6;4;5;6;19;101;133;84;89;81;112;127;92;100;104;117;144;92;55;42;33;20;14
242;11253;St.Gallen Herisauer/Schranke;01.05.2020;Freitag;1;5;3;5;2;25;54;135;143;113;112;110;157;179;181;173;183;217;193;99;80;48;48;19;14
243;11253;St.Gallen Herisauer/Schranke;01.05.2020;Freitag;2;8;7;9;1;9;20;106;110;75;83;99;103;105;113;103;130;133;120;73;56;39;43;26;28
244;11253;St.Gallen Herisauer/Schranke;02.05.2020;Samstag;1;10;5;9;7;12;7;21;46;55;0;1;1;1;0;2;0;3;3;55;41;26;35;21;24
245;11253;St.Gallen Herisauer/Schranke;02.05.2020;Samstag;2;17;7;8;2;3;10;14;11;16;0;2;0;2;3;6;2;3;4;40;35;36;25;17;15
246;11253;St.Gallen Herisauer/Schranke;03.05.2020;Sonntag;1;14;9;4;5;6;7;9;11;32;43;64;61;73;75;80;94;80;72;71;59;45;32;15;13
247;11253;St.Gallen Herisauer/Schranke;03.05.2020;Sonntag;2;18;10;5;4;1;1;4;4;15;27;31;42;43;59;61;47;61;72;73;58;41;24;20;10
248;11253;St.Gallen Herisauer/Schranke;04.05.2020;Montag;1;4;1;4;7;24;68;172;192;109;125;118;130;173;170;143;139;180;260;127;51;39;26;21;8
249;11253;St.Gallen Herisauer/Schranke;04.05.2020;Montag;2;3;4;2;4;4;21;124;162;76;95;84;93;128;113;86;113;128;169;94;60;32;18;10;8
250;11253;St.Gallen Herisauer/Schranke;05.05.2020;Dienstag;1;5;1;9;5;28;66;154;180;132;113;136;137;161;169;151;152;208;244;105;54;36;27;19;10
251;11253;St.Gallen Herisauer/Schranke;05.05.2020;Dienstag;2;3;7;5;1;5;21;124;132;91;77;94;87;113;103;103;110;141;168;108;62;25;26;18;10
252;11253;St.Gallen Herisauer/Schranke;06.05.2020;Mittwoch;1;4;5;5;6;26;62;161;185;117;130;139;134;183;174;151;161;225;239;109;54;49;34;21;6
253;11253;St.Gallen Herisauer/Schranke;06.05.2020;Mittwoch;2;2;9;4;4;7;16;104;135;83;74;78;102;115;102;97;125;143;161;123;61;34;27;17;14
254;11253;St.Gallen Herisauer/Schranke;07.05.2020;Donnerstag;1;4;2;7;7;27;67;157;170;141;143;127;154;148;162;147;178;202;257;115;70;57;27;15;10
255;11253;St.Gallen Herisauer/Schranke;07.05.2020;Donnerstag;2;4;4;3;3;10;17;97;144;94;86;89;97;122;113;95;117;132;161;111;71;40;30;19;16
256;11253;St.Gallen Herisauer/Schranke;08.05.2020;Freitag;1;7;4;10;8;33;68;147;196;124;143;166;156;168;165;151;185;188;216;129;89;52;37;26;20
257;11253;St.Gallen Herisauer/Schranke;08.05.2020;Freitag;2;9;6;6;3;7;20;97;122;77;82;109;113;129;120;124;137;140;140;103;77;59;57;21;14
258;11253;St.Gallen Herisauer/Schranke;09.05.2020;Samstag;1;13;4;5;6;16;13;33;37;76;3;1;1;2;1;5;3;2;3;55;47;54;43;29;20
259;11253;St.Gallen Herisauer/Schranke;09.05.2020;Samstag;2;14;6;6;5;6;5;15;18;30;3;7;7;7;3;18;7;3;7;49;55;41;39;25;14
260;11253;St.Gallen Herisauer/Schranke;10.05.2020;Sonntag;1;17;6;6;4;4;5;12;16;31;46;61;78;69;109;110;89;100;106;90;59;59;37;20;14
261;11253;St.Gallen Herisauer/Schranke;10.05.2020;Sonntag;2;17;18;13;3;2;0;6;2;7;29;40;57;47;55;74;59;78;95;75;56;55;29;15;9
262;11253;St.Gallen Herisauer/Schranke;11.05.2020;Montag;1;7;1;3;5;22;62;175;198;148;168;137;169;182;224;168;190;243;275;148;61;38;22;16;10
263;11253;St.Gallen Herisauer/Schranke;11.05.2020;Montag;2;6;6;2;3;7;18;116;188;111;99;107;112;132;127;109;126;145;221;136;87;30;34;18;11
264;11253;St.Gallen Herisauer/Schranke;12.05.2020;Dienstag;1;2;3;6;5;33;63;173;181;136;175;174;180;181;191;161;209;247;295;142;81;50;39;21;8
265;11253;St.Gallen Herisauer/Schranke;12.05.2020;Dienstag;2;7;5;4;4;7;28;130;156;86;58;100;112;128;126;125;127;158;179;148;91;31;33;17;12
266;11253;St.Gallen Herisauer/Schranke;13.05.2020;Mittwoch;1;8;5;2;5;31;68;183;182;138;179;150;160;199;197;213;210;234;264;128;59;43;28;22;13
267;11253;St.Gallen Herisauer/Schranke;13.05.2020;Mittwoch;2;10;5;4;3;12;22;108;144;99;88;83;124;129;128;114;131;167;176;138;69;42;31;25;7
268;11253;St.Gallen Herisauer/Schranke;14.05.2020;Donnerstag;1;4;6;2;5;32;71;176;174;150;146;139;157;188;223;199;190;260;264;162;89;47;53;19;10
269;11253;St.Gallen Herisauer/Schranke;14.05.2020;Donnerstag;2;4;5;5;5;8;23;131;188;89;92;130;120;125;144;127;121;169;173;145;71;63;57;23;8
270;11253;St.Gallen Herisauer/Schranke;15.05.2020;Freitag;1;8;3;6;5;26;72;158;184;146;179;155;145;210;221;229;232;282;225;160;81;63;37;28;23
271;11253;St.Gallen Herisauer/Schranke;15.05.2020;Freitag;2;11;11;4;3;10;16;110;145;103;116;127;128;166;140;130;164;191;146;117;86;46;38;30;22
272;11253;St.Gallen Herisauer/Schranke;16.05.2020;Samstag;1;10;11;4;13;15;18;27;65;94;2;4;4;3;5;5;4;2;4;70;62;35;32;23;23
273;11253;St.Gallen Herisauer/Schranke;16.05.2020;Samstag;2;24;9;6;8;4;6;18;27;41;2;1;4;4;8;13;4;4;11;51;45;34;27;16;29
274;11253;St.Gallen Herisauer/Schranke;17.05.2020;Sonntag;1;21;5;3;8;2;4;6;19;30;49;59;69;79;101;71;96;75;82;85;55;47;33;24;13
275;11253;St.Gallen Herisauer/Schranke;17.05.2020;Sonntag;2;30;12;8;2;2;1;5;5;9;30;40;47;71;76;63;62;67;68;65;60;37;36;23;12
276;11253;St.Gallen Herisauer/Schranke;18.05.2020;Montag;1;8;3;4;9;32;66;176;182;161;146;153;163;205;205;163;200;241;273;150;73;39;44;15;8
277;11253;St.Gallen Herisauer/Schranke;18.05.2020;Montag;2;9;6;3;4;11;23;115;154;93;112;123;119;140;129;114;120;150;197;134;79;52;42;21;9
278;11253;St.Gallen Herisauer/Schranke;19.05.2020;Dienstag;1;4;6;11;9;33;60;165;189;157;187;159;183;175;183;183;209;252;272;130;72;37;47;24;16
279;11253;St.Gallen Herisauer/Schranke;19.05.2020;Dienstag;2;5;12;5;5;9;23;129;132;102;102;90;126;131;123;117;117;152;179;117;82;42;36;18;19
280;11253;St.Gallen Herisauer/Schranke;20.05.2020;Mittwoch;1;6;2;5;8;26;60;176;198;171;189;164;181;225;186;224;239;293;228;116;78;63;46;21;25
281;11253;St.Gallen Herisauer/Schranke;20.05.2020;Mittwoch;2;7;8;5;3;8;18;108;126;118;91;121;138;140;118;117;149;190;178;128;94;68;42;31;23
282;11253;St.Gallen Herisauer/Schranke;21.05.2020;Donnerstag;1;22;2;2;2;6;9;14;26;35;65;84;90;87;89;79;69;79;70;72;57;62;39;28;13
283;11253;St.Gallen Herisauer/Schranke;21.05.2020;Donnerstag;2;13;11;10;1;1;2;11;12;24;34;52;51;45;41;53;47;65;67;73;65;56;36;28;18
284;11253;St.Gallen Herisauer/Schranke;22.05.2020;Freitag;1;8;3;3;11;24;31;66;98;133;201;180;175;163;187;176;189;157;175;105;88;48;23;23;20
285;11253;St.Gallen Herisauer/Schranke;22.05.2020;Freitag;2;11;9;2;5;7;14;33;65;72;93;116;122;127;115;108;127;119;126;112;82;58;51;24;20
286;11253;St.Gallen Herisauer/Schranke;23.05.2020;Samstag;1;17;7;4;9;12;12;25;48;68;3;3;4;2;4;5;4;1;5;69;37;36;35;26;18
287;11253;St.Gallen Herisauer/Schranke;23.05.2020;Samstag;2;21;9;6;8;6;8;15;11;25;5;2;7;7;10;1;1;1;6;39;29;38;34;19;15
288;11253;St.Gallen Herisauer/Schranke;24.05.2020;Sonntag;1;11;10;3;1;6;7;11;14;28;57;61;70;73;81;92;123;107;75;86;59;58;31;20;3
289;11253;St.Gallen Herisauer/Schranke;24.05.2020;Sonntag;2;18;14;3;2;4;7;8;3;14;37;46;47;59;60;68;70;76;70;75;64;54;40;14;10
290;11253;St.Gallen Herisauer/Schranke;25.05.2020;Montag;1;5;6;1;5;26;67;172;179;141;168;164;183;201;189;203;210;272;311;132;68;46;22;21;11
291;11253;St.Gallen Herisauer/Schranke;25.05.2020;Montag;2;10;8;1;3;6;26;120;162;101;111;118;130;143;128;110;135;160;205;137;85;35;41;26;12
292;11253;St.Gallen Herisauer/Schranke;26.05.2020;Dienstag;1;7;2;2;6;31;70;180;197;139;164;163;175;181;183;179;188;256;269;138;83;50;31;19;7
293;11253;St.Gallen Herisauer/Schranke;26.05.2020;Dienstag;2;8;9;2;5;8;18;120;150;82;98;117;103;123;104;115;124;168;190;134;53;56;56;21;11
294;11253;St.Gallen Herisauer/Schranke;27.05.2020;Mittwoch;1;7;2;4;3;29;72;180;217;134;169;177;166;191;175;195;179;276;260;129;76;57;32;23;13
295;11253;St.Gallen Herisauer/Schranke;27.05.2020;Mittwoch;2;9;11;0;3;11;20;121;149;101;105;116;124;141;124;123;141;160;177;137;89;46;43;27;10
296;11253;St.Gallen Herisauer/Schranke;28.05.2020;Donnerstag;1;3;6;1;4;32;64;185;185;165;161;152;176;193;193;212;195;247;274;143;118;74;54;38;11
297;11253;St.Gallen Herisauer/Schranke;28.05.2020;Donnerstag;2;6;7;4;0;11;23;115;137;96;94;98;137;134;134;122;122;147;189;153;114;76;59;29;19
298;11253;St.Gallen Herisauer/Schranke;29.05.2020;Freitag;1;7;3;2;3;28;78;177;165;167;189;165;173;185;220;204;237;257;271;145;97;54;52;25;18
299;11253;St.Gallen Herisauer/Schranke;29.05.2020;Freitag;2;8;6;5;2;10;29;106;128;105;112;138;139;148;147;130;158;150;164;131;94;62;71;36;31
300;11253;St.Gallen Herisauer/Schranke;30.05.2020;Samstag;1;15;12;6;7;20;11;36;46;85;2;4;3;5;5;5;0;4;7;67;41;47;36;18;33
301;11253;St.Gallen Herisauer/Schranke;30.05.2020;Samstag;2;14;14;10;3;4;4;13;21;24;2;5;7;8;11;7;11;6;13;62;48;45;36;21;20
302;11253;St.Gallen Herisauer/Schranke;31.05.2020;Sonntag;1;21;14;13;3;8;8;9;20;36;56;78;86;75;77;99;80;78;79;64;57;42;43;24;15
303;11253;St.Gallen Herisauer/Schranke;31.05.2020;Sonntag;2;17;18;9;3;0;1;5;10;10;25;41;51;63;53;49;59;80;71;78;56;54;41;34;24
304;11253;St.Gallen Herisauer/Schranke;01.06.2020;Montag;1;19;8;3;1;5;15;13;16;44;76;91;75;96;88;108;80;84;89;80;65;61;39;19;10
305;11253;St.Gallen Herisauer/Schranke;01.06.2020;Montag;2;19;8;7;2;2;5;8;6;21;36;51;59;55;58;61;67;69;79;77;71;53;46;31;16
306;11253;St.Gallen Herisauer/Schranke;02.06.2020;Dienstag;1;4;3;3;8;28;82;173;180;145;186;168;181;169;207;181;196;255;292;130;93;49;38;17;10
307;11253;St.Gallen Herisauer/Schranke;02.06.2020;Dienstag;2;16;6;4;4;5;23;127;158;96;105;102;115;123;140;113;129;129;215;147;109;44;39;21;13
308;11253;St.Gallen Herisauer/Schranke;03.06.2020;Mittwoch;1;6;4;7;9;32;78;187;188;158;165;168;168;197;196;190;182;251;281;159;72;46;33;21;11
309;11253;St.Gallen Herisauer/Schranke;03.06.2020;Mittwoch;2;7;7;8;4;7;26;112;136;94;101;95;137;132;115;126;129;162;208;149;81;37;37;17;11
310;11253;St.Gallen Herisauer/Schranke;04.06.2020;Donnerstag;1;3;2;8;8;28;78;173;203;154;162;151;169;186;205;183;209;247;274;174;85;58;43;23;11
311;11253;St.Gallen Herisauer/Schranke;04.06.2020;Donnerstag;2;8;6;5;2;7;17;121;150;89;89;101;137;136;144;122;115;172;181;127;94;58;45;19;13
312;11253;St.Gallen Herisauer/Schranke;05.06.2020;Freitag;1;4;5;4;4;27;75;154;179;158;175;194;182;198;209;194;241;254;259;145;90;58;31;34;18
313;11253;St.Gallen Herisauer/Schranke;05.06.2020;Freitag;2;7;8;3;4;11;24;91;155;97;108;144;130;131;141;136;157;176;162;154;78;52;43;25;31
314;11253;St.Gallen Herisauer/Schranke;06.06.2020;Samstag;1;16;3;5;9;13;10;28;60;73;3;3;3;2;2;4;8;2;7;75;60;44;30;29;13
315;11253;St.Gallen Herisauer/Schranke;06.06.2020;Samstag;2;17;13;14;3;4;3;20;17;33;2;4;5;4;2;6;8;5;11;42;27;41;22;30;18
316;11253;St.Gallen Herisauer/Schranke;07.06.2020;Sonntag;1;27;10;8;4;4;7;9;19;27;47;55;57;50;72;88;83;69;94;65;57;56;34;16;16
317;11253;St.Gallen Herisauer/Schranke;07.06.2020;Sonntag;2;43;22;5;6;3;2;5;9;8;21;30;42;44;57;59;42;54;62;53;67;42;39;20;9
318;11253;St.Gallen Herisauer/Schranke;08.06.2020;Montag;1;8;4;2;8;36;75;174;201;150;167;148;161;190;208;186;196;269;309;159;97;46;40;26;15
319;11253;St.Gallen Herisauer/Schranke;08.06.2020;Montag;2;7;5;5;1;8;30;130;165;113;113;114;115;133;120;115;116;155;207;126;94;48;46;25;11
320;11253;St.Gallen Herisauer/Schranke;09.06.2020;Dienstag;1;6;3;5;8;27;68;175;195;143;174;149;193;205;170;171;197;250;280;154;79;38;36;31;14
321;11253;St.Gallen Herisauer/Schranke;09.06.2020;Dienstag;2;6;11;5;4;9;26;123;149;105;116;120;141;142;137;117;114;159;189;118;89;54;52;29;12
322;11253;St.Gallen Herisauer/Schranke;10.06.2020;Mittwoch;1;8;7;3;6;33;78;189;197;154;161;163;165;210;177;179;190;258;313;153;81;45;39;25;10
323;11253;St.Gallen Herisauer/Schranke;10.06.2020;Mittwoch;2;7;9;4;4;8;32;112;146;96;92;120;116;146;112;115;133;175;227;153;70;50;40;28;22
324;11253;St.Gallen Herisauer/Schranke;11.06.2020;Donnerstag;1;8;4;3;7;26;84;161;178;158;170;156;185;203;180;171;185;233;307;166;128;58;64;22;14
325;11253;St.Gallen Herisauer/Schranke;11.06.2020;Donnerstag;2;4;8;5;2;9;29;109;139;84;114;115;122;127;128;101;96;162;201;139;98;84;77;48;28
326;11253;St.Gallen Herisauer/Schranke;12.06.2020;Freitag;1;4;9;4;11;26;71;177;202;159;189;163;182;175;199;205;202;270;245;173;92;57;49;41;30
327;11253;St.Gallen Herisauer/Schranke;12.06.2020;Freitag;2;14;6;6;5;12;24;101;150;93;96;137;136;127;112;118;135;160;166;140;94;56;62;43;34
328;11253;St.Gallen Herisauer/Schranke;13.06.2020;Samstag;1;22;13;1;10;13;18;29;70;88;1;1;3;1;7;5;2;2;7;86;57;38;45;25;33
329;11253;St.Gallen Herisauer/Schranke;13.06.2020;Samstag;2;27;23;8;7;7;4;16;20;34;7;8;5;3;7;9;8;8;11;61;46;41;34;27;29
330;11253;St.Gallen Herisauer/Schranke;14.06.2020;Sonntag;1;32;27;5;5;5;9;14;23;28;37;69;59;80;62;99;89;82;84;77;61;44;25;17;11
331;11253;St.Gallen Herisauer/Schranke;14.06.2020;Sonntag;2;32;28;11;6;3;1;5;3;9;20;40;42;53;52;76;52;60;64;62;50;43;33;25;11
332;11253;St.Gallen Herisauer/Schranke;15.06.2020;Montag;1;6;2;3;6;29;74;180;207;161;171;146;181;185;180;183;204;271;271;134;102;49;40;14;6
333;11253;St.Gallen Herisauer/Schranke;15.06.2020;Montag;2;7;5;3;4;8;28;133;174;90;105;93;144;145;135;119;138;151;173;140;71;58;45;32;20
334;11253;St.Gallen Herisauer/Schranke;16.06.2020;Dienstag;1;8;3;4;4;31;82;168;224;163;154;150;184;188;189;218;182;238;270;147;76;47;43;21;7
335;11253;St.Gallen Herisauer/Schranke;16.06.2020;Dienstag;2;7;9;5;4;8;20;133;142;109;109;81;128;124;121;120;143;157;173;126;100;59;43;29;17
336;11253;St.Gallen Herisauer/Schranke;17.06.2020;Mittwoch;1;7;2;5;5;28;84;163;211;173;171;139;189;163;221;172;195;252;291;140;87;49;33;21;11
337;11253;St.Gallen Herisauer/Schranke;17.06.2020;Mittwoch;2;15;7;4;4;8;24;126;148;98;97;111;133;137;120;121;134;170;188;128;89;62;48;29;20
338;11253;St.Gallen Herisauer/Schranke;18.06.2020;Donnerstag;1;8;6;4;6;31;79;193;197;142;164;154;175;179;182;172;205;303;276;171;107;64;51;36;13
339;11253;St.Gallen Herisauer/Schranke;18.06.2020;Donnerstag;2;8;9;10;5;7;31;121;144;103;97;117;127;144;135;108;72;8;161;124;96;88;66;38;24
340;11253;St.Gallen Herisauer/Schranke;19.06.2020;Freitag;1;8;5;4;7;34;77;179;186;156;189;168;188;162;210;215;232;281;246;136;91;67;64;30;24
341;11253;St.Gallen Herisauer/Schranke;19.06.2020;Freitag;2;16;12;4;5;7;33;122;137;97;108;134;124;135;109;111;142;200;168;124;107;74;53;37;22
342;11253;St.Gallen Herisauer/Schranke;20.06.2020;Samstag;1;26;11;2;9;15;23;38;64;89;1;1;5;3;3;3;4;3;4;74;63;42;60;33;33
343;11253;St.Gallen Herisauer/Schranke;20.06.2020;Samstag;2;24;18;10;6;3;7;20;16;34;3;1;8;8;4;10;9;6;12;48;59;29;43;40;33
344;11253;St.Gallen Herisauer/Schranke;21.06.2020;Sonntag;1;25;13;6;5;3;5;15;24;38;46;91;82;74;95;109;81;85;93;65;63;45;31;20;14
345;11253;St.Gallen Herisauer/Schranke;21.06.2020;Sonntag;2;33;21;16;8;4;3;8;11;16;24;44;54;47;49;66;60;73;73;65;58;49;40;38;20
346;11253;St.Gallen Herisauer/Schranke;22.06.2020;Montag;1;4;2;1;7;25;73;170;290;137;35;132;167;193;178;183;193;297;266;155;80;38;50;31;11
347;11253;St.Gallen Herisauer/Schranke;22.06.2020;Montag;2;7;6;3;3;9;21;128;74;72;136;86;125;123;127;119;118;156;179;129;85;67;51;29;9
348;11253;St.Gallen Herisauer/Schranke;23.06.2020;Dienstag;1;4;2;3;10;26;80;185;172;199;152;144;159;184;193;159;168;260;272;128;88;53;52;37;11
349;11253;St.Gallen Herisauer/Schranke;23.06.2020;Dienstag;2;12;6;8;3;4;25;130;140;117;90;102;120;135;122;99;109;157;196;126;100;66;61;33;17
350;11253;St.Gallen Herisauer/Schranke;24.06.2020;Mittwoch;1;11;8;6;4;30;79;179;192;147;145;140;193;194;205;180;186;266;250;151;92;68;41;38;20
351;11253;St.Gallen Herisauer/Schranke;24.06.2020;Mittwoch;2;5;9;6;3;11;21;122;142;98;104;101;113;149;133;111;115;151;175;121;113;71;72;27;26
352;11253;St.Gallen Herisauer/Schranke;25.06.2020;Donnerstag;1;6;5;2;7;28;75;168;198;163;162;147;149;189;173;157;178;223;285;181;114;66;51;46;18
353;11253;St.Gallen Herisauer/Schranke;25.06.2020;Donnerstag;2;9;5;7;3;7;30;124;146;99;101;107;121;149;144;99;111;150;173;150;93;108;87;69;28
354;11253;St.Gallen Herisauer/Schranke;26.06.2020;Freitag;1;9;6;6;11;32;62;167;180;166;176;169;197;187;226;228;202;268;258;149;94;66;54;38;26
355;11253;St.Gallen Herisauer/Schranke;26.06.2020;Freitag;2;9;8;6;4;15;31;107;135;106;112;109;138;136;119;119;144;173;178;123;74;74;62;32;30
356;11253;St.Gallen Herisauer/Schranke;27.06.2020;Samstag;1;22;9;14;13;16;23;38;58;89;3;0;2;0;2;2;4;0;13;60;56;50;49;43;27
357;11253;St.Gallen Herisauer/Schranke;27.06.2020;Samstag;2;23;13;20;12;7;6;13;22;28;0;2;6;2;9;17;103;121;137;78;92;77;74;44;49
358;11253;St.Gallen Herisauer/Schranke;28.06.2020;Sonntag;1;30;14;12;14;7;13;19;35;47;54;84;81;80;91;117;100;67;87;89;58;51;34;22;10
359;11253;St.Gallen Herisauer/Schranke;28.06.2020;Sonntag;2;42;32;18;19;12;15;17;29;33;66;94;104;120;103;115;101;84;104;105;108;91;61;39;16
360;11253;St.Gallen Herisauer/Schranke;29.06.2020;Montag;1;2;3;6;7;37;66;162;186;150;152;147;174;200;208;177;201;267;317;138;92;54;56;24;18
361;11253;St.Gallen Herisauer/Schranke;29.06.2020;Montag;2;8;8;6;9;17;21;135;160;106;85;118;128;120;130;104;132;153;246;159;107;72;52;31;20
362;11253;St.Gallen Herisauer/Schranke;30.06.2020;Dienstag;1;5;8;7;8;31;73;171;198;143;151;137;169;161;174;165;172;269;293;144;94;60;54;30;18
363;11253;St.Gallen Herisauer/Schranke;30.06.2020;Dienstag;2;9;8;8;5;6;24;140;143;107;94;112;112;121;115;131;129;155;257;142;96;79;83;32;26
