LNR;ORT-ID;BEZEICHNUNG;DATUM;WOCHENTAG;RI;1;2;3;4;5;6;7;8;9;10;11;12;13;14;15;16;17;18;19;20;21;22;23;24
0;11050;St.Gallen Stadt Lerchental;01.01.2020;Mittwoch;1;3;0;0;1;0;1;1;3;4;1;2;3;1;2;5;5;4;6;7;1;1;0;1;0
1;11050;St.Gallen Stadt Lerchental;01.01.2020;Mittwoch;2;2;1;1;1;1;3;0;1;2;0;5;4;1;2;6;5;1;1;2;2;2;1;3;0
2;11050;St.Gallen Stadt Lerchental;02.01.2020;Donnerstag;1;0;0;1;0;3;3;6;10;32;31;57;56;56;36;45;61;56;49;31;18;5;4;2;1
3;11050;St.Gallen Stadt Lerchental;02.01.2020;Donnerstag;2;2;0;2;0;3;7;23;53;32;52;64;62;46;59;56;45;51;42;15;6;2;2;3;0
4;11050;St.Gallen Stadt Lerchental;03.01.2020;Freitag;1;0;1;0;0;0;0;7;10;19;27;56;72;66;40;65;76;72;68;28;11;9;1;2;1
5;11050;St.Gallen Stadt Lerchental;03.01.2020;Freitag;2;0;2;1;0;0;0;29;72;46;41;58;67;42;77;58;76;57;43;15;3;5;1;2;0
6;11050;St.Gallen Stadt Lerchental;04.01.2020;Samstag;1;1;0;0;3;0;3;4;6;10;30;39;48;54;49;47;52;44;23;5;5;4;2;1;2
7;11050;St.Gallen Stadt Lerchental;04.01.2020;Samstag;2;1;1;1;3;1;5;4;13;19;33;46;56;46;47;45;55;46;7;5;2;1;4;2;2
8;11050;St.Gallen Stadt Lerchental;05.01.2020;Sonntag;1;1;0;0;0;0;1;3;1;5;5;6;6;6;9;7;5;16;2;11;3;2;2;0;0
9;11050;St.Gallen Stadt Lerchental;05.01.2020;Sonntag;2;0;0;2;0;0;2;1;0;5;3;2;6;7;9;6;5;8;1;5;4;3;1;1;1
10;11050;St.Gallen Stadt Lerchental;06.01.2020;Montag;1;0;0;0;2;0;0;9;24;45;66;66;85;86;52;70;87;88;113;52;26;6;1;1;0
11;11050;St.Gallen Stadt Lerchental;06.01.2020;Montag;2;0;0;2;1;0;6;52;163;113;72;72;68;64;106;87;77;70;51;28;4;5;1;2;0
12;11050;St.Gallen Stadt Lerchental;07.01.2020;Dienstag;1;3;0;1;1;0;1;10;37;47;52;70;114;74;64;72;72;75;115;58;15;12;2;1;1
13;11050;St.Gallen Stadt Lerchental;07.01.2020;Dienstag;2;1;0;2;1;0;7;62;169;98;75;71;69;64;99;83;69;60;50;27;0;5;2;0;1
14;11050;St.Gallen Stadt Lerchental;08.01.2020;Mittwoch;1;0;0;1;1;1;0;9;33;52;61;50;86;71;43;70;63;81;121;48;24;4;0;1;5
15;11050;St.Gallen Stadt Lerchental;08.01.2020;Mittwoch;2;0;0;1;2;0;1;62;173;104;87;69;56;52;104;82;75;64;57;13;2;3;5;2;0
16;11050;St.Gallen Stadt Lerchental;09.01.2020;Donnerstag;1;0;0;0;1;1;1;14;43;60;63;89;113;69;49;69;96;89;120;61;27;5;3;1;0
17;11050;St.Gallen Stadt Lerchental;09.01.2020;Donnerstag;2;0;0;1;1;0;3;62;194;108;78;100;70;68;120;81;81;76;68;21;14;3;2;1;0
18;11050;St.Gallen Stadt Lerchental;10.01.2020;Freitag;1;0;0;1;1;1;2;7;35;52;68;71;88;86;61;72;62;100;97;46;17;2;2;4;1
19;11050;St.Gallen Stadt Lerchental;10.01.2020;Freitag;2;2;0;2;0;1;6;56;171;96;63;79;84;62;109;97;62;87;46;23;0;0;1;2;1
20;11050;St.Gallen Stadt Lerchental;11.01.2020;Samstag;1;0;0;1;1;0;1;0;6;20;29;61;65;57;56;52;53;74;28;8;1;2;3;1;0
21;11050;St.Gallen Stadt Lerchental;11.01.2020;Samstag;2;0;2;3;0;0;1;2;19;30;50;55;68;40;49;49;51;55;14;0;0;3;3;1;1
22;11050;St.Gallen Stadt Lerchental;12.01.2020;Sonntag;1;2;2;1;0;0;0;0;2;3;4;7;7;5;3;3;6;9;5;4;2;1;4;1;0
23;11050;St.Gallen Stadt Lerchental;12.01.2020;Sonntag;2;2;0;2;0;0;1;0;0;2;3;5;10;6;3;1;8;5;6;0;1;3;3;2;1
24;11050;St.Gallen Stadt Lerchental;13.01.2020;Montag;1;1;0;1;2;0;2;6;40;59;68;73;99;73;58;74;76;97;122;65;19;4;7;6;1
25;11050;St.Gallen Stadt Lerchental;13.01.2020;Montag;2;0;1;3;0;1;6;46;179;107;107;99;69;71;137;98;85;64;64;26;6;0;1;0;1
26;11050;St.Gallen Stadt Lerchental;14.01.2020;Dienstag;1;0;1;0;2;0;0;10;43;45;54;68;91;77;51;70;82;97;108;50;23;70;30;8;0
27;11050;St.Gallen Stadt Lerchental;14.01.2020;Dienstag;2;0;1;1;1;1;5;61;175;118;72;71;63;66;113;94;89;88;117;31;4;2;3;0;0
28;11050;St.Gallen Stadt Lerchental;15.01.2020;Mittwoch;1;0;0;0;0;2;2;7;37;58;64;64;82;70;40;68;77;98;98;61;19;5;4;1;0
29;11050;St.Gallen Stadt Lerchental;15.01.2020;Mittwoch;2;0;1;1;1;2;5;50;199;93;85;80;59;64;104;79;66;64;61;20;2;2;2;0;0
30;11050;St.Gallen Stadt Lerchental;16.01.2020;Donnerstag;1;0;0;1;1;0;1;13;42;80;73;80;109;80;64;69;83;113;132;70;20;4;3;2;0
31;11050;St.Gallen Stadt Lerchental;16.01.2020;Donnerstag;2;0;1;3;1;0;5;64;206;130;88;87;67;75;102;82;89;90;68;27;12;2;1;1;1
32;11050;St.Gallen Stadt Lerchental;17.01.2020;Freitag;1;1;1;0;0;1;1;11;28;64;65;82;105;70;71;61;88;82;95;47;19;3;2;1;1
33;11050;St.Gallen Stadt Lerchental;17.01.2020;Freitag;2;0;1;2;1;0;2;48;182;91;88;94;88;55;128;82;78;48;50;25;5;4;2;0;1
34;11050;St.Gallen Stadt Lerchental;18.01.2020;Samstag;1;3;0;3;0;1;1;4;7;16;37;56;70;45;50;69;62;59;21;6;4;4;2;1;1
35;11050;St.Gallen Stadt Lerchental;18.01.2020;Samstag;2;2;0;5;1;0;2;6;25;26;41;57;51;46;67;65;54;43;6;1;0;2;0;1;2
36;11050;St.Gallen Stadt Lerchental;19.01.2020;Sonntag;1;0;0;1;0;1;0;0;2;3;6;4;5;2;9;9;5;9;6;4;3;1;4;3;0
37;11050;St.Gallen Stadt Lerchental;19.01.2020;Sonntag;2;0;0;4;0;0;0;0;0;2;3;2;7;7;3;3;6;9;4;2;1;2;7;2;0
38;11050;St.Gallen Stadt Lerchental;20.01.2020;Montag;1;1;0;1;0;0;0;10;24;72;49;83;100;76;58;83;79;132;108;65;22;5;2;2;0
39;11050;St.Gallen Stadt Lerchental;20.01.2020;Montag;2;1;0;2;0;0;6;47;194;119;89;85;69;91;102;105;90;78;43;30;2;3;1;1;0
40;11050;St.Gallen Stadt Lerchental;21.01.2020;Dienstag;1;0;0;2;1;1;0;6;41;72;68;60;111;85;60;82;75;101;133;63;24;3;2;4;0
41;11050;St.Gallen Stadt Lerchental;21.01.2020;Dienstag;2;0;0;2;0;2;4;53;209;102;86;82;70;72;114;93;84;76;52;40;18;1;1;2;0
42;11050;St.Gallen Stadt Lerchental;22.01.2020;Mittwoch;1;0;0;2;1;2;1;7;40;58;49;71;91;71;54;63;77;90;118;62;26;8;3;6;0
43;11050;St.Gallen Stadt Lerchental;22.01.2020;Mittwoch;2;0;0;2;1;2;7;68;161;101;83;93;68;68;104;81;90;74;46;37;27;4;2;1;0
44;11050;St.Gallen Stadt Lerchental;23.01.2020;Donnerstag;1;0;0;2;0;1;4;12;46;52;71;67;97;72;54;75;73;102;101;68;35;29;10;4;1
45;11050;St.Gallen Stadt Lerchental;23.01.2020;Donnerstag;2;0;0;3;0;0;7;68;197;122;76;84;68;70;123;81;79;84;64;51;20;2;1;1;0
46;11050;St.Gallen Stadt Lerchental;24.01.2020;Freitag;1;0;0;3;0;2;1;11;35;70;51;77;89;75;67;77;77;94;94;48;15;5;1;0;2
47;11050;St.Gallen Stadt Lerchental;24.01.2020;Freitag;2;1;0;3;1;3;6;53;180;116;69;79;66;72;136;77;84;66;47;15;3;2;2;1;0
48;11050;St.Gallen Stadt Lerchental;25.01.2020;Samstag;1;3;1;1;0;1;0;2;7;16;31;61;72;47;41;43;60;57;24;7;2;8;6;1;1
49;11050;St.Gallen Stadt Lerchental;25.01.2020;Samstag;2;0;1;1;0;2;2;3;24;28;44;66;67;34;50;53;44;52;12;3;2;2;5;3;0
50;11050;St.Gallen Stadt Lerchental;26.01.2020;Sonntag;1;0;1;0;3;0;1;2;0;2;3;5;6;7;13;3;20;8;9;3;4;0;2;0;1
51;11050;St.Gallen Stadt Lerchental;26.01.2020;Sonntag;2;0;0;0;5;1;1;1;1;3;13;9;6;6;3;6;13;4;2;3;1;3;0;1;1
52;11050;St.Gallen Stadt Lerchental;27.01.2020;Montag;1;0;0;0;0;0;2;9;29;58;60;63;95;79;58;76;70;91;101;54;11;5;5;1;1
53;11050;St.Gallen Stadt Lerchental;27.01.2020;Montag;2;0;1;2;0;1;4;54;161;88;79;94;67;75;96;89;77;63;63;24;7;1;3;1;0
54;11050;St.Gallen Stadt Lerchental;28.01.2020;Dienstag;1;0;1;1;1;0;2;12;32;47;48;62;76;53;41;62;82;70;106;54;13;11;0;5;0
55;11050;St.Gallen Stadt Lerchental;28.01.2020;Dienstag;2;0;1;0;1;1;5;51;156;82;61;73;50;56;81;76;73;59;53;23;5;6;1;2;0
56;11050;St.Gallen Stadt Lerchental;29.01.2020;Mittwoch;1;1;1;0;2;2;4;8;39;52;55;60;80;80;51;60;65;81;104;63;43;2;3;0;0
57;11050;St.Gallen Stadt Lerchental;29.01.2020;Mittwoch;2;0;1;1;0;4;5;51;148;94;69;68;60;57;103;72;87;66;55;32;8;0;2;0;0
58;11050;St.Gallen Stadt Lerchental;30.01.2020;Donnerstag;1;0;0;1;0;0;2;12;34;53;75;75;83;66;53;57;67;88;110;61;18;19;3;1;0
59;11050;St.Gallen Stadt Lerchental;30.01.2020;Donnerstag;2;0;1;3;0;1;5;58;175;118;60;92;69;61;101;75;62;72;54;25;14;5;2;0;0
60;11050;St.Gallen Stadt Lerchental;31.01.2020;Freitag;1;1;1;0;1;0;0;10;32;41;61;66;95;65;64;58;64;84;89;49;9;3;0;2;1
61;11050;St.Gallen Stadt Lerchental;31.01.2020;Freitag;2;1;1;1;0;1;4;52;155;81;65;71;84;59;102;73;72;57;54;26;2;0;2;0;1
62;11050;St.Gallen Stadt Lerchental;01.02.2020;Samstag;1;0;0;1;1;0;0;2;7;12;29;52;63;47;54;65;63;50;25;7;3;4;5;0;1
63;11050;St.Gallen Stadt Lerchental;01.02.2020;Samstag;2;0;2;3;1;1;1;6;19;26;29;62;53;52;56;55;53;42;6;1;5;2;6;1;2
64;11050;St.Gallen Stadt Lerchental;02.02.2020;Sonntag;1;1;0;0;0;1;0;1;0;4;4;7;5;4;8;6;13;9;8;0;2;3;1;1;0
65;11050;St.Gallen Stadt Lerchental;02.02.2020;Sonntag;2;0;0;2;0;2;0;1;1;3;2;9;3;5;7;9;9;7;6;2;3;2;0;1;0
66;11050;St.Gallen Stadt Lerchental;03.02.2020;Montag;1;1;2;0;0;1;0;14;24;58;60;81;101;78;57;78;68;98;106;54;25;5;3;2;0
67;11050;St.Gallen Stadt Lerchental;03.02.2020;Montag;2;2;0;1;0;1;2;57;169;108;62;79;72;76;121;87;69;89;41;17;7;5;1;0;0
68;11050;St.Gallen Stadt Lerchental;04.02.2020;Dienstag;1;2;1;0;0;1;1;9;35;61;73;67;97;86;57;83;91;84;123;70;16;4;2;0;0
69;11050;St.Gallen Stadt Lerchental;04.02.2020;Dienstag;2;1;0;1;0;1;3;64;189;112;86;67;61;81;126;110;82;73;49;24;4;2;2;0;0
70;11050;St.Gallen Stadt Lerchental;05.02.2020;Mittwoch;1;0;3;0;2;2;2;8;35;45;46;79;99;73;64;61;74;87;114;57;21;2;6;5;1
71;11050;St.Gallen Stadt Lerchental;05.02.2020;Mittwoch;2;0;2;1;1;1;7;54;168;97;75;94;61;64;123;84;70;70;60;28;7;0;5;0;0
72;11050;St.Gallen Stadt Lerchental;06.02.2020;Donnerstag;1;1;1;1;1;0;2;8;43;77;73;95;109;76;61;81;105;112;109;62;31;7;2;1;1
73;11050;St.Gallen Stadt Lerchental;06.02.2020;Donnerstag;2;3;1;2;1;0;5;54;182;122;93;101;70;89;103;90;102;79;61;27;13;2;4;1;1
74;11050;St.Gallen Stadt Lerchental;07.02.2020;Freitag;1;0;1;1;1;1;1;9;37;53;76;65;97;76;54;63;74;99;108;42;10;2;3;2;3
75;11050;St.Gallen Stadt Lerchental;07.02.2020;Freitag;2;0;1;2;0;1;5;56;172;96;95;87;83;72;103;98;77;76;48;23;3;5;4;2;2
76;11050;St.Gallen Stadt Lerchental;08.02.2020;Samstag;1;1;1;0;2;0;0;5;11;24;37;73;58;58;53;63;49;65;17;11;2;0;10;2;0
77;11050;St.Gallen Stadt Lerchental;08.02.2020;Samstag;2;1;1;1;2;0;3;9;22;38;49;69;50;61;48;53;49;40;11;5;1;0;2;3;1
78;11050;St.Gallen Stadt Lerchental;09.02.2020;Sonntag;1;3;0;0;2;2;0;2;0;3;4;15;5;3;7;7;9;11;6;7;7;0;1;1;0
79;11050;St.Gallen Stadt Lerchental;09.02.2020;Sonntag;2;3;0;1;1;1;0;0;2;6;5;10;3;7;7;9;7;3;4;6;1;2;0;2;0
80;11050;St.Gallen Stadt Lerchental;10.02.2020;Montag;1;0;2;0;0;0;1;11;36;76;58;70;88;63;54;62;66;116;120;64;11;6;3;0;0
81;11050;St.Gallen Stadt Lerchental;10.02.2020;Montag;2;0;2;0;0;1;5;57;183;115;64;75;66;65;98;75;85;71;65;23;4;2;0;0;0
82;11050;St.Gallen Stadt Lerchental;11.02.2020;Dienstag;1;1;0;1;1;0;3;10;59;57;48;70;93;89;56;65;80;105;115;55;24;7;1;0;1
83;11050;St.Gallen Stadt Lerchental;11.02.2020;Dienstag;2;3;0;0;1;1;4;67;197;115;60;80;77;74;103;80;88;89;56;26;10;3;2;1;0
84;11050;St.Gallen Stadt Lerchental;12.02.2020;Mittwoch;1;1;0;0;1;3;0;17;41;53;51;68;76;71;53;72;61;100;95;61;14;6;4;2;0
85;11050;St.Gallen Stadt Lerchental;12.02.2020;Mittwoch;2;1;0;1;1;0;2;67;176;107;62;71;61;63;129;87;85;69;45;29;4;3;0;1;0
86;11050;St.Gallen Stadt Lerchental;13.02.2020;Donnerstag;1;1;0;1;0;0;2;7;32;65;77;56;121;66;48;81;74;114;123;57;22;7;1;0;0
87;11050;St.Gallen Stadt Lerchental;13.02.2020;Donnerstag;2;2;0;2;0;4;3;70;174;111;89;85;71;71;98;86;77;69;63;34;11;3;3;1;0
88;11050;St.Gallen Stadt Lerchental;14.02.2020;Freitag;1;7;0;1;1;0;1;5;34;59;57;81;88;69;57;99;78;84;83;58;10;9;4;2;0
89;11050;St.Gallen Stadt Lerchental;14.02.2020;Freitag;2;7;0;2;1;1;4;66;180;94;92;83;68;70;101;103;82;68;51;23;5;6;4;1;4
90;11050;St.Gallen Stadt Lerchental;15.02.2020;Samstag;1;1;0;3;0;0;2;1;10;19;41;49;76;45;40;47;52;49;10;9;2;1;2;2;0
91;11050;St.Gallen Stadt Lerchental;15.02.2020;Samstag;2;0;1;2;1;0;2;3;20;35;36;65;66;42;49;47;55;34;8;4;2;0;4;2;0
92;11050;St.Gallen Stadt Lerchental;16.02.2020;Sonntag;1;0;0;0;1;0;0;2;1;2;3;9;5;11;5;11;8;9;8;9;2;2;2;1;0
93;11050;St.Gallen Stadt Lerchental;16.02.2020;Sonntag;2;1;0;0;1;0;0;4;1;1;8;10;6;6;7;10;10;3;3;4;1;1;0;0;1
94;11050;St.Gallen Stadt Lerchental;17.02.2020;Montag;1;1;0;0;1;0;2;7;48;66;69;80;101;64;114;68;91;99;113;62;8;11;1;3;5
95;11050;St.Gallen Stadt Lerchental;17.02.2020;Montag;2;2;0;0;0;1;4;62;206;116;92;91;67;86;114;89;86;61;45;30;10;1;3;0;3
96;11050;St.Gallen Stadt Lerchental;18.02.2020;Dienstag;1;1;0;0;1;1;0;14;47;64;59;83;95;75;119;66;84;95;134;65;21;8;5;0;0
97;11050;St.Gallen Stadt Lerchental;18.02.2020;Dienstag;2;3;1;0;1;1;4;64;189;120;80;81;68;69;102;89;77;87;58;33;4;1;2;0;0
98;11050;St.Gallen Stadt Lerchental;19.02.2020;Mittwoch;1;1;0;0;1;1;2;9;55;63;61;96;102;79;58;88;87;98;120;66;18;4;2;3;1
99;11050;St.Gallen Stadt Lerchental;19.02.2020;Mittwoch;2;1;1;1;1;4;4;70;196;129;90;81;66;89;119;83;80;84;49;33;7;0;1;1;1
100;11050;St.Gallen Stadt Lerchental;20.02.2020;Donnerstag;1;1;1;1;3;0;3;10;49;75;65;102;102;81;61;76;75;106;119;57;35;11;11;2;0
101;11050;St.Gallen Stadt Lerchental;20.02.2020;Donnerstag;2;1;4;1;3;0;6;71;213;121;80;101;90;86;118;91;106;91;51;32;22;3;3;2;0
102;11050;St.Gallen Stadt Lerchental;21.02.2020;Freitag;1;1;0;0;0;2;2;14;51;49;71;81;101;75;57;71;71;112;98;58;7;5;6;3;3
103;11050;St.Gallen Stadt Lerchental;21.02.2020;Freitag;2;1;1;0;1;1;4;62;178;86;81;89;68;71;111;91;84;75;63;30;4;5;0;2;5
104;11050;St.Gallen Stadt Lerchental;22.02.2020;Samstag;1;2;0;2;1;0;0;4;8;27;36;54;57;53;46;38;49;49;19;12;6;5;6;1;0
105;11050;St.Gallen Stadt Lerchental;22.02.2020;Samstag;2;1;0;1;1;0;5;6;22;41;56;65;59;52;49;36;57;45;6;6;4;3;1;1;2
106;11050;St.Gallen Stadt Lerchental;23.02.2020;Sonntag;1;2;2;1;0;9;0;1;5;2;2;7;10;15;6;9;9;7;8;5;1;1;3;3;0
107;11050;St.Gallen Stadt Lerchental;23.02.2020;Sonntag;2;0;0;0;2;4;0;2;1;2;4;7;9;4;9;7;3;4;3;1;2;3;2;0;2
108;11050;St.Gallen Stadt Lerchental;24.02.2020;Montag;1;3;0;0;0;1;1;12;44;64;75;82;108;64;64;86;75;102;130;81;13;9;4;0;1
109;11050;St.Gallen Stadt Lerchental;24.02.2020;Montag;2;1;0;0;0;0;3;61;206;113;100;81;86;63;122;94;84;97;64;31;5;3;0;0;1
110;11050;St.Gallen Stadt Lerchental;25.02.2020;Dienstag;1;1;0;2;0;2;4;10;49;68;78;99;91;70;69;85;94;118;109;57;30;8;3;2;0
111;11050;St.Gallen Stadt Lerchental;25.02.2020;Dienstag;2;1;0;1;0;5;7;65;187;123;95;98;53;70;109;114;97;82;67;31;4;3;3;2;0
112;11050;St.Gallen Stadt Lerchental;26.02.2020;Mittwoch;1;2;0;0;1;2;1;10;44;61;60;61;105;71;50;68;76;88;115;71;18;4;9;1;0
113;11050;St.Gallen Stadt Lerchental;26.02.2020;Mittwoch;2;1;0;1;1;1;5;67;180;107;74;91;81;73;125;74;80;72;50;31;4;4;1;1;0
114;11050;St.Gallen Stadt Lerchental;27.02.2020;Donnerstag;1;1;0;0;0;1;4;9;58;62;76;84;95;64;55;69;76;102;123;61;38;10;1;2;0
115;11050;St.Gallen Stadt Lerchental;27.02.2020;Donnerstag;2;1;0;1;0;1;9;85;208;120;92;106;69;83;118;77;68;104;67;26;12;4;0;0;0
116;11050;St.Gallen Stadt Lerchental;28.02.2020;Freitag;1;2;0;1;0;2;1;10;62;55;61;71;93;63;66;88;86;96;97;49;15;3;0;1;5
117;11050;St.Gallen Stadt Lerchental;28.02.2020;Freitag;2;2;0;1;0;4;1;66;171;96;81;69;67;63;113;95;78;73;49;28;6;0;0;4;1
118;11050;St.Gallen Stadt Lerchental;29.02.2020;Samstag;1;3;0;0;1;0;1;2;16;26;43;81;71;56;175;50;63;62;27;4;2;0;3;6;0
119;11050;St.Gallen Stadt Lerchental;29.02.2020;Samstag;2;2;0;3;0;0;2;3;27;40;62;72;64;55;48;56;39;48;15;0;0;2;2;4;0
120;11050;St.Gallen Stadt Lerchental;01.03.2020;Sonntag;1;0;1;0;0;0;0;0;0;5;3;9;3;4;6;14;6;8;15;6;2;4;1;2;0
121;11050;St.Gallen Stadt Lerchental;01.03.2020;Sonntag;2;0;1;0;0;1;0;0;0;4;7;3;9;5;2;11;7;9;4;4;5;0;1;3;0
122;11050;St.Gallen Stadt Lerchental;02.03.2020;Montag;1;2;0;0;0;0;1;11;41;75;93;87;103;76;63;64;92;92;125;54;16;4;7;1;1
123;11050;St.Gallen Stadt Lerchental;02.03.2020;Montag;2;1;0;0;0;0;9;73;208;122;106;99;73;87;121;72;72;85;58;33;7;2;0;0;0
124;11050;St.Gallen Stadt Lerchental;03.03.2020;Dienstag;1;3;0;0;0;0;4;9;42;58;70;80;109;70;54;68;78;102;116;49;19;3;2;6;1
125;11050;St.Gallen Stadt Lerchental;03.03.2020;Dienstag;2;1;0;0;0;2;6;65;209;88;73;96;64;73;111;74;69;87;43;29;4;1;0;2;1
126;11050;St.Gallen Stadt Lerchental;04.03.2020;Mittwoch;1;3;1;0;0;0;2;8;43;75;70;82;111;74;67;66;70;119;108;52;14;8;1;2;1
127;11050;St.Gallen Stadt Lerchental;04.03.2020;Mittwoch;2;1;0;0;1;1;5;76;210;121;83;89;79;89;125;72;88;74;51;27;3;3;4;1;1
128;11050;St.Gallen Stadt Lerchental;05.03.2020;Donnerstag;1;1;0;0;0;0;3;11;123;75;78;91;104;63;77;73;83;110;112;68;40;7;10;3;2
129;11050;St.Gallen Stadt Lerchental;05.03.2020;Donnerstag;2;1;0;0;1;0;10;78;236;117;83;98;82;93;100;102;92;77;64;39;24;3;1;1;0
130;11050;St.Gallen Stadt Lerchental;06.03.2020;Freitag;1;2;0;0;1;1;2;10;48;63;51;74;99;67;88;78;71;94;86;42;14;5;10;3;1
131;11050;St.Gallen Stadt Lerchental;06.03.2020;Freitag;2;2;0;1;1;1;3;59;172;99;71;83;73;80;136;86;91;63;47;21;8;1;1;3;2
132;11050;St.Gallen Stadt Lerchental;07.03.2020;Samstag;1;1;0;0;1;0;1;3;13;30;44;81;69;50;57;59;52;49;17;10;2;0;7;6;0
133;11050;St.Gallen Stadt Lerchental;07.03.2020;Samstag;2;0;0;2;3;0;3;4;44;46;55;73;74;38;64;60;59;40;13;5;4;2;4;1;0
134;11050;St.Gallen Stadt Lerchental;08.03.2020;Sonntag;1;5;2;2;0;0;1;3;1;6;3;7;12;8;10;8;9;9;18;3;3;1;3;1;0
135;11050;St.Gallen Stadt Lerchental;08.03.2020;Sonntag;2;3;4;2;2;0;0;0;1;4;4;7;6;6;10;9;7;3;7;5;1;2;2;2;1
136;11050;St.Gallen Stadt Lerchental;09.03.2020;Montag;1;5;0;0;0;0;2;16;33;69;71;74;109;59;56;74;84;85;130;53;15;8;0;4;1
137;11050;St.Gallen Stadt Lerchental;09.03.2020;Montag;2;2;0;1;0;1;3;60;191;110;86;75;63;60;111;93;77;85;60;37;7;5;1;1;0
138;11050;St.Gallen Stadt Lerchental;10.03.2020;Dienstag;1;2;1;1;0;1;2;13;39;49;67;82;88;63;51;57;57;90;113;66;16;3;4;1;1
139;11050;St.Gallen Stadt Lerchental;10.03.2020;Dienstag;2;2;1;1;1;1;7;73;184;100;86;84;64;70;121;79;59;71;68;32;9;3;1;2;0
140;11050;St.Gallen Stadt Lerchental;11.03.2020;Mittwoch;1;4;1;1;0;2;0;11;44;62;52;61;109;74;60;75;75;99;117;71;19;6;7;2;1
141;11050;St.Gallen Stadt Lerchental;11.03.2020;Mittwoch;2;1;0;0;0;0;5;62;188;95;66;86;83;86;111;87;74;83;60;39;8;2;2;0;1
142;11050;St.Gallen Stadt Lerchental;12.03.2020;Donnerstag;1;2;0;1;1;0;1;13;40;76;72;93;95;88;69;89;83;122;143;69;31;8;3;6;0
143;11050;St.Gallen Stadt Lerchental;12.03.2020;Donnerstag;2;1;0;0;1;0;7;72;203;126;101;100;72;94;105;102;85;106;77;46;26;1;2;2;0
144;11050;St.Gallen Stadt Lerchental;13.03.2020;Freitag;1;4;0;2;0;0;2;15;36;61;70;84;138;80;85;125;96;125;155;107;29;2;3;0;4
145;11050;St.Gallen Stadt Lerchental;13.03.2020;Freitag;2;1;1;1;0;1;5;67;203;99;102;108;83;86;122;95;107;124;94;66;15;6;3;1;2
146;11050;St.Gallen Stadt Lerchental;14.03.2020;Samstag;1;0;1;0;0;0;0;4;23;66;82;91;79;90;81;72;66;53;23;7;5;1;4;1;0
147;11050;St.Gallen Stadt Lerchental;14.03.2020;Samstag;2;1;5;1;1;0;3;14;47;85;66;88;82;83;71;58;53;35;14;3;1;0;2;0;0
148;11050;St.Gallen Stadt Lerchental;15.03.2020;Sonntag;1;0;0;0;0;0;0;0;0;4;5;7;5;7;8;7;16;6;13;11;6;4;3;0;0
149;11050;St.Gallen Stadt Lerchental;15.03.2020;Sonntag;2;0;0;2;0;0;0;0;1;6;7;5;7;4;10;10;7;6;6;6;6;2;2;0;1
150;11050;St.Gallen Stadt Lerchental;16.03.2020;Montag;1;0;1;0;0;0;0;16;55;87;104;105;130;114;81;102;104;111;140;70;19;6;2;5;1
151;11050;St.Gallen Stadt Lerchental;16.03.2020;Montag;2;0;1;1;0;1;5;70;219;129;130;124;101;115;135;119;89;91;85;48;11;4;2;1;1
152;11050;St.Gallen Stadt Lerchental;17.03.2020;Dienstag;1;0;0;1;0;0;0;14;41;58;76;87;87;70;57;76;78;86;94;67;17;7;1;0;1
153;11050;St.Gallen Stadt Lerchental;17.03.2020;Dienstag;2;2;0;1;1;0;7;66;156;101;85;97;71;68;97;75;81;81;55;38;7;1;0;2;0
154;11050;St.Gallen Stadt Lerchental;18.03.2020;Mittwoch;1;1;0;0;0;1;1;11;47;54;59;67;104;75;62;71;65;75;97;48;16;8;5;0;0
155;11050;St.Gallen Stadt Lerchental;18.03.2020;Mittwoch;2;1;0;1;1;4;6;56;136;92;70;89;87;55;84;76;69;70;50;27;3;6;1;0;0
156;11050;St.Gallen Stadt Lerchental;19.03.2020;Donnerstag;1;0;2;2;0;0;2;8;35;79;84;88;89;69;68;82;88;89;90;60;20;5;3;5;0
157;11050;St.Gallen Stadt Lerchental;19.03.2020;Donnerstag;2;0;1;3;0;4;4;63;147;114;82;90;74;68;98;82;82;84;55;31;14;3;0;1;0
158;11050;St.Gallen Stadt Lerchental;20.03.2020;Freitag;1;2;0;1;0;0;1;16;38;81;51;87;92;75;71;76;72;78;70;55;22;4;1;0;1
159;11050;St.Gallen Stadt Lerchental;20.03.2020;Freitag;2;1;0;1;1;4;9;59;129;111;50;100;81;71;101;83;77;67;50;29;2;1;0;0;0
160;11050;St.Gallen Stadt Lerchental;21.03.2020;Samstag;1;1;1;0;1;0;1;0;17;34;61;56;60;49;63;55;43;40;15;2;5;3;0;1;1
161;11050;St.Gallen Stadt Lerchental;21.03.2020;Samstag;2;1;2;0;1;0;6;3;30;45;59;58;54;49;43;48;37;20;5;4;2;0;2;1;1
162;11050;St.Gallen Stadt Lerchental;22.03.2020;Sonntag;1;0;0;0;0;0;0;0;1;3;3;5;6;6;4;8;4;14;11;4;5;1;1;2;0
163;11050;St.Gallen Stadt Lerchental;22.03.2020;Sonntag;2;0;0;1;0;0;0;0;1;2;2;6;6;7;4;10;6;11;9;5;4;1;2;1;0
164;11050;St.Gallen Stadt Lerchental;23.03.2020;Montag;1;1;0;0;0;0;0;10;34;66;66;75;75;66;92;69;54;75;86;54;14;2;2;1;0
165;11050;St.Gallen Stadt Lerchental;23.03.2020;Montag;2;1;0;0;0;3;7;52;141;84;85;72;63;74;79;70;70;56;52;22;5;1;0;2;0
166;11050;St.Gallen Stadt Lerchental;24.03.2020;Dienstag;1;2;1;2;1;0;0;16;30;43;56;56;84;52;57;51;60;67;90;48;10;3;2;1;1
167;11050;St.Gallen Stadt Lerchental;24.03.2020;Dienstag;2;1;0;2;1;2;6;53;130;70;66;67;74;44;74;53;66;57;52;28;3;1;0;1;0
168;11050;St.Gallen Stadt Lerchental;25.03.2020;Mittwoch;1;0;3;1;2;1;1;9;32;49;53;66;85;62;59;56;62;77;77;45;11;3;6;0;0
169;11050;St.Gallen Stadt Lerchental;25.03.2020;Mittwoch;2;1;0;4;0;4;5;55;120;84;68;99;66;57;87;72;68;72;41;21;1;6;2;0;1
170;11050;St.Gallen Stadt Lerchental;26.03.2020;Donnerstag;1;3;0;0;0;1;1;10;25;67;71;78;84;63;66;58;70;60;88;56;23;5;3;3;0
171;11050;St.Gallen Stadt Lerchental;26.03.2020;Donnerstag;2;1;1;1;1;2;7;55;133;95;81;73;74;66;72;87;72;58;59;29;15;3;0;2;0
172;11050;St.Gallen Stadt Lerchental;27.03.2020;Freitag;1;2;0;0;1;0;3;10;37;52;53;71;77;71;64;73;73;76;88;38;22;2;4;1;0
173;11050;St.Gallen Stadt Lerchental;27.03.2020;Freitag;2;1;1;0;1;1;8;65;124;75;66;68;71;60;84;70;79;63;45;21;5;2;2;3;0
174;11050;St.Gallen Stadt Lerchental;28.03.2020;Samstag;1;2;0;2;0;0;0;1;20;42;52;73;78;58;49;39;51;38;23;4;5;0;5;0;2
175;11050;St.Gallen Stadt Lerchental;28.03.2020;Samstag;2;1;1;2;0;0;3;6;42;55;56;68;65;39;38;45;39;35;17;6;1;1;3;2;1
176;11050;St.Gallen Stadt Lerchental;29.03.2020;Sonntag;1;0;0;1;0;0;0;0;1;3;3;6;11;9;8;7;6;8;11;2;2;2;2;2;0
177;11050;St.Gallen Stadt Lerchental;29.03.2020;Sonntag;2;2;0;0;1;0;0;0;1;3;6;6;7;0;7;7;5;8;4;3;1;1;2;2;0
178;11050;St.Gallen Stadt Lerchental;30.03.2020;Montag;1;0;0;0;2;2;1;6;34;39;64;61;75;59;130;66;62;57;67;51;16;6;5;1;0
179;11050;St.Gallen Stadt Lerchental;30.03.2020;Montag;2;3;0;1;2;3;8;44;119;75;74;64;73;59;82;68;57;51;37;30;5;1;2;0;0
180;11050;St.Gallen Stadt Lerchental;31.03.2020;Dienstag;1;1;0;0;0;0;1;8;48;47;47;57;76;55;82;79;53;80;74;48;18;6;3;1;1
181;11050;St.Gallen Stadt Lerchental;31.03.2020;Dienstag;2;1;0;1;1;3;4;55;124;72;61;77;57;56;87;76;51;67;37;31;12;0;0;1;0
182;11050;St.Gallen Stadt Lerchental;01.04.2020;Mittwoch;1;2;0;0;1;1;0;11;22;38;60;63;68;61;70;60;54;75;103;50;16;9;3;2;0
183;11050;St.Gallen Stadt Lerchental;01.04.2020;Mittwoch;2;2;0;1;1;4;7;60;107;81;67;65;53;64;94;66;56;66;51;23;5;4;1;0;0
184;11050;St.Gallen Stadt Lerchental;02.04.2020;Donnerstag;1;3;0;1;0;1;2;14;29;41;73;55;76;59;75;59;62;93;102;46;31;10;2;0;0
185;11050;St.Gallen Stadt Lerchental;02.04.2020;Donnerstag;2;2;0;2;0;4;8;52;131;75;78;76;68;65;95;76;64;64;51;32;5;7;1;0;0
186;11050;St.Gallen Stadt Lerchental;03.04.2020;Freitag;1;5;0;0;0;0;2;10;30;45;71;76;128;73;85;83;83;83;81;64;11;10;2;2;1
187;11050;St.Gallen Stadt Lerchental;03.04.2020;Freitag;2;4;0;1;1;3;9;53;102;79;85;76;75;74;94;90;76;76;53;24;3;8;2;2;1
188;11050;St.Gallen Stadt Lerchental;04.04.2020;Samstag;1;2;0;1;0;0;1;4;13;37;47;47;65;63;60;48;45;56;17;6;4;3;3;1;1
189;11050;St.Gallen Stadt Lerchental;04.04.2020;Samstag;2;3;0;2;0;1;3;6;36;46;54;57;69;56;58;46;46;41;3;8;2;3;4;2;1
190;11050;St.Gallen Stadt Lerchental;05.04.2020;Sonntag;1;0;0;0;0;0;0;3;2;3;3;5;8;5;5;6;11;10;4;5;12;1;1;0;0
191;11050;St.Gallen Stadt Lerchental;05.04.2020;Sonntag;2;0;0;0;0;0;0;0;2;4;4;7;6;8;4;7;6;7;5;9;5;1;2;0;0
192;11050;St.Gallen Stadt Lerchental;06.04.2020;Montag;1;3;0;0;0;0;1;10;36;64;70;94;88;65;66;92;57;107;93;57;14;9;7;1;0
193;11050;St.Gallen Stadt Lerchental;06.04.2020;Montag;2;1;0;0;0;3;5;56;117;100;83;87;76;53;87;74;57;83;69;29;5;4;3;1;0
194;11050;St.Gallen Stadt Lerchental;07.04.2020;Dienstag;1;1;0;1;0;1;1;10;61;58;51;71;175;71;70;58;69;110;95;54;11;4;3;1;0
195;11050;St.Gallen Stadt Lerchental;07.04.2020;Dienstag;2;1;1;0;1;0;6;74;115;92;77;69;85;70;96;78;77;81;52;26;6;1;2;4;1
196;11050;St.Gallen Stadt Lerchental;08.04.2020;Mittwoch;1;1;0;0;0;0;0;10;33;55;69;84;94;72;63;57;60;97;106;60;14;9;1;2;0
197;11050;St.Gallen Stadt Lerchental;08.04.2020;Mittwoch;2;1;1;0;0;1;6;54;110;87;98;92;96;84;82;68;77;64;65;32;7;9;1;3;0
198;11050;St.Gallen Stadt Lerchental;09.04.2020;Donnerstag;1;0;0;1;0;0;2;6;55;82;95;92;99;78;81;90;98;112;85;38;11;4;1;1;0
199;11050;St.Gallen Stadt Lerchental;09.04.2020;Donnerstag;2;0;0;0;1;0;7;59;136;109;100;100;93;75;103;103;110;82;39;20;9;3;3;1;0
200;11050;St.Gallen Stadt Lerchental;10.04.2020;Freitag;1;1;0;1;0;0;0;4;2;1;5;1;8;5;8;8;8;8;9;11;9;5;2;2;0
201;11050;St.Gallen Stadt Lerchental;10.04.2020;Freitag;2;1;0;1;0;0;0;2;3;4;5;9;5;7;6;11;4;3;8;5;4;4;2;1;0
202;11050;St.Gallen Stadt Lerchental;11.04.2020;Samstag;1;0;2;0;0;0;0;2;14;40;63;91;85;69;56;63;55;40;19;6;5;1;4;1;2
203;11050;St.Gallen Stadt Lerchental;11.04.2020;Samstag;2;0;2;0;0;0;2;5;36;65;65;80;88;65;58;50;41;27;8;6;5;5;4;0;0
204;11050;St.Gallen Stadt Lerchental;12.04.2020;Sonntag;1;1;2;0;0;0;0;2;3;3;1;5;2;5;4;7;8;5;4;5;7;4;0;2;1
205;11050;St.Gallen Stadt Lerchental;12.04.2020;Sonntag;2;2;0;0;0;0;0;2;4;5;1;8;3;4;10;6;4;5;3;4;1;1;1;2;0
206;11050;St.Gallen Stadt Lerchental;13.04.2020;Montag;1;0;0;0;0;0;0;1;0;4;6;6;12;7;5;7;11;12;18;5;6;3;0;1;0
207;11050;St.Gallen Stadt Lerchental;13.04.2020;Montag;2;0;0;0;0;0;1;3;2;5;7;8;7;4;10;10;10;4;3;5;7;2;0;2;1
208;11050;St.Gallen Stadt Lerchental;14.04.2020;Dienstag;1;1;0;0;0;0;1;9;33;61;76;66;113;87;56;83;78;86;113;60;23;9;0;1;2
209;11050;St.Gallen Stadt Lerchental;14.04.2020;Dienstag;2;1;0;0;0;0;3;64;134;84;85;75;87;74;104;81;79;77;65;38;7;4;0;2;2
210;11050;St.Gallen Stadt Lerchental;15.04.2020;Mittwoch;1;3;0;0;0;0;2;7;38;74;67;66;112;70;64;76;68;76;86;53;12;6;2;2;3
211;11050;St.Gallen Stadt Lerchental;15.04.2020;Mittwoch;2;2;0;0;0;0;6;72;125;69;82;69;57;64;88;88;74;73;91;47;3;2;1;1;0
212;11050;St.Gallen Stadt Lerchental;16.04.2020;Donnerstag;1;1;0;1;0;2;1;12;41;65;77;80;96;81;61;85;87;91;110;52;30;7;2;2;0
213;11050;St.Gallen Stadt Lerchental;16.04.2020;Donnerstag;2;1;0;2;0;2;4;72;129;90;95;70;93;58;89;100;77;78;71;33;17;7;2;2;1
214;11050;St.Gallen Stadt Lerchental;17.04.2020;Freitag;1;3;0;0;2;1;2;13;40;48;60;73;91;70;73;81;62;90;85;60;10;11;3;5;0
215;11050;St.Gallen Stadt Lerchental;17.04.2020;Freitag;2;1;0;0;1;0;5;56;116;88;73;88;81;76;98;90;75;79;47;27;5;3;4;2;0
216;11050;St.Gallen Stadt Lerchental;18.04.2020;Samstag;1;0;1;0;1;0;1;4;17;32;51;54;56;70;60;58;55;59;28;13;7;6;2;1;2
217;11050;St.Gallen Stadt Lerchental;18.04.2020;Samstag;2;2;0;0;2;0;0;5;27;57;50;57;57;47;56;58;52;47;14;6;4;2;2;0;1
218;11050;St.Gallen Stadt Lerchental;19.04.2020;Sonntag;1;0;0;0;0;0;0;2;2;4;4;4;9;7;6;10;8;15;12;9;7;5;2;4;0
219;11050;St.Gallen Stadt Lerchental;19.04.2020;Sonntag;2;0;1;0;0;0;0;1;3;3;7;7;6;4;13;10;11;9;7;4;4;6;5;0;0
220;11050;St.Gallen Stadt Lerchental;20.04.2020;Montag;1;2;0;0;1;2;2;8;38;45;68;69;102;63;142;68;72;76;105;61;29;5;0;2;1
221;11050;St.Gallen Stadt Lerchental;20.04.2020;Montag;2;1;1;0;1;1;6;67;133;86;79;67;91;66;87;78;67;81;56;24;12;6;2;1;1
222;11050;St.Gallen Stadt Lerchental;21.04.2020;Dienstag;1;4;0;0;1;0;1;11;30;47;52;59;86;77;60;76;73;96;97;59;29;10;0;1;6
223;11050;St.Gallen Stadt Lerchental;21.04.2020;Dienstag;2;1;0;0;3;1;5;72;122;82;71;75;77;63;109;83;82;86;44;31;13;1;0;0;1
224;11050;St.Gallen Stadt Lerchental;22.04.2020;Mittwoch;1;3;0;0;1;0;2;15;43;67;63;75;100;68;55;75;60;86;97;67;10;11;4;6;1
225;11050;St.Gallen Stadt Lerchental;22.04.2020;Mittwoch;2;1;0;0;1;5;4;81;123;105;73;87;90;65;83;74;71;77;60;25;11;6;5;5;4
226;11050;St.Gallen Stadt Lerchental;23.04.2020;Donnerstag;1;6;0;0;0;1;2;12;46;77;83;66;100;83;80;84;84;99;112;59;39;17;4;2;1
227;11050;St.Gallen Stadt Lerchental;23.04.2020;Donnerstag;2;3;2;1;2;1;3;78;169;112;90;87;73;64;117;109;81;88;56;44;18;7;2;1;4
228;11050;St.Gallen Stadt Lerchental;24.04.2020;Freitag;1;3;0;0;0;0;1;14;46;64;90;79;116;87;78;87;66;105;122;56;19;12;1;2;4
229;11050;St.Gallen Stadt Lerchental;24.04.2020;Freitag;2;1;1;0;0;1;3;80;136;85;99;102;117;62;89;88;78;77;62;31;11;5;2;0;0
230;11050;St.Gallen Stadt Lerchental;25.04.2020;Samstag;1;1;0;0;3;1;1;2;12;35;55;59;81;76;58;54;79;65;22;6;8;6;0;2;2
231;11050;St.Gallen Stadt Lerchental;25.04.2020;Samstag;2;1;0;1;4;0;4;2;31;50;53;73;64;68;48;56;62;53;11;2;5;6;0;4;2
232;11050;St.Gallen Stadt Lerchental;26.04.2020;Sonntag;1;3;0;0;0;0;0;0;5;2;3;7;3;1;13;8;11;15;14;7;10;9;0;1;0
233;11050;St.Gallen Stadt Lerchental;26.04.2020;Sonntag;2;1;0;0;0;0;0;0;2;3;3;5;6;8;13;9;15;7;7;7;6;1;2;1;0
234;11050;St.Gallen Stadt Lerchental;27.04.2020;Montag;1;1;0;0;0;0;1;10;51;92;79;96;120;100;62;98;91;85;125;65;12;7;1;0;0
235;11050;St.Gallen Stadt Lerchental;27.04.2020;Montag;2;1;0;1;2;1;7;75;176;116;97;96;101;80;116;106;92;68;65;31;10;2;1;1;0
236;11050;St.Gallen Stadt Lerchental;28.04.2020;Dienstag;1;2;0;0;1;0;2;13;48;59;64;80;88;84;69;84;107;101;128;77;27;4;2;3;0
237;11050;St.Gallen Stadt Lerchental;28.04.2020;Dienstag;2;2;0;0;1;1;8;80;170;72;84;90;81;70;98;97;111;83;60;33;6;0;1;2;0
238;11050;St.Gallen Stadt Lerchental;29.04.2020;Mittwoch;1;0;0;0;2;1;1;10;45;63;67;58;77;74;46;81;82;105;112;67;17;10;4;7;0
239;11050;St.Gallen Stadt Lerchental;29.04.2020;Mittwoch;2;3;0;0;1;1;5;79;145;103;73;62;73;70;95;93;87;79;80;28;10;4;2;3;0
240;11050;St.Gallen Stadt Lerchental;30.04.2020;Donnerstag;1;2;0;1;0;0;1;15;31;58;85;85;78;81;161;73;82;112;101;59;29;15;4;1;1
241;11050;St.Gallen Stadt Lerchental;30.04.2020;Donnerstag;2;1;0;0;3;1;5;79;158;109;88;97;85;79;90;96;77;103;51;30;19;6;1;1;0
242;11050;St.Gallen Stadt Lerchental;01.05.2020;Freitag;1;0;0;1;0;1;1;13;35;65;69;79;98;90;82;77;103;102;103;67;15;7;6;1;1
243;11050;St.Gallen Stadt Lerchental;01.05.2020;Freitag;2;0;1;0;0;3;5;66;141;105;82;99;101;99;105;111;105;87;67;33;8;4;3;2;1
244;11050;St.Gallen Stadt Lerchental;02.05.2020;Samstag;1;3;1;5;0;0;1;3;12;19;48;59;78;61;59;80;67;77;30;8;4;3;2;2;2
245;11050;St.Gallen Stadt Lerchental;02.05.2020;Samstag;2;1;1;2;0;0;2;3;20;36;44;76;74;61;64;67;65;59;5;3;2;2;6;3;0
246;11050;St.Gallen Stadt Lerchental;03.05.2020;Sonntag;1;0;0;1;1;0;0;3;1;2;4;5;5;4;6;11;10;10;11;11;6;4;1;3;2
247;11050;St.Gallen Stadt Lerchental;03.05.2020;Sonntag;2;0;0;1;0;0;0;1;1;2;5;6;10;4;5;14;13;4;5;3;6;1;4;1;3
248;11050;St.Gallen Stadt Lerchental;04.05.2020;Montag;1;1;0;0;1;1;1;7;39;55;71;70;109;57;68;124;76;94;109;62;23;7;4;1;0
249;11050;St.Gallen Stadt Lerchental;04.05.2020;Montag;2;1;4;1;0;0;2;76;144;108;92;74;74;62;118;83;72;91;57;31;8;1;6;0;1
250;11050;St.Gallen Stadt Lerchental;05.05.2020;Dienstag;1;1;1;0;1;0;1;10;42;65;56;73;99;70;60;86;85;98;107;48;20;5;3;1;2
251;11050;St.Gallen Stadt Lerchental;05.05.2020;Dienstag;2;1;2;0;4;1;5;60;171;88;79;79;86;58;106;87;102;79;44;27;9;2;0;0;0
252;11050;St.Gallen Stadt Lerchental;06.05.2020;Mittwoch;1;2;0;0;0;0;0;9;45;65;60;49;89;63;65;61;82;73;106;63;23;7;4;4;1
253;11050;St.Gallen Stadt Lerchental;06.05.2020;Mittwoch;2;1;0;0;4;0;3;94;149;95;81;62;84;64;94;68;81;70;60;33;14;8;1;2;1
254;11050;St.Gallen Stadt Lerchental;07.05.2020;Donnerstag;1;1;0;0;1;0;0;11;37;81;78;89;101;71;78;86;92;101;122;69;39;16;5;1;0
255;11050;St.Gallen Stadt Lerchental;07.05.2020;Donnerstag;2;1;0;1;5;0;2;70;181;125;102;96;81;68;115;91;84;99;58;54;21;7;3;3;1
256;11050;St.Gallen Stadt Lerchental;08.05.2020;Freitag;1;0;2;1;0;1;0;12;44;54;72;80;91;66;62;100;87;99;103;52;16;7;2;3;1
257;11050;St.Gallen Stadt Lerchental;08.05.2020;Freitag;2;1;0;0;4;3;4;85;155;104;92;83;80;67;111;101;79;87;66;33;6;6;2;3;2
258;11050;St.Gallen Stadt Lerchental;09.05.2020;Samstag;1;1;1;0;1;0;0;4;13;42;50;80;84;65;44;62;66;48;31;5;5;2;8;5;2
259;11050;St.Gallen Stadt Lerchental;09.05.2020;Samstag;2;1;0;0;2;0;3;17;30;53;65;61;72;62;48;65;55;48;12;5;2;1;4;2;2
260;11050;St.Gallen Stadt Lerchental;10.05.2020;Sonntag;1;2;0;0;0;0;1;0;0;3;2;1;6;4;5;6;7;11;13;13;5;1;7;4;0
261;11050;St.Gallen Stadt Lerchental;10.05.2020;Sonntag;2;0;0;0;0;0;0;0;2;2;3;4;8;9;4;4;9;11;9;6;5;3;3;3;0
262;11050;St.Gallen Stadt Lerchental;11.05.2020;Montag;1;2;1;0;0;0;1;13;42;73;81;99;118;83;72;71;83;99;122;68;20;7;0;1;2
263;11050;St.Gallen Stadt Lerchental;11.05.2020;Montag;2;1;1;6;1;1;2;81;180;120;96;98;100;85;112;96;87;87;59;43;9;3;2;1;0
264;11050;St.Gallen Stadt Lerchental;12.05.2020;Dienstag;1;2;3;0;1;0;1;11;45;55;70;95;79;78;62;87;82;107;106;66;17;10;5;5;1
265;11050;St.Gallen Stadt Lerchental;12.05.2020;Dienstag;2;2;2;0;1;1;1;85;166;98;92;78;60;61;117;93;92;73;55;38;12;4;3;3;0
266;11050;St.Gallen Stadt Lerchental;13.05.2020;Mittwoch;1;1;1;0;1;0;0;9;48;68;72;85;90;65;66;78;64;114;103;62;19;3;3;1;0
267;11050;St.Gallen Stadt Lerchental;13.05.2020;Mittwoch;2;1;1;0;3;1;2;87;177;106;94;81;74;69;87;84;82;93;46;36;8;1;2;0;2
268;11050;St.Gallen Stadt Lerchental;14.05.2020;Donnerstag;1;3;1;1;0;1;2;15;40;68;69;102;99;93;60;96;110;92;121;65;47;10;3;3;0
269;11050;St.Gallen Stadt Lerchental;14.05.2020;Donnerstag;2;2;1;0;3;1;5;81;186;118;89;114;77;72;115;100;85;76;47;45;27;6;2;3;1
270;11050;St.Gallen Stadt Lerchental;15.05.2020;Freitag;1;0;1;1;1;0;0;18;43;48;70;75;111;73;81;83;100;120;87;55;21;2;2;3;3
271;11050;St.Gallen Stadt Lerchental;15.05.2020;Freitag;2;1;0;1;4;0;2;85;176;91;80;99;81;66;115;89;103;104;56;28;6;3;1;5;0
272;11050;St.Gallen Stadt Lerchental;16.05.2020;Samstag;1;0;0;0;0;0;0;2;63;30;49;71;72;61;63;78;72;58;28;10;7;9;1;2;3
273;11050;St.Gallen Stadt Lerchental;16.05.2020;Samstag;2;4;0;0;0;1;2;14;34;35;68;91;76;71;64;76;53;56;9;7;4;8;3;2;2
274;11050;St.Gallen Stadt Lerchental;17.05.2020;Sonntag;1;1;1;0;0;0;1;1;2;2;3;3;10;9;2;9;4;10;6;10;8;6;11;3;0
275;11050;St.Gallen Stadt Lerchental;17.05.2020;Sonntag;2;0;0;1;0;0;0;0;3;2;8;3;11;5;5;7;4;7;6;4;7;6;1;4;0
276;11050;St.Gallen Stadt Lerchental;18.05.2020;Montag;1;0;2;1;0;0;0;14;36;70;59;89;131;82;76;81;72;105;143;74;27;5;5;1;1
277;11050;St.Gallen Stadt Lerchental;18.05.2020;Montag;2;2;1;0;0;0;8;80;162;133;91;115;79;90;119;77;78;77;83;41;5;3;1;2;0
278;11050;St.Gallen Stadt Lerchental;19.05.2020;Dienstag;1;2;2;1;1;1;0;11;56;65;70;79;88;80;61;85;85;100;108;67;22;8;8;4;2
279;11050;St.Gallen Stadt Lerchental;19.05.2020;Dienstag;2;1;0;0;0;3;1;84;189;123;90;101;77;57;104;85;92;90;58;36;6;4;4;2;0
280;11050;St.Gallen Stadt Lerchental;20.05.2020;Mittwoch;1;0;0;0;4;1;4;5;47;74;85;102;107;92;84;98;100;123;100;74;25;6;4;3;2
281;11050;St.Gallen Stadt Lerchental;20.05.2020;Mittwoch;2;1;0;0;1;1;11;83;175;128;108;111;96;83;116;104;114;93;79;38;7;2;2;4;2
282;11050;St.Gallen Stadt Lerchental;21.05.2020;Donnerstag;1;0;2;1;0;0;0;4;2;5;3;4;9;8;10;7;10;5;7;8;12;6;5;0;0
283;11050;St.Gallen Stadt Lerchental;21.05.2020;Donnerstag;2;0;3;1;0;1;1;4;3;5;6;5;9;6;7;8;11;10;5;4;7;5;2;3;0
284;11050;St.Gallen Stadt Lerchental;22.05.2020;Freitag;1;1;0;0;0;0;1;5;20;47;60;101;88;91;66;78;86;76;69;50;14;8;5;2;0
285;11050;St.Gallen Stadt Lerchental;22.05.2020;Freitag;2;1;0;1;0;0;4;29;83;68;81;128;80;68;74;85;79;80;43;20;9;5;5;2;1
286;11050;St.Gallen Stadt Lerchental;23.05.2020;Samstag;1;3;0;1;1;3;0;5;9;30;37;66;62;53;58;66;59;67;29;7;5;5;3;0;2
287;11050;St.Gallen Stadt Lerchental;23.05.2020;Samstag;2;1;0;0;0;1;2;13;30;33;42;77;68;66;61;53;62;53;5;3;5;1;3;1;0
288;11050;St.Gallen Stadt Lerchental;24.05.2020;Sonntag;1;3;3;0;0;0;1;2;3;0;1;6;10;10;5;9;12;9;5;7;5;5;4;2;1
289;11050;St.Gallen Stadt Lerchental;24.05.2020;Sonntag;2;1;0;0;0;1;1;0;4;3;3;7;10;4;4;7;6;11;6;0;6;2;8;3;2
290;11050;St.Gallen Stadt Lerchental;25.05.2020;Montag;1;3;0;0;0;0;3;11;56;64;69;88;106;83;64;101;97;99;128;64;73;2;1;1;0
291;11050;St.Gallen Stadt Lerchental;25.05.2020;Montag;2;1;2;0;0;0;5;102;157;122;96;97;85;76;134;104;112;83;74;27;4;4;2;1;0
292;11050;St.Gallen Stadt Lerchental;26.05.2020;Dienstag;1;3;0;0;1;0;3;12;45;62;69;67;87;145;75;65;93;97;114;59;18;12;5;3;0
293;11050;St.Gallen Stadt Lerchental;26.05.2020;Dienstag;2;1;0;0;1;1;6;96;188;104;103;80;96;69;112;102;90;75;61;36;5;4;3;0;1
294;11050;St.Gallen Stadt Lerchental;27.05.2020;Mittwoch;1;2;0;0;0;0;1;10;40;61;72;84;87;71;75;83;73;102;107;60;20;6;11;3;3
295;11050;St.Gallen Stadt Lerchental;27.05.2020;Mittwoch;2;1;0;1;0;2;6;88;163;108;101;86;80;56;101;108;67;100;58;31;9;3;3;3;2
296;11050;St.Gallen Stadt Lerchental;28.05.2020;Donnerstag;1;1;0;0;1;0;0;15;44;78;90;98;108;82;76;89;101;108;124;74;41;12;8;2;2
297;11050;St.Gallen Stadt Lerchental;28.05.2020;Donnerstag;2;1;0;0;2;1;6;95;194;132;94;116;94;85;122;96;96;87;72;35;22;6;4;1;1
298;11050;St.Gallen Stadt Lerchental;29.05.2020;Freitag;1;4;1;1;1;1;4;13;49;66;69;88;98;77;64;101;98;115;117;54;24;4;7;7;0
299;11050;St.Gallen Stadt Lerchental;29.05.2020;Freitag;2;2;1;1;1;1;9;83;191;113;96;91;92;71;105;112;91;106;75;38;8;6;5;3;2
300;11050;St.Gallen Stadt Lerchental;30.05.2020;Samstag;1;2;4;0;1;0;3;1;12;53;55;70;100;92;70;76;77;59;28;14;7;9;7;4;1
301;11050;St.Gallen Stadt Lerchental;30.05.2020;Samstag;2;0;2;0;0;1;3;13;37;65;45;94;91;67;92;75;60;52;8;2;1;5;4;3;0
302;11050;St.Gallen Stadt Lerchental;31.05.2020;Sonntag;1;1;2;0;0;0;0;3;2;0;4;2;4;7;10;8;10;8;11;11;1;3;1;0;0
303;11050;St.Gallen Stadt Lerchental;31.05.2020;Sonntag;2;1;1;0;1;0;0;1;4;2;8;5;7;8;7;4;5;4;5;3;3;4;2;1;2
304;11050;St.Gallen Stadt Lerchental;01.06.2020;Montag;1;2;0;0;0;2;0;1;0;3;6;9;9;4;4;7;10;8;7;12;4;8;3;2;0
305;11050;St.Gallen Stadt Lerchental;01.06.2020;Montag;2;1;0;0;0;0;0;2;2;6;4;7;7;3;12;9;10;7;7;4;5;3;1;2;0
306;11050;St.Gallen Stadt Lerchental;02.06.2020;Dienstag;1;2;0;0;0;0;2;8;41;72;82;100;119;102;85;92;95;222;135;68;28;10;8;2;0
307;11050;St.Gallen Stadt Lerchental;02.06.2020;Dienstag;2;1;0;0;1;0;4;86;186;105;113;118;96;82;138;92;89;76;77;44;14;1;2;4;1
308;11050;St.Gallen Stadt Lerchental;03.06.2020;Mittwoch;1;1;0;0;3;1;1;10;50;93;77;83;98;80;63;70;83;112;129;69;17;7;4;3;5
309;11050;St.Gallen Stadt Lerchental;03.06.2020;Mittwoch;2;4;0;1;8;2;6;90;182;124;98;87;75;70;108;81;88;89;68;38;7;2;4;1;0
310;11050;St.Gallen Stadt Lerchental;04.06.2020;Donnerstag;1;2;2;1;1;0;1;8;41;86;66;97;117;96;68;90;92;123;124;69;41;11;3;6;2
311;11050;St.Gallen Stadt Lerchental;04.06.2020;Donnerstag;2;4;4;4;1;1;4;79;200;130;107;117;87;61;148;96;97;101;68;48;26;5;2;3;5
312;11050;St.Gallen Stadt Lerchental;05.06.2020;Freitag;1;0;1;1;2;0;2;12;42;57;75;98;123;90;76;100;88;113;103;70;26;3;4;3;2
313;11050;St.Gallen Stadt Lerchental;05.06.2020;Freitag;2;1;1;0;4;0;6;79;169;117;87;94;79;80;109;106;108;86;77;35;6;3;1;3;3
314;11050;St.Gallen Stadt Lerchental;06.06.2020;Samstag;1;2;1;1;0;2;1;2;8;36;58;66;84;71;68;55;71;66;24;9;3;1;7;0;2
315;11050;St.Gallen Stadt Lerchental;06.06.2020;Samstag;2;0;1;3;1;1;5;7;29;56;57;76;82;60;58;62;62;52;10;5;4;2;0;3;2
316;11050;St.Gallen Stadt Lerchental;07.06.2020;Sonntag;1;3;0;0;0;1;0;0;4;2;2;6;9;5;4;7;4;7;5;4;8;9;6;1;2
317;11050;St.Gallen Stadt Lerchental;07.06.2020;Sonntag;2;2;0;0;1;0;0;1;2;3;3;2;7;4;4;4;5;9;2;7;2;8;2;1;1
318;11050;St.Gallen Stadt Lerchental;08.06.2020;Montag;1;0;0;0;2;1;1;13;38;58;73;82;122;79;65;89;71;112;131;66;24;9;2;2;0
319;11050;St.Gallen Stadt Lerchental;08.06.2020;Montag;2;1;0;0;3;4;4;88;183;121;93;99;76;62;125;95;100;80;66;39;13;8;7;4;1
320;11050;St.Gallen Stadt Lerchental;09.06.2020;Dienstag;1;1;0;1;2;0;1;9;39;79;65;61;98;82;63;76;87;111;119;64;29;6;7;2;3
321;11050;St.Gallen Stadt Lerchental;09.06.2020;Dienstag;2;2;0;0;5;3;3;86;179;118;85;82;70;63;126;105;82;106;52;34;6;3;6;3;3
322;11050;St.Gallen Stadt Lerchental;10.06.2020;Mittwoch;1;2;0;1;1;2;2;15;50;50;54;74;112;71;59;66;86;120;122;69;14;9;3;3;1
323;11050;St.Gallen Stadt Lerchental;10.06.2020;Mittwoch;2;1;0;1;3;0;5;89;185;126;74;80;76;79;127;73;102;103;65;32;9;6;1;4;0
324;11050;St.Gallen Stadt Lerchental;11.06.2020;Donnerstag;1;3;0;0;1;1;2;10;56;66;67;78;114;76;68;75;88;115;148;63;28;24;3;2;4
325;11050;St.Gallen Stadt Lerchental;11.06.2020;Donnerstag;2;1;0;0;1;0;5;88;210;109;89;94;85;70;104;88;114;99;63;40;20;4;6;1;0
326;11050;St.Gallen Stadt Lerchental;12.06.2020;Freitag;1;2;2;0;1;0;4;13;42;57;73;75;97;81;63;82;102;101;91;37;16;9;10;5;3
327;11050;St.Gallen Stadt Lerchental;12.06.2020;Freitag;2;1;0;0;0;1;9;74;183;127;74;89;73;82;111;85;89;91;43;29;8;8;5;1;1
328;11050;St.Gallen Stadt Lerchental;13.06.2020;Samstag;1;1;1;1;0;0;1;0;11;32;37;75;71;64;49;52;61;53;27;12;5;5;2;7;0
329;11050;St.Gallen Stadt Lerchental;13.06.2020;Samstag;2;1;1;0;0;1;2;3;36;36;61;76;65;56;53;66;50;48;8;6;2;2;5;0;1
330;11050;St.Gallen Stadt Lerchental;14.06.2020;Sonntag;1;2;0;0;0;0;0;0;2;1;3;4;7;6;6;7;2;7;2;5;4;2;6;2;0
331;11050;St.Gallen Stadt Lerchental;14.06.2020;Sonntag;2;1;0;0;0;0;1;0;5;4;3;4;5;4;5;7;5;5;3;5;3;1;4;0;0
332;11050;St.Gallen Stadt Lerchental;15.06.2020;Montag;1;3;0;0;0;0;2;9;35;71;86;90;112;87;59;69;96;108;145;74;22;4;1;1;1
333;11050;St.Gallen Stadt Lerchental;15.06.2020;Montag;2;3;0;1;0;0;6;79;189;133;100;92;86;82;112;89;99;79;74;39;10;4;3;0;3
334;11050;St.Gallen Stadt Lerchental;16.06.2020;Dienstag;1;1;0;0;0;1;3;8;50;74;64;76;118;67;55;75;88;109;112;58;16;15;2;3;1
335;11050;St.Gallen Stadt Lerchental;16.06.2020;Dienstag;2;1;0;0;0;2;7;80;205;135;75;92;72;90;110;78;91;72;66;26;9;6;1;4;0
336;11050;St.Gallen Stadt Lerchental;17.06.2020;Mittwoch;1;4;0;0;0;0;1;9;45;47;65;61;89;97;76;68;77;98;109;61;29;5;2;1;3
337;11050;St.Gallen Stadt Lerchental;17.06.2020;Mittwoch;2;3;0;0;0;1;6;66;190;105;85;84;61;55;135;85;90;99;56;30;6;1;1;3;4
338;11050;St.Gallen Stadt Lerchental;18.06.2020;Donnerstag;1;1;0;0;1;0;1;11;45;65;87;72;106;81;69;66;79;105;173;69;30;10;3;4;0
339;11050;St.Gallen Stadt Lerchental;18.06.2020;Donnerstag;2;1;0;0;1;0;8;81;192;123;99;103;86;75;119;76;92;81;53;43;13;3;0;2;0
340;11050;St.Gallen Stadt Lerchental;19.06.2020;Freitag;1;2;0;0;1;1;1;12;33;67;85;65;101;89;67;89;82;110;101;47;27;8;2;5;0
341;11050;St.Gallen Stadt Lerchental;19.06.2020;Freitag;2;2;0;1;2;3;5;68;201;121;84;91;81;65;111;89;94;82;49;34;6;7;1;3;2
342;11050;St.Gallen Stadt Lerchental;20.06.2020;Samstag;1;3;4;0;0;0;1;3;10;32;52;55;78;53;56;63;57;60;32;4;6;4;5;1;2
343;11050;St.Gallen Stadt Lerchental;20.06.2020;Samstag;2;3;2;0;0;1;1;6;29;35;49;73;69;57;66;63;46;42;14;6;7;2;3;0;3
344;11050;St.Gallen Stadt Lerchental;21.06.2020;Sonntag;1;0;1;1;0;0;0;2;1;2;8;9;9;3;9;7;10;12;13;8;10;4;0;0;0
345;11050;St.Gallen Stadt Lerchental;21.06.2020;Sonntag;2;1;1;1;0;0;0;2;3;3;8;8;5;9;13;7;9;5;1;3;3;0;0;1;0
346;11050;St.Gallen Stadt Lerchental;22.06.2020;Montag;1;2;0;0;0;0;0;8;41;70;69;73;103;78;69;65;74;122;145;69;20;12;1;3;0
347;11050;St.Gallen Stadt Lerchental;22.06.2020;Montag;2;2;0;0;0;2;7;82;190;129;103;87;71;75;117;78;82;93;69;41;8;5;3;2;2
348;11050;St.Gallen Stadt Lerchental;23.06.2020;Dienstag;1;3;0;0;0;1;2;7;40;58;48;72;81;78;57;82;86;93;113;52;19;11;6;2;0
349;11050;St.Gallen Stadt Lerchental;23.06.2020;Dienstag;2;0;0;0;0;1;8;69;190;105;76;92;62;69;120;89;87;63;62;26;10;6;3;0;0
350;11050;St.Gallen Stadt Lerchental;24.06.2020;Mittwoch;1;1;2;0;0;2;2;8;49;61;62;77;109;78;42;56;70;196;105;62;19;4;12;10;2
351;11050;St.Gallen Stadt Lerchental;24.06.2020;Mittwoch;2;1;0;0;0;1;6;81;190;115;88;91;73;59;105;75;83;82;66;27;10;1;3;1;0
352;11050;St.Gallen Stadt Lerchental;25.06.2020;Donnerstag;1;4;1;1;1;0;5;11;60;52;70;91;110;91;62;65;74;105;108;66;35;15;4;5;0
353;11050;St.Gallen Stadt Lerchental;25.06.2020;Donnerstag;2;1;0;0;1;0;7;84;212;102;107;98;80;79;125;85;69;89;76;34;23;4;4;3;2
354;11050;St.Gallen Stadt Lerchental;26.06.2020;Freitag;1;2;0;0;0;1;0;13;31;55;63;70;97;85;74;73;86;97;108;53;14;4;4;2;2
355;11050;St.Gallen Stadt Lerchental;26.06.2020;Freitag;2;1;0;0;1;0;4;76;170;104;78;91;78;80;107;86;85;78;51;27;3;7;3;4;0
356;11050;St.Gallen Stadt Lerchental;27.06.2020;Samstag;1;4;1;0;1;0;0;3;19;37;42;61;68;65;59;46;49;49;28;18;5;7;6;5;0
357;11050;St.Gallen Stadt Lerchental;27.06.2020;Samstag;2;2;0;2;0;3;5;6;45;44;48;68;69;67;50;49;39;56;10;6;3;5;3;2;1
358;11050;St.Gallen Stadt Lerchental;28.06.2020;Sonntag;1;4;4;3;0;0;0;0;4;3;6;10;4;2;9;6;14;11;14;8;8;10;1;2;0
359;11050;St.Gallen Stadt Lerchental;28.06.2020;Sonntag;2;1;1;3;0;1;0;0;5;1;4;8;9;3;6;10;10;1;10;9;1;4;1;2;0
360;11050;St.Gallen Stadt Lerchental;29.06.2020;Montag;1;1;0;0;1;0;1;7;45;67;67;74;119;81;61;95;76;99;129;78;28;7;8;0;2
361;11050;St.Gallen Stadt Lerchental;29.06.2020;Montag;2;3;0;0;0;1;4;70;202;139;77;105;82;73;114;81;88;98;66;34;7;0;6;1;2
362;11050;St.Gallen Stadt Lerchental;30.06.2020;Dienstag;1;3;0;0;1;1;2;12;47;61;67;84;87;73;60;71;80;94;94;70;25;6;9;5;0
363;11050;St.Gallen Stadt Lerchental;30.06.2020;Dienstag;2;1;0;0;1;3;6;78;187;110;85;84;64;62;108;81;95;76;49;32;10;3;3;2;1
