LNR	ORT-ID	BEZEICHNUNG	DATUM	WOCHENTAG	RI	1	2	3	4	5	6	7	8	9	10	11	12	13	14	15	16	17	18	19	20	21	22	23	24
1	10943	St.Gallen Stadt Wildeggstr 44	01.01.2018	Montag	1	36	53	34	19	11	8	14	17	13	12	28	44	54	71	92	89	116	82	43	47	30	37	14	10
2	10943	St.Gallen Stadt Wildeggstr 44	01.01.2018	Montag	2	36	50	26	21	3	7	17	18	17	20	42	57	65	97	104	98	122	69	49	42	39	24	16	11
3	10943	St.Gallen Stadt Wildeggstr 44	02.01.2018	Dienstag	1	7	7	2	0	5	3	19	56	44	61	69	105	88	92	103	117	119	129	97	56	48	43	28	12
4	10943	St.Gallen Stadt Wildeggstr 44	02.01.2018	Dienstag	2	9	4	1	3	5	11	35	83	83	92	91	92	95	130	114	109	123	128	89	61	22	30	26	10
5	10943	St.Gallen Stadt Wildeggstr 44	03.01.2018	Mittwoch	1	11	1	2	3	4	7	36	95	81	87	94	109	110	96	96	106	152	189	151	82	56	33	33	19
6	10943	St.Gallen Stadt Wildeggstr 44	03.01.2018	Mittwoch	2	6	3	1	3	9	16	93	211	118	115	103	100	92	103	120	111	121	157	111	67	46	20	30	11
7	10943	St.Gallen Stadt Wildeggstr 44	04.01.2018	Donnerstag	1	5	3	1	6	4	7	45	114	103	84	109	124	132	114	118	117	179	232	145	94	55	56	41	24
8	10943	St.Gallen Stadt Wildeggstr 44	04.01.2018	Donnerstag	2	4	2	2	2	8	13	90	216	143	129	122	122	126	123	153	130	157	177	121	70	55	49	42	13
9	10943	St.Gallen Stadt Wildeggstr 44	05.01.2018	Freitag	1	8	6	2	4	9	6	39	102	106	94	112	133	138	124	123	149	193	216	123	115	54	43	48	22
10	10943	St.Gallen Stadt Wildeggstr 44	05.01.2018	Freitag	2	12	6	4	2	6	12	83	189	133	135	141	124	109	131	172	146	168	163	116	91	56	36	34	38
11	10943	St.Gallen Stadt Wildeggstr 44	06.01.2018	Samstag	1	18	15	18	4	9	8	21	31	39	75	104	138	135	116	114	126	140	128	80	52	40	33	56	21
12	10943	St.Gallen Stadt Wildeggstr 44	06.01.2018	Samstag	2	27	10	11	5	9	14	27	48	92	112	127	132	112	142	148	140	121	109	78	63	51	42	41	22
13	10943	St.Gallen Stadt Wildeggstr 44	07.01.2018	Sonntag	1	25	14	11	5	7	5	12	14	17	38	59	74	80	69	92	102	112	83	77	53	52	28	25	12
14	10943	St.Gallen Stadt Wildeggstr 44	07.01.2018	Sonntag	2	21	13	11	7	5	3	19	14	33	74	75	68	90	81	100	96	100	106	63	61	36	21	26	5
15	10943	St.Gallen Stadt Wildeggstr 44	08.01.2018	Montag	1	5	1	3	3	6	11	58	162	146	104	127	146	103	125	106	147	187	264	198	102	72	45	33	19
16	10943	St.Gallen Stadt Wildeggstr 44	08.01.2018	Montag	2	2	1	3	2	7	25	172	297	181	125	115	127	112	150	120	153	171	195	170	107	63	28	32	12
17	10943	St.Gallen Stadt Wildeggstr 44	09.01.2018	Dienstag	1	8	7	3	4	6	10	66	176	140	108	117	154	123	134	119	160	206	265	194	93	75	65	50	19
18	10943	St.Gallen Stadt Wildeggstr 44	09.01.2018	Dienstag	2	2	2	0	0	10	25	157	340	190	125	119	145	114	171	159	148	177	219	170	99	61	35	31	18
19	10943	St.Gallen Stadt Wildeggstr 44	10.01.2018	Mittwoch	1	7	4	1	1	8	8	59	177	152	105	118	154	138	149	131	116	172	318	233	100	72	71	41	28
20	10943	St.Gallen Stadt Wildeggstr 44	10.01.2018	Mittwoch	2	2	2	1	1	8	24	153	337	177	151	112	144	113	159	165	129	178	236	175	121	63	49	26	14
21	10943	St.Gallen Stadt Wildeggstr 44	11.01.2018	Donnerstag	1	14	6	3	3	3	9	53	160	155	96	114	146	117	153	130	153	192	263	176	104	87	66	58	35
22	10943	St.Gallen Stadt Wildeggstr 44	11.01.2018	Donnerstag	2	3	1	4	1	7	18	148	343	196	135	116	141	133	175	162	167	195	240	179	130	67	46	39	18
23	10943	St.Gallen Stadt Wildeggstr 44	12.01.2018	Freitag	1	11	8	5	5	5	8	53	158	147	121	103	148	149	157	108	140	220	230	165	111	52	61	64	48
24	10943	St.Gallen Stadt Wildeggstr 44	12.01.2018	Freitag	2	3	4	4	2	5	22	142	303	202	135	131	142	123	139	153	164	219	225	177	135	67	32	52	32
25	10943	St.Gallen Stadt Wildeggstr 44	13.01.2018	Samstag	1	20	15	11	9	3	5	17	40	51	79	100	128	120	109	91	114	126	156	79	61	55	38	54	30
26	10943	St.Gallen Stadt Wildeggstr 44	13.01.2018	Samstag	2	19	13	1	3	4	9	30	76	102	148	161	133	121	121	135	128	129	108	85	59	45	39	57	27
27	10943	St.Gallen Stadt Wildeggstr 44	14.01.2018	Sonntag	1	25	19	12	10	3	8	7	15	16	52	71	92	99	94	117	104	120	122	89	59	61	26	36	12
28	10943	St.Gallen Stadt Wildeggstr 44	14.01.2018	Sonntag	2	17	17	16	4	5	9	22	33	52	75	83	93	84	118	146	132	163	134	91	66	49	32	18	11
29	10943	St.Gallen Stadt Wildeggstr 44	15.01.2018	Montag	1	7	3	3	2	4	10	51	167	149	107	124	127	150	143	158	146	183	274	179	122	68	45	37	23
30	10943	St.Gallen Stadt Wildeggstr 44	15.01.2018	Montag	2	4	3	3	3	4	26	157	320	179	127	118	160	110	180	138	151	171	235	180	100	45	37	37	11
31	10943	St.Gallen Stadt Wildeggstr 44	16.01.2018	Dienstag	1	3	3	2	3	8	12	63	168	137	106	120	143	123	149	119	131	167	280	210	112	69	54	45	25
32	10943	St.Gallen Stadt Wildeggstr 44	16.01.2018	Dienstag	2	4	3	2	1	6	25	167	358	159	125	109	141	109	184	108	142	175	233	162	107	51	39	31	14
33	10943	St.Gallen Stadt Wildeggstr 44	17.01.2018	Mittwoch	1	7	7	3	5	7	9	62	174	154	87	113	166	114	142	105	106	159	242	179	120	63	68	56	25
34	10943	St.Gallen Stadt Wildeggstr 44	17.01.2018	Mittwoch	2	4	2	1	4	7	26	152	352	188	155	120	136	109	153	137	131	171	220	168	135	58	46	29	20
35	10943	St.Gallen Stadt Wildeggstr 44	18.01.2018	Donnerstag	1	11	7	1	1	13	10	54	169	148	102	119	111	114	138	133	145	158	258	254	120	92	68	48	28
36	10943	St.Gallen Stadt Wildeggstr 44	18.01.2018	Donnerstag	2	6	3	1	1	5	32	129	340	169	140	108	135	109	165	138	148	166	244	162	118	61	46	41	18
37	10943	St.Gallen Stadt Wildeggstr 44	19.01.2018	Freitag	1	13	7	4	4	9	10	45	159	158	122	132	151	156	163	131	188	230	240	163	125	81	58	49	49
38	10943	St.Gallen Stadt Wildeggstr 44	19.01.2018	Freitag	2	12	6	2	3	6	22	142	295	181	129	123	168	129	181	149	160	211	235	165	106	51	52	44	34
39	10943	St.Gallen Stadt Wildeggstr 44	20.01.2018	Samstag	1	32	10	11	11	8	8	18	41	60	100	98	134	128	119	127	150	134	150	127	70	41	36	56	36
40	10943	St.Gallen Stadt Wildeggstr 44	20.01.2018	Samstag	2	24	9	8	6	7	18	33	45	114	140	170	146	146	173	145	182	127	120	95	71	52	29	51	41
41	10943	St.Gallen Stadt Wildeggstr 44	21.01.2018	Sonntag	1	36	14	10	8	4	6	8	18	24	45	48	78	79	89	135	116	134	111	71	65	57	37	22	14
42	10943	St.Gallen Stadt Wildeggstr 44	21.01.2018	Sonntag	2	30	9	7	14	3	5	19	25	50	88	89	96	92	112	128	124	113	96	69	72	50	39	18	7
43	10943	St.Gallen Stadt Wildeggstr 44	22.01.2018	Montag	1	10	4	1	2	7	11	49	172	160	110	113	150	130	131	112	150	173	252	181	122	67	53	42	14
44	10943	St.Gallen Stadt Wildeggstr 44	22.01.2018	Montag	2	1	3	1	2	3	24	152	332	173	115	106	150	94	164	124	150	188	198	146	102	45	41	34	10
45	10943	St.Gallen Stadt Wildeggstr 44	23.01.2018	Dienstag	1	8	4	2	5	7	12	62	195	151	105	131	130	132	133	123	162	209	260	211	101	67	56	47	24
46	10943	St.Gallen Stadt Wildeggstr 44	23.01.2018	Dienstag	2	7	1	2	4	5	25	157	348	193	139	115	141	90	153	162	156	171	205	149	109	49	43	35	21
47	10943	St.Gallen Stadt Wildeggstr 44	24.01.2018	Mittwoch	1	8	3	2	4	4	9	50	204	159	134	118	161	148	161	132	151	209	296	210	113	61	67	63	25
48	10943	St.Gallen Stadt Wildeggstr 44	24.01.2018	Mittwoch	2	7	6	0	3	7	23	161	343	188	129	142	169	118	178	172	139	179	245	176	119	58	38	34	15
49	10943	St.Gallen Stadt Wildeggstr 44	25.01.2018	Donnerstag	1	12	12	5	4	7	12	57	211	182	98	129	182	160	143	141	145	196	300	203	122	75	76	51	30
50	10943	St.Gallen Stadt Wildeggstr 44	25.01.2018	Donnerstag	2	5	7	1	8	6	28	156	326	180	143	123	150	117	196	115	164	196	273	167	111	56	57	32	29
51	10943	St.Gallen Stadt Wildeggstr 44	26.01.2018	Freitag	1	15	2	2	4	7	9	43	182	151	115	121	173	150	187	127	196	214	233	190	119	62	61	63	34
52	10943	St.Gallen Stadt Wildeggstr 44	26.01.2018	Freitag	2	10	7	5	6	4	25	145	298	183	120	122	165	127	158	188	176	239	227	153	108	48	51	41	19
53	10943	St.Gallen Stadt Wildeggstr 44	27.01.2018	Samstag	1	26	14	14	5	6	3	19	45	57	84	114	131	105	121	93	97	115	126	77	59	49	46	38	33
54	10943	St.Gallen Stadt Wildeggstr 44	27.01.2018	Samstag	2	19	9	5	3	5	15	26	82	109	141	173	162	142	140	147	116	114	93	87	66	52	45	37	26
55	10943	St.Gallen Stadt Wildeggstr 44	28.01.2018	Sonntag	1	19	22	15	8	5	4	4	18	19	60	52	62	67	78	89	108	113	95	59	68	51	25	28	14
56	10943	St.Gallen Stadt Wildeggstr 44	28.01.2018	Sonntag	2	20	18	11	7	6	7	15	24	50	68	70	93	71	97	102	103	108	92	81	70	42	33	29	11
57	10943	St.Gallen Stadt Wildeggstr 44	29.01.2018	Montag	1	5	6	5	2	5	9	40	139	120	83	105	123	142	133	119	140	170	227	144	91	57	39	25	17
58	10943	St.Gallen Stadt Wildeggstr 44	29.01.2018	Montag	2	3	1	0	8	8	20	127	254	155	106	109	113	96	171	132	131	149	185	122	57	31	39	21	9
59	10943	St.Gallen Stadt Wildeggstr 44	30.01.2018	Dienstag	1	6	3	6	1	4	9	54	144	108	103	158	271	138	111	111	125	183	258	164	88	65	43	39	15
60	10943	St.Gallen Stadt Wildeggstr 44	30.01.2018	Dienstag	2	4	2	0	3	7	20	138	258	158	117	119	114	108	157	124	105	146	185	119	89	43	33	27	14
61	10943	St.Gallen Stadt Wildeggstr 44	31.01.2018	Mittwoch	1	9	3	5	1	8	13	48	142	114	103	98	128	101	158	118	143	176	213	147	81	66	38	54	21
62	10943	St.Gallen Stadt Wildeggstr 44	31.01.2018	Mittwoch	2	5	4	3	4	7	20	129	260	156	112	110	125	93	152	147	120	171	171	123	84	38	45	29	10
63	10943	St.Gallen Stadt Wildeggstr 44	01.02.2018	Donnerstag	1	11	7	5	3	6	8	51	128	128	84	109	109	117	119	103	109	162	239	156	101	73	53	34	33
64	10943	St.Gallen Stadt Wildeggstr 44	01.02.2018	Donnerstag	2	2	3	0	5	5	18	133	263	158	106	105	124	97	150	103	124	135	153	140	83	63	30	24	17
65	10943	St.Gallen Stadt Wildeggstr 44	02.02.2018	Freitag	1	18	11	3	10	13	10	46	122	125	100	130	152	141	150	146	135	175	213	135	92	69	42	37	30
66	10943	St.Gallen Stadt Wildeggstr 44	02.02.2018	Freitag	2	5	2	2	8	12	20	107	239	128	123	130	123	100	143	141	133	164	184	143	79	50	36	38	21
67	10943	St.Gallen Stadt Wildeggstr 44	03.02.2018	Samstag	1	27	12	14	6	6	6	16	26	47	83	89	133	133	110	116	114	134	129	81	53	39	29	34	39
68	10943	St.Gallen Stadt Wildeggstr 44	03.02.2018	Samstag	2	22	8	6	4	7	9	25	42	86	116	133	133	135	130	145	105	114	98	77	55	33	32	21	21
69	10943	St.Gallen Stadt Wildeggstr 44	04.02.2018	Sonntag	1	19	17	10	6	4	7	11	21	15	51	52	86	82	95	110	109	119	99	83	60	68	34	27	17
70	10943	St.Gallen Stadt Wildeggstr 44	04.02.2018	Sonntag	2	16	7	6	3	8	8	14	26	47	80	78	83	92	102	118	116	104	121	72	63	36	27	26	8
71	10943	St.Gallen Stadt Wildeggstr 44	05.02.2018	Montag	1	6	4	1	1	5	10	51	208	167	98	107	150	113	149	121	132	245	273	194	121	75	50	36	21
72	10943	St.Gallen Stadt Wildeggstr 44	05.02.2018	Montag	2	3	1	1	3	10	22	158	315	190	111	119	121	113	170	134	156	181	208	174	93	62	45	31	12
73	10943	St.Gallen Stadt Wildeggstr 44	06.02.2018	Dienstag	1	9	5	4	4	4	10	61	192	156	103	140	163	115	158	149	157	187	251	220	121	70	61	56	55
74	10943	St.Gallen Stadt Wildeggstr 44	06.02.2018	Dienstag	2	3	2	1	2	8	21	169	345	199	119	123	115	110	201	156	158	178	260	163	105	67	40	37	20
75	10943	St.Gallen Stadt Wildeggstr 44	07.02.2018	Mittwoch	1	14	6	1	4	3	9	43	211	147	91	135	198	143	165	148	138	210	289	183	135	82	66	70	27
76	10943	St.Gallen Stadt Wildeggstr 44	07.02.2018	Mittwoch	2	6	4	3	1	5	21	151	370	190	150	132	135	109	172	157	129	192	226	200	125	63	52	33	18
77	10943	St.Gallen Stadt Wildeggstr 44	08.02.2018	Donnerstag	1	7	4	4	0	9	12	52	200	160	105	132	156	141	148	138	128	206	243	194	105	69	69	53	25
78	10943	St.Gallen Stadt Wildeggstr 44	08.02.2018	Donnerstag	2	8	2	1	3	10	25	140	353	210	149	124	119	114	174	140	157	166	224	175	96	84	52	35	26
79	10943	St.Gallen Stadt Wildeggstr 44	09.02.2018	Freitag	1	14	4	4	2	8	7	49	171	141	130	139	170	149	141	152	157	239	248	174	106	74	54	50	48
80	10943	St.Gallen Stadt Wildeggstr 44	09.02.2018	Freitag	2	7	5	5	1	11	18	125	296	212	123	157	164	121	166	143	151	210	231	158	93	61	46	39	35
81	10943	St.Gallen Stadt Wildeggstr 44	10.02.2018	Samstag	1	20	13	10	7	7	5	19	45	56	86	119	112	125	146	125	125	116	134	106	63	44	34	53	30
82	10943	St.Gallen Stadt Wildeggstr 44	10.02.2018	Samstag	2	18	6	11	6	1	11	20	62	103	136	167	169	123	140	136	121	122	137	113	52	47	45	33	27
83	10943	St.Gallen Stadt Wildeggstr 44	11.02.2018	Sonntag	1	28	13	12	9	10	4	14	12	15	49	52	66	82	80	161	101	109	89	76	79	59	30	37	15
84	10943	St.Gallen Stadt Wildeggstr 44	11.02.2018	Sonntag	2	19	17	5	5	9	7	7	15	39	65	77	92	61	129	172	129	119	88	95	58	37	33	28	13
85	10943	St.Gallen Stadt Wildeggstr 44	12.02.2018	Montag	1	11	6	2	2	8	12	62	160	158	99	127	163	108	105	103	149	167	272	128	140	110	49	33	15
86	10943	St.Gallen Stadt Wildeggstr 44	12.02.2018	Montag	2	3	1	3	6	12	21	155	313	230	106	107	114	116	174	135	132	149	215	127	67	47	29	31	10
87	10943	St.Gallen Stadt Wildeggstr 44	13.02.2018	Dienstag	1	8	7	0	3	17	21	74	152	148	96	136	154	133	133	122	152	194	274	188	111	84	40	32	30
88	10943	St.Gallen Stadt Wildeggstr 44	13.02.2018	Dienstag	2	4	0	1	2	14	29	137	314	167	111	113	132	103	150	133	150	175	224	163	105	51	44	27	12
89	10943	St.Gallen Stadt Wildeggstr 44	14.02.2018	Mittwoch	1	10	8	4	2	7	14	48	199	140	109	133	170	157	184	131	122	182	283	206	127	91	65	44	33
90	10943	St.Gallen Stadt Wildeggstr 44	14.02.2018	Mittwoch	2	10	4	0	3	6	23	146	341	151	126	137	152	117	151	178	165	195	308	175	118	61	49	31	12
91	10943	St.Gallen Stadt Wildeggstr 44	15.02.2018	Donnerstag	1	8	6	1	2	7	7	46	181	170	121	115	164	143	123	104	143	202	252	188	125	74	68	59	26
92	10943	St.Gallen Stadt Wildeggstr 44	15.02.2018	Donnerstag	2	6	2	1	3	4	29	143	331	192	138	103	130	116	165	132	134	153	220	176	117	64	33	27	14
93	10943	St.Gallen Stadt Wildeggstr 44	16.02.2018	Freitag	1	15	5	1	3	4	11	45	186	144	103	123	172	158	174	175	158	217	241	182	109	68	55	46	56
94	10943	St.Gallen Stadt Wildeggstr 44	16.02.2018	Freitag	2	4	6	2	1	8	21	131	306	187	134	139	141	142	149	164	176	196	217	172	101	49	47	50	35
95	10943	St.Gallen Stadt Wildeggstr 44	17.02.2018	Samstag	1	22	19	10	11	8	6	11	43	62	96	101	127	120	115	117	117	119	132	87	56	48	32	39	45
96	10943	St.Gallen Stadt Wildeggstr 44	17.02.2018	Samstag	2	24	14	5	4	3	13	26	61	113	131	153	142	115	170	149	117	125	103	103	63	36	44	30	30
97	10943	St.Gallen Stadt Wildeggstr 44	18.02.2018	Sonntag	1	24	16	2	11	19	7	17	19	18	40	47	73	75	89	109	94	114	80	80	60	61	42	19	11
98	10943	St.Gallen Stadt Wildeggstr 44	18.02.2018	Sonntag	2	17	17	7	9	14	6	23	27	50	72	74	90	76	99	109	134	130	91	73	69	53	43	12	8
99	10943	St.Gallen Stadt Wildeggstr 44	19.02.2018	Montag	1	8	5	2	1	5	9	55	180	148	105	139	159	115	127	122	147	188	295	215	136	72	49	39	23
100	10943	St.Gallen Stadt Wildeggstr 44	19.02.2018	Montag	2	8	3	3	0	6	28	128	321	181	115	117	122	108	160	129	139	168	239	192	112	77	40	25	15
101	10943	St.Gallen Stadt Wildeggstr 44	20.02.2018	Dienstag	1	8	5	3	4	6	6	56	184	154	100	111	174	132	155	128	150	185	274	307	177	65	44	47	17
102	10943	St.Gallen Stadt Wildeggstr 44	20.02.2018	Dienstag	2	10	2	2	3	8	34	157	331	181	120	125	134	107	196	115	135	145	243	173	106	48	43	35	12
103	10943	St.Gallen Stadt Wildeggstr 44	21.02.2018	Mittwoch	1	5	2	2	6	12	14	66	202	144	123	143	166	160	164	125	139	195	285	192	119	70	72	49	28
104	10943	St.Gallen Stadt Wildeggstr 44	21.02.2018	Mittwoch	2	5	2	1	1	15	27	167	342	177	132	104	149	112	183	152	151	181	239	168	129	63	53	25	18
105	10943	St.Gallen Stadt Wildeggstr 44	22.02.2018	Donnerstag	1	4	2	0	2	7	10	55	181	142	114	144	158	158	166	140	174	239	270	230	109	83	77	53	21
106	10943	St.Gallen Stadt Wildeggstr 44	22.02.2018	Donnerstag	2	7	2	0	0	9	25	155	335	218	163	122	136	101	157	139	159	169	217	168	131	58	39	29	21
107	10943	St.Gallen Stadt Wildeggstr 44	23.02.2018	Freitag	1	18	2	3	3	4	12	50	162	131	122	143	189	161	168	141	176	229	290	243	143	79	62	55	46
108	10943	St.Gallen Stadt Wildeggstr 44	23.02.2018	Freitag	2	6	5	2	2	8	32	136	321	178	133	136	156	139	177	143	169	202	219	170	143	82	47	52	36
109	10943	St.Gallen Stadt Wildeggstr 44	24.02.2018	Samstag	1	30	16	7	5	7	10	22	46	68	85	125	128	139	132	128	144	175	165	99	62	44	40	50	33
110	10943	St.Gallen Stadt Wildeggstr 44	24.02.2018	Samstag	2	20	12	13	3	6	11	35	84	127	180	173	172	128	133	132	136	112	122	113	70	45	42	46	25
111	10943	St.Gallen Stadt Wildeggstr 44	25.02.2018	Sonntag	1	24	16	12	11	6	7	6	12	23	42	66	83	78	84	104	130	141	161	85	49	60	38	28	12
112	10943	St.Gallen Stadt Wildeggstr 44	25.02.2018	Sonntag	2	20	16	5	8	5	4	15	25	58	111	100	115	90	104	88	91	123	103	93	58	51	28	17	8
113	10943	St.Gallen Stadt Wildeggstr 44	26.02.2018	Montag	1	11	5	2	1	6	11	47	191	152	106	111	164	126	129	121	154	198	263	176	110	71	43	28	22
114	10943	St.Gallen Stadt Wildeggstr 44	26.02.2018	Montag	2	4	0	0	2	3	20	145	321	198	126	111	128	110	180	160	147	174	212	167	90	62	37	32	13
115	10943	St.Gallen Stadt Wildeggstr 44	27.02.2018	Dienstag	1	7	3	2	2	5	9	54	198	163	121	134	170	136	141	114	123	177	270	185	103	76	73	42	21
116	10943	St.Gallen Stadt Wildeggstr 44	27.02.2018	Dienstag	2	6	2	0	3	7	18	148	347	200	129	107	132	111	152	164	123	160	227	172	108	59	43	26	11
117	10943	St.Gallen Stadt Wildeggstr 44	28.02.2018	Mittwoch	1	7	5	1	4	8	15	48	217	148	120	109	186	148	154	145	142	206	294	196	117	72	53	59	23
118	10943	St.Gallen Stadt Wildeggstr 44	28.02.2018	Mittwoch	2	4	0	2	3	11	29	144	336	186	131	107	146	127	179	159	139	184	252	172	118	67	37	41	20
119	10943	St.Gallen Stadt Wildeggstr 44	01.03.2018	Donnerstag	1	7	4	2	1	7	10	57	173	177	129	146	162	143	145	136	151	181	257	181	126	80	57	55	29
120	10943	St.Gallen Stadt Wildeggstr 44	01.03.2018	Donnerstag	2	8	3	4	1	10	25	145	340	194	140	122	125	103	188	134	144	174	215	200	102	68	39	34	19
121	10943	St.Gallen Stadt Wildeggstr 44	02.03.2018	Freitag	1	13	11	4	5	8	10	57	198	137	115	111	186	144	153	144	150	202	204	170	113	60	70	43	54
122	10943	St.Gallen Stadt Wildeggstr 44	02.03.2018	Freitag	2	7	5	2	2	5	18	130	294	187	142	106	141	137	178	131	161	156	216	153	98	66	37	40	31
123	10943	St.Gallen Stadt Wildeggstr 44	03.03.2018	Samstag	1	20	10	9	5	8	8	19	41	64	97	103	145	127	114	150	130	150	141	78	73	46	31	56	36
124	10943	St.Gallen Stadt Wildeggstr 44	03.03.2018	Samstag	2	21	12	12	7	7	19	39	74	112	152	143	148	131	149	167	154	129	126	98	69	54	39	38	28
125	10943	St.Gallen Stadt Wildeggstr 44	04.03.2018	Sonntag	1	37	15	10	9	4	3	11	18	33	60	70	112	118	100	120	107	118	127	95	71	60	37	34	8
126	10943	St.Gallen Stadt Wildeggstr 44	04.03.2018	Sonntag	2	30	10	7	13	8	7	28	33	55	84	98	91	105	153	142	130	145	105	95	66	51	34	18	7
127	10943	St.Gallen Stadt Wildeggstr 44	05.03.2018	Montag	1	8	4	2	3	5	11	62	191	181	106	118	160	144	146	140	151	199	257	201	109	76	49	44	30
128	10943	St.Gallen Stadt Wildeggstr 44	05.03.2018	Montag	2	5	0	2	2	5	22	165	312	190	121	124	142	120	173	137	146	197	212	160	107	58	37	37	6
129	10943	St.Gallen Stadt Wildeggstr 44	06.03.2018	Dienstag	1	9	3	3	3	4	9	53	201	166	105	135	148	123	132	135	160	184	282	199	112	89	57	40	22
130	10943	St.Gallen Stadt Wildeggstr 44	06.03.2018	Dienstag	2	2	3	0	5	9	24	165	369	187	129	116	137	101	177	143	123	202	237	162	105	66	37	23	16
131	10943	St.Gallen Stadt Wildeggstr 44	07.03.2018	Mittwoch	1	3	4	4	3	6	16	48	201	161	124	139	167	135	148	146	149	205	287	185	142	81	58	45	30
132	10943	St.Gallen Stadt Wildeggstr 44	07.03.2018	Mittwoch	2	5	2	5	4	6	27	151	367	178	150	117	142	124	171	152	154	202	239	166	127	55	58	29	14
133	10943	St.Gallen Stadt Wildeggstr 44	08.03.2018	Donnerstag	1	5	6	2	2	7	12	55	189	157	110	115	175	163	155	160	159	214	254	231	102	78	66	66	22
134	10943	St.Gallen Stadt Wildeggstr 44	08.03.2018	Donnerstag	2	4	4	1	3	5	25	173	328	218	144	145	133	118	190	143	151	196	261	171	109	64	34	32	21
135	10943	St.Gallen Stadt Wildeggstr 44	09.03.2018	Freitag	1	13	6	3	5	5	6	55	186	144	133	134	174	167	159	151	154	194	248	205	140	103	45	53	39
136	10943	St.Gallen Stadt Wildeggstr 44	09.03.2018	Freitag	2	9	0	3	5	4	19	155	305	214	125	126	129	131	178	144	158	205	245	192	149	51	45	53	47
137	10943	St.Gallen Stadt Wildeggstr 44	10.03.2018	Samstag	1	30	15	3	8	12	5	19	36	75	99	122	128	113	117	135	125	137	125	123	77	46	52	55	37
138	10943	St.Gallen Stadt Wildeggstr 44	10.03.2018	Samstag	2	26	11	4	4	4	15	31	84	132	160	135	153	127	145	142	133	117	110	112	77	57	41	49	42
139	10943	St.Gallen Stadt Wildeggstr 44	11.03.2018	Sonntag	1	35	14	9	16	5	7	10	14	29	46	63	82	55	71	98	102	110	123	88	83	56	44	20	16
140	10943	St.Gallen Stadt Wildeggstr 44	11.03.2018	Sonntag	2	28	35	14	8	4	5	9	10	40	71	100	88	77	104	119	114	134	113	84	63	53	35	24	10
141	10943	St.Gallen Stadt Wildeggstr 44	12.03.2018	Montag	1	7	5	2	3	12	18	66	177	185	98	103	137	131	130	125	126	187	301	219	113	74	62	50	11
142	10943	St.Gallen Stadt Wildeggstr 44	12.03.2018	Montag	2	6	4	3	3	8	22	153	354	181	141	129	147	111	155	158	110	194	223	190	128	59	34	43	16
143	10943	St.Gallen Stadt Wildeggstr 44	13.03.2018	Dienstag	1	7	3	4	4	8	14	73	179	164	137	139	160	139	166	128	148	191	270	215	119	78	61	57	27
144	10943	St.Gallen Stadt Wildeggstr 44	13.03.2018	Dienstag	2	7	5	1	4	8	28	173	388	174	145	125	140	113	163	149	145	188	247	189	126	74	47	39	13
145	10943	St.Gallen Stadt Wildeggstr 44	14.03.2018	Mittwoch	1	10	3	6	4	10	14	65	201	161	118	141	188	147	176	161	180	180	320	229	165	74	70	64	25
146	10943	St.Gallen Stadt Wildeggstr 44	14.03.2018	Mittwoch	2	1	5	3	6	7	25	151	351	188	129	120	140	126	175	169	129	206	264	258	143	85	52	52	25
147	10943	St.Gallen Stadt Wildeggstr 44	15.03.2018	Donnerstag	1	14	7	1	4	8	12	58	190	158	99	150	154	145	157	147	180	192	282	246	142	75	70	72	28
148	10943	St.Gallen Stadt Wildeggstr 44	15.03.2018	Donnerstag	2	13	7	3	6	8	23	168	356	201	143	145	133	117	182	157	155	181	284	264	133	79	52	48	24
149	10943	St.Gallen Stadt Wildeggstr 44	16.03.2018	Freitag	1	20	5	4	6	8	16	66	186	146	104	140	157	131	168	145	173	232	248	204	127	70	63	53	64
150	10943	St.Gallen Stadt Wildeggstr 44	16.03.2018	Freitag	2	16	2	5	8	4	16	150	318	205	131	133	140	125	193	154	178	210	243	200	107	60	54	55	30
151	10943	St.Gallen Stadt Wildeggstr 44	17.03.2018	Samstag	1	23	13	10	10	2	9	17	40	80	109	134	132	127	103	139	154	144	128	85	73	41	53	48	37
152	10943	St.Gallen Stadt Wildeggstr 44	17.03.2018	Samstag	2	24	18	12	10	3	14	29	89	115	158	185	162	152	146	152	135	125	115	99	68	27	44	49	29
153	10943	St.Gallen Stadt Wildeggstr 44	18.03.2018	Sonntag	1	28	20	10	8	12	8	14	21	28	42	56	82	82	94	79	112	127	132	73	65	44	23	17	12
154	10943	St.Gallen Stadt Wildeggstr 44	18.03.2018	Sonntag	2	27	11	18	14	9	9	25	32	43	71	95	84	86	89	104	114	110	83	97	71	43	33	13	8
155	10943	St.Gallen Stadt Wildeggstr 44	19.03.2018	Montag	1	6	4	2	3	7	19	65	169	156	123	131	163	127	144	116	142	169	255	200	106	73	50	42	23
156	10943	St.Gallen Stadt Wildeggstr 44	19.03.2018	Montag	2	6	1	3	3	8	26	145	316	183	137	108	121	121	147	123	169	151	204	200	105	55	35	35	13
157	10943	St.Gallen Stadt Wildeggstr 44	20.03.2018	Dienstag	1	8	4	2	2	10	19	65	167	167	107	126	162	133	148	136	137	192	266	220	124	64	70	68	27
158	10943	St.Gallen Stadt Wildeggstr 44	20.03.2018	Dienstag	2	6	5	1	2	9	33	161	348	197	136	125	132	105	190	135	130	160	233	194	134	64	45	25	24
159	10943	St.Gallen Stadt Wildeggstr 44	21.03.2018	Mittwoch	1	10	4	2	7	15	17	77	175	142	95	117	176	133	149	127	136	200	252	237	112	81	66	68	30
160	10943	St.Gallen Stadt Wildeggstr 44	21.03.2018	Mittwoch	2	4	2	2	2	16	36	138	348	205	114	113	127	125	167	165	127	177	223	211	151	67	47	33	29
161	10943	St.Gallen Stadt Wildeggstr 44	22.03.2018	Donnerstag	1	11	5	3	3	5	12	68	199	154	113	151	174	143	163	114	154	227	313	228	152	95	74	87	30
162	10943	St.Gallen Stadt Wildeggstr 44	22.03.2018	Donnerstag	2	7	3	3	2	6	28	151	402	208	130	141	148	128	189	148	138	193	253	210	149	77	62	41	14
163	10943	St.Gallen Stadt Wildeggstr 44	23.03.2018	Freitag	1	12	8	4	3	4	11	57	169	152	121	128	192	159	156	140	180	183	239	203	109	82	72	72	43
164	10943	St.Gallen Stadt Wildeggstr 44	23.03.2018	Freitag	2	11	2	3	4	7	33	146	295	181	144	123	143	151	178	156	180	223	235	213	135	69	64	55	23
165	10943	St.Gallen Stadt Wildeggstr 44	24.03.2018	Samstag	1	36	16	8	7	6	6	18	59	70	103	129	181	136	150	160	145	171	153	129	82	58	42	55	43
166	10943	St.Gallen Stadt Wildeggstr 44	24.03.2018	Samstag	2	16	11	11	0	5	14	52	83	141	168	206	194	160	154	204	169	146	125	141	98	60	43	57	46
167	10943	St.Gallen Stadt Wildeggstr 44	25.03.2018	Sonntag	1	27	0	15	10	6	7	10	12	19	33	73	78	85	97	110	150	141	130	96	81	70	40	27	24
168	10943	St.Gallen Stadt Wildeggstr 44	25.03.2018	Sonntag	2	18	0	15	6	6	8	24	22	45	56	94	128	132	161	141	101	109	104	89	84	61	57	15	13
169	10943	St.Gallen Stadt Wildeggstr 44	26.03.2018	Montag	1	6	3	3	2	10	13	55	186	156	121	156	166	160	199	143	173	219	308	235	128	86	73	60	28
170	10943	St.Gallen Stadt Wildeggstr 44	26.03.2018	Montag	2	7	2	0	5	3	25	155	338	214	123	129	147	125	176	156	171	199	297	210	125	69	47	47	13
171	10943	St.Gallen Stadt Wildeggstr 44	27.03.2018	Dienstag	1	9	3	4	0	5	16	62	226	170	134	144	192	159	157	164	156	200	312	261	145	94	61	62	27
172	10943	St.Gallen Stadt Wildeggstr 44	27.03.2018	Dienstag	2	6	3	0	3	4	30	154	361	176	131	119	143	129	191	154	169	196	297	242	134	72	51	48	13
173	10943	St.Gallen Stadt Wildeggstr 44	28.03.2018	Mittwoch	1	4	7	4	6	6	17	54	238	160	134	144	215	148	168	149	157	228	274	254	171	83	75	63	30
174	10943	St.Gallen Stadt Wildeggstr 44	28.03.2018	Mittwoch	2	7	2	3	2	4	24	161	341	196	153	151	181	132	196	190	146	180	293	242	126	82	61	57	20
175	10943	St.Gallen Stadt Wildeggstr 44	29.03.2018	Donnerstag	1	9	8	5	5	9	14	70	191	168	158	169	196	172	170	181	206	227	248	150	102	83	69	57	36
176	10943	St.Gallen Stadt Wildeggstr 44	29.03.2018	Donnerstag	2	10	5	2	4	4	24	152	363	213	175	145	182	137	203	200	183	215	259	257	117	66	46	46	32
177	10943	St.Gallen Stadt Wildeggstr 44	30.03.2018	Freitag	1	18	13	4	8	2	7	19	13	29	57	65	95	68	115	89	94	112	100	112	86	63	48	28	28
178	10943	St.Gallen Stadt Wildeggstr 44	30.03.2018	Freitag	2	18	15	8	6	5	8	25	31	56	79	99	91	92	119	144	109	102	115	113	64	53	53	37	19
179	10943	St.Gallen Stadt Wildeggstr 44	31.03.2018	Samstag	1	19	16	8	4	5	6	11	31	44	96	127	169	128	130	151	113	120	128	104	66	60	57	45	32
180	10943	St.Gallen Stadt Wildeggstr 44	31.03.2018	Samstag	2	11	9	7	4	2	9	27	55	90	162	179	147	159	149	143	144	98	101	81	64	63	79	44	28
181	10943	St.Gallen Stadt Wildeggstr 44	01.04.2018	Sonntag	1	26	8	5	10	5	2	12	21	17	45	73	86	63	61	74	79	98	105	70	73	59	41	35	28
182	10943	St.Gallen Stadt Wildeggstr 44	01.04.2018	Sonntag	2	20	13	11	8	5	5	15	17	38	80	73	97	85	79	118	96	96	80	76	54	55	39	30	22
183	10943	St.Gallen Stadt Wildeggstr 44	02.04.2018	Montag	1	17	3	4	5	7	1	9	19	24	60	70	99	69	107	82	109	140	108	102	83	67	50	35	21
184	10943	St.Gallen Stadt Wildeggstr 44	02.04.2018	Montag	2	9	7	5	2	3	9	26	23	49	61	93	125	117	103	119	88	120	105	96	82	63	44	27	11
185	10943	St.Gallen Stadt Wildeggstr 44	03.04.2018	Dienstag	1	13	6	3	3	8	14	78	194	162	120	135	167	141	148	121	163	219	291	217	120	95	60	51	20
186	10943	St.Gallen Stadt Wildeggstr 44	03.04.2018	Dienstag	2	4	5	2	2	7	29	173	362	209	138	113	157	108	171	146	175	203	279	208	132	75	45	38	17
187	10943	St.Gallen Stadt Wildeggstr 44	04.04.2018	Mittwoch	1	7	7	2	4	8	15	76	244	147	136	142	187	141	149	150	167	222	310	212	152	93	73	39	31
188	10943	St.Gallen Stadt Wildeggstr 44	04.04.2018	Mittwoch	2	7	2	5	3	8	32	166	352	180	167	144	147	143	198	163	150	201	280	210	121	72	51	36	29
189	10943	St.Gallen Stadt Wildeggstr 44	05.04.2018	Donnerstag	1	7	5	1	6	12	17	66	213	156	125	142	167	153	142	134	160	226	290	240	136	93	80	52	23
190	10943	St.Gallen Stadt Wildeggstr 44	05.04.2018	Donnerstag	2	5	1	3	5	6	32	167	368	229	147	145	162	105	191	163	168	187	244	215	137	102	52	40	22
191	10943	St.Gallen Stadt Wildeggstr 44	06.04.2018	Freitag	1	10	8	3	7	6	16	48	179	159	145	144	181	158	183	161	178	242	237	197	149	93	72	52	43
192	10943	St.Gallen Stadt Wildeggstr 44	06.04.2018	Freitag	2	3	2	0	4	5	29	165	292	228	139	161	180	125	187	143	189	239	262	217	151	92	59	58	34
193	10943	St.Gallen Stadt Wildeggstr 44	07.04.2018	Samstag	1	33	23	15	6	10	9	23	48	58	91	134	152	165	119	121	128	133	148	118	96	71	50	52	48
194	10943	St.Gallen Stadt Wildeggstr 44	07.04.2018	Samstag	2	24	18	7	4	4	20	45	78	122	177	197	153	148	140	172	133	135	127	102	89	58	55	41	41
195	10943	St.Gallen Stadt Wildeggstr 44	08.04.2018	Sonntag	1	26	13	10	6	7	9	12	13	30	65	66	111	90	106	110	110	108	120	116	94	74	60	27	13
196	10943	St.Gallen Stadt Wildeggstr 44	08.04.2018	Sonntag	2	31	7	13	12	8	9	19	23	53	80	92	92	99	109	132	103	116	96	119	108	70	54	15	9
197	10943	St.Gallen Stadt Wildeggstr 44	09.04.2018	Montag	1	5	8	3	4	8	13	64	181	148	104	97	149	141	125	117	148	183	270	178	104	68	52	47	17
198	10943	St.Gallen Stadt Wildeggstr 44	09.04.2018	Montag	2	4	4	1	2	8	28	146	286	164	119	142	110	113	163	142	122	160	207	170	114	58	45	40	10
199	10943	St.Gallen Stadt Wildeggstr 44	10.04.2018	Dienstag	1	12	3	1	2	9	14	59	170	166	113	123	164	143	139	121	151	187	231	206	122	66	69	40	21
200	10943	St.Gallen Stadt Wildeggstr 44	10.04.2018	Dienstag	2	2	1	0	4	6	29	142	303	170	147	124	135	119	169	150	151	201	239	189	107	58	37	40	22
201	10943	St.Gallen Stadt Wildeggstr 44	11.04.2018	Mittwoch	1	9	11	3	4	7	10	72	172	150	130	133	173	145	150	141	159	204	247	186	131	73	74	53	28
202	10943	St.Gallen Stadt Wildeggstr 44	11.04.2018	Mittwoch	2	6	6	2	5	5	33	149	287	157	166	149	135	120	161	151	136	161	231	178	111	71	44	25	14
203	10943	St.Gallen Stadt Wildeggstr 44	12.04.2018	Donnerstag	1	12	7	3	5	9	14	55	155	134	104	118	130	138	152	137	151	175	281	223	114	81	62	57	29
204	10943	St.Gallen Stadt Wildeggstr 44	12.04.2018	Donnerstag	2	6	5	3	3	7	27	137	288	174	170	142	151	122	158	142	123	173	209	183	108	76	56	36	19
205	10943	St.Gallen Stadt Wildeggstr 44	13.04.2018	Freitag	1	11	5	4	4	8	13	60	136	128	130	142	164	127	158	135	151	208	254	201	111	80	59	62	34
206	10943	St.Gallen Stadt Wildeggstr 44	13.04.2018	Freitag	2	8	3	4	7	5	30	136	250	188	173	165	158	150	146	150	173	200	195	147	134	57	47	50	34
207	10943	St.Gallen Stadt Wildeggstr 44	14.04.2018	Samstag	1	34	29	11	10	6	13	25	40	64	82	111	144	115	124	107	123	114	127	115	89	68	59	50	41
208	10943	St.Gallen Stadt Wildeggstr 44	14.04.2018	Samstag	2	25	15	7	13	8	8	36	68	129	166	192	158	151	130	151	151	125	118	88	64	60	44	48	33
209	10943	St.Gallen Stadt Wildeggstr 44	15.04.2018	Sonntag	1	27	17	9	11	11	6	12	13	29	49	67	70	81	86	104	123	210	172	127	103	73	49	21	18
210	10943	St.Gallen Stadt Wildeggstr 44	15.04.2018	Sonntag	2	25	14	9	15	9	7	24	17	38	95	108	126	105	127	129	117	119	139	104	70	48	40	24	14
211	10943	St.Gallen Stadt Wildeggstr 44	16.04.2018	Montag	1	13	4	1	1	8	11	57	160	141	107	112	137	110	153	103	162	186	246	177	98	73	73	30	16
212	10943	St.Gallen Stadt Wildeggstr 44	16.04.2018	Montag	2	3	1	4	2	9	32	151	286	159	124	127	119	104	152	138	130	145	207	183	94	41	41	29	12
213	10943	St.Gallen Stadt Wildeggstr 44	17.04.2018	Dienstag	1	6	3	2	2	9	13	73	153	147	117	114	136	160	115	158	126	155	303	187	106	92	52	49	30
214	10943	St.Gallen Stadt Wildeggstr 44	17.04.2018	Dienstag	2	0	3	2	5	5	38	164	297	175	128	110	144	109	194	183	123	184	228	220	107	70	46	27	15
215	10943	St.Gallen Stadt Wildeggstr 44	18.04.2018	Mittwoch	1	6	12	0	5	7	10	59	145	148	124	127	129	145	157	109	123	184	244	178	121	91	65	56	24
216	10943	St.Gallen Stadt Wildeggstr 44	18.04.2018	Mittwoch	2	9	1	6	2	7	31	158	254	171	171	132	121	118	140	161	134	149	246	176	114	74	63	37	21
217	10943	St.Gallen Stadt Wildeggstr 44	19.04.2018	Donnerstag	1	13	5	1	3	10	10	60	152	130	127	118	121	136	147	119	142	180	249	172	122	98	68	61	28
218	10943	St.Gallen Stadt Wildeggstr 44	19.04.2018	Donnerstag	2	10	5	1	1	4	28	140	294	177	155	130	147	111	180	133	140	190	231	173	113	97	55	39	24
219	10943	St.Gallen Stadt Wildeggstr 44	20.04.2018	Freitag	1	9	4	4	1	6	11	55	133	149	134	117	137	141	122	125	140	199	215	189	93	66	59	47	39
220	10943	St.Gallen Stadt Wildeggstr 44	20.04.2018	Freitag	2	7	2	8	6	7	29	132	259	180	151	121	136	125	153	156	149	180	196	169	93	65	43	38	37
221	10943	St.Gallen Stadt Wildeggstr 44	21.04.2018	Samstag	1	27	9	14	5	3	12	15	37	73	114	111	113	127	120	119	146	130	133	105	77	55	57	50	38
222	10943	St.Gallen Stadt Wildeggstr 44	21.04.2018	Samstag	2	26	6	10	2	3	13	42	66	117	153	169	147	123	151	164	128	113	128	113	82	59	56	47	43
223	10943	St.Gallen Stadt Wildeggstr 44	22.04.2018	Sonntag	1	28	15	16	4	10	2	9	15	34	58	74	88	86	81	107	109	138	117	83	92	58	65	19	19
224	10943	St.Gallen Stadt Wildeggstr 44	22.04.2018	Sonntag	2	27	16	10	5	4	8	18	24	50	85	101	105	115	117	113	118	121	131	110	71	65	45	23	12
225	10943	St.Gallen Stadt Wildeggstr 44	23.04.2018	Montag	1	6	8	3	2	7	12	62	200	186	123	132	152	134	157	138	160	201	283	258	130	91	65	43	17
226	10943	St.Gallen Stadt Wildeggstr 44	23.04.2018	Montag	2	3	3	1	3	6	30	177	344	199	134	117	145	127	210	165	177	185	280	195	123	69	52	37	11
227	10943	St.Gallen Stadt Wildeggstr 44	24.04.2018	Dienstag	1	12	4	1	2	11	15	71	234	222	141	166	202	177	183	172	115	295	308	214	147	103	66	72	24
228	10943	St.Gallen Stadt Wildeggstr 44	24.04.2018	Dienstag	2	6	0	0	3	7	34	173	376	205	159	132	127	119	188	139	249	159	260	219	108	81	62	39	29
229	10943	St.Gallen Stadt Wildeggstr 44	25.04.2018	Mittwoch	1	9	5	2	3	9	12	78	252	204	130	134	212	143	184	136	157	219	301	249	140	102	74	78	27
230	10943	St.Gallen Stadt Wildeggstr 44	25.04.2018	Mittwoch	2	4	3	1	1	5	36	173	392	177	141	143	164	143	164	193	162	231	305	223	133	71	48	57	19
231	10943	St.Gallen Stadt Wildeggstr 44	26.04.2018	Donnerstag	1	14	2	6	2	10	13	58	238	196	121	134	190	130	181	140	185	219	306	222	133	108	80	106	38
232	10943	St.Gallen Stadt Wildeggstr 44	26.04.2018	Donnerstag	2	12	1	6	4	5	27	178	384	248	152	160	132	116	207	166	160	196	281	256	152	88	67	41	25
233	10943	St.Gallen Stadt Wildeggstr 44	27.04.2018	Freitag	1	15	7	2	4	8	10	67	204	193	131	144	213	178	177	170	189	225	268	214	125	70	75	75	46
234	10943	St.Gallen Stadt Wildeggstr 44	27.04.2018	Freitag	2	6	4	2	4	5	24	164	322	197	167	154	159	166	189	154	189	243	320	189	128	79	46	47	39
235	10943	St.Gallen Stadt Wildeggstr 44	28.04.2018	Samstag	1	21	11	2	9	5	10	21	47	74	121	122	147	173	147	141	152	148	147	133	112	72	66	52	55
236	10943	St.Gallen Stadt Wildeggstr 44	28.04.2018	Samstag	2	18	7	6	5	4	21	36	84	138	190	197	171	166	164	160	145	151	125	114	83	37	58	45	38
237	10943	St.Gallen Stadt Wildeggstr 44	29.04.2018	Sonntag	1	32	11	4	6	9	8	7	24	34	57	85	80	95	104	110	104	110	121	99	88	133	54	26	14
238	10943	St.Gallen Stadt Wildeggstr 44	29.04.2018	Sonntag	2	24	15	12	10	7	9	11	23	54	103	101	124	90	117	110	118	103	150	110	59	70	52	23	7
239	10943	St.Gallen Stadt Wildeggstr 44	30.04.2018	Montag	1	3	4	3	2	5	12	68	222	185	131	159	176	164	192	131	154	199	281	215	131	77	62	53	22
240	10943	St.Gallen Stadt Wildeggstr 44	30.04.2018	Montag	2	7	1	3	1	5	29	142	307	191	159	142	146	150	189	137	200	221	256	202	134	64	74	44	20
241	10943	St.Gallen Stadt Wildeggstr 44	01.05.2018	Dienstag	1	11	6	3	2	9	10	75	189	169	106	128	185	157	151	134	137	205	280	250	135	91	62	70	26
242	10943	St.Gallen Stadt Wildeggstr 44	01.05.2018	Dienstag	2	7	2	1	6	5	37	133	321	210	146	147	170	133	198	182	160	216	333	199	142	74	58	34	20
243	10943	St.Gallen Stadt Wildeggstr 44	02.05.2018	Mittwoch	1	8	4	3	2	8	8	66	199	156	109	121	176	143	141	130	148	187	311	256	124	87	85	60	30
244	10943	St.Gallen Stadt Wildeggstr 44	02.05.2018	Mittwoch	2	4	3	3	2	5	31	187	369	186	158	139	172	143	185	162	172	198	285	211	127	78	49	39	22
245	10943	St.Gallen Stadt Wildeggstr 44	03.05.2018	Donnerstag	1	11	3	4	3	11	12	55	200	170	106	137	154	136	138	135	144	196	333	225	114	97	135	84	39
246	10943	St.Gallen Stadt Wildeggstr 44	03.05.2018	Donnerstag	2	10	4	0	2	7	27	174	396	210	144	147	170	134	192	146	175	192	247	232	129	82	52	34	23
247	10943	St.Gallen Stadt Wildeggstr 44	04.05.2018	Freitag	1	20	6	3	4	11	11	51	168	139	127	151	195	158	139	154	188	206	237	191	127	77	77	98	71
248	10943	St.Gallen Stadt Wildeggstr 44	04.05.2018	Freitag	2	11	5	2	3	5	36	166	335	194	181	138	170	138	202	148	183	231	221	187	121	76	44	57	49
249	10943	St.Gallen Stadt Wildeggstr 44	05.05.2018	Samstag	1	38	18	9	6	14	8	27	77	110	159	141	152	144	133	121	125	128	116	112	89	73	51	50	34
250	10943	St.Gallen Stadt Wildeggstr 44	05.05.2018	Samstag	2	16	16	8	7	8	13	42	97	147	185	188	166	151	164	182	155	142	107	109	86	66	49	50	41
251	10943	St.Gallen Stadt Wildeggstr 44	06.05.2018	Sonntag	1	29	16	8	5	6	7	9	18	33	46	67	92	93	82	106	81	108	119	97	95	71	70	27	15
252	10943	St.Gallen Stadt Wildeggstr 44	06.05.2018	Sonntag	2	28	24	11	5	9	13	20	22	50	95	77	99	102	95	156	101	126	121	115	87	89	57	27	8
253	10943	St.Gallen Stadt Wildeggstr 44	07.05.2018	Montag	1	5	4	3	2	7	11	57	180	139	119	132	134	121	154	125	152	201	320	229	119	97	66	54	19
254	10943	St.Gallen Stadt Wildeggstr 44	07.05.2018	Montag	2	2	1	3	4	5	28	153	341	184	135	138	154	119	194	173	164	202	316	223	138	90	45	37	16
255	10943	St.Gallen Stadt Wildeggstr 44	08.05.2018	Dienstag	1	13	6	2	2	5	10	72	200	146	114	145	123	133	161	140	152	181	293	226	126	93	66	50	26
256	10943	St.Gallen Stadt Wildeggstr 44	08.05.2018	Dienstag	2	6	3	2	6	4	32	161	394	190	148	125	168	134	168	154	142	210	319	235	132	80	71	42	18
257	10943	St.Gallen Stadt Wildeggstr 44	09.05.2018	Mittwoch	1	11	6	3	3	11	7	67	285	271	130	127	171	140	140	153	169	244	248	234	136	74	66	50	32
258	10943	St.Gallen Stadt Wildeggstr 44	09.05.2018	Mittwoch	2	5	3	1	7	10	31	176	350	241	168	156	167	147	220	184	194	260	268	204	111	56	52	38	38
259	10943	St.Gallen Stadt Wildeggstr 44	10.05.2018	Donnerstag	1	25	7	4	7	7	5	14	28	22	47	55	68	54	63	76	92	90	107	86	207	97	45	29	32
260	10943	St.Gallen Stadt Wildeggstr 44	10.05.2018	Donnerstag	2	19	9	12	6	6	8	28	40	59	69	100	94	74	93	99	92	101	107	89	122	54	36	28	16
261	10943	St.Gallen Stadt Wildeggstr 44	11.05.2018	Freitag	1	7	5	6	2	9	7	32	71	75	103	138	161	117	123	120	133	144	149	121	90	69	50	50	38
262	10943	St.Gallen Stadt Wildeggstr 44	11.05.2018	Freitag	2	3	6	2	2	7	17	74	142	140	152	156	165	134	158	147	155	139	154	131	82	60	50	34	28
263	10943	St.Gallen Stadt Wildeggstr 44	12.05.2018	Samstag	1	25	13	4	6	9	2	18	44	44	83	127	125	116	93	111	102	100	98	92	68	56	53	51	33
264	10943	St.Gallen Stadt Wildeggstr 44	12.05.2018	Samstag	2	19	7	5	6	7	10	31	70	88	144	148	135	136	127	138	141	135	106	96	77	50	53	42	28
265	10943	St.Gallen Stadt Wildeggstr 44	13.05.2018	Sonntag	1	22	14	8	6	6	3	12	14	17	45	63	89	84	83	108	101	120	135	105	73	76	44	39	24
266	10943	St.Gallen Stadt Wildeggstr 44	13.05.2018	Sonntag	2	14	5	9	10	3	9	11	15	36	94	96	122	98	95	139	119	128	110	81	66	52	46	17	12
267	10943	St.Gallen Stadt Wildeggstr 44	14.05.2018	Montag	1	9	10	1	2	8	12	71	179	156	80	82	162	123	142	120	135	199	295	201	120	94	46	42	25
268	10943	St.Gallen Stadt Wildeggstr 44	14.05.2018	Montag	2	6	1	1	2	11	33	173	355	205	146	120	136	132	176	122	145	208	256	197	118	81	41	36	12
269	10943	St.Gallen Stadt Wildeggstr 44	15.05.2018	Dienstag	1	8	6	3	2	10	7	69	177	144	125	140	147	115	130	124	133	181	267	232	120	85	65	42	26
270	10943	St.Gallen Stadt Wildeggstr 44	15.05.2018	Dienstag	2	3	2	1	1	9	28	156	378	216	153	130	158	104	186	145	140	185	288	207	115	58	39	30	17
271	10943	St.Gallen Stadt Wildeggstr 44	16.05.2018	Mittwoch	1	10	2	1	1	10	9	55	179	158	112	144	171	117	122	115	126	174	273	208	136	82	62	59	26
272	10943	St.Gallen Stadt Wildeggstr 44	16.05.2018	Mittwoch	2	10	3	2	2	9	29	157	355	202	155	133	155	139	165	154	136	175	267	200	123	73	43	34	19
273	10943	St.Gallen Stadt Wildeggstr 44	17.05.2018	Donnerstag	1	10	6	2	3	7	9	53	165	146	118	114	145	117	134	115	133	165	291	178	116	81	76	56	22
274	10943	St.Gallen Stadt Wildeggstr 44	17.05.2018	Donnerstag	2	6	2	4	2	13	26	162	323	224	147	113	144	127	164	131	166	183	265	207	119	72	58	43	18
275	10943	St.Gallen Stadt Wildeggstr 44	18.05.2018	Freitag	1	15	6	3	5	8	12	47	166	165	127	122	175	148	153	156	162	206	211	165	125	79	56	51	40
276	10943	St.Gallen Stadt Wildeggstr 44	18.05.2018	Freitag	2	7	2	5	3	6	32	154	333	177	181	163	167	144	184	164	186	247	271	185	121	66	50	55	36
277	10943	St.Gallen Stadt Wildeggstr 44	19.05.2018	Samstag	1	24	24	6	3	9	4	23	44	55	93	121	140	124	91	112	97	120	105	76	59	42	42	39	35
278	10943	St.Gallen Stadt Wildeggstr 44	19.05.2018	Samstag	2	26	16	5	4	6	11	44	68	114	140	151	125	148	131	140	134	131	93	96	64	45	35	42	31
279	10943	St.Gallen Stadt Wildeggstr 44	20.05.2018	Sonntag	1	29	19	9	7	7	5	2	13	16	34	55	80	75	58	89	91	90	97	77	70	43	41	33	33
280	10943	St.Gallen Stadt Wildeggstr 44	20.05.2018	Sonntag	2	15	19	8	3	6	7	23	17	34	73	68	87	88	113	97	108	98	108	88	66	49	32	26	22
281	10943	St.Gallen Stadt Wildeggstr 44	21.05.2018	Montag	1	23	6	7	5	2	2	9	19	28	50	60	84	90	85	106	109	113	111	109	84	62	38	29	17
282	10943	St.Gallen Stadt Wildeggstr 44	21.05.2018	Montag	2	13	11	2	6	4	3	21	28	34	82	91	116	99	111	136	126	131	131	93	60	63	37	29	10
283	10943	St.Gallen Stadt Wildeggstr 44	22.05.2018	Dienstag	1	9	6	2	2	9	13	60	173	138	118	131	171	135	131	116	132	182	270	214	129	90	67	41	18
284	10943	St.Gallen Stadt Wildeggstr 44	22.05.2018	Dienstag	2	5	1	2	2	10	34	193	395	197	163	132	150	130	173	141	145	190	279	226	116	67	53	27	12
285	10943	St.Gallen Stadt Wildeggstr 44	23.05.2018	Mittwoch	1	13	6	3	2	6	12	66	169	158	109	131	171	128	118	126	147	186	273	237	123	74	79	50	34
286	10943	St.Gallen Stadt Wildeggstr 44	23.05.2018	Mittwoch	2	1	5	2	3	5	34	185	377	179	151	133	161	149	171	157	143	189	316	203	139	72	56	52	23
287	10943	St.Gallen Stadt Wildeggstr 44	24.05.2018	Donnerstag	1	19	2	1	4	10	14	62	168	151	111	126	140	123	141	120	147	203	310	232	127	83	86	60	40
288	10943	St.Gallen Stadt Wildeggstr 44	24.05.2018	Donnerstag	2	9	3	2	3	4	37	177	380	212	138	143	144	136	167	158	159	204	329	225	164	99	71	51	30
289	10943	St.Gallen Stadt Wildeggstr 44	25.05.2018	Freitag	1	18	6	3	4	11	8	63	177	161	112	127	158	153	136	109	158	225	284	230	109	89	73	63	52
290	10943	St.Gallen Stadt Wildeggstr 44	25.05.2018	Freitag	2	13	5	5	4	8	34	168	335	224	148	161	190	145	182	165	184	245	326	227	130	70	71	56	46
291	10943	St.Gallen Stadt Wildeggstr 44	26.05.2018	Samstag	1	28	10	7	6	13	10	18	55	94	123	167	149	133	139	123	127	148	134	108	75	77	35	32	50
292	10943	St.Gallen Stadt Wildeggstr 44	26.05.2018	Samstag	2	20	10	5	7	9	12	40	73	161	198	186	179	153	170	150	149	138	130	123	104	75	45	30	50
293	10943	St.Gallen Stadt Wildeggstr 44	27.05.2018	Sonntag	1	33	18	10	8	6	6	18	14	37	48	78	62	91	95	89	95	98	106	104	101	65	58	28	10
294	10943	St.Gallen Stadt Wildeggstr 44	27.05.2018	Sonntag	2	21	19	7	7	5	8	22	26	69	86	111	101	96	119	133	108	105	118	97	103	61	52	25	12
295	10943	St.Gallen Stadt Wildeggstr 44	28.05.2018	Montag	1	7	4	2	2	15	10	55	198	160	106	111	151	115	129	139	147	238	307	225	145	97	80	51	32
296	10943	St.Gallen Stadt Wildeggstr 44	28.05.2018	Montag	2	2	3	2	4	9	31	180	328	196	139	131	144	135	186	159	191	246	342	249	135	97	69	48	26
297	10943	St.Gallen Stadt Wildeggstr 44	29.05.2018	Dienstag	1	3	6	2	6	13	11	82	205	165	137	126	160	153	155	138	157	195	291	222	113	77	78	58	34
298	10943	St.Gallen Stadt Wildeggstr 44	29.05.2018	Dienstag	2	5	3	0	3	8	32	192	390	198	179	137	179	148	200	172	180	214	357	251	127	92	58	56	22
299	10943	St.Gallen Stadt Wildeggstr 44	30.05.2018	Mittwoch	1	8	7	2	5	13	12	68	259	223	163	151	216	163	173	146	163	211	296	356	332	117	90	59	26
300	10943	St.Gallen Stadt Wildeggstr 44	30.05.2018	Mittwoch	2	4	0	1	6	5	32	178	397	209	156	152	202	157	219	172	183	261	353	261	173	106	81	55	26
301	10943	St.Gallen Stadt Wildeggstr 44	31.05.2018	Donnerstag	1	11	6	6	7	10	13	68	212	167	122	126	139	148	167	118	126	212	280	211	121	68	92	58	21
302	10943	St.Gallen Stadt Wildeggstr 44	31.05.2018	Donnerstag	2	9	3	1	6	6	33	154	358	205	182	148	173	131	188	177	166	186	271	240	132	95	71	49	21
303	10943	St.Gallen Stadt Wildeggstr 44	01.06.2018	Freitag	1	12	3	1	2	12	8	46	195	147	109	135	173	126	161	136	145	203	225	199	107	80	76	51	49
304	10943	St.Gallen Stadt Wildeggstr 44	01.06.2018	Freitag	2	5	4	4	5	8	33	166	340	211	197	157	173	159	188	178	210	222	235	196	123	72	59	69	35
305	10943	St.Gallen Stadt Wildeggstr 44	02.06.2018	Samstag	1	22	12	8	6	7	9	28	53	74	118	139	144	123	128	120	147	129	141	95	73	48	48	59	46
306	10943	St.Gallen Stadt Wildeggstr 44	02.06.2018	Samstag	2	19	8	8	3	3	16	47	64	146	170	178	160	156	144	172	168	139	128	112	88	56	54	51	42
307	10943	St.Gallen Stadt Wildeggstr 44	03.06.2018	Sonntag	1	22	26	15	10	5	8	15	17	42	71	74	86	80	77	95	77	101	122	98	97	72	75	42	22
308	10943	St.Gallen Stadt Wildeggstr 44	03.06.2018	Sonntag	2	28	18	17	8	8	5	27	21	52	105	96	108	100	99	110	121	110	121	103	96	72	54	25	13
309	10943	St.Gallen Stadt Wildeggstr 44	04.06.2018	Montag	1	6	5	5	2	13	11	55	189	249	180	116	133	104	146	121	154	208	253	208	108	82	71	49	22
310	10943	St.Gallen Stadt Wildeggstr 44	04.06.2018	Montag	2	7	3	2	1	4	31	183	371	211	149	125	162	119	190	159	143	199	285	219	118	72	44	47	11
311	10943	St.Gallen Stadt Wildeggstr 44	05.06.2018	Dienstag	1	9	4	4	4	9	13	66	184	164	122	130	156	106	138	116	135	161	287	214	120	70	83	65	29
312	10943	St.Gallen Stadt Wildeggstr 44	05.06.2018	Dienstag	2	4	0	2	3	3	31	181	378	242	135	139	152	144	172	144	150	190	289	225	142	76	72	59	17
313	10943	St.Gallen Stadt Wildeggstr 44	06.06.2018	Mittwoch	1	8	9	4	4	10	12	66	180	181	112	152	189	151	157	115	146	193	320	185	122	95	78	68	30
314	10943	St.Gallen Stadt Wildeggstr 44	06.06.2018	Mittwoch	2	4	3	2	3	6	27	190	340	198	174	136	159	145	211	175	145	193	284	213	127	71	56	51	22
315	10943	St.Gallen Stadt Wildeggstr 44	07.06.2018	Donnerstag	1	15	4	4	3	7	10	56	186	149	115	159	158	122	153	119	143	203	256	200	131	79	79	67	30
316	10943	St.Gallen Stadt Wildeggstr 44	07.06.2018	Donnerstag	2	7	4	2	3	3	29	177	357	219	139	138	152	146	195	126	166	221	269	222	145	83	65	53	20
317	10943	St.Gallen Stadt Wildeggstr 44	08.06.2018	Freitag	1	12	4	3	5	7	9	59	174	135	129	149	169	118	141	130	156	242	240	175	106	80	66	66	53
318	10943	St.Gallen Stadt Wildeggstr 44	08.06.2018	Freitag	2	10	2	3	3	3	25	163	342	224	161	162	159	137	182	161	176	262	296	161	126	63	51	56	31
319	10943	St.Gallen Stadt Wildeggstr 44	09.06.2018	Samstag	1	28	17	7	8	8	12	24	40	72	127	135	174	131	128	121	133	142	139	78	73	69	53	52	45
320	10943	St.Gallen Stadt Wildeggstr 44	09.06.2018	Samstag	2	22	10	5	1	6	13	42	86	131	174	260	196	153	152	160	161	109	132	119	83	43	49	34	32
321	10943	St.Gallen Stadt Wildeggstr 44	10.06.2018	Sonntag	1	38	18	10	12	5	6	19	13	38	79	69	74	74	86	111	102	120	113	108	70	67	52	35	22
322	10943	St.Gallen Stadt Wildeggstr 44	10.06.2018	Sonntag	2	29	14	5	10	6	8	22	30	71	96	99	108	136	113	108	119	111	133	93	88	68	55	35	9
323	10943	St.Gallen Stadt Wildeggstr 44	11.06.2018	Montag	1	9	5	2	1	10	14	49	189	164	114	122	151	117	138	142	147	173	257	196	124	86	53	55	27
324	10943	St.Gallen Stadt Wildeggstr 44	11.06.2018	Montag	2	5	2	2	1	5	36	163	331	214	147	133	150	122	173	131	163	193	271	206	124	75	53	38	18
325	10943	St.Gallen Stadt Wildeggstr 44	12.06.2018	Dienstag	1	9	8	5	2	10	13	56	177	151	127	116	127	131	136	131	146	180	255	208	132	75	65	60	28
326	10943	St.Gallen Stadt Wildeggstr 44	12.06.2018	Dienstag	2	4	1	1	5	5	34	190	391	177	140	134	152	141	172	153	151	211	268	184	145	68	54	31	15
327	10943	St.Gallen Stadt Wildeggstr 44	13.06.2018	Mittwoch	1	5	2	4	4	9	13	51	178	161	110	124	156	135	122	125	112	190	271	215	122	86	75	53	23
328	10943	St.Gallen Stadt Wildeggstr 44	13.06.2018	Mittwoch	2	5	1	1	3	7	25	168	353	190	165	134	148	132	190	166	135	160	241	190	118	63	49	37	20
329	10943	St.Gallen Stadt Wildeggstr 44	14.06.2018	Donnerstag	1	12	7	3	1	9	14	49	186	140	118	134	134	123	139	137	130	184	272	208	90	102	98	50	32
330	10943	St.Gallen Stadt Wildeggstr 44	14.06.2018	Donnerstag	2	6	7	4	3	6	26	180	340	199	147	160	156	134	174	153	156	201	216	229	143	73	64	45	16
331	10943	St.Gallen Stadt Wildeggstr 44	15.06.2018	Freitag	1	18	10	2	5	7	15	54	144	150	129	135	137	124	130	145	154	234	231	161	115	76	51	53	62
332	10943	St.Gallen Stadt Wildeggstr 44	15.06.2018	Freitag	2	12	5	0	1	9	30	166	312	206	155	158	152	152	169	162	178	226	282	199	109	74	54	54	35
333	10943	St.Gallen Stadt Wildeggstr 44	16.06.2018	Samstag	1	30	16	5	6	9	8	25	53	77	130	129	148	109	112	116	104	106	141	84	73	58	56	49	53
334	10943	St.Gallen Stadt Wildeggstr 44	16.06.2018	Samstag	2	34	18	6	2	9	13	37	88	160	155	168	168	152	150	156	142	127	121	106	77	59	46	52	40
335	10943	St.Gallen Stadt Wildeggstr 44	17.06.2018	Sonntag	1	35	21	8	4	8	7	16	19	36	49	76	89	69	84	98	98	125	111	56	95	49	34	65	23
336	10943	St.Gallen Stadt Wildeggstr 44	17.06.2018	Sonntag	2	17	22	12	4	8	10	21	19	55	94	75	101	89	102	111	121	115	80	78	85	45	30	60	13
337	10943	St.Gallen Stadt Wildeggstr 44	18.06.2018	Montag	1	15	3	5	2	5	15	54	170	137	99	127	127	133	139	108	141	173	251	186	122	91	91	56	24
338	10943	St.Gallen Stadt Wildeggstr 44	18.06.2018	Montag	2	8	2	1	2	4	33	176	349	187	132	122	158	137	185	144	157	187	305	194	118	73	42	48	9
339	10943	St.Gallen Stadt Wildeggstr 44	19.06.2018	Dienstag	1	9	1	2	2	8	12	69	170	155	106	130	156	122	135	127	147	203	243	311	127	89	84	52	42
340	10943	St.Gallen Stadt Wildeggstr 44	19.06.2018	Dienstag	2	4	1	2	0	3	32	184	358	181	155	145	179	133	188	148	168	221	326	204	132	83	52	51	19
341	10943	St.Gallen Stadt Wildeggstr 44	20.06.2018	Mittwoch	1	10	1	5	2	10	12	55	176	299	317	143	127	119	107	92	122	167	199	156	123	77	70	68	25
342	10943	St.Gallen Stadt Wildeggstr 44	20.06.2018	Mittwoch	2	16	3	4	2	5	25	152	301	244	316	254	138	137	157	125	107	164	223	167	115	65	60	56	22
343	10943	St.Gallen Stadt Wildeggstr 44	21.06.2018	Donnerstag	1	12	3	4	3	4	10	45	156	195	125	141	132	120	172	132	141	172	279	253	127	100	68	65	33
344	10943	St.Gallen Stadt Wildeggstr 44	21.06.2018	Donnerstag	2	10	5	0	1	4	40	166	349	205	163	150	149	129	195	167	174	185	260	198	148	81	62	43	23
345	10943	St.Gallen Stadt Wildeggstr 44	22.06.2018	Freitag	1	13	6	6	2	8	10	53	163	164	122	132	162	142	119	131	157	212	225	158	103	61	33	135	110
346	10943	St.Gallen Stadt Wildeggstr 44	22.06.2018	Freitag	2	8	2	3	2	7	26	155	311	227	174	154	147	144	190	158	170	251	263	163	105	60	37	106	123
347	10943	St.Gallen Stadt Wildeggstr 44	23.06.2018	Samstag	1	29	7	10	4	10	5	14	46	70	109	100	131	141	109	108	109	156	114	109	76	48	41	61	67
348	10943	St.Gallen Stadt Wildeggstr 44	23.06.2018	Samstag	2	20	7	4	3	10	12	29	87	135	145	166	152	130	144	158	155	134	111	113	94	52	43	55	45
349	10943	St.Gallen Stadt Wildeggstr 44	24.06.2018	Sonntag	1	20	19	7	5	6	4	16	18	34	59	59	79	73	77	99	99	97	125	81	94	81	43	43	15
350	10943	St.Gallen Stadt Wildeggstr 44	24.06.2018	Sonntag	2	27	11	5	5	4	9	19	22	49	92	83	91	78	117	114	106	135	120	80	83	55	34	26	12
351	10943	St.Gallen Stadt Wildeggstr 44	25.06.2018	Montag	1	5	3	3	0	9	10	53	160	150	118	119	141	107	131	120	136	185	277	201	135	90	63	60	24
352	10943	St.Gallen Stadt Wildeggstr 44	25.06.2018	Montag	2	2	2	3	1	10	32	169	354	193	159	119	142	115	188	158	150	193	250	272	126	87	43	43	21
353	10943	St.Gallen Stadt Wildeggstr 44	26.06.2018	Dienstag	1	9	4	3	1	10	11	64	182	129	110	131	136	118	133	123	121	189	285	202	148	83	58	57	33
354	10943	St.Gallen Stadt Wildeggstr 44	26.06.2018	Dienstag	2	10	1	4	2	10	38	176	376	182	149	123	156	144	184	147	162	202	274	236	118	97	57	41	17
355	10943	St.Gallen Stadt Wildeggstr 44	27.06.2018	Mittwoch	1	9	3	0	5	8	11	55	180	143	124	137	146	118	146	127	157	210	252	199	144	73	39	107	43
356	10943	St.Gallen Stadt Wildeggstr 44	27.06.2018	Mittwoch	2	4	0	2	2	8	34	177	322	174	152	137	155	144	182	180	164	211	274	221	142	54	37	95	26
357	10943	St.Gallen Stadt Wildeggstr 44	28.06.2018	Donnerstag	1	16	6	2	1	7	12	53	155	146	118	116	130	126	141	111	173	172	293	193	91	100	65	39	34
358	10943	St.Gallen Stadt Wildeggstr 44	28.06.2018	Donnerstag	2	10	3	1	1	7	29	173	311	201	177	142	174	142	162	141	163	183	231	199	142	81	53	39	17
359	10943	St.Gallen Stadt Wildeggstr 44	29.06.2018	Freitag	1	11	6	2	3	11	13	49	167	162	122	133	146	124	132	116	183	169	193	143	92	67	55	61	39
360	10943	St.Gallen Stadt Wildeggstr 44	29.06.2018	Freitag	2	8	6	5	3	12	32	136	285	216	144	159	162	151	199	165	180	175	233	152	94	66	41	34	35
361	10943	St.Gallen Stadt Wildeggstr 44	30.06.2018	Samstag	1	22	14	14	7	7	6	26	27	69	101	118	116	117	112	108	106	93	123	83	52	45	40	45	43
362	10943	St.Gallen Stadt Wildeggstr 44	30.06.2018	Samstag	2	26	13	8	9	6	12	40	53	131	150	144	142	129	134	141	130	115	79	98	84	45	34	42	27
363	10943	St.Gallen Stadt Wildeggstr 44	01.07.2018	Sonntag	1	24	9	9	7	9	4	16	22	38	56	77	83	75	69	65	85	106	94	95	83	76	45	49	19
364	10943	St.Gallen Stadt Wildeggstr 44	01.07.2018	Sonntag	2	20	15	12	9	7	12	17	24	59	83	91	98	121	98	78	88	105	97	88	101	65	59	32	19
365	10943	St.Gallen Stadt Wildeggstr 44	02.07.2018	Montag	1	8	5	2	0	8	8	56	161	145	106	114	162	132	133	114	154	174	276	192	113	81	62	49	35
366	10943	St.Gallen Stadt Wildeggstr 44	02.07.2018	Montag	2	3	2	3	0	11	32	145	321	170	146	156	164	131	197	149	165	199	264	218	105	85	61	53	20
367	10943	St.Gallen Stadt Wildeggstr 44	03.07.2018	Dienstag	1	6	5	2	1	8	9	70	164	151	115	123	148	121	146	132	194	184	172	206	114	68	56	47	33
368	10943	St.Gallen Stadt Wildeggstr 44	03.07.2018	Dienstag	2	4	3	2	1	7	38	174	338	182	160	133	180	137	171	151	196	145	144	177	159	83	39	43	33
369	10943	St.Gallen Stadt Wildeggstr 44	04.07.2018	Mittwoch	1	11	2	4	1	8	9	50	177	141	109	139	150	124	152	141	139	175	300	255	122	81	79	60	44
370	10943	St.Gallen Stadt Wildeggstr 44	04.07.2018	Mittwoch	2	9	2	3	1	3	33	180	315	180	173	160	183	144	155	160	166	180	277	231	154	97	82	56	17
371	10943	St.Gallen Stadt Wildeggstr 44	05.07.2018	Donnerstag	1	9	6	5	3	11	8	56	179	159	103	138	153	119	138	143	135	175	251	185	123	93	85	68	36
372	10943	St.Gallen Stadt Wildeggstr 44	05.07.2018	Donnerstag	2	9	3	2	3	7	27	157	342	196	168	160	154	144	202	155	171	199	274	213	135	92	73	40	20
373	10943	St.Gallen Stadt Wildeggstr 44	06.07.2018	Freitag	1	17	6	6	6	13	10	45	146	154	120	125	156	135	139	148	133	215	211	165	107	71	45	61	49
374	10943	St.Gallen Stadt Wildeggstr 44	06.07.2018	Freitag	2	11	7	3	3	9	26	169	313	202	163	151	178	160	204	175	172	210	220	181	120	60	43	52	46
375	10943	St.Gallen Stadt Wildeggstr 44	07.07.2018	Samstag	1	23	18	10	7	10	10	21	36	68	100	101	138	114	118	125	112	113	121	96	85	51	42	47	71
376	10943	St.Gallen Stadt Wildeggstr 44	07.07.2018	Samstag	2	16	17	8	3	13	18	34	86	112	145	193	184	144	138	134	165	114	118	120	69	61	46	38	58
377	10943	St.Gallen Stadt Wildeggstr 44	08.07.2018	Sonntag	1	40	32	16	13	12	3	16	20	27	62	76	86	74	73	90	94	109	105	88	101	84	61	50	32
378	10943	St.Gallen Stadt Wildeggstr 44	08.07.2018	Sonntag	2	23	14	11	11	7	6	20	20	57	91	98	103	90	109	111	125	117	112	111	74	71	49	26	20
379	10943	St.Gallen Stadt Wildeggstr 44	09.07.2018	Montag	1	6	9	2	4	8	12	49	165	112	113	112	119	117	135	115	115	172	247	194	112	83	64	43	27
380	10943	St.Gallen Stadt Wildeggstr 44	09.07.2018	Montag	2	4	3	4	2	6	32	158	273	157	137	139	157	127	170	146	153	176	245	172	108	71	57	35	22
381	10943	St.Gallen Stadt Wildeggstr 44	10.07.2018	Dienstag	1	9	5	1	3	12	10	62	123	133	105	106	114	117	124	90	144	173	238	176	96	67	45	52	24
382	10943	St.Gallen Stadt Wildeggstr 44	10.07.2018	Dienstag	2	4	4	1	3	11	27	146	282	194	153	127	146	121	158	150	144	167	240	152	115	47	55	53	17
383	10943	St.Gallen Stadt Wildeggstr 44	11.07.2018	Mittwoch	1	12	2	1	2	8	6	54	134	104	95	122	137	106	118	118	121	153	223	174	112	74	42	54	45
384	10943	St.Gallen Stadt Wildeggstr 44	11.07.2018	Mittwoch	2	6	4	1	1	8	28	150	254	152	155	120	138	104	164	149	139	177	211	182	93	64	36	37	31
385	10943	St.Gallen Stadt Wildeggstr 44	12.07.2018	Donnerstag	1	10	8	0	3	7	11	54	129	115	118	117	115	115	122	105	134	145	233	164	116	70	73	45	35
386	10943	St.Gallen Stadt Wildeggstr 44	12.07.2018	Donnerstag	2	5	6	6	3	6	29	150	303	167	158	145	148	121	187	152	134	188	243	200	106	64	51	54	20
387	10943	St.Gallen Stadt Wildeggstr 44	13.07.2018	Freitag	1	14	6	3	2	10	11	48	118	123	125	118	138	110	133	124	128	173	182	132	95	51	69	59	69
388	10943	St.Gallen Stadt Wildeggstr 44	13.07.2018	Freitag	2	8	3	2	2	8	32	122	252	175	163	160	163	123	165	137	153	177	209	175	101	61	49	40	28
389	10943	St.Gallen Stadt Wildeggstr 44	14.07.2018	Samstag	1	30	20	8	6	9	3	23	40	69	89	115	111	86	87	83	102	91	105	94	61	54	39	55	44
390	10943	St.Gallen Stadt Wildeggstr 44	14.07.2018	Samstag	2	21	8	6	3	5	17	36	47	89	131	154	149	137	110	147	105	104	95	89	76	58	47	26	19
391	10943	St.Gallen Stadt Wildeggstr 44	15.07.2018	Sonntag	1	26	16	11	9	9	4	10	16	37	62	64	61	61	69	92	82	123	83	62	77	49	59	32	12
392	10943	St.Gallen Stadt Wildeggstr 44	15.07.2018	Sonntag	2	19	15	8	5	4	8	21	16	41	79	102	119	90	96	108	114	134	76	57	73	47	35	29	12
393	10943	St.Gallen Stadt Wildeggstr 44	16.07.2018	Montag	1	13	7	2	3	5	9	48	135	109	106	99	139	95	130	102	98	176	207	159	97	78	55	39	31
394	10943	St.Gallen Stadt Wildeggstr 44	16.07.2018	Montag	2	6	0	0	3	4	23	141	223	170	141	154	116	110	159	133	150	142	210	165	89	66	49	37	20
395	10943	St.Gallen Stadt Wildeggstr 44	17.07.2018	Dienstag	1	10	4	0	1	8	6	58	119	94	77	110	104	101	131	117	111	163	199	154	109	78	45	53	30
396	10943	St.Gallen Stadt Wildeggstr 44	17.07.2018	Dienstag	2	7	2	0	3	8	21	137	220	142	149	129	123	125	138	133	138	144	187	166	94	61	47	39	15
397	10943	St.Gallen Stadt Wildeggstr 44	18.07.2018	Mittwoch	1	9	7	6	0	9	8	40	127	125	102	109	102	120	113	106	108	146	187	159	107	79	70	52	17
398	10943	St.Gallen Stadt Wildeggstr 44	18.07.2018	Mittwoch	2	5	6	2	2	6	27	148	229	149	142	147	161	111	134	142	146	157	192	174	102	77	52	53	11
399	10943	St.Gallen Stadt Wildeggstr 44	19.07.2018	Donnerstag	1	15	3	1	2	8	11	40	127	110	98	116	108	115	106	108	116	153	210	129	109	95	65	54	33
400	10943	St.Gallen Stadt Wildeggstr 44	19.07.2018	Donnerstag	2	8	2	2	1	5	20	135	211	154	156	130	134	114	146	129	141	151	213	164	111	78	65	43	16
401	10943	St.Gallen Stadt Wildeggstr 44	20.07.2018	Freitag	1	18	6	2	3	7	10	39	98	120	100	122	127	110	102	115	126	139	156	130	80	48	47	41	33
402	10943	St.Gallen Stadt Wildeggstr 44	20.07.2018	Freitag	2	6	3	3	1	6	27	135	179	154	148	144	158	124	151	131	138	155	159	121	68	52	36	33	19
403	10943	St.Gallen Stadt Wildeggstr 44	21.07.2018	Samstag	1	20	9	4	3	7	4	18	29	38	83	101	126	100	92	97	91	105	98	60	47	46	41	36	33
404	10943	St.Gallen Stadt Wildeggstr 44	21.07.2018	Samstag	2	19	4	5	3	6	12	23	44	83	126	127	128	132	107	130	101	100	81	66	60	35	29	32	21
405	10943	St.Gallen Stadt Wildeggstr 44	22.07.2018	Sonntag	1	18	8	6	7	5	1	9	8	22	37	53	67	52	65	72	70	89	72	62	66	49	38	24	10
406	10943	St.Gallen Stadt Wildeggstr 44	22.07.2018	Sonntag	2	19	15	6	6	3	7	27	24	33	68	73	71	68	60	84	75	102	95	64	66	50	35	16	6
407	10943	St.Gallen Stadt Wildeggstr 44	23.07.2018	Montag	1	6	5	1	0	5	7	32	97	71	78	98	107	94	100	103	114	115	181	120	95	49	43	31	15
408	10943	St.Gallen Stadt Wildeggstr 44	23.07.2018	Montag	2	3	5	4	2	4	21	112	182	127	117	137	117	93	134	111	110	143	175	120	78	36	39	27	15
409	10943	St.Gallen Stadt Wildeggstr 44	24.07.2018	Dienstag	1	5	6	1	4	4	4	1	101	87	75	93	108	93	98	87	85	117	193	129	87	60	54	40	19
410	10943	St.Gallen Stadt Wildeggstr 44	24.07.2018	Dienstag	2	4	3	2	1	6	23	1	192	119	138	122	108	84	139	116	94	124	171	140	91	62	44	32	12
411	10943	St.Gallen Stadt Wildeggstr 44	25.07.2018	Mittwoch	1	9	3	2	7	6	5	37	111	89	79	102	106	84	100	92	92	154	187	143	86	71	65	41	31
412	10943	St.Gallen Stadt Wildeggstr 44	25.07.2018	Mittwoch	2	1	4	3	1	10	22	114	188	119	154	132	122	106	132	123	106	126	178	159	90	63	52	23	21
413	10943	St.Gallen Stadt Wildeggstr 44	26.07.2018	Donnerstag	1	10	8	4	2	10	6	43	97	81	88	97	101	103	108	95	121	140	176	128	100	65	73	48	35
414	10943	St.Gallen Stadt Wildeggstr 44	26.07.2018	Donnerstag	2	5	3	3	5	6	21	128	181	161	114	130	122	101	126	112	99	131	184	133	98	55	59	41	16
415	10943	St.Gallen Stadt Wildeggstr 44	27.07.2018	Freitag	1	17	3	2	3	9	5	33	100	92	103	92	105	92	106	111	108	154	142	140	66	63	62	53	51
416	10943	St.Gallen Stadt Wildeggstr 44	27.07.2018	Freitag	2	6	2	3	2	5	16	114	171	128	150	129	127	116	122	122	116	160	161	113	78	64	55	51	49
417	10943	St.Gallen Stadt Wildeggstr 44	28.07.2018	Samstag	1	34	5	6	7	10	7	18	30	54	66	92	86	86	74	89	102	90	96	59	59	30	46	33	30
418	10943	St.Gallen Stadt Wildeggstr 44	28.07.2018	Samstag	2	25	18	5	4	9	11	31	36	83	126	122	131	98	110	114	100	81	97	71	51	39	28	31	21
419	10943	St.Gallen Stadt Wildeggstr 44	29.07.2018	Sonntag	1	15	10	2	5	9	3	9	20	26	52	63	62	69	71	65	77	72	63	83	69	85	57	33	28
420	10943	St.Gallen Stadt Wildeggstr 44	29.07.2018	Sonntag	2	17	13	4	3	11	4	19	18	50	77	83	81	86	89	90	95	85	88	97	88	71	55	27	9
421	10943	St.Gallen Stadt Wildeggstr 44	30.07.2018	Montag	1	6	4	2	2	3	7	42	102	84	96	96	116	90	99	95	113	145	156	148	94	60	51	45	14
422	10943	St.Gallen Stadt Wildeggstr 44	30.07.2018	Montag	2	4	3	2	0	5	16	112	166	114	115	135	110	99	138	128	106	135	180	135	97	83	51	24	9
423	10943	St.Gallen Stadt Wildeggstr 44	31.07.2018	Dienstag	1	11	5	4	3	8	8	40	101	89	99	124	108	125	105	113	96	146	163	114	80	64	49	34	43
424	10943	St.Gallen Stadt Wildeggstr 44	31.07.2018	Dienstag	2	5	3	4	1	6	26	120	182	135	145	132	141	102	145	121	114	136	154	132	89	74	53	29	20
425	10943	St.Gallen Stadt Wildeggstr 44	01.08.2018	Mittwoch	1	31	17	7	7	4	6	14	19	40	67	62	61	67	83	65	90	86	85	92	63	70	72	68	40
426	10943	St.Gallen Stadt Wildeggstr 44	01.08.2018	Mittwoch	2	19	7	5	3	3	5	28	31	64	74	87	91	85	87	97	95	108	91	94	65	48	70	57	23
427	10943	St.Gallen Stadt Wildeggstr 44	02.08.2018	Donnerstag	1	21	6	1	4	8	5	40	98	82	85	115	97	101	122	103	120	139	171	121	93	62	59	50	22
428	10943	St.Gallen Stadt Wildeggstr 44	02.08.2018	Donnerstag	2	8	4	4	2	5	23	112	178	146	128	124	135	97	161	125	125	137	139	165	79	69	44	26	26
429	10943	St.Gallen Stadt Wildeggstr 44	03.08.2018	Freitag	1	19	2	2	3	9	8	39	83	78	108	106	103	110	88	129	119	163	140	142	80	55	49	50	39
430	10943	St.Gallen Stadt Wildeggstr 44	03.08.2018	Freitag	2	13	2	2	2	5	26	105	183	145	136	128	128	122	139	124	141	137	159	142	92	63	50	26	27
431	10943	St.Gallen Stadt Wildeggstr 44	04.08.2018	Samstag	1	30	12	6	8	8	11	25	30	62	68	117	112	87	107	94	106	131	136	121	86	52	48	42	36
432	10943	St.Gallen Stadt Wildeggstr 44	04.08.2018	Samstag	2	17	10	5	5	7	9	37	49	123	119	143	147	125	114	136	101	113	95	100	83	64	58	33	32
433	10943	St.Gallen Stadt Wildeggstr 44	05.08.2018	Sonntag	1	24	12	7	6	7	3	17	24	47	50	79	63	77	69	88	87	93	75	106	85	76	65	52	16
434	10943	St.Gallen Stadt Wildeggstr 44	05.08.2018	Sonntag	2	24	16	7	4	3	4	23	25	64	78	85	91	86	95	109	88	106	79	109	72	75	53	30	23
435	10943	St.Gallen Stadt Wildeggstr 44	06.08.2018	Montag	1	13	5	4	3	7	12	45	146	117	94	114	121	103	115	112	131	175	245	175	88	67	51	38	17
436	10943	St.Gallen Stadt Wildeggstr 44	06.08.2018	Montag	2	4	4	2	2	6	25	170	253	158	138	140	163	116	139	140	133	151	237	155	95	53	38	27	7
437	10943	St.Gallen Stadt Wildeggstr 44	07.08.2018	Dienstag	1	11	2	3	1	6	14	57	167	118	104	104	134	100	111	102	114	176	256	201	115	82	56	37	30
438	10943	St.Gallen Stadt Wildeggstr 44	07.08.2018	Dienstag	2	4	3	2	3	6	24	142	254	166	156	144	145	138	145	148	139	170	245	171	121	64	64	33	18
439	10943	St.Gallen Stadt Wildeggstr 44	08.08.2018	Mittwoch	1	10	4	3	5	8	13	62	146	108	106	143	130	113	117	103	114	189	221	169	112	74	64	31	23
440	10943	St.Gallen Stadt Wildeggstr 44	08.08.2018	Mittwoch	2	5	3	1	2	7	22	162	274	145	148	135	154	115	153	147	173	168	254	170	83	60	53	38	23
441	10943	St.Gallen Stadt Wildeggstr 44	09.08.2018	Donnerstag	1	14	4	1	3	8	14	56	144	115	112	120	134	124	131	113	149	180	221	199	109	96	60	37	26
442	10943	St.Gallen Stadt Wildeggstr 44	09.08.2018	Donnerstag	2	6	2	1	4	8	23	167	262	189	152	147	155	139	192	131	146	179	252	201	98	71	58	32	21
443	10943	St.Gallen Stadt Wildeggstr 44	10.08.2018	Freitag	1	18	4	2	3	10	6	46	147	115	100	119	146	116	122	141	156	191	218	165	85	70	58	47	46
444	10943	St.Gallen Stadt Wildeggstr 44	10.08.2018	Freitag	2	7	1	3	2	8	26	153	279	157	152	160	143	155	148	152	150	188	237	179	108	67	33	39	48
445	10943	St.Gallen Stadt Wildeggstr 44	11.08.2018	Samstag	1	34	21	9	4	9	12	23	34	58	87	111	117	102	100	107	99	140	101	96	54	52	58	59	40
446	10943	St.Gallen Stadt Wildeggstr 44	11.08.2018	Samstag	2	16	8	1	5	4	7	35	55	93	153	167	136	119	129	165	141	129	116	104	83	62	56	45	38
447	10943	St.Gallen Stadt Wildeggstr 44	12.08.2018	Sonntag	1	27	21	12	4	10	4	12	18	35	55	75	87	72	82	84	107	116	120	112	93	84	61	23	15
448	10943	St.Gallen Stadt Wildeggstr 44	12.08.2018	Sonntag	2	16	15	14	11	7	4	17	18	48	82	96	94	97	125	120	113	111	104	104	78	72	55	26	11
449	10943	St.Gallen Stadt Wildeggstr 44	13.08.2018	Montag	1	11	4	4	1	7	13	62	158	145	110	118	136	108	124	109	134	159	247	187	103	64	53	30	21
450	10943	St.Gallen Stadt Wildeggstr 44	13.08.2018	Montag	2	5	2	1	4	3	29	173	306	203	117	137	158	133	181	149	152	164	246	174	92	70	46	36	16
451	10943	St.Gallen Stadt Wildeggstr 44	14.08.2018	Dienstag	1	14	5	1	2	6	6	66	146	141	108	102	134	109	143	129	125	188	284	226	119	72	59	52	21
452	10943	St.Gallen Stadt Wildeggstr 44	14.08.2018	Dienstag	2	5	1	0	1	5	25	185	373	219	148	118	142	139	219	152	143	186	309	324	151	76	60	31	17
453	10943	St.Gallen Stadt Wildeggstr 44	15.08.2018	Mittwoch	1	10	8	3	2	6	7	56	167	126	122	130	165	129	140	98	132	198	255	205	119	85	63	52	28
454	10943	St.Gallen Stadt Wildeggstr 44	15.08.2018	Mittwoch	2	8	6	2	3	4	27	180	308	243	163	126	171	154	175	178	165	208	303	224	109	80	72	46	21
455	10943	St.Gallen Stadt Wildeggstr 44	16.08.2018	Donnerstag	1	14	11	4	3	7	9	61	172	152	104	126	141	135	133	127	122	185	277	240	123	64	79	59	26
456	10943	St.Gallen Stadt Wildeggstr 44	16.08.2018	Donnerstag	2	5	4	4	2	4	24	165	331	204	154	140	171	135	209	153	177	232	308	271	128	87	59	50	25
457	10943	St.Gallen Stadt Wildeggstr 44	17.08.2018	Freitag	1	13	6	2	3	9	8	54	164	123	115	103	163	135	140	137	162	205	203	187	103	59	65	62	37
458	10943	St.Gallen Stadt Wildeggstr 44	17.08.2018	Freitag	2	5	4	1	5	5	21	160	299	204	147	155	177	152	175	170	201	251	261	191	117	64	52	52	38
459	10943	St.Gallen Stadt Wildeggstr 44	18.08.2018	Samstag	1	31	20	14	10	8	9	14	43	75	81	106	91	130	117	120	136	126	103	121	83	78	53	54	36
460	10943	St.Gallen Stadt Wildeggstr 44	18.08.2018	Samstag	2	26	13	10	5	6	11	36	43	123	126	158	151	139	166	158	156	161	121	119	81	70	98	90	34
461	10943	St.Gallen Stadt Wildeggstr 44	19.08.2018	Sonntag	1	37	16	8	5	7	9	14	20	32	59	67	81	58	91	76	82	104	113	93	93	100	57	30	16
462	10943	St.Gallen Stadt Wildeggstr 44	19.08.2018	Sonntag	2	23	20	20	8	10	11	19	15	51	84	89	103	106	107	120	123	134	121	110	84	79	48	24	11
463	10943	St.Gallen Stadt Wildeggstr 44	20.08.2018	Montag	1	11	2	4	2	9	11	52	153	161	99	93	145	119	131	97	116	185	248	216	111	84	67	44	22
464	10943	St.Gallen Stadt Wildeggstr 44	20.08.2018	Montag	2	6	3	1	1	9	27	183	335	167	121	143	144	148	181	158	180	198	280	232	120	92	59	42	14
465	10943	St.Gallen Stadt Wildeggstr 44	21.08.2018	Dienstag	1	10	3	3	2	5	11	71	159	148	94	137	131	122	105	114	135	169	263	212	112	91	74	56	26
466	10943	St.Gallen Stadt Wildeggstr 44	21.08.2018	Dienstag	2	7	5	1	3	8	34	160	354	190	163	142	152	125	176	136	151	216	260	224	130	90	77	53	10
467	10943	St.Gallen Stadt Wildeggstr 44	22.08.2018	Mittwoch	1	4	4	1	2	10	12	64	169	130	105	115	163	135	125	92	131	172	275	207	125	99	85	66	20
468	10943	St.Gallen Stadt Wildeggstr 44	22.08.2018	Mittwoch	2	5	1	1	4	8	31	174	314	188	139	145	170	149	192	169	141	192	303	236	158	95	82	48	15
469	10943	St.Gallen Stadt Wildeggstr 44	23.08.2018	Donnerstag	1	9	4	3	2	7	12	64	157	137	109	129	167	127	137	122	153	165	285	224	99	107	77	57	27
470	10943	St.Gallen Stadt Wildeggstr 44	23.08.2018	Donnerstag	2	6	2	3	3	8	28	165	327	213	148	140	176	128	205	142	174	201	287	234	113	79	53	42	13
471	10943	St.Gallen Stadt Wildeggstr 44	24.08.2018	Freitag	1	10	2	0	2	8	10	46	161	134	110	127	155	124	151	136	148	198	218	179	105	80	50	48	36
472	10943	St.Gallen Stadt Wildeggstr 44	24.08.2018	Freitag	2	8	5	0	3	7	24	163	315	215	151	143	166	143	180	166	173	238	265	215	101	63	47	50	37
473	10943	St.Gallen Stadt Wildeggstr 44	25.08.2018	Samstag	1	32	21	9	8	8	9	20	45	56	96	121	141	119	115	120	108	116	134	102	62	51	40	40	53
474	10943	St.Gallen Stadt Wildeggstr 44	25.08.2018	Samstag	2	26	12	11	7	6	16	33	64	120	142	168	141	140	147	155	147	134	105	104	60	58	45	40	33
475	10943	St.Gallen Stadt Wildeggstr 44	26.08.2018	Sonntag	1	32	23	20	3	3	4	11	14	23	56	71	99	79	72	87	100	94	116	98	76	92	59	35	12
476	10943	St.Gallen Stadt Wildeggstr 44	26.08.2018	Sonntag	2	20	14	7	5	3	4	25	22	50	78	82	79	102	99	124	112	130	133	119	89	65	40	35	7
477	10943	St.Gallen Stadt Wildeggstr 44	27.08.2018	Montag	1	4	3	1	2	7	15	54	152	131	89	119	131	111	142	130	120	175	268	188	122	69	42	29	21
478	10943	St.Gallen Stadt Wildeggstr 44	27.08.2018	Montag	2	3	2	1	3	7	29	165	315	175	147	119	149	133	187	145	177	203	274	225	108	64	42	38	7
479	10943	St.Gallen Stadt Wildeggstr 44	28.08.2018	Dienstag	1	5	4	5	3	6	9	70	156	137	98	117	144	111	114	103	145	180	253	210	138	88	64	52	30
480	10943	St.Gallen Stadt Wildeggstr 44	28.08.2018	Dienstag	2	4	0	2	1	9	22	166	332	187	158	132	171	145	187	151	149	192	320	212	127	88	64	45	23
481	10943	St.Gallen Stadt Wildeggstr 44	29.08.2018	Mittwoch	1	5	4	2	4	3	11	61	148	146	101	117	161	119	113	134	126	180	286	262	145	96	69	47	21
482	10943	St.Gallen Stadt Wildeggstr 44	29.08.2018	Mittwoch	2	5	3	0	1	7	24	181	333	199	164	142	169	130	181	159	167	174	321	233	135	83	52	53	19
483	10943	St.Gallen Stadt Wildeggstr 44	30.08.2018	Donnerstag	1	5	6	4	1	8	9	62	153	138	109	126	130	133	128	129	122	187	256	211	111	87	76	52	31
484	10943	St.Gallen Stadt Wildeggstr 44	30.08.2018	Donnerstag	2	7	0	2	4	4	25	187	365	215	162	166	148	122	167	160	150	191	282	243	138	81	45	47	24
485	10943	St.Gallen Stadt Wildeggstr 44	31.08.2018	Freitag	1	10	8	4	3	7	7	54	172	127	99	97	175	123	142	135	160	189	231	227	111	82	62	55	40
486	10943	St.Gallen Stadt Wildeggstr 44	31.08.2018	Freitag	2	9	6	3	2	2	22	153	292	210	156	150	164	146	203	174	185	205	256	168	133	60	45	44	31
487	10943	St.Gallen Stadt Wildeggstr 44	01.09.2018	Samstag	1	32	10	11	5	7	7	24	47	53	96	100	140	117	115	109	138	126	141	118	63	39	44	34	36
488	10943	St.Gallen Stadt Wildeggstr 44	01.09.2018	Samstag	2	20	10	11	4	5	12	41	66	114	122	161	179	137	145	173	130	134	114	90	67	45	41	45	28
489	10943	St.Gallen Stadt Wildeggstr 44	02.09.2018	Sonntag	1	17	14	5	7	7	3	11	14	27	48	68	77	91	84	89	86	104	114	80	84	77	39	21	21
490	10943	St.Gallen Stadt Wildeggstr 44	02.09.2018	Sonntag	2	22	15	8	5	8	10	21	17	36	77	100	114	75	118	102	116	128	89	79	63	58	38	17	13
491	10943	St.Gallen Stadt Wildeggstr 44	03.09.2018	Montag	1	6	3	2	2	8	8	65	175	153	97	110	138	110	136	124	133	152	234	235	131	75	56	35	16
492	10943	St.Gallen Stadt Wildeggstr 44	03.09.2018	Montag	2	5	1	3	3	4	32	168	325	208	136	128	176	121	194	158	121	200	287	281	151	58	45	28	9
493	10943	St.Gallen Stadt Wildeggstr 44	04.09.2018	Dienstag	1	5	2	3	3	8	10	58	150	127	97	116	142	113	136	102	132	170	250	209	129	76	58	59	21
494	10943	St.Gallen Stadt Wildeggstr 44	04.09.2018	Dienstag	2	1	0	3	4	7	33	183	359	193	137	112	157	118	201	152	133	199	313	274	127	68	48	40	14
495	10943	St.Gallen Stadt Wildeggstr 44	05.09.2018	Mittwoch	1	9	3	1	3	9	10	62	153	130	109	129	164	131	136	139	126	183	255	180	128	69	74	46	20
496	10943	St.Gallen Stadt Wildeggstr 44	05.09.2018	Mittwoch	2	4	1	2	4	7	28	160	332	193	167	135	152	163	217	148	149	218	310	221	112	81	65	42	19
497	10943	St.Gallen Stadt Wildeggstr 44	06.09.2018	Donnerstag	1	11	6	10	3	4	12	62	145	124	115	108	144	132	139	115	128	142	252	197	133	108	60	38	20
498	10943	St.Gallen Stadt Wildeggstr 44	06.09.2018	Donnerstag	2	4	4	1	2	5	30	167	369	194	152	141	142	128	175	164	127	193	279	224	126	70	47	46	18
499	10943	St.Gallen Stadt Wildeggstr 44	07.09.2018	Freitag	1	10	7	4	4	7	9	57	161	135	122	112	139	135	132	114	126	194	224	167	115	75	60	46	49
500	10943	St.Gallen Stadt Wildeggstr 44	07.09.2018	Freitag	2	4	0	1	4	9	24	160	308	198	137	163	162	136	179	179	184	246	257	196	121	69	42	42	37
501	10943	St.Gallen Stadt Wildeggstr 44	08.09.2018	Samstag	1	18	8	8	4	9	5	28	41	60	119	120	137	117	95	110	100	123	115	90	67	67	57	46	27
502	10943	St.Gallen Stadt Wildeggstr 44	08.09.2018	Samstag	2	15	9	9	3	7	9	34	69	147	176	163	164	137	146	161	155	147	127	105	61	91	44	45	35
503	10943	St.Gallen Stadt Wildeggstr 44	09.09.2018	Sonntag	1	35	22	13	6	2	2	13	15	23	50	69	88	73	94	95	84	105	103	105	94	98	62	34	12
504	10943	St.Gallen Stadt Wildeggstr 44	09.09.2018	Sonntag	2	24	10	10	4	4	6	15	23	47	93	92	96	94	98	126	124	130	156	122	120	72	48	29	2
505	10943	St.Gallen Stadt Wildeggstr 44	10.09.2018	Montag	1	3	4	7	1	8	12	26	0	0	0	0	0	0	0	0	0	0	0	0	0	0	0	0	0
506	10943	St.Gallen Stadt Wildeggstr 44	10.09.2018	Montag	2	3	0	3	2	2	26	173	320	187	124	113	165	148	176	142	168	217	268	201	113	67	50	27	7
507	10943	St.Gallen Stadt Wildeggstr 44	11.09.2018	Dienstag	1	0	0	0	0	0	0	0	0	0	0	0	0	0	0	0	0	0	0	0	0	0	0	0	0
508	10943	St.Gallen Stadt Wildeggstr 44	11.09.2018	Dienstag	2	4	2	1	5	6	29	178	372	197	145	127	146	136	188	155	154	194	303	200	127	77	44	39	14
509	10943	St.Gallen Stadt Wildeggstr 44	12.09.2018	Mittwoch	1	0	0	0	0	0	0	0	0	0	0	0	0	0	0	0	0	0	0	0	0	0	0	0	0
510	10943	St.Gallen Stadt Wildeggstr 44	12.09.2018	Mittwoch	2	5	4	2	2	6	30	157	333	192	161	135	183	141	183	177	142	233	352	291	133	68	41	32	21
511	10943	St.Gallen Stadt Wildeggstr 44	13.09.2018	Donnerstag	1	0	0	0	0	0	0	0	0	0	0	0	0	0	0	0	0	0	0	0	0	0	0	0	0
512	10943	St.Gallen Stadt Wildeggstr 44	13.09.2018	Donnerstag	2	6	4	1	2	6	29	168	375	226	149	129	145	138	182	149	162	186	303	191	129	70	53	44	13
513	10943	St.Gallen Stadt Wildeggstr 44	14.09.2018	Freitag	1	0	0	0	0	0	0	0	0	0	0	0	0	0	0	0	0	0	0	0	0	0	0	0	0
514	10943	St.Gallen Stadt Wildeggstr 44	14.09.2018	Freitag	2	7	8	6	4	5	28	152	354	209	147	155	168	147	186	147	189	211	276	174	133	65	48	51	43
515	10943	St.Gallen Stadt Wildeggstr 44	15.09.2018	Samstag	1	0	0	0	0	0	0	0	0	0	0	0	0	0	0	0	0	0	0	0	0	0	0	0	0
516	10943	St.Gallen Stadt Wildeggstr 44	15.09.2018	Samstag	2	28	10	5	3	8	9	54	75	128	146	157	170	134	147	160	116	158	145	93	91	58	61	36	38
517	10943	St.Gallen Stadt Wildeggstr 44	16.09.2018	Sonntag	1	0	0	0	0	0	0	0	0	0	0	0	0	0	0	0	0	0	0	0	0	0	0	0	0
518	10943	St.Gallen Stadt Wildeggstr 44	16.09.2018	Sonntag	2	23	12	9	7	10	8	26	29	55	93	90	90	109	124	128	138	151	141	111	74	59	35	22	8
519	10943	St.Gallen Stadt Wildeggstr 44	17.09.2018	Montag	1	0	0	0	0	0	0	0	0	0	0	0	0	0	0	0	0	0	0	0	0	0	0	0	0
520	10943	St.Gallen Stadt Wildeggstr 44	17.09.2018	Montag	2	2	2	2	2	14	30	182	335	197	137	139	158	144	196	157	177	242	305	337	137	76	38	32	14
521	10943	St.Gallen Stadt Wildeggstr 44	18.09.2018	Dienstag	1	0	0	0	0	0	0	0	0	0	0	0	0	0	0	0	0	0	0	0	0	0	0	0	0
522	10943	St.Gallen Stadt Wildeggstr 44	18.09.2018	Dienstag	2	5	3	2	2	10	31	178	361	198	151	128	150	133	166	137	131	207	296	207	115	73	49	28	16
523	10943	St.Gallen Stadt Wildeggstr 44	19.09.2018	Mittwoch	1	0	0	0	0	0	0	0	0	0	0	0	0	0	0	0	0	0	0	0	0	0	0	0	0
524	10943	St.Gallen Stadt Wildeggstr 44	19.09.2018	Mittwoch	2	5	3	1	1	11	32	177	324	186	158	126	184	152	186	145	175	190	322	239	146	76	39	38	11
525	10943	St.Gallen Stadt Wildeggstr 44	20.09.2018	Donnerstag	1	0	0	0	0	0	0	0	0	0	0	0	0	0	0	0	0	0	0	0	0	0	0	0	0
526	10943	St.Gallen Stadt Wildeggstr 44	20.09.2018	Donnerstag	2	6	2	2	3	10	28	178	358	201	158	131	181	135	184	147	163	216	311	202	135	82	56	31	17
527	10943	St.Gallen Stadt Wildeggstr 44	21.09.2018	Freitag	1	0	0	0	0	0	0	0	0	0	0	0	0	0	0	0	0	0	0	0	0	0	0	0	0
528	10943	St.Gallen Stadt Wildeggstr 44	21.09.2018	Freitag	2	6	2	3	4	6	27	155	311	199	165	140	180	121	181	174	161	256	266	196	110	63	46	40	43
529	10943	St.Gallen Stadt Wildeggstr 44	22.09.2018	Samstag	1	0	0	0	0	0	0	0	0	0	0	0	0	0	0	0	0	0	0	0	0	0	0	0	0
530	10943	St.Gallen Stadt Wildeggstr 44	22.09.2018	Samstag	2	22	15	10	6	2	11	42	70	124	146	161	144	125	145	157	132	148	121	118	81	43	61	44	30
531	10943	St.Gallen Stadt Wildeggstr 44	23.09.2018	Sonntag	1	0	0	0	0	0	0	0	0	0	0	0	0	0	0	0	0	0	0	0	0	0	0	0	0
532	10943	St.Gallen Stadt Wildeggstr 44	23.09.2018	Sonntag	2	16	10	8	6	6	5	21	18	47	94	101	94	109	116	110	101	128	128	122	93	58	35	25	8
533	10943	St.Gallen Stadt Wildeggstr 44	24.09.2018	Montag	1	0	0	0	0	0	0	0	0	0	0	0	0	0	0	0	0	0	0	0	0	0	0	0	0
534	10943	St.Gallen Stadt Wildeggstr 44	24.09.2018	Montag	2	4	3	1	2	6	31	162	335	170	136	137	135	114	180	118	154	186	261	181	112	70	43	26	10
535	10943	St.Gallen Stadt Wildeggstr 44	25.09.2018	Dienstag	1	0	0	0	0	0	0	0	0	0	0	0	0	0	0	0	0	0	0	0	0	0	0	0	0
536	10943	St.Gallen Stadt Wildeggstr 44	25.09.2018	Dienstag	2	1	2	1	3	6	30	168	370	189	118	138	128	103	167	137	142	217	270	179	111	57	39	36	12
537	10943	St.Gallen Stadt Wildeggstr 44	26.09.2018	Mittwoch	1	0	0	0	0	0	0	0	0	0	0	0	0	0	0	0	0	0	0	0	0	0	0	0	0
538	10943	St.Gallen Stadt Wildeggstr 44	26.09.2018	Mittwoch	2	3	3	0	2	7	27	174	324	159	122	113	161	123	191	278	153	202	327	225	122	56	53	37	13
539	10943	St.Gallen Stadt Wildeggstr 44	27.09.2018	Donnerstag	1	0	0	0	0	0	0	0	0	0	0	0	0	0	0	0	0	0	0	0	0	0	0	0	0
540	10943	St.Gallen Stadt Wildeggstr 44	27.09.2018	Donnerstag	2	7	2	2	1	5	27	159	342	216	171	165	152	154	170	156	143	201	312	210	151	71	51	36	18
541	10943	St.Gallen Stadt Wildeggstr 44	28.09.2018	Freitag	1	0	0	0	0	0	0	0	0	0	0	0	0	0	0	0	0	0	0	0	0	0	0	0	0
542	10943	St.Gallen Stadt Wildeggstr 44	28.09.2018	Freitag	2	5	1	0	3	4	29	165	283	194	138	146	164	162	196	170	189	235	265	198	126	55	32	36	37
543	10943	St.Gallen Stadt Wildeggstr 44	29.09.2018	Samstag	1	0	0	0	0	0	0	0	0	0	0	0	0	0	0	0	0	0	0	0	0	0	0	0	0
544	10943	St.Gallen Stadt Wildeggstr 44	29.09.2018	Samstag	2	17	10	11	7	9	13	44	48	101	166	155	168	130	135	139	123	127	92	94	79	39	35	32	31
545	10943	St.Gallen Stadt Wildeggstr 44	30.09.2018	Sonntag	1	0	0	0	0	0	0	0	0	0	0	0	0	0	0	0	0	0	0	0	0	0	0	0	0
546	10943	St.Gallen Stadt Wildeggstr 44	30.09.2018	Sonntag	2	21	11	10	3	5	10	16	18	44	46	97	96	97	110	111	122	143	129	106	71	60	34	21	8
547	10943	St.Gallen Stadt Wildeggstr 44	01.10.2018	Montag	1	0	0	0	0	0	0	0	0	0	0	0	0	0	0	0	0	0	0	0	0	0	0	0	0
548	10943	St.Gallen Stadt Wildeggstr 44	01.10.2018	Montag	2	3	2	3	6	10	26	158	293	140	149	112	137	121	155	117	137	138	207	132	83	49	35	27	11
549	10943	St.Gallen Stadt Wildeggstr 44	02.10.2018	Dienstag	1	0	0	0	0	0	0	0	0	0	0	0	0	0	0	0	0	0	0	0	0	0	0	0	0
550	10943	St.Gallen Stadt Wildeggstr 44	02.10.2018	Dienstag	2	4	1	2	4	11	30	162	269	164	129	132	136	129	156	136	136	174	202	144	103	40	30	37	24
551	10943	St.Gallen Stadt Wildeggstr 44	03.10.2018	Mittwoch	1	0	0	0	0	0	0	0	0	0	0	0	0	0	0	0	0	0	0	0	0	0	0	0	0
552	10943	St.Gallen Stadt Wildeggstr 44	03.10.2018	Mittwoch	2	4	2	2	1	10	22	152	268	162	137	118	125	127	154	165	130	166	217	160	92	61	34	42	15
553	10943	St.Gallen Stadt Wildeggstr 44	04.10.2018	Donnerstag	1	0	0	0	0	0	0	0	0	0	0	0	0	0	0	0	0	0	0	0	0	0	0	0	0
554	10943	St.Gallen Stadt Wildeggstr 44	04.10.2018	Donnerstag	2	5	1	0	4	10	35	153	281	161	121	111	124	117	160	141	119	178	238	161	110	45	36	28	11
555	10943	St.Gallen Stadt Wildeggstr 44	05.10.2018	Freitag	1	0	0	0	0	0	0	0	0	0	0	0	0	0	0	0	0	0	0	0	0	0	0	0	0
556	10943	St.Gallen Stadt Wildeggstr 44	05.10.2018	Freitag	2	12	1	2	6	10	23	139	253	156	144	138	140	139	146	127	145	179	193	162	100	66	37	30	23
557	10943	St.Gallen Stadt Wildeggstr 44	06.10.2018	Samstag	1	0	0	0	0	0	0	0	0	0	0	0	0	0	0	0	0	0	0	0	0	0	0	0	0
558	10943	St.Gallen Stadt Wildeggstr 44	06.10.2018	Samstag	2	16	6	1	6	5	12	35	68	104	115	145	117	117	128	126	112	123	106	98	52	45	42	25	22
559	10943	St.Gallen Stadt Wildeggstr 44	07.10.2018	Sonntag	1	0	0	0	0	0	0	0	0	0	0	0	0	0	0	0	0	0	0	0	0	0	0	0	0
560	10943	St.Gallen Stadt Wildeggstr 44	07.10.2018	Sonntag	2	15	9	10	5	6	9	25	19	36	73	82	76	84	86	112	115	141	121	83	84	47	33	24	7
561	10943	St.Gallen Stadt Wildeggstr 44	08.10.2018	Montag	1	0	0	0	0	0	0	0	0	0	0	0	0	0	0	0	0	0	0	0	0	0	0	0	0
562	10943	St.Gallen Stadt Wildeggstr 44	08.10.2018	Montag	2	4	2	1	2	7	26	149	231	143	115	125	116	107	165	140	140	187	200	137	88	46	38	31	10
563	10943	St.Gallen Stadt Wildeggstr 44	09.10.2018	Dienstag	1	0	0	0	0	0	0	0	0	0	0	0	0	0	0	0	0	0	0	0	0	0	0	0	0
564	10943	St.Gallen Stadt Wildeggstr 44	09.10.2018	Dienstag	2	6	3	1	3	5	18	161	276	170	145	131	144	109	152	155	140	161	215	168	91	46	37	32	8
565	10943	St.Gallen Stadt Wildeggstr 44	10.10.2018	Mittwoch	1	0	0	0	0	0	0	0	0	0	0	0	0	0	0	0	0	0	0	0	0	0	0	0	0
566	10943	St.Gallen Stadt Wildeggstr 44	10.10.2018	Mittwoch	2	4	4	2	3	7	23	151	244	174	134	118	129	118	144	157	135	174	236	156	106	55	53	41	18
567	10943	St.Gallen Stadt Wildeggstr 44	11.10.2018	Donnerstag	1	0	0	0	0	0	0	0	0	0	0	0	0	0	0	0	0	0	0	0	0	0	0	0	0
568	10943	St.Gallen Stadt Wildeggstr 44	11.10.2018	Donnerstag	2	6	3	3	1	7	28	137	261	194	139	135	137	128	145	137	147	154	198	143	105	59	38	29	14
569	10943	St.Gallen Stadt Wildeggstr 44	12.10.2018	Freitag	1	0	0	0	0	0	0	0	0	0	0	0	0	0	0	0	0	0	0	0	0	0	0	0	0
570	10943	St.Gallen Stadt Wildeggstr 44	12.10.2018	Freitag	2	15	2	4	3	7	17	132	214	159	151	172	152	126	159	150	166	181	224	133	103	62	38	31	22
571	10943	St.Gallen Stadt Wildeggstr 44	13.10.2018	Samstag	1	0	0	0	0	0	0	0	0	0	0	0	0	0	0	0	0	0	0	0	0	0	0	0	0
572	10943	St.Gallen Stadt Wildeggstr 44	13.10.2018	Samstag	2	17	13	6	6	6	14	35	46	109	168	172	142	150	138	145	121	122	122	98	79	54	54	29	30
573	10943	St.Gallen Stadt Wildeggstr 44	14.10.2018	Sonntag	1	0	0	0	0	0	0	0	0	0	0	0	0	0	0	0	0	0	0	0	0	0	0	0	0
574	10943	St.Gallen Stadt Wildeggstr 44	14.10.2018	Sonntag	2	20	9	7	6	6	9	20	21	60	121	117	124	113	128	159	135	157	136	118	85	48	32	28	7
575	10943	St.Gallen Stadt Wildeggstr 44	15.10.2018	Montag	1	0	0	0	0	0	0	0	0	0	0	0	0	0	0	0	0	0	0	0	0	0	0	0	0
576	10943	St.Gallen Stadt Wildeggstr 44	15.10.2018	Montag	2	4	2	2	0	11	27	133	256	171	148	137	130	114	182	150	130	195	276	155	88	35	41	23	12
577	10943	St.Gallen Stadt Wildeggstr 44	16.10.2018	Dienstag	1	0	0	0	0	0	0	0	0	0	0	0	0	0	0	0	0	0	0	0	0	0	0	0	0
578	10943	St.Gallen Stadt Wildeggstr 44	16.10.2018	Dienstag	2	2	2	1	1	10	19	140	299	186	163	134	152	131	161	140	123	190	274	162	93	60	39	40	15
579	10943	St.Gallen Stadt Wildeggstr 44	17.10.2018	Mittwoch	1	0	0	0	0	0	0	0	0	0	0	0	0	0	0	0	0	0	0	0	0	0	0	0	0
580	10943	St.Gallen Stadt Wildeggstr 44	17.10.2018	Mittwoch	2	5	4	2	4	11	27	144	287	165	173	141	148	135	170	147	151	171	254	190	110	59	38	33	23
581	10943	St.Gallen Stadt Wildeggstr 44	18.10.2018	Donnerstag	1	0	0	0	0	0	0	0	0	0	0	0	0	0	0	0	0	0	0	0	0	0	0	0	0
582	10943	St.Gallen Stadt Wildeggstr 44	18.10.2018	Donnerstag	2	12	0	4	0	14	18	136	264	196	158	155	153	128	172	155	159	161	240	165	113	43	50	37	17
583	10943	St.Gallen Stadt Wildeggstr 44	19.10.2018	Freitag	1	0	0	0	0	0	0	0	0	0	0	0	0	0	0	0	0	0	0	0	0	0	0	0	0
584	10943	St.Gallen Stadt Wildeggstr 44	19.10.2018	Freitag	2	9	5	3	1	11	22	133	246	185	188	151	143	97	176	148	176	194	223	146	107	66	34	42	32
585	10943	St.Gallen Stadt Wildeggstr 44	20.10.2018	Samstag	1	0	0	0	0	0	0	0	0	0	0	0	0	0	0	0	0	0	0	0	0	0	0	0	0
586	10943	St.Gallen Stadt Wildeggstr 44	20.10.2018	Samstag	2	16	13	5	5	4	7	31	65	111	147	159	181	139	138	169	153	129	134	94	87	63	50	34	38
587	10943	St.Gallen Stadt Wildeggstr 44	21.10.2018	Sonntag	1	0	0	0	0	0	0	0	0	0	0	0	0	0	0	0	0	0	0	0	0	0	0	0	0
588	10943	St.Gallen Stadt Wildeggstr 44	21.10.2018	Sonntag	2	24	15	8	7	4	4	20	31	80	127	118	136	137	125	153	163	166	135	106	81	53	25	26	11
589	10943	St.Gallen Stadt Wildeggstr 44	22.10.2018	Montag	1	0	0	0	0	0	0	0	0	0	0	0	0	0	0	0	0	0	0	0	0	0	0	0	0
590	10943	St.Gallen Stadt Wildeggstr 44	22.10.2018	Montag	2	5	2	3	3	4	20	160	360	215	124	144	153	127	184	108	170	190	304	217	121	59	40	43	13
591	10943	St.Gallen Stadt Wildeggstr 44	23.10.2018	Dienstag	1	0	0	0	0	0	0	0	0	0	0	0	0	0	0	0	0	0	0	0	0	0	0	0	0
592	10943	St.Gallen Stadt Wildeggstr 44	23.10.2018	Dienstag	2	2	2	1	3	6	24	181	370	239	165	166	172	174	211	174	155	213	270	205	122	66	60	35	15
593	10943	St.Gallen Stadt Wildeggstr 44	24.10.2018	Mittwoch	1	0	0	0	0	0	0	0	0	0	0	0	0	0	0	0	0	0	0	0	0	0	0	0	0
594	10943	St.Gallen Stadt Wildeggstr 44	24.10.2018	Mittwoch	2	11	3	0	2	7	32	167	331	191	168	133	179	121	222	177	133	203	284	192	120	77	48	27	20
595	10943	St.Gallen Stadt Wildeggstr 44	25.10.2018	Donnerstag	1	0	0	0	0	0	0	0	0	0	0	0	0	0	0	0	0	0	0	0	0	0	0	0	0
596	10943	St.Gallen Stadt Wildeggstr 44	25.10.2018	Donnerstag	2	10	3	1	1	7	24	164	341	195	163	145	149	142	198	162	156	221	284	224	132	78	52	37	24
597	10943	St.Gallen Stadt Wildeggstr 44	26.10.2018	Freitag	1	0	0	0	0	0	0	0	0	0	0	0	0	0	0	0	0	0	0	0	0	0	0	0	0
598	10943	St.Gallen Stadt Wildeggstr 44	26.10.2018	Freitag	2	10	4	0	2	6	30	162	326	211	174	159	143	155	185	163	180	254	313	213	137	65	53	57	40
599	10943	St.Gallen Stadt Wildeggstr 44	27.10.2018	Samstag	1	0	0	0	0	0	0	0	0	0	0	0	0	0	0	0	0	0	0	0	0	0	0	0	0
600	10943	St.Gallen Stadt Wildeggstr 44	27.10.2018	Samstag	2	23	16	11	8	6	12	34	68	126	165	226	172	184	172	195	186	147	137	98	89	48	40	39	48
601	10943	St.Gallen Stadt Wildeggstr 44	28.10.2018	Sonntag	1	0	0	0	0	0	0	0	0	0	0	0	0	0	0	0	0	0	0	0	0	0	0	0	0
602	10943	St.Gallen Stadt Wildeggstr 44	28.10.2018	Sonntag	2	33	22	3	3	6	4	18	19	47	72	95	78	82	98	131	90	100	87	86	58	42	44	20	6
603	10943	St.Gallen Stadt Wildeggstr 44	29.10.2018	Montag	1	0	0	0	0	0	0	0	0	0	0	0	0	0	0	0	0	0	0	0	0	0	0	0	0
604	10943	St.Gallen Stadt Wildeggstr 44	29.10.2018	Montag	2	4	2	2	1	12	21	169	351	196	160	137	155	122	170	144	171	177	272	176	109	60	37	33	12
605	10943	St.Gallen Stadt Wildeggstr 44	30.10.2018	Dienstag	1	0	0	0	0	0	0	0	0	0	0	0	0	0	0	0	0	0	0	0	0	0	0	0	0
606	10943	St.Gallen Stadt Wildeggstr 44	30.10.2018	Dienstag	2	7	3	0	4	6	26	178	349	203	143	144	152	109	190	141	140	193	280	190	105	59	39	34	7
607	10943	St.Gallen Stadt Wildeggstr 44	31.10.2018	Mittwoch	1	0	0	0	0	0	0	0	0	0	0	0	0	0	0	0	0	0	0	0	0	0	0	0	0
608	10943	St.Gallen Stadt Wildeggstr 44	31.10.2018	Mittwoch	2	5	4	0	2	11	26	167	344	192	171	161	155	131	211	181	187	223	274	159	133	83	41	66	31
609	10943	St.Gallen Stadt Wildeggstr 44	01.11.2018	Donnerstag	1	0	0	0	0	0	0	0	0	0	0	0	0	0	0	0	0	0	0	0	0	0	0	0	0
610	10943	St.Gallen Stadt Wildeggstr 44	01.11.2018	Donnerstag	2	20	5	2	6	4	9	34	60	55	89	96	111	118	140	133	134	150	148	94	76	45	35	27	20
611	10943	St.Gallen Stadt Wildeggstr 44	02.11.2018	Freitag	1	0	0	0	0	0	0	0	0	0	0	0	0	0	0	0	0	0	0	0	0	0	0	0	0
612	10943	St.Gallen Stadt Wildeggstr 44	02.11.2018	Freitag	2	10	3	2	4	7	19	98	241	185	163	164	158	131	162	184	149	200	207	155	101	49	52	49	33
613	10943	St.Gallen Stadt Wildeggstr 44	03.11.2018	Samstag	1	0	0	0	0	0	0	0	0	0	0	0	0	0	0	0	0	0	0	0	0	0	0	0	0
614	10943	St.Gallen Stadt Wildeggstr 44	03.11.2018	Samstag	2	15	14	5	3	5	10	35	64	120	156	175	158	153	147	171	129	118	122	97	67	45	40	27	34
615	10943	St.Gallen Stadt Wildeggstr 44	04.11.2018	Sonntag	1	0	0	0	0	0	0	0	0	0	0	0	0	0	0	0	0	0	0	0	0	0	0	0	0
616	10943	St.Gallen Stadt Wildeggstr 44	04.11.2018	Sonntag	2	17	18	8	6	4	4	16	18	39	78	69	94	93	111	122	122	139	128	75	65	53	29	21	6
617	10943	St.Gallen Stadt Wildeggstr 44	05.11.2018	Montag	1	0	0	0	0	0	0	0	0	0	0	0	0	0	0	0	0	0	0	0	0	0	0	0	0
618	10943	St.Gallen Stadt Wildeggstr 44	05.11.2018	Montag	2	7	2	1	4	8	26	159	333	197	151	129	145	126	198	133	146	190	290	186	114	62	45	48	11
619	10943	St.Gallen Stadt Wildeggstr 44	07.11.2018	Mittwoch	1	0	0	0	0	0	0	0	0	0	0	0	0	0	0	0	0	0	0	0	0	0	0	0	0
620	10943	St.Gallen Stadt Wildeggstr 44	07.11.2018	Mittwoch	2	6	1	0	3	9	26	154	344	194	179	120	159	130	199	157	164	224	284	192	118	59	48	29	19
621	10943	St.Gallen Stadt Wildeggstr 44	08.11.2018	Donnerstag	1	0	0	0	0	0	0	0	0	0	0	0	0	0	0	0	0	0	0	0	0	0	0	0	0
622	10943	St.Gallen Stadt Wildeggstr 44	08.11.2018	Donnerstag	2	6	2	2	3	7	24	164	366	229	163	135	164	127	175	162	149	193	261	222	126	62	50	36	17
623	10943	St.Gallen Stadt Wildeggstr 44	09.11.2018	Freitag	1	0	0	0	0	0	0	0	0	0	0	0	0	0	0	0	0	0	0	0	0	0	0	0	0
624	10943	St.Gallen Stadt Wildeggstr 44	09.11.2018	Freitag	2	6	4	1	5	9	25	144	338	194	184	131	169	144	76	78	171	231	268	164	123	72	40	56	41
625	10943	St.Gallen Stadt Wildeggstr 44	10.11.2018	Samstag	1	0	0	0	0	0	0	0	0	0	0	0	0	0	0	0	0	0	0	0	0	0	0	0	0
626	10943	St.Gallen Stadt Wildeggstr 44	10.11.2018	Samstag	2	19	11	6	7	5	12	30	53	156	146	154	154	174	173	149	178	167	137	105	70	56	50	33	42
627	10943	St.Gallen Stadt Wildeggstr 44	11.11.2018	Sonntag	1	0	0	0	0	0	0	0	0	0	0	0	0	0	0	0	0	0	0	0	0	0	0	0	0
628	10943	St.Gallen Stadt Wildeggstr 44	11.11.2018	Sonntag	2	28	8	9	9	6	6	23	15	62	78	96	112	110	126	138	156	137	133	97	57	47	40	22	7
629	10943	St.Gallen Stadt Wildeggstr 44	12.11.2018	Montag	1	0	0	0	0	0	0	0	0	0	0	0	0	0	0	0	0	0	0	0	0	0	0	0	0
630	10943	St.Gallen Stadt Wildeggstr 44	12.11.2018	Montag	2	3	3	5	3	7	29	153	358	200	143	120	162	105	181	134	132	199	252	181	115	53	39	42	11
631	10943	St.Gallen Stadt Wildeggstr 44	13.11.2018	Dienstag	1	0	0	0	0	0	0	0	0	0	0	0	0	0	0	0	0	0	0	0	0	0	0	0	0
632	10943	St.Gallen Stadt Wildeggstr 44	13.11.2018	Dienstag	2	5	2	1	4	10	31	163	357	191	151	128	140	126	178	133	157	205	304	187	121	61	47	30	17
633	10943	St.Gallen Stadt Wildeggstr 44	14.11.2018	Mittwoch	1	0	0	0	0	0	0	0	0	0	0	0	0	0	0	0	0	0	0	0	0	0	0	0	0
634	10943	St.Gallen Stadt Wildeggstr 44	14.11.2018	Mittwoch	2	10	2	2	2	8	30	149	345	201	140	138	163	132	203	154	158	202	276	200	109	70	53	35	15
635	10943	St.Gallen Stadt Wildeggstr 44	15.11.2018	Donnerstag	1	0	0	0	0	0	0	0	0	0	0	0	0	0	0	0	0	0	0	0	0	0	0	0	0
636	10943	St.Gallen Stadt Wildeggstr 44	15.11.2018	Donnerstag	2	9	4	3	2	10	28	152	357	203	139	154	157	110	207	149	126	206	297	198	111	66	49	48	21
637	10943	St.Gallen Stadt Wildeggstr 44	16.11.2018	Freitag	1	0	0	0	0	0	0	0	0	0	0	0	0	0	0	0	0	0	0	0	0	0	0	0	0
638	10943	St.Gallen Stadt Wildeggstr 44	16.11.2018	Freitag	2	5	5	3	3	11	26	129	332	211	147	144	174	126	188	158	176	194	247	219	127	54	44	48	46
639	10943	St.Gallen Stadt Wildeggstr 44	17.11.2018	Samstag	1	0	0	0	0	0	0	0	0	0	0	0	0	0	0	0	0	0	0	0	0	0	0	0	0
640	10943	St.Gallen Stadt Wildeggstr 44	17.11.2018	Samstag	2	18	13	9	6	3	12	33	55	113	155	172	160	149	177	191	158	157	128	90	78	42	51	40	45
641	10943	St.Gallen Stadt Wildeggstr 44	18.11.2018	Sonntag	1	0	0	0	0	0	0	0	0	0	0	0	0	0	0	0	0	0	0	0	0	0	0	0	0
642	10943	St.Gallen Stadt Wildeggstr 44	18.11.2018	Sonntag	2	35	21	9	7	7	4	11	22	33	83	89	112	89	96	130	129	155	116	77	75	47	35	20	9
643	10943	St.Gallen Stadt Wildeggstr 44	19.11.2018	Montag	1	0	0	0	0	0	0	0	0	0	0	0	0	0	0	0	0	0	0	0	0	0	0	0	0
644	10943	St.Gallen Stadt Wildeggstr 44	19.11.2018	Montag	2	6	3	2	4	7	29	12	332	192	139	95	130	116	183	121	148	209	255	151	91	55	35	29	9
645	10943	St.Gallen Stadt Wildeggstr 44	20.11.2018	Dienstag	1	0	0	0	0	0	0	0	0	0	0	0	0	0	0	0	0	0	0	0	0	0	0	0	0
646	10943	St.Gallen Stadt Wildeggstr 44	20.11.2018	Dienstag	2	6	0	0	4	7	32	178	337	184	152	125	135	109	180	141	149	218	281	201	117	58	45	44	9
647	10943	St.Gallen Stadt Wildeggstr 44	21.11.2018	Mittwoch	1	0	0	0	0	0	0	0	0	0	0	0	0	0	0	0	0	0	0	0	0	0	0	0	0
648	10943	St.Gallen Stadt Wildeggstr 44	21.11.2018	Mittwoch	2	5	0	2	4	6	23	162	359	178	134	135	136	126	189	131	148	202	300	201	115	62	56	29	22
649	10943	St.Gallen Stadt Wildeggstr 44	22.11.2018	Donnerstag	1	0	0	0	0	0	0	0	0	0	0	0	0	0	0	0	0	0	0	0	0	0	0	0	0
650	10943	St.Gallen Stadt Wildeggstr 44	22.11.2018	Donnerstag	2	4	4	0	3	7	27	143	342	219	136	144	156	124	226	120	118	197	255	211	117	60	47	45	28
651	10943	St.Gallen Stadt Wildeggstr 44	23.11.2018	Freitag	1	0	0	0	0	0	0	0	0	0	0	0	0	0	0	0	0	0	0	0	0	0	0	0	0
652	10943	St.Gallen Stadt Wildeggstr 44	23.11.2018	Freitag	2	7	6	2	2	2	27	144	314	208	171	136	154	130	205	157	180	247	283	165	137	93	64	60	29
653	10943	St.Gallen Stadt Wildeggstr 44	24.11.2018	Samstag	1	0	0	0	0	0	0	0	0	0	0	0	0	0	0	0	0	0	0	0	0	0	0	0	0
654	10943	St.Gallen Stadt Wildeggstr 44	24.11.2018	Samstag	2	29	15	6	6	6	11	31	62	124	156	178	144	165	173	156	160	130	129	105	81	56	45	37	44
655	10943	St.Gallen Stadt Wildeggstr 44	25.11.2018	Sonntag	1	0	0	0	0	0	0	0	0	0	0	0	0	0	0	0	0	0	0	0	0	0	0	0	0
656	10943	St.Gallen Stadt Wildeggstr 44	25.11.2018	Sonntag	2	24	19	10	9	6	6	25	16	38	88	87	98	86	95	122	122	125	100	94	59	46	36	24	8
657	10943	St.Gallen Stadt Wildeggstr 44	26.11.2018	Montag	1	0	0	0	0	0	0	0	0	0	0	0	0	0	0	0	0	0	0	0	0	0	0	0	0
658	10943	St.Gallen Stadt Wildeggstr 44	26.11.2018	Montag	2	7	5	1	1	10	25	159	350	209	148	138	157	121	183	120	177	181	262	169	120	68	36	44	10
659	10943	St.Gallen Stadt Wildeggstr 44	27.11.2018	Dienstag	1	0	0	0	0	0	0	0	0	0	0	0	0	0	0	0	0	0	0	0	0	0	0	0	0
660	10943	St.Gallen Stadt Wildeggstr 44	27.11.2018	Dienstag	2	4	0	1	4	12	32	175	369	186	139	116	138	110	186	143	143	176	260	157	123	55	41	45	21
661	10943	St.Gallen Stadt Wildeggstr 44	28.11.2018	Mittwoch	1	0	0	0	0	0	0	0	0	0	0	0	0	0	0	0	0	0	0	0	0	0	0	0	0
662	10943	St.Gallen Stadt Wildeggstr 44	28.11.2018	Mittwoch	2	9	1	1	1	7	34	147	330	183	145	121	146	143	189	152	161	199	254	166	123	72	53	38	23
663	10943	St.Gallen Stadt Wildeggstr 44	29.11.2018	Donnerstag	1	0	0	0	0	0	0	0	0	0	0	0	0	0	0	0	0	0	0	0	0	0	0	0	0
664	10943	St.Gallen Stadt Wildeggstr 44	29.11.2018	Donnerstag	2	9	6	1	2	7	29	164	358	197	141	124	163	139	194	151	153	217	249	197	134	77	51	39	21
665	10943	St.Gallen Stadt Wildeggstr 44	30.11.2018	Freitag	1	0	0	0	0	0	0	0	0	0	0	0	0	0	0	0	0	0	0	0	0	0	0	0	0
666	10943	St.Gallen Stadt Wildeggstr 44	30.11.2018	Freitag	2	12	4	4	2	8	23	151	331	224	172	138	172	150	192	182	167	223	231	190	113	80	51	49	44
667	10943	St.Gallen Stadt Wildeggstr 44	01.12.2018	Samstag	1	0	0	0	0	0	0	0	0	0	0	0	0	0	0	0	0	0	0	0	0	0	0	0	0
668	10943	St.Gallen Stadt Wildeggstr 44	01.12.2018	Samstag	2	22	19	8	6	9	13	34	61	123	175	177	164	172	181	196	141	167	144	105	85	64	41	39	31
669	10943	St.Gallen Stadt Wildeggstr 44	02.12.2018	Sonntag	1	0	0	0	0	0	0	0	0	0	0	0	0	0	0	0	0	0	0	0	0	0	0	0	0
670	10943	St.Gallen Stadt Wildeggstr 44	02.12.2018	Sonntag	2	23	14	11	6	4	5	17	16	42	81	78	97	92	97	121	112	127	79	74	77	47	31	17	11
671	10943	St.Gallen Stadt Wildeggstr 44	03.12.2018	Montag	1	0	0	0	0	0	0	0	0	0	0	0	0	0	0	0	0	0	0	0	0	0	0	0	0
672	10943	St.Gallen Stadt Wildeggstr 44	03.12.2018	Montag	2	5	3	1	4	5	26	155	346	209	86	98	131	123	158	154	145	192	267	181	106	70	34	40	11
673	10943	St.Gallen Stadt Wildeggstr 44	04.12.2018	Dienstag	1	0	0	0	0	0	0	0	0	0	0	0	0	0	0	0	0	0	0	0	0	0	0	0	0
674	10943	St.Gallen Stadt Wildeggstr 44	04.12.2018	Dienstag	2	4	0	1	3	7	28	178	348	203	166	137	160	128	178	166	163	168	264	175	120	67	42	28	22
675	10943	St.Gallen Stadt Wildeggstr 44	05.12.2018	Mittwoch	1	0	0	0	0	0	0	0	0	0	0	0	0	0	0	0	0	0	0	0	0	0	0	0	0
676	10943	St.Gallen Stadt Wildeggstr 44	05.12.2018	Mittwoch	2	7	3	4	4	5	24	168	332	170	134	117	176	130	210	162	156	187	286	210	117	73	47	56	16
677	10943	St.Gallen Stadt Wildeggstr 44	06.12.2018	Donnerstag	1	0	0	0	0	0	0	0	0	0	0	0	0	0	0	0	0	0	0	0	0	0	0	0	0
678	10943	St.Gallen Stadt Wildeggstr 44	06.12.2018	Donnerstag	2	7	4	4	1	7	29	158	379	229	167	148	151	141	184	170	153	219	279	212	132	57	64	44	13
679	10943	St.Gallen Stadt Wildeggstr 44	07.12.2018	Freitag	1	0	0	0	0	0	0	0	0	0	0	0	0	0	0	0	0	0	0	0	0	0	0	0	0
680	10943	St.Gallen Stadt Wildeggstr 44	07.12.2018	Freitag	2	5	6	1	2	5	23	159	296	203	181	140	183	131	174	167	178	214	246	161	105	63	58	41	46
681	10943	St.Gallen Stadt Wildeggstr 44	08.12.2018	Samstag	1	0	0	0	0	0	0	0	0	0	0	0	0	0	0	0	0	0	0	0	0	0	0	0	0
682	10943	St.Gallen Stadt Wildeggstr 44	08.12.2018	Samstag	2	35	18	3	9	3	11	35	70	123	182	170	165	176	162	149	140	126	116	95	69	37	37	38	41
683	10943	St.Gallen Stadt Wildeggstr 44	09.12.2018	Sonntag	1	0	0	0	0	0	0	0	0	0	0	0	0	0	0	0	0	0	0	0	0	0	0	0	0
684	10943	St.Gallen Stadt Wildeggstr 44	09.12.2018	Sonntag	2	23	23	6	11	3	6	23	16	41	91	82	103	93	102	93	111	150	100	90	73	53	47	19	11
685	10943	St.Gallen Stadt Wildeggstr 44	10.12.2018	Montag	1	0	0	0	0	0	0	0	0	0	0	0	0	0	0	0	0	0	0	0	0	0	0	0	0
686	10943	St.Gallen Stadt Wildeggstr 44	10.12.2018	Montag	2	6	3	3	3	8	27	172	342	189	134	114	150	128	170	141	154	196	257	180	107	63	46	29	17
687	10943	St.Gallen Stadt Wildeggstr 44	11.12.2018	Dienstag	1	0	0	0	0	0	0	0	0	0	0	0	0	0	0	0	0	0	0	0	0	0	0	0	0
688	10943	St.Gallen Stadt Wildeggstr 44	11.12.2018	Dienstag	2	4	1	2	5	7	31	171	363	214	155	143	148	131	179	159	160	172	266	186	103	61	53	36	20
689	10943	St.Gallen Stadt Wildeggstr 44	12.12.2018	Mittwoch	1	0	0	0	0	0	0	0	0	0	0	0	0	0	0	0	0	0	0	0	0	0	0	0	0
690	10943	St.Gallen Stadt Wildeggstr 44	12.12.2018	Mittwoch	2	7	1	0	4	8	30	149	337	192	152	153	148	141	207	179	166	212	251	176	108	71	45	36	31
691	10943	St.Gallen Stadt Wildeggstr 44	13.12.2018	Donnerstag	1	0	0	0	0	0	0	0	0	0	0	0	0	0	0	0	0	0	0	0	0	0	0	0	0
692	10943	St.Gallen Stadt Wildeggstr 44	13.12.2018	Donnerstag	2	8	4	1	3	8	30	164	356	204	156	138	155	138	181	176	159	199	276	201	123	61	54	50	27
693	10943	St.Gallen Stadt Wildeggstr 44	14.12.2018	Freitag	1	0	0	0	0	0	0	0	0	0	0	0	0	0	0	0	0	0	0	0	0	0	0	0	0
694	10943	St.Gallen Stadt Wildeggstr 44	14.12.2018	Freitag	2	13	1	0	2	6	25	151	328	183	142	149	170	141	161	149	189	259	216	165	111	51	43	68	40
695	10943	St.Gallen Stadt Wildeggstr 44	15.12.2018	Samstag	1	0	0	0	0	0	0	0	0	0	0	0	0	0	0	0	0	0	0	0	0	0	0	0	0
696	10943	St.Gallen Stadt Wildeggstr 44	15.12.2018	Samstag	2	33	15	11	7	6	11	29	60	107	160	157	159	160	176	177	136	147	118	120	55	43	30	50	40
697	10943	St.Gallen Stadt Wildeggstr 44	16.12.2018	Sonntag	1	0	0	0	0	0	0	0	0	0	0	0	0	0	0	0	0	0	0	0	0	0	0	0	0
698	10943	St.Gallen Stadt Wildeggstr 44	16.12.2018	Sonntag	2	25	15	7	12	6	16	21	18	38	76	99	93	89	95	116	124	107	83	69	51	53	32	18	7
699	10943	St.Gallen Stadt Wildeggstr 44	17.12.2018	Montag	1	0	0	0	0	0	0	0	0	0	0	0	0	0	0	0	0	0	0	0	0	0	0	0	0
700	10943	St.Gallen Stadt Wildeggstr 44	17.12.2018	Montag	2	8	3	0	2	9	31	153	368	229	140	147	136	107	201	136	153	201	273	172	122	57	43	44	16
701	10943	St.Gallen Stadt Wildeggstr 44	18.12.2018	Dienstag	1	0	0	0	0	0	0	0	0	0	0	0	0	0	0	0	0	0	0	0	0	0	0	0	0
702	10943	St.Gallen Stadt Wildeggstr 44	18.12.2018	Dienstag	2	4	5	1	1	11	33	162	325	196	151	166	134	117	218	160	178	196	260	177	121	61	47	35	19
703	10943	St.Gallen Stadt Wildeggstr 44	19.12.2018	Mittwoch	1	0	0	0	0	0	0	0	0	0	0	0	0	0	0	0	0	0	0	0	0	0	0	0	0
704	10943	St.Gallen Stadt Wildeggstr 44	19.12.2018	Mittwoch	2	7	1	1	3	10	28	155	340	195	174	120	163	127	195	184	190	185	284	159	134	69	57	40	20
705	10943	St.Gallen Stadt Wildeggstr 44	20.12.2018	Donnerstag	1	0	0	0	0	0	0	0	0	0	0	0	0	0	0	0	0	0	0	0	0	0	0	0	0
706	10943	St.Gallen Stadt Wildeggstr 44	20.12.2018	Donnerstag	2	8	8	4	1	4	25	156	343	224	168	150	159	127	214	179	158	193	281	203	148	62	55	42	24
707	10943	St.Gallen Stadt Wildeggstr 44	21.12.2018	Freitag	1	0	0	0	0	0	0	0	0	0	0	0	0	0	0	0	0	0	0	0	0	0	0	0	0
708	10943	St.Gallen Stadt Wildeggstr 44	21.12.2018	Freitag	2	13	9	4	6	4	24	143	288	222	194	162	179	136	186	198	201	218	198	138	109	60	42	58	34
709	10943	St.Gallen Stadt Wildeggstr 44	22.12.2018	Samstag	1	0	0	0	0	0	0	0	0	0	0	0	0	0	0	0	0	0	0	0	0	0	0	0	0
710	10943	St.Gallen Stadt Wildeggstr 44	22.12.2018	Samstag	2	24	15	11	3	9	14	32	59	135	147	183	177	169	163	177	158	133	117	66	70	47	43	40	29
711	10943	St.Gallen Stadt Wildeggstr 44	23.12.2018	Sonntag	1	0	0	0	0	0	0	0	0	0	0	0	0	0	0	0	0	0	0	0	0	0	0	0	0
712	10943	St.Gallen Stadt Wildeggstr 44	23.12.2018	Sonntag	2	18	10	6	8	8	8	15	8	40	83	113	122	135	128	126	124	111	103	71	51	33	33	27	19
713	10943	St.Gallen Stadt Wildeggstr 44	24.12.2018	Montag	1	0	0	0	0	0	0	0	0	0	0	0	0	0	0	0	0	0	0	0	0	0	0	0	0
714	10943	St.Gallen Stadt Wildeggstr 44	24.12.2018	Montag	2	11	2	5	2	5	16	39	78	128	157	189	188	128	130	140	133	162	135	70	29	23	52	78	69
715	10943	St.Gallen Stadt Wildeggstr 44	25.12.2018	Dienstag	1	0	0	0	0	0	0	0	0	0	0	0	0	0	0	0	0	0	0	0	0	0	0	0	0
716	10943	St.Gallen Stadt Wildeggstr 44	25.12.2018	Dienstag	2	63	27	10	6	2	5	24	18	26	43	79	95	98	85	94	112	142	107	51	42	39	36	48	34
717	10943	St.Gallen Stadt Wildeggstr 44	26.12.2018	Mittwoch	1	0	0	0	0	0	0	0	0	0	0	0	0	0	0	0	0	0	0	0	0	0	0	0	0
718	10943	St.Gallen Stadt Wildeggstr 44	26.12.2018	Mittwoch	2	20	15	9	2	4	4	16	17	25	63	66	81	104	98	107	123	141	103	72	41	45	40	31	19
719	10943	St.Gallen Stadt Wildeggstr 44	27.12.2018	Donnerstag	1	0	0	0	0	0	0	0	0	0	0	0	0	0	0	0	0	0	0	0	0	0	0	0	0
720	10943	St.Gallen Stadt Wildeggstr 44	27.12.2018	Donnerstag	2	14	6	1	3	10	11	49	109	116	133	125	124	96	136	146	149	143	156	102	68	30	33	30	14
721	10943	St.Gallen Stadt Wildeggstr 44	28.12.2018	Freitag	1	0	0	0	0	0	0	0	0	0	0	0	0	0	0	0	0	0	0	0	0	0	0	0	0
722	10943	St.Gallen Stadt Wildeggstr 44	28.12.2018	Freitag	2	7	5	3	4	4	14	57	115	103	115	128	131	130	121	136	159	153	132	97	60	35	28	33	24
723	10943	St.Gallen Stadt Wildeggstr 44	29.12.2018	Samstag	1	0	0	0	0	0	0	0	0	0	0	0	0	0	0	0	0	0	0	0	0	0	0	0	0
724	10943	St.Gallen Stadt Wildeggstr 44	29.12.2018	Samstag	2	20	7	5	7	10	6	33	48	80	108	119	115	106	129	130	127	107	108	66	57	26	37	27	14
725	10943	St.Gallen Stadt Wildeggstr 44	30.12.2018	Sonntag	1	0	0	0	0	0	0	0	0	0	0	0	0	0	0	0	0	0	0	0	0	0	0	0	0
726	10943	St.Gallen Stadt Wildeggstr 44	30.12.2018	Sonntag	2	17	12	9	8	2	4	22	18	21	65	59	58	66	90	106	71	97	89	66	46	41	20	18	20
727	10943	St.Gallen Stadt Wildeggstr 44	31.12.2018	Montag	1	0	0	0	0	0	0	0	0	0	0	0	0	0	0	0	0	0	0	0	0	0	0	0	0
728	10943	St.Gallen Stadt Wildeggstr 44	31.12.2018	Montag	2	10	13	4	1	5	10	38	64	87	101	145	125	93	136	126	108	106	98	78	56	35	32	31	28
