LNR;ORT-ID;BEZEICHNUNG;DATUM;WOCHENTAG;RI;1;2;3;4;5;6;7;8;9;10;11;12;13;14;15;16;17;18;19;20;21;22;23;24
0;10941;St.Gallen Stadt Gerhaldenstr.21;10.09.2018;Montag;1;1;1;0;3;0;12;48;127;90;87;84;102;76;89;84;64;76;106;83;40;24;24;7;3
1;10941;St.Gallen Stadt Gerhaldenstr.21;10.09.2018;Montag;2;1;1;1;1;1;8;41;82;86;73;77;92;83;89;64;78;94;87;119;54;34;19;19;7
2;10941;St.Gallen Stadt Gerhaldenstr.21;11.09.2018;Dienstag;1;3;1;1;3;6;11;74;118;85;80;91;94;75;93;80;75;93;107;97;59;31;29;11;3
3;10941;St.Gallen Stadt Gerhaldenstr.21;11.09.2018;Dienstag;2;0;3;1;3;3;6;45;95;85;69;74;96;87;80;72;90;95;120;104;77;60;36;31;11
4;10941;St.Gallen Stadt Gerhaldenstr.21;12.09.2018;Mittwoch;1;1;0;1;1;3;7;63;126;107;95;86;100;63;98;97;98;106;111;84;70;18;23;14;8
5;10941;St.Gallen Stadt Gerhaldenstr.21;12.09.2018;Mittwoch;2;1;1;0;2;3;8;45;84;75;73;94;96;95;97;102;80;98;97;112;74;42;30;28;9
6;10941;St.Gallen Stadt Gerhaldenstr.21;13.09.2018;Donnerstag;1;6;1;4;2;6;12;50;121;88;88;79;102;59;93;84;86;117;110;91;51;29;24;18;4
7;10941;St.Gallen Stadt Gerhaldenstr.21;13.09.2018;Donnerstag;2;4;0;2;2;2;9;47;89;99;57;77;87;79;94;80;70;95;119;93;62;47;28;22;16
8;10941;St.Gallen Stadt Gerhaldenstr.21;14.09.2018;Freitag;1;4;4;3;0;7;12;56;114;113;99;98;79;65;81;60;84;89;77;52;33;19;19;25;15
9;10941;St.Gallen Stadt Gerhaldenstr.21;14.09.2018;Freitag;2;1;4;3;1;3;8;41;91;78;91;83;113;94;85;84;82;93;126;91;57;32;21;33;20
10;10941;St.Gallen Stadt Gerhaldenstr.21;15.09.2018;Samstag;1;9;4;8;4;4;8;23;36;76;105;101;112;60;91;91;66;77;60;40;38;22;28;20;22
11;10941;St.Gallen Stadt Gerhaldenstr.21;15.09.2018;Samstag;2;8;7;3;4;4;5;17;28;50;60;72;91;78;74;83;89;81;65;62;43;28;22;23;26
12;10941;St.Gallen Stadt Gerhaldenstr.21;16.09.2018;Sonntag;1;8;5;6;3;1;6;9;11;31;32;52;60;54;55;52;54;71;59;48;36;28;22;10;6
13;10941;St.Gallen Stadt Gerhaldenstr.21;16.09.2018;Sonntag;2;7;10;7;3;2;4;4;10;27;24;44;49;53;62;70;72;64;58;65;45;28;21;8;6
14;10941;St.Gallen Stadt Gerhaldenstr.21;17.09.2018;Montag;1;1;0;0;2;2;11;68;127;100;85;91;126;75;86;85;90;87;109;77;40;26;21;13;7
15;10941;St.Gallen Stadt Gerhaldenstr.21;17.09.2018;Montag;2;2;1;1;5;3;7;32;94;78;84;98;110;99;94;96;90;78;111;114;49;57;33;25;8
16;10941;St.Gallen Stadt Gerhaldenstr.21;18.09.2018;Dienstag;1;2;0;0;0;3;11;65;138;102;87;82;90;82;98;93;80;109;120;90;47;29;27;12;7
17;10941;St.Gallen Stadt Gerhaldenstr.21;18.09.2018;Dienstag;2;2;1;0;1;4;7;42;97;83;75;77;100;73;92;88;87;85;133;119;50;45;46;22;6
18;10941;St.Gallen Stadt Gerhaldenstr.21;19.09.2018;Mittwoch;1;3;0;1;2;4;10;53;135;109;78;104;106;73;97;95;85;97;129;74;53;33;24;16;8
19;10941;St.Gallen Stadt Gerhaldenstr.21;19.09.2018;Mittwoch;2;4;1;0;2;1;8;36;108;85;65;95;97;86;95;90;86;84;131;115;55;43;32;20;21
20;10941;St.Gallen Stadt Gerhaldenstr.21;20.09.2018;Donnerstag;1;6;3;0;4;3;9;59;113;94;77;79;92;67;97;88;89;92;124;105;50;33;31;13;8
21;10941;St.Gallen Stadt Gerhaldenstr.21;20.09.2018;Donnerstag;2;5;1;1;2;2;12;36;108;69;61;80;91;94;102;70;84;88;101;105;74;45;29;26;9
22;10941;St.Gallen Stadt Gerhaldenstr.21;21.09.2018;Freitag;1;1;2;1;1;5;13;51;119;112;86;98;108;84;94;106;94;107;86;72;52;34;23;10;14
23;10941;St.Gallen Stadt Gerhaldenstr.21;21.09.2018;Freitag;2;3;3;0;3;4;10;38;77;65;88;70;96;81;79;73;94;89;106;85;55;41;19;29;21
24;10941;St.Gallen Stadt Gerhaldenstr.21;22.09.2018;Samstag;1;11;7;8;6;1;5;17;26;58;92;96;81;62;72;76;66;70;61;56;36;20;15;16;9
25;10941;St.Gallen Stadt Gerhaldenstr.21;22.09.2018;Samstag;2;18;6;7;5;1;3;13;18;40;49;75;62;77;70;86;85;85;73;62;40;20;27;28;21
26;10941;St.Gallen Stadt Gerhaldenstr.21;23.09.2018;Sonntag;1;7;9;5;2;2;2;7;21;29;52;41;44;44;65;56;52;51;56;57;42;19;23;10;3
27;10941;St.Gallen Stadt Gerhaldenstr.21;23.09.2018;Sonntag;2;9;4;4;1;0;4;11;6;17;33;41;55;56;61;66;77;67;59;70;55;28;14;11;5
28;10942;St.Gallen Stadt Favrestr. 5;10.09.2018;Montag;1;3;1;0;0;1;5;14;57;112;142;253;312;297;311;261;266;284;340;458;281;103;25;19;4
29;10942;St.Gallen Stadt Favrestr. 5;10.09.2018;Montag;2;2;0;1;0;0;12;20;158;175;231;303;289;293;287;276;287;291;318;323;202;46;28;14;5
30;10942;St.Gallen Stadt Favrestr. 5;11.09.2018;Dienstag;1;4;7;0;0;1;10;15;55;112;140;233;276;304;316;236;253;271;329;378;312;104;22;12;10
31;10942;St.Gallen Stadt Favrestr. 5;11.09.2018;Dienstag;2;5;5;0;0;0;19;40;130;161;224;285;285;306;284;230;278;267;294;298;211;44;21;14;6
32;10942;St.Gallen Stadt Favrestr. 5;12.09.2018;Mittwoch;1;5;1;1;1;3;7;13;48;98;149;235;267;323;290;277;225;292;328;376;289;93;24;10;12
33;10942;St.Gallen Stadt Favrestr. 5;12.09.2018;Mittwoch;2;5;3;0;1;1;11;27;132;162;246;265;287;292;284;248;270;291;296;282;194;45;23;12;10
34;10942;St.Gallen Stadt Favrestr. 5;13.09.2018;Donnerstag;1;13;6;1;0;2;4;14;62;104;148;242;301;324;322;280;295;314;364;412;357;215;153;57;5
35;10942;St.Gallen Stadt Favrestr. 5;13.09.2018;Donnerstag;2;6;3;1;0;1;11;26;135;178;227;325;301;306;306;298;335;274;350;360;255;199;88;17;9
36;10942;St.Gallen Stadt Favrestr. 5;14.09.2018;Freitag;1;13;2;1;1;3;6;9;53;97;145;280;398;416;354;337;348;390;410;427;368;152;26;18;11
37;10942;St.Gallen Stadt Favrestr. 5;14.09.2018;Freitag;2;8;1;2;0;4;12;25;127;180;275;396;351;378;353;356;361;371;356;366;230;55;37;20;11
38;10942;St.Gallen Stadt Favrestr. 5;15.09.2018;Samstag;1;13;16;5;2;2;4;2;12;30;148;297;418;497;478;440;456;463;500;235;49;30;31;15;12
39;10942;St.Gallen Stadt Favrestr. 5;15.09.2018;Samstag;2;11;6;3;0;2;5;8;37;106;272;390;510;496;417;454;457;408;342;82;48;30;23;13;9
40;10942;St.Gallen Stadt Favrestr. 5;16.09.2018;Sonntag;1;9;3;1;2;0;1;1;2;17;26;28;29;35;42;35;43;50;51;45;51;33;34;10;7
41;10942;St.Gallen Stadt Favrestr. 5;16.09.2018;Sonntag;2;8;4;3;2;1;1;4;0;20;24;26;30;39;45;40;40;54;42;49;42;35;37;9;3
42;10942;St.Gallen Stadt Favrestr. 5;17.09.2018;Montag;1;1;1;0;0;2;6;9;62;124;149;225;300;319;324;250;264;321;328;394;290;125;23;20;12
43;10942;St.Gallen Stadt Favrestr. 5;17.09.2018;Montag;2;1;1;0;0;1;13;22;149;193;217;279;306;331;273;255;302;294;308;317;188;52;26;17;7
44;10942;St.Gallen Stadt Favrestr. 5;18.09.2018;Dienstag;1;5;2;0;1;2;6;12;54;126;128;209;286;263;321;279;274;289;343;365;319;102;23;22;7
45;10942;St.Gallen Stadt Favrestr. 5;18.09.2018;Dienstag;2;5;5;0;1;0;8;34;122;192;196;266;284;275;309;279;312;262;299;333;183;43;16;16;5
46;10942;St.Gallen Stadt Favrestr. 5;19.09.2018;Mittwoch;1;3;2;0;0;3;8;6;56;126;145;238;247;297;307;326;267;302;311;369;304;94;19;21;8
47;10942;St.Gallen Stadt Favrestr. 5;19.09.2018;Mittwoch;2;3;1;1;0;0;13;21;139;184;235;260;261;315;321;282;285;290;285;297;186;49;25;16;5
48;10942;St.Gallen Stadt Favrestr. 5;20.09.2018;Donnerstag;1;2;4;1;0;2;9;10;67;110;162;234;260;303;296;277;254;268;292;346;317;242;145;68;13
49;10942;St.Gallen Stadt Favrestr. 5;20.09.2018;Donnerstag;2;4;4;1;0;1;14;19;142;185;247;245;270;308;284;276;274;245;295;296;266;185;90;29;12
50;10942;St.Gallen Stadt Favrestr. 5;21.09.2018;Freitag;1;9;5;0;0;3;5;15;59;109;168;259;375;359;368;274;346;382;374;428;343;120;17;18;15
51;10942;St.Gallen Stadt Favrestr. 5;21.09.2018;Freitag;2;4;3;0;0;5;8;28;139;194;278;349;343;330;343;302;375;350;334;380;199;46;26;17;12
52;10942;St.Gallen Stadt Favrestr. 5;22.09.2018;Samstag;1;5;5;5;2;0;7;1;19;25;125;302;424;504;479;463;433;416;461;268;47;21;14;16;11
53;10942;St.Gallen Stadt Favrestr. 5;22.09.2018;Samstag;2;3;5;6;1;1;6;9;36;86;255;397;505;523;429;452;417;392;350;69;42;20;20;14;5
54;10942;St.Gallen Stadt Favrestr. 5;23.09.2018;Sonntag;1;8;1;4;3;3;1;2;3;6;13;36;38;38;41;42;43;50;43;48;47;40;21;16;6
55;10942;St.Gallen Stadt Favrestr. 5;23.09.2018;Sonntag;2;6;2;2;2;2;2;3;1;8;15;28;42;45;41;41;48;44;47;49;55;33;21;9;7
