0;Tageswerte 24 Std
0;Automatische Verkehrszählung
0;10918
0;10918
0;01.01.2018
0;31.12.2018
0;nicht klassifiziert
0;HR
LNR;ORT-ID;BEZEICHNUNG;DATUM;WOCHENTAG;RI;1;2;3;4;5;6;7;8;9;10;11;12;13;14;15;16;17;18;19;20;21;22;23;24
0;10918;St.Gallen Gallusst./Webergasse;01.01.2018;Montag;1;11;24;12;6;6;7;8;8;13;12;17;14;21;21;23;30;18;20;37;22;20;11;14;4
1;10918;St.Gallen Gallusst./Webergasse;02.01.2018;Dienstag;1;3;2;0;3;3;9;21;37;35;42;33;43;36;34;33;41;48;49;54;20;13;15;15;10
2;10918;St.Gallen Gallusst./Webergasse;03.01.2018;Mittwoch;1;4;3;4;2;3;18;39;48;64;58;70;73;50;69;59;54;43;59;54;32;8;16;16;11
3;10918;St.Gallen Gallusst./Webergasse;04.01.2018;Donnerstag;1;2;0;1;8;5;20;32;59;69;85;100;71;45;77;73;76;50;64;64;36;32;24;15;16
4;10918;St.Gallen Gallusst./Webergasse;05.01.2018;Freitag;1;2;0;1;9;4;10;38;59;70;77;68;85;49;56;70;71;74;66;55;33;17;20;20;13
5;10918;St.Gallen Gallusst./Webergasse;06.01.2018;Samstag;1;9;8;3;8;5;7;12;22;38;45;48;48;30;39;43;43;41;51;24;23;28;9;15;13
6;10918;St.Gallen Gallusst./Webergasse;07.01.2018;Sonntag;1;13;6;5;2;6;3;10;11;13;26;31;28;22;19;23;20;13;43;26;28;21;13;8;4
7;10918;St.Gallen Gallusst./Webergasse;08.01.2018;Montag;1;4;2;0;7;5;9;38;72;70;77;66;58;44;66;60;53;57;68;47;30;15;29;19;8
8;10918;St.Gallen Gallusst./Webergasse;09.01.2018;Dienstag;1;4;1;1;2;4;14;47;96;93;78;103;76;36;83;68;66;61;91;62;28;25;20;20;7
9;10918;St.Gallen Gallusst./Webergasse;10.01.2018;Mittwoch;1;1;4;2;1;7;14;43;84;86;89;79;60;46;72;71;61;89;68;76;40;22;22;19;8
10;10918;St.Gallen Gallusst./Webergasse;11.01.2018;Donnerstag;1;4;5;3;4;6;16;38;89;91;89;79;88;41;60;58;75;67;77;76;45;39;32;23;23
11;10918;St.Gallen Gallusst./Webergasse;12.01.2018;Freitag;1;2;2;0;6;4;10;44;101;88;105;89;87;60;68;80;75;83;89;79;37;26;30;23;17
12;10918;St.Gallen Gallusst./Webergasse;13.01.2018;Samstag;1;17;7;4;7;3;11;12;25;47;43;46;43;32;41;59;53;59;49;35;14;16;28;20;19
13;10918;St.Gallen Gallusst./Webergasse;14.01.2018;Sonntag;1;12;23;10;5;3;6;6;9;9;13;10;19;23;22;34;18;18;40;23;25;28;15;7;4
14;10918;St.Gallen Gallusst./Webergasse;15.01.2018;Montag;1;2;3;3;1;3;13;41;114;79;69;66;75;55;89;72;62;76;60;58;40;23;34;11;10
15;10918;St.Gallen Gallusst./Webergasse;16.01.2018;Dienstag;1;2;5;8;6;6;20;48;85;93;78;94;74;48;75;68;72;81;73;71;47;23;22;20;11
16;10918;St.Gallen Gallusst./Webergasse;17.01.2018;Mittwoch;1;5;9;3;2;8;20;48;101;86;100;91;72;50;83;81;71;80;72;74;47;30;13;17;6
17;10918;St.Gallen Gallusst./Webergasse;18.01.2018;Donnerstag;1;4;4;4;6;4;15;38;86;85;100;115;60;53;87;71;61;71;79;64;38;35;31;24;13
18;10918;St.Gallen Gallusst./Webergasse;19.01.2018;Freitag;1;1;3;4;4;4;17;45;99;89;103;105;98;43;72;76;79;84;76;72;42;23;22;18;27
19;10918;St.Gallen Gallusst./Webergasse;20.01.2018;Samstag;1;10;6;8;3;9;14;25;22;41;52;54;53;33;53;46;44;45;62;53;32;21;22;22;19
20;10918;St.Gallen Gallusst./Webergasse;21.01.2018;Sonntag;1;14;15;12;7;5;3;5;18;10;24;40;27;24;37;33;28;39;29;16;27;21;12;7;5
21;10918;St.Gallen Gallusst./Webergasse;22.01.2018;Montag;1;3;2;6;3;6;18;31;79;75;72;93;71;56;68;87;58;74;75;61;40;19;19;18;12
22;10918;St.Gallen Gallusst./Webergasse;23.01.2018;Dienstag;1;2;1;1;6;6;17;46;95;85;91;107;90;48;67;67;77;75;67;77;48;27;16;15;16
23;10918;St.Gallen Gallusst./Webergasse;24.01.2018;Mittwoch;1;5;2;0;4;2;18;45;82;79;89;90;91;58;71;78;62;78;77;77;47;27;19;20;12
24;10918;St.Gallen Gallusst./Webergasse;25.01.2018;Donnerstag;1;5;3;3;2;0;16;44;88;71;92;96;94;49;78;65;77;64;95;75;48;33;20;25;11
25;10918;St.Gallen Gallusst./Webergasse;26.01.2018;Freitag;1;6;3;2;3;2;16;40;87;83;94;88;88;57;67;83;77;83;78;68;45;29;15;18;13
26;10918;St.Gallen Gallusst./Webergasse;27.01.2018;Samstag;1;13;9;10;3;4;12;21;23;37;47;46;46;36;36;39;44;41;34;43;30;12;11;17;10
27;10918;St.Gallen Gallusst./Webergasse;28.01.2018;Sonntag;1;13;6;4;3;4;3;8;5;9;16;19;21;23;17;19;20;20;25;25;19;18;10;6;7
28;10918;St.Gallen Gallusst./Webergasse;29.01.2018;Montag;1;2;1;0;0;3;16;36;73;78;63;70;69;47;82;59;54;63;70;53;31;25;13;12;4
29;10918;St.Gallen Gallusst./Webergasse;30.01.2018;Dienstag;1;2;0;2;4;8;16;43;81;80;86;83;128;51;74;64;62;71;62;63;31;28;14;8;15
30;10918;St.Gallen Gallusst./Webergasse;31.01.2018;Mittwoch;1;4;2;5;7;6;12;58;71;72;73;84;73;44;71;56;49;78;68;49;40;23;23;4;5
31;10918;St.Gallen Gallusst./Webergasse;01.02.2018;Donnerstag;1;4;5;3;1;5;16;42;88;94;84;100;82;54;68;74;61;57;68;55;47;23;21;16;17
32;10918;St.Gallen Gallusst./Webergasse;02.02.2018;Freitag;1;5;0;3;7;6;9;41;73;94;77;78;79;46;78;84;62;64;64;55;38;18;19;22;12
33;10918;St.Gallen Gallusst./Webergasse;03.02.2018;Samstag;1;11;5;10;8;2;14;10;17;40;42;39;30;34;39;37;40;33;42;41;26;16;16;17;12
34;10918;St.Gallen Gallusst./Webergasse;04.02.2018;Sonntag;1;13;5;9;6;8;7;9;6;21;21;22;21;27;16;17;22;21;32;29;32;17;17;10;4
35;10918;St.Gallen Gallusst./Webergasse;05.02.2018;Montag;1;4;2;4;1;4;12;36;76;76;70;77;79;64;82;65;78;81;70;56;43;20;20;9;6
36;10918;St.Gallen Gallusst./Webergasse;06.02.2018;Dienstag;1;3;1;0;4;3;14;44;84;97;98;86;89;53;86;77;53;66;75;79;54;27;18;20;10
37;10918;St.Gallen Gallusst./Webergasse;07.02.2018;Mittwoch;1;6;1;1;3;3;16;33;95;99;94;92;110;65;83;74;71;61;72;78;37;28;19;21;14
38;10918;St.Gallen Gallusst./Webergasse;08.02.2018;Donnerstag;1;2;3;2;4;3;22;46;95;104;91;82;67;50;66;79;72;58;75;76;33;35;27;22;18
39;10918;St.Gallen Gallusst./Webergasse;09.02.2018;Freitag;1;10;8;2;4;0;12;32;92;79;101;87;93;63;60;67;84;90;80;63;46;27;23;12;25
40;10918;St.Gallen Gallusst./Webergasse;10.02.2018;Samstag;1;18;13;7;12;2;7;21;20;37;52;47;56;29;35;48;40;48;26;44;29;27;27;29;13
41;10918;St.Gallen Gallusst./Webergasse;11.02.2018;Sonntag;1;17;20;11;10;11;7;7;15;5;17;18;17;34;30;57;36;34;28;25;22;25;12;8;3
42;10918;St.Gallen Gallusst./Webergasse;12.02.2018;Montag;1;0;1;1;2;3;15;44;78;60;86;74;81;48;68;66;53;70;61;98;185;56;34;12;13
43;10918;St.Gallen Gallusst./Webergasse;13.02.2018;Dienstag;1;6;3;3;0;8;13;56;93;101;67;99;87;46;62;73;57;64;79;71;38;29;12;17;13
44;10918;St.Gallen Gallusst./Webergasse;14.02.2018;Mittwoch;1;4;6;5;3;0;11;43;84;94;71;99;109;45;81;85;50;57;78;72;47;31;25;16;12
45;10918;St.Gallen Gallusst./Webergasse;15.02.2018;Donnerstag;1;4;2;3;1;3;10;36;84;86;106;83;82;50;93;77;58;81;80;71;49;39;27;24;11
46;10918;St.Gallen Gallusst./Webergasse;16.02.2018;Freitag;1;1;5;3;2;5;16;47;77;88;81;98;91;46;86;87;62;56;85;57;42;23;14;22;14
47;10918;St.Gallen Gallusst./Webergasse;17.02.2018;Samstag;1;10;4;5;4;2;12;14;22;43;64;56;39;34;69;49;51;70;54;50;25;27;21;24;17
48;10918;St.Gallen Gallusst./Webergasse;18.02.2018;Sonntag;1;18;11;11;4;5;7;10;28;23;18;32;27;24;29;21;22;30;51;33;22;21;14;8;8
49;10918;St.Gallen Gallusst./Webergasse;19.02.2018;Montag;1;2;1;1;4;6;7;36;83;68;55;80;53;42;72;59;52;86;73;61;44;20;20;16;11
50;10918;St.Gallen Gallusst./Webergasse;20.02.2018;Dienstag;1;6;1;1;0;1;12;41;95;93;98;92;83;49;83;74;64;67;70;110;48;35;23;17;12
51;10918;St.Gallen Gallusst./Webergasse;21.02.2018;Mittwoch;1;5;2;2;2;9;14;51;80;94;75;88;91;63;67;63;58;63;72;60;40;19;26;9;23
52;10918;St.Gallen Gallusst./Webergasse;22.02.2018;Donnerstag;1;5;4;4;2;6;12;31;92;109;81;93;82;41;80;68;63;69;81;77;48;30;27;20;12
53;10918;St.Gallen Gallusst./Webergasse;23.02.2018;Freitag;1;5;4;2;6;3;10;45;76;110;85;80;96;49;70;74;70;75;76;70;51;18;23;22;31
54;10918;St.Gallen Gallusst./Webergasse;24.02.2018;Samstag;1;18;11;5;5;5;10;17;18;57;60;61;68;40;43;63;47;59;57;43;41;24;22;18;23
55;10918;St.Gallen Gallusst./Webergasse;25.02.2018;Sonntag;1;20;11;4;5;5;2;11;12;15;18;72;33;41;47;24;18;30;29;33;31;17;6;9;5
56;10918;St.Gallen Gallusst./Webergasse;26.02.2018;Montag;1;3;4;1;2;6;13;35;82;71;79;65;58;50;60;74;64;69;81;63;38;28;24;13;7
57;10918;St.Gallen Gallusst./Webergasse;27.02.2018;Dienstag;1;1;1;2;2;2;11;45;88;92;76;91;87;44;77;70;77;69;72;56;46;40;20;20;14
58;10918;St.Gallen Gallusst./Webergasse;28.02.2018;Mittwoch;1;4;1;2;1;2;13;39;92;95;85;105;74;63;59;76;60;76;79;55;54;34;30;20;15
59;10918;St.Gallen Gallusst./Webergasse;01.03.2018;Donnerstag;1;6;2;1;0;1;13;37;89;104;99;99;79;41;78;71;65;70;69;62;49;35;30;30;13
60;10918;St.Gallen Gallusst./Webergasse;02.03.2018;Freitag;1;9;4;1;3;3;10;37;93;72;107;103;90;56;76;77;71;87;83;77;37;29;24;19;21
61;10918;St.Gallen Gallusst./Webergasse;03.03.2018;Samstag;1;13;10;8;6;3;17;25;34;57;56;53;44;32;35;37;68;45;51;42;28;27;23;24;25
62;10918;St.Gallen Gallusst./Webergasse;04.03.2018;Sonntag;1;20;6;3;13;6;5;12;11;32;33;25;25;22;25;15;23;27;12;27;24;18;9;5;2
63;10918;St.Gallen Gallusst./Webergasse;05.03.2018;Montag;1;2;1;1;2;2;13;33;73;83;85;80;50;54;73;62;59;46;67;50;46;25;20;9;9
64;10918;St.Gallen Gallusst./Webergasse;06.03.2018;Dienstag;1;0;3;2;4;2;13;47;96;97;80;93;87;46;75;70;66;64;71;60;54;37;27;23;17
65;10918;St.Gallen Gallusst./Webergasse;07.03.2018;Mittwoch;1;4;4;1;2;3;11;42;70;85;100;97;74;49;86;74;71;67;73;67;45;28;33;19;7
66;10918;St.Gallen Gallusst./Webergasse;08.03.2018;Donnerstag;1;5;3;1;2;2;11;41;80;90;83;77;83;46;66;79;66;65;108;64;47;29;23;19;15
67;10918;St.Gallen Gallusst./Webergasse;09.03.2018;Freitag;1;4;6;0;0;2;10;41;87;79;100;93;93;51;86;61;68;91;77;76;49;32;31;23;19
68;10918;St.Gallen Gallusst./Webergasse;10.03.2018;Samstag;1;11;4;3;6;3;7;14;23;56;64;43;41;38;42;33;40;49;64;41;24;12;12;16;10
69;10918;St.Gallen Gallusst./Webergasse;11.03.2018;Sonntag;1;9;8;8;6;3;2;10;15;7;31;26;41;21;19;24;27;26;39;27;37;24;12;7;3
70;10918;St.Gallen Gallusst./Webergasse;12.03.2018;Montag;1;2;1;3;1;5;9;41;67;80;66;77;60;42;78;78;53;71;67;39;39;28;21;14;8
71;10918;St.Gallen Gallusst./Webergasse;13.03.2018;Dienstag;1;1;5;3;4;4;14;47;74;85;84;84;73;60;76;71;61;82;89;61;45;26;19;18;8
72;10918;St.Gallen Gallusst./Webergasse;14.03.2018;Mittwoch;1;3;3;0;3;5;7;49;96;88;80;69;99;53;85;79;84;74;76;70;46;44;26;16;12
73;10918;St.Gallen Gallusst./Webergasse;15.03.2018;Donnerstag;1;5;4;2;6;4;13;40;85;106;77;101;96;65;96;87;70;97;91;64;39;39;36;19;13
74;10918;St.Gallen Gallusst./Webergasse;16.03.2018;Freitag;1;2;4;5;6;11;18;38;75;81;91;73;88;58;77;71;66;84;60;62;48;34;18;25;10
75;10918;St.Gallen Gallusst./Webergasse;17.03.2018;Samstag;1;8;13;6;4;5;7;26;28;42;54;54;48;45;36;30;38;47;44;61;33;14;34;18;22
76;10918;St.Gallen Gallusst./Webergasse;18.03.2018;Sonntag;1;8;8;7;5;5;7;10;13;23;18;27;19;31;22;28;25;20;30;23;30;16;18;9;4
77;10918;St.Gallen Gallusst./Webergasse;19.03.2018;Montag;1;2;4;1;1;5;11;43;78;86;81;79;60;47;64;59;68;66;72;70;29;28;21;19;7
78;10918;St.Gallen Gallusst./Webergasse;20.03.2018;Dienstag;1;2;0;0;2;4;16;46;81;80;64;90;59;48;66;68;66;53;72;53;59;18;23;14;14
79;10918;St.Gallen Gallusst./Webergasse;21.03.2018;Mittwoch;1;4;4;2;2;8;17;48;78;97;100;95;88;48;80;75;72;69;69;58;41;28;20;17;17
80;10918;St.Gallen Gallusst./Webergasse;22.03.2018;Donnerstag;1;4;2;0;5;1;10;40;85;77;91;97;95;50;69;65;62;70;85;62;48;39;31;21;21
81;10918;St.Gallen Gallusst./Webergasse;23.03.2018;Freitag;1;7;3;5;1;10;9;45;77;91;89;80;77;59;65;88;67;79;80;68;57;36;24;28;15
82;10918;St.Gallen Gallusst./Webergasse;24.03.2018;Samstag;1;15;7;6;5;10;9;15;24;47;40;51;53;55;35;38;38;40;55;74;30;22;14;14;17
83;10918;St.Gallen Gallusst./Webergasse;25.03.2018;Sonntag;1;17;0;18;4;3;3;7;16;24;29;37;32;48;30;22;21;46;22;31;40;19;20;11;8
84;10918;St.Gallen Gallusst./Webergasse;26.03.2018;Montag;1;2;2;4;0;3;9;28;84;72;65;64;73;52;77;62;85;81;79;73;35;30;19;11;9
85;10918;St.Gallen Gallusst./Webergasse;27.03.2018;Dienstag;1;1;3;0;2;6;12;40;108;94;93;102;95;48;77;94;66;79;102;79;37;28;20;24;17
86;10918;St.Gallen Gallusst./Webergasse;28.03.2018;Mittwoch;1;5;4;1;2;2;17;42;111;104;86;101;106;65;74;73;76;80;88;71;37;29;32;27;21
87;10918;St.Gallen Gallusst./Webergasse;29.03.2018;Donnerstag;1;3;5;0;4;1;16;43;85;111;118;106;125;62;87;81;93;116;89;67;41;43;25;23;15
88;10918;St.Gallen Gallusst./Webergasse;30.03.2018;Freitag;1;7;6;5;5;2;2;11;7;14;24;14;28;14;28;29;15;26;30;32;22;21;20;14;18
89;10918;St.Gallen Gallusst./Webergasse;31.03.2018;Samstag;1;8;5;10;8;7;7;17;18;36;71;55;56;49;37;47;48;47;44;41;36;43;33;30;26
90;10918;St.Gallen Gallusst./Webergasse;01.04.2018;Sonntag;1;11;10;3;2;8;1;6;18;25;30;47;17;23;19;37;28;27;23;29;22;20;22;9;6
91;10918;St.Gallen Gallusst./Webergasse;02.04.2018;Montag;1;6;4;3;1;1;2;4;10;12;20;28;35;27;15;23;13;29;26;14;15;20;19;6;3
92;10918;St.Gallen Gallusst./Webergasse;03.04.2018;Dienstag;1;1;2;0;2;3;14;49;101;86;89;82;66;53;80;70;65;84;120;71;38;36;18;17;9
93;10918;St.Gallen Gallusst./Webergasse;04.04.2018;Mittwoch;1;6;1;2;5;6;12;41;98;89;95;100;87;68;97;77;62;81;81;56;46;21;24;12;10
94;10918;St.Gallen Gallusst./Webergasse;05.04.2018;Donnerstag;1;2;1;1;2;6;18;43;88;93;87;89;89;54;101;80;63;93;80;69;47;34;32;20;6
95;10918;St.Gallen Gallusst./Webergasse;06.04.2018;Freitag;1;5;2;3;2;6;12;44;88;106;86;109;110;53;87;76;66;96;73;66;47;26;22;24;18
96;10918;St.Gallen Gallusst./Webergasse;07.04.2018;Samstag;1;15;6;4;2;2;10;21;28;45;53;49;51;39;35;41;54;48;41;39;27;16;17;7;13
97;10918;St.Gallen Gallusst./Webergasse;08.04.2018;Sonntag;1;20;5;5;5;5;4;7;14;22;17;17;18;34;20;20;14;21;28;24;16;23;10;12;6
98;10918;St.Gallen Gallusst./Webergasse;09.04.2018;Montag;1;1;0;0;1;2;10;42;89;80;76;74;86;46;69;68;54;66;54;56;30;19;20;7;3
99;10918;St.Gallen Gallusst./Webergasse;10.04.2018;Dienstag;1;4;1;4;6;1;16;46;77;70;85;82;90;36;69;64;69;82;66;49;41;28;30;17;9
100;10918;St.Gallen Gallusst./Webergasse;11.04.2018;Mittwoch;1;5;5;1;3;0;12;40;70;79;80;86;86;43;72;61;75;63;75;58;34;18;19;20;15
101;10918;St.Gallen Gallusst./Webergasse;12.04.2018;Donnerstag;1;6;2;1;5;2;12;41;76;86;82;98;78;44;94;71;57;77;72;46;31;35;23;17;14
102;10918;St.Gallen Gallusst./Webergasse;13.04.2018;Freitag;1;5;2;2;3;6;15;40;76;98;85;119;76;54;68;62;59;59;58;51;29;21;18;16;19
103;10918;St.Gallen Gallusst./Webergasse;14.04.2018;Samstag;1;13;3;5;3;5;30;61;55;58;37;40;32;29;26;37;49;78;84;45;27;25;19;20;16
104;10918;St.Gallen Gallusst./Webergasse;15.04.2018;Sonntag;1;6;7;8;7;9;3;12;11;13;20;23;28;16;21;21;29;40;57;26;19;24;14;7;4
105;10918;St.Gallen Gallusst./Webergasse;16.04.2018;Montag;1;1;0;1;2;5;18;45;67;91;91;74;59;56;73;67;74;55;64;46;29;16;22;12;5
106;10918;St.Gallen Gallusst./Webergasse;17.04.2018;Dienstag;1;4;2;1;5;4;18;46;92;88;88;87;92;58;83;72;67;62;78;60;34;24;26;16;11
107;10918;St.Gallen Gallusst./Webergasse;18.04.2018;Mittwoch;1;6;3;0;0;0;21;55;69;72;86;87;88;42;69;62;56;72;70;56;30;30;24;24;12
108;10918;St.Gallen Gallusst./Webergasse;19.04.2018;Donnerstag;1;6;1;1;4;2;22;47;78;70;70;92;60;45;79;76;80;81;81;51;39;29;22;17;10
109;10918;St.Gallen Gallusst./Webergasse;20.04.2018;Freitag;1;5;3;3;5;2;11;59;97;99;110;95;100;47;65;61;78;79;86;52;41;26;22;28;18
110;10918;St.Gallen Gallusst./Webergasse;21.04.2018;Samstag;1;15;5;3;7;4;12;19;33;43;50;42;53;43;40;33;53;47;43;43;26;19;27;28;18
111;10918;St.Gallen Gallusst./Webergasse;22.04.2018;Sonntag;1;7;7;3;9;4;8;10;12;13;15;33;23;31;29;23;27;24;27;27;22;24;18;9;4
112;10918;St.Gallen Gallusst./Webergasse;23.04.2018;Montag;1;3;0;3;2;0;11;46;90;80;86;92;73;56;80;73;88;78;93;73;41;26;19;18;6
113;10918;St.Gallen Gallusst./Webergasse;24.04.2018;Dienstag;1;5;1;1;5;3;10;52;141;115;118;104;131;57;104;66;82;90;97;62;55;36;29;22;11
114;10918;St.Gallen Gallusst./Webergasse;25.04.2018;Mittwoch;1;0;2;3;8;5;14;52;128;96;115;105;104;54;103;85;73;92;108;93;44;26;31;23;9
115;10918;St.Gallen Gallusst./Webergasse;26.04.2018;Donnerstag;1;3;2;3;3;2;20;54;115;106;116;105;95;71;88;76;82;92;88;68;57;39;27;18;11
116;10918;St.Gallen Gallusst./Webergasse;27.04.2018;Freitag;1;4;5;0;2;3;15;45;95;96;88;95;93;66;99;98;90;98;86;66;53;36;29;23;16
117;10918;St.Gallen Gallusst./Webergasse;28.04.2018;Samstag;1;15;18;7;4;7;16;16;35;62;55;62;51;49;57;48;44;55;59;47;37;25;22;21;19
118;10918;St.Gallen Gallusst./Webergasse;29.04.2018;Sonntag;1;12;14;11;6;5;9;8;13;21;32;32;21;36;27;32;27;40;35;39;16;50;15;15;1
119;10918;St.Gallen Gallusst./Webergasse;30.04.2018;Montag;1;2;1;0;1;3;11;44;75;119;102;90;88;58;91;69;72;90;96;73;40;29;30;19;11
120;10918;St.Gallen Gallusst./Webergasse;01.05.2018;Dienstag;1;6;2;2;2;3;11;50;93;109;86;97;101;72;75;70;64;74;82;84;38;29;26;24;11
121;10918;St.Gallen Gallusst./Webergasse;02.05.2018;Mittwoch;1;3;2;3;1;4;13;45;104;97;102;119;87;58;100;76;75;92;79;98;48;27;27;15;19
122;10918;St.Gallen Gallusst./Webergasse;03.05.2018;Donnerstag;1;6;3;5;2;4;24;42;96;111;92;112;103;54;83;73;74;79;93;70;74;50;42;19;15
123;10918;St.Gallen Gallusst./Webergasse;04.05.2018;Freitag;1;11;4;0;2;4;12;54;94;98;93;90;94;57;83;84;72;97;89;71;46;30;21;26;22
124;10918;St.Gallen Gallusst./Webergasse;05.05.2018;Samstag;1;12;12;6;7;7;35;81;75;46;49;69;51;44;47;41;63;92;81;34;22;23;18;16;17
125;10918;St.Gallen Gallusst./Webergasse;06.05.2018;Sonntag;1;6;5;5;7;9;4;10;14;21;35;36;29;29;25;24;28;30;25;33;19;22;11;7;6
126;10918;St.Gallen Gallusst./Webergasse;07.05.2018;Montag;1;4;0;1;0;1;13;39;76;87;79;88;74;66;94;97;68;73;119;63;42;28;18;21;13
127;10918;St.Gallen Gallusst./Webergasse;08.05.2018;Dienstag;1;4;3;1;2;1;18;45;97;99;97;95;107;65;117;71;74;77;103;76;38;25;28;16;12
128;10918;St.Gallen Gallusst./Webergasse;09.05.2018;Mittwoch;1;7;1;0;1;1;15;50;120;149;117;92;121;67;88;80;96;94;87;86;32;26;9;20;25
129;10918;St.Gallen Gallusst./Webergasse;10.05.2018;Donnerstag;1;9;12;8;5;2;3;9;15;24;17;27;27;26;21;26;24;12;12;15;2;29;19;18;4
130;10918;St.Gallen Gallusst./Webergasse;11.05.2018;Freitag;1;2;3;3;3;4;10;35;63;74;80;85;75;37;45;43;26;29;25;22;23;8;6;10;7
131;10918;St.Gallen Gallusst./Webergasse;12.05.2018;Samstag;1;8;10;6;2;10;14;16;20;40;40;37;37;19;12;19;22;10;18;18;14;7;5;14;5
132;10918;St.Gallen Gallusst./Webergasse;13.05.2018;Sonntag;1;12;12;12;4;9;4;8;15;19;20;24;23;21;15;27;24;32;21;20;28;21;22;13;3
133;10918;St.Gallen Gallusst./Webergasse;14.05.2018;Montag;1;0;1;1;5;2;10;37;86;95;74;90;101;50;84;67;78;76;89;65;57;25;23;12;6
134;10918;St.Gallen Gallusst./Webergasse;15.05.2018;Dienstag;1;0;3;1;8;3;21;56;84;95;89;84;105;60;85;73;63;73;114;69;66;27;27;21;20
135;10918;St.Gallen Gallusst./Webergasse;16.05.2018;Mittwoch;1;6;5;2;2;4;11;55;88;89;69;95;96;42;83;77;56;83;76;67;36;18;20;21;15
136;10918;St.Gallen Gallusst./Webergasse;17.05.2018;Donnerstag;1;1;5;3;5;7;15;44;104;107;87;92;100;46;86;80;67;72;90;60;43;32;36;22;12
137;10918;St.Gallen Gallusst./Webergasse;18.05.2018;Freitag;1;8;7;2;2;2;15;42;95;90;106;84;89;56;85;75;70;91;84;62;43;40;24;20;16
138;10918;St.Gallen Gallusst./Webergasse;19.05.2018;Samstag;1;13;5;9;5;2;9;18;22;45;36;39;44;25;43;36;30;48;38;44;25;21;25;14;15
139;10918;St.Gallen Gallusst./Webergasse;20.05.2018;Sonntag;1;8;11;0;2;3;5;9;10;21;22;31;23;27;19;29;19;17;31;24;39;25;8;18;8
140;10918;St.Gallen Gallusst./Webergasse;21.05.2018;Montag;1;6;6;3;1;2;4;5;7;11;12;32;27;29;18;25;16;26;29;20;20;14;10;7;5
141;10918;St.Gallen Gallusst./Webergasse;22.05.2018;Dienstag;1;2;2;2;4;1;21;42;96;97;93;77;86;61;83;83;90;81;98;86;45;26;28;23;11
142;10918;St.Gallen Gallusst./Webergasse;23.05.2018;Mittwoch;1;4;5;1;3;5;15;57;94;104;80;115;93;76;89;79;77;81;85;68;42;31;28;28;13
143;10918;St.Gallen Gallusst./Webergasse;24.05.2018;Donnerstag;1;5;6;1;7;7;14;53;114;91;84;94;100;66;71;68;65;86;104;77;50;33;27;25;14
144;10918;St.Gallen Gallusst./Webergasse;25.05.2018;Freitag;1;6;3;2;3;6;26;48;84;108;93;94;95;68;83;76;90;91;85;78;50;36;25;22;33
145;10918;St.Gallen Gallusst./Webergasse;26.05.2018;Samstag;1;10;9;4;5;4;8;18;28;53;52;40;65;43;41;45;54;49;44;30;35;29;26;15;25
146;10918;St.Gallen Gallusst./Webergasse;27.05.2018;Sonntag;1;11;9;13;4;4;4;6;9;17;33;37;24;24;27;28;20;31;35;20;26;25;19;15;7
147;10918;St.Gallen Gallusst./Webergasse;28.05.2018;Montag;1;7;6;2;2;7;16;38;101;79;68;99;86;69;87;89;85;80;105;71;36;28;20;14;10
148;10918;St.Gallen Gallusst./Webergasse;29.05.2018;Dienstag;1;1;4;3;4;6;16;51;111;111;77;89;105;77;94;70;66;89;108;64;45;34;23;37;10
149;10918;St.Gallen Gallusst./Webergasse;30.05.2018;Mittwoch;1;6;2;2;3;3;18;66;128;102;96;107;104;78;86;77;81;90;88;109;82;45;25;25;7
150;10918;St.Gallen Gallusst./Webergasse;31.05.2018;Donnerstag;1;3;3;1;5;5;21;46;107;102;80;100;92;68;82;74;103;90;112;94;60;38;27;32;17
151;10918;St.Gallen Gallusst./Webergasse;01.06.2018;Freitag;1;12;3;5;7;1;17;45;115;116;86;118;76;75;86;89;82;74;87;63;44;23;33;30;20
152;10918;St.Gallen Gallusst./Webergasse;02.06.2018;Samstag;1;19;15;8;1;7;49;75;47;63;67;60;50;40;54;55;56;96;69;45;24;18;20;22;16
153;10918;St.Gallen Gallusst./Webergasse;03.06.2018;Sonntag;1;17;14;7;8;10;4;12;13;16;35;42;32;24;26;32;19;27;30;26;34;24;18;10;9
154;10918;St.Gallen Gallusst./Webergasse;04.06.2018;Montag;1;2;8;1;3;3;18;44;96;106;106;82;91;62;74;84;78;78;99;61;38;23;19;11;13
155;10918;St.Gallen Gallusst./Webergasse;05.06.2018;Dienstag;1;5;2;2;4;4;20;58;113;106;95;107;105;61;101;80;74;90;114;85;38;26;27;18;11
156;10918;St.Gallen Gallusst./Webergasse;06.06.2018;Mittwoch;1;4;2;1;1;1;11;54;75;93;87;102;71;57;85;86;77;75;105;64;41;29;24;24;8
157;10918;St.Gallen Gallusst./Webergasse;07.06.2018;Donnerstag;1;3;3;4;3;3;19;39;107;123;95;97;92;53;90;80;73;107;94;57;36;33;21;14;23
158;10918;St.Gallen Gallusst./Webergasse;08.06.2018;Freitag;1;5;2;5;7;6;15;51;102;100;91;101;92;56;74;66;82;87;79;64;48;28;28;17;9
159;10918;St.Gallen Gallusst./Webergasse;09.06.2018;Samstag;1;14;6;8;8;5;13;24;23;37;51;102;74;49;46;57;44;37;41;34;23;33;17;19;27
160;10918;St.Gallen Gallusst./Webergasse;10.06.2018;Sonntag;1;15;8;4;5;6;11;11;10;27;26;33;27;32;21;21;21;23;28;14;19;21;23;13;5
161;10918;St.Gallen Gallusst./Webergasse;11.06.2018;Montag;1;6;1;1;3;5;10;39;96;84;65;70;81;54;84;83;82;61;66;55;38;20;26;13;8
162;10918;St.Gallen Gallusst./Webergasse;12.06.2018;Dienstag;1;3;6;3;6;7;16;44;91;108;85;108;94;60;84;76;78;86;93;66;37;29;26;22;11
163;10918;St.Gallen Gallusst./Webergasse;13.06.2018;Mittwoch;1;4;0;4;2;5;20;46;112;106;54;69;91;66;99;71;78;89;89;87;39;26;34;20;17
164;10918;St.Gallen Gallusst./Webergasse;14.06.2018;Donnerstag;1;3;0;1;2;5;16;47;102;89;80;91;94;64;83;78;71;74;65;71;42;39;26;28;12
165;10918;St.Gallen Gallusst./Webergasse;15.06.2018;Freitag;1;8;4;1;3;4;13;49;93;93;82;93;83;63;89;74;80;73;76;64;44;37;26;22;25
166;10918;St.Gallen Gallusst./Webergasse;16.06.2018;Samstag;1;16;6;5;7;7;11;16;38;56;57;62;52;39;51;49;40;52;47;29;19;10;23;22;16
167;10918;St.Gallen Gallusst./Webergasse;17.06.2018;Sonntag;1;11;9;6;7;3;5;10;9;16;13;23;20;29;28;27;26;23;18;18;35;20;10;21;9
168;10918;St.Gallen Gallusst./Webergasse;18.06.2018;Montag;1;4;1;7;0;0;18;49;83;73;59;76;83;64;80;77;81;63;89;62;43;18;25;22;13
169;10918;St.Gallen Gallusst./Webergasse;19.06.2018;Dienstag;1;2;2;2;7;3;21;44;136;99;104;118;116;73;89;93;70;79;95;59;33;32;27;24;22
170;10918;St.Gallen Gallusst./Webergasse;20.06.2018;Mittwoch;1;16;15;8;3;4;24;75;67;73;90;73;69;48;64;51;42;75;61;51;39;22;26;21;12
171;10918;St.Gallen Gallusst./Webergasse;21.06.2018;Donnerstag;1;6;6;2;1;2;14;43;114;138;95;104;99;53;75;68;73;94;87;86;53;31;39;23;15
172;10918;St.Gallen Gallusst./Webergasse;22.06.2018;Freitag;1;7;2;5;1;4;12;49;104;118;78;111;90;63;95;109;73;82;100;71;36;20;19;55;56
173;10918;St.Gallen Gallusst./Webergasse;23.06.2018;Samstag;1;11;5;3;5;2;12;20;21;42;58;51;52;38;44;47;41;31;48;37;29;26;16;18;16
174;10918;St.Gallen Gallusst./Webergasse;24.06.2018;Sonntag;1;16;6;7;2;2;3;9;9;18;34;35;30;23;21;27;22;43;29;21;28;24;14;5;6
175;10918;St.Gallen Gallusst./Webergasse;25.06.2018;Montag;1;7;0;3;1;3;8;45;94;76;83;92;77;66;87;91;67;82;102;82;49;26;23;12;13
176;10918;St.Gallen Gallusst./Webergasse;26.06.2018;Dienstag;1;5;3;3;3;3;20;46;121;110;113;99;91;62;83;72;78;81;92;88;40;28;24;20;10
177;10918;St.Gallen Gallusst./Webergasse;27.06.2018;Mittwoch;1;7;3;6;8;2;15;45;112;96;103;97;112;59;82;90;88;101;93;87;49;31;38;29;17
178;10918;St.Gallen Gallusst./Webergasse;28.06.2018;Donnerstag;1;3;5;3;2;4;24;44;89;103;94;99;102;64;87;79;61;81;93;54;39;36;26;24;17
179;10918;St.Gallen Gallusst./Webergasse;29.06.2018;Freitag;1;3;8;7;1;5;13;43;75;103;105;94;100;50;79;61;88;82;67;61;37;41;14;26;15
180;10918;St.Gallen Gallusst./Webergasse;30.06.2018;Samstag;1;16;12;7;2;4;17;25;25;55;45;45;55;49;46;32;42;44;45;20;13;21;14;12;15
181;10918;St.Gallen Gallusst./Webergasse;01.07.2018;Sonntag;1;14;6;6;6;6;6;9;12;10;28;23;25;18;27;19;14;20;17;20;17;18;16;19;10
182;10918;St.Gallen Gallusst./Webergasse;02.07.2018;Montag;1;7;3;0;4;1;11;48;103;104;81;89;81;56;86;56;75;77;93;36;39;24;30;18;7
183;10918;St.Gallen Gallusst./Webergasse;03.07.2018;Dienstag;1;2;0;0;5;0;13;54;127;119;80;98;125;64;95;87;106;89;55;66;47;33;25;25;15
184;10918;St.Gallen Gallusst./Webergasse;04.07.2018;Mittwoch;1;10;4;3;2;4;11;51;85;102;112;114;87;70;93;99;79;84;95;82;38;40;24;30;11
185;10918;St.Gallen Gallusst./Webergasse;05.07.2018;Donnerstag;1;7;4;4;4;3;14;51;89;104;83;96;90;40;92;82;90;90;85;68;42;32;26;23;18
186;10918;St.Gallen Gallusst./Webergasse;06.07.2018;Freitag;1;6;6;4;0;7;8;55;113;117;114;125;89;73;94;76;79;79;77;49;49;40;22;20;27
187;10918;St.Gallen Gallusst./Webergasse;07.07.2018;Samstag;1;10;6;4;6;2;32;78;52;55;59;38;51;30;42;32;59;91;73;48;23;26;16;10;28
188;10918;St.Gallen Gallusst./Webergasse;08.07.2018;Sonntag;1;16;6;6;1;7;7;6;13;24;19;23;26;29;21;14;15;11;21;24;30;13;27;8;6
189;10918;St.Gallen Gallusst./Webergasse;09.07.2018;Montag;1;4;1;0;1;3;16;48;95;83;81;101;78;52;85;81;81;68;85;64;35;32;23;17;10
190;10918;St.Gallen Gallusst./Webergasse;10.07.2018;Dienstag;1;4;3;1;2;4;16;49;98;87;102;95;84;60;86;79;75;81;90;55;34;27;16;28;11
191;10918;St.Gallen Gallusst./Webergasse;11.07.2018;Mittwoch;1;5;2;5;3;2;14;59;115;110;82;98;88;50;93;71;77;77;87;65;33;25;14;17;28
192;10918;St.Gallen Gallusst./Webergasse;12.07.2018;Donnerstag;1;3;5;1;2;3;16;48;106;86;102;95;96;67;78;74;57;92;93;55;38;36;41;22;7
193;10918;St.Gallen Gallusst./Webergasse;13.07.2018;Freitag;1;6;2;1;1;0;18;51;100;85;94;94;75;54;85;61;71;73;83;67;46;26;15;15;23
194;10918;St.Gallen Gallusst./Webergasse;14.07.2018;Samstag;1;8;12;2;2;8;10;19;34;38;37;62;58;43;28;29;42;41;50;26;24;19;18;16;17
195;10918;St.Gallen Gallusst./Webergasse;15.07.2018;Sonntag;1;11;8;7;5;10;1;9;8;15;19;30;28;17;21;20;26;22;27;21;18;11;15;9;3
196;10918;St.Gallen Gallusst./Webergasse;16.07.2018;Montag;1;0;0;1;1;3;13;43;81;73;63;75;76;44;78;84;67;69;89;43;37;17;16;6;4
197;10918;St.Gallen Gallusst./Webergasse;17.07.2018;Dienstag;1;2;3;2;7;1;15;50;81;91;82;93;96;51;80;66;61;63;77;61;37;23;12;14;15
198;10918;St.Gallen Gallusst./Webergasse;18.07.2018;Mittwoch;1;4;2;1;9;1;13;52;88;81;83;77;74;51;71;66;69;72;85;36;30;20;16;8;6
199;10918;St.Gallen Gallusst./Webergasse;19.07.2018;Donnerstag;1;7;1;2;4;4;13;50;112;91;71;90;82;45;75;65;73;63;86;61;23;35;25;9;6
200;10918;St.Gallen Gallusst./Webergasse;20.07.2018;Freitag;1;9;4;4;2;3;13;51;96;69;74;95;70;52;76;58;68;68;52;48;33;24;20;14;12
201;10918;St.Gallen Gallusst./Webergasse;21.07.2018;Samstag;1;13;3;6;8;5;12;18;15;24;41;32;43;31;39;37;31;37;32;43;11;20;15;9;13
202;10918;St.Gallen Gallusst./Webergasse;22.07.2018;Sonntag;1;16;8;13;3;4;5;7;5;9;15;30;24;20;11;20;20;9;16;29;15;25;15;6;3
203;10918;St.Gallen Gallusst./Webergasse;23.07.2018;Montag;1;0;2;1;1;1;12;42;78;70;74;86;67;38;58;52;55;70;59;36;45;30;11;9;15
204;10918;St.Gallen Gallusst./Webergasse;24.07.2018;Dienstag;1;5;2;6;6;2;12;53;93;78;78;83;107;45;68;54;52;65;59;58;31;19;28;12;8
205;10918;St.Gallen Gallusst./Webergasse;25.07.2018;Mittwoch;1;6;3;2;6;2;11;56;97;75;69;70;68;48;66;77;64;69;60;48;37;20;25;11;15
206;10918;St.Gallen Gallusst./Webergasse;26.07.2018;Donnerstag;1;7;2;5;4;1;15;47;74;74;70;78;74;55;71;61;55;64;57;41;33;26;20;13;9
207;10918;St.Gallen Gallusst./Webergasse;27.07.2018;Freitag;1;5;4;4;1;7;9;42;89;79;80;84;85;41;60;61;70;59;41;36;31;20;17;17;16
208;10918;St.Gallen Gallusst./Webergasse;28.07.2018;Samstag;1;12;5;5;4;1;7;12;19;32;38;47;34;38;34;36;31;49;19;38;17;23;11;17;10
209;10918;St.Gallen Gallusst./Webergasse;29.07.2018;Sonntag;1;13;3;2;6;11;1;5;3;14;23;16;17;25;14;14;12;16;15;17;17;24;12;5;6
210;10918;St.Gallen Gallusst./Webergasse;30.07.2018;Montag;1;4;2;3;0;3;15;34;64;57;58;68;89;35;67;46;51;56;53;51;18;21;18;6;10
211;10918;St.Gallen Gallusst./Webergasse;31.07.2018;Dienstag;1;3;3;4;2;4;13;43;96;81;73;89;72;48;52;51;51;58;60;47;38;26;15;13;13
212;10918;St.Gallen Gallusst./Webergasse;01.08.2018;Mittwoch;1;10;5;9;3;1;0;12;11;9;31;19;31;18;8;10;17;21;28;17;26;32;27;9;7
213;10918;St.Gallen Gallusst./Webergasse;02.08.2018;Donnerstag;1;6;1;1;3;0;13;35;90;81;73;65;67;38;65;60;56;54;66;48;26;23;19;15;11
214;10918;St.Gallen Gallusst./Webergasse;03.08.2018;Freitag;1;8;1;2;3;4;7;48;87;79;64;83;89;49;57;56;50;55;70;42;32;16;17;14;21
215;10918;St.Gallen Gallusst./Webergasse;04.08.2018;Samstag;1;4;6;7;6;3;27;63;42;44;34;40;43;31;46;51;74;53;50;47;26;22;12;22;32
216;10918;St.Gallen Gallusst./Webergasse;05.08.2018;Sonntag;1;15;8;6;0;4;7;5;9;17;23;14;14;28;11;22;20;12;22;21;18;18;11;8;11
217;10918;St.Gallen Gallusst./Webergasse;06.08.2018;Montag;1;9;1;3;0;2;10;47;76;75;76;92;70;56;56;73;67;71;88;55;30;23;15;13;9
218;10918;St.Gallen Gallusst./Webergasse;07.08.2018;Dienstag;1;0;4;1;0;3;14;55;108;90;82;71;77;59;91;83;69;72;80;62;29;15;16;20;14
219;10918;St.Gallen Gallusst./Webergasse;08.08.2018;Mittwoch;1;1;2;3;2;3;17;52;94;91;96;99;98;72;77;73;60;78;80;58;43;21;22;8;9
220;10918;St.Gallen Gallusst./Webergasse;09.08.2018;Donnerstag;1;3;6;1;6;2;16;51;88;82;91;90;67;49;75;77;75;80;98;63;30;28;21;18;17
221;10918;St.Gallen Gallusst./Webergasse;10.08.2018;Freitag;1;9;4;2;3;3;13;51;100;96;81;107;96;54;74;76;70;74;79;46;26;15;18;15;12
222;10918;St.Gallen Gallusst./Webergasse;11.08.2018;Samstag;1;14;9;8;2;4;6;11;22;39;50;40;55;51;51;43;56;46;44;34;25;17;17;19;19
223;10918;St.Gallen Gallusst./Webergasse;12.08.2018;Sonntag;1;9;7;7;3;6;0;6;13;16;26;23;33;24;23;20;24;18;28;27;30;12;16;8;7
224;10918;St.Gallen Gallusst./Webergasse;13.08.2018;Montag;1;1;1;2;0;2;13;54;100;84;81;81;82;53;85;67;66;69;91;57;28;34;17;13;16
225;10918;St.Gallen Gallusst./Webergasse;14.08.2018;Dienstag;1;4;2;0;0;3;16;57;105;94;91;99;99;57;85;88;87;80;94;85;55;14;22;20;8
226;10918;St.Gallen Gallusst./Webergasse;15.08.2018;Mittwoch;1;2;3;2;0;5;18;63;118;117;82;111;82;78;104;77;75;71;92;91;53;34;26;12;17
227;10918;St.Gallen Gallusst./Webergasse;16.08.2018;Donnerstag;1;2;1;1;4;0;15;51;109;113;81;103;98;54;97;81;95;93;112;91;37;29;30;17;11
228;10918;St.Gallen Gallusst./Webergasse;17.08.2018;Freitag;1;8;4;2;1;3;19;50;100;110;116;113;94;56;70;66;80;70;46;32;21;12;18;12;12
229;10918;St.Gallen Gallusst./Webergasse;18.08.2018;Samstag;1;12;12;9;9;6;18;21;19;30;43;54;53;27;34;29;27;32;19;25;16;12;12;13;10
230;10918;St.Gallen Gallusst./Webergasse;19.08.2018;Sonntag;1;11;16;36;25;15;17;13;19;29;24;17;27;16;20;30;22;22;21;28;31;19;13;8;6
231;10918;St.Gallen Gallusst./Webergasse;20.08.2018;Montag;1;6;2;3;0;1;20;45;107;89;82;92;93;69;84;67;84;78;94;63;30;36;22;5;7
232;10918;St.Gallen Gallusst./Webergasse;21.08.2018;Dienstag;1;2;2;2;2;4;19;44;101;94;108;89;87;62;98;78;85;82;101;76;45;33;28;39;18
233;10918;St.Gallen Gallusst./Webergasse;22.08.2018;Mittwoch;1;5;3;1;3;5;12;66;115;102;104;106;109;64;115;75;78;73;105;58;46;22;23;18;9
234;10918;St.Gallen Gallusst./Webergasse;23.08.2018;Donnerstag;1;10;2;7;3;1;18;49;87;118;108;92;116;49;89;84;78;79;114;90;47;40;24;16;12
235;10918;St.Gallen Gallusst./Webergasse;24.08.2018;Freitag;1;8;4;1;1;3;12;50;100;100;97;101;95;61;85;85;66;85;69;66;49;30;27;19;16
236;10918;St.Gallen Gallusst./Webergasse;25.08.2018;Samstag;1;5;13;2;2;1;11;20;27;42;54;62;47;56;52;53;48;33;33;42;23;19;18;11;14
237;10918;St.Gallen Gallusst./Webergasse;26.08.2018;Sonntag;1;13;7;3;3;8;1;6;9;8;19;21;20;20;17;28;22;17;26;20;28;29;19;10;3
238;10918;St.Gallen Gallusst./Webergasse;27.08.2018;Montag;1;3;4;0;2;2;8;62;100;79;78;102;56;57;81;65;75;88;81;62;30;24;12;19;11
239;10918;St.Gallen Gallusst./Webergasse;28.08.2018;Dienstag;1;3;0;1;4;6;12;44;120;84;98;86;113;61;107;79;83;98;106;83;34;32;20;18;12
240;10918;St.Gallen Gallusst./Webergasse;29.08.2018;Mittwoch;1;7;4;1;1;3;14;58;92;86;89;102;107;68;101;66;77;95;79;117;56;26;19;13;14
241;10918;St.Gallen Gallusst./Webergasse;30.08.2018;Donnerstag;1;2;4;2;2;1;14;50;98;109;98;113;111;64;103;80;89;91;92;76;44;43;31;21;11
242;10918;St.Gallen Gallusst./Webergasse;31.08.2018;Freitag;1;5;5;1;4;3;15;45;106;92;101;126;106;59;93;78;67;92;93;82;62;39;22;20;20
243;10918;St.Gallen Gallusst./Webergasse;01.09.2018;Samstag;1;7;13;11;4;4;13;22;31;47;39;64;61;36;45;46;45;63;47;31;21;14;23;22;15
244;10918;St.Gallen Gallusst./Webergasse;02.09.2018;Sonntag;1;11;15;3;12;7;3;13;8;19;28;35;30;21;20;28;24;39;34;28;26;13;11;0;4
245;10918;St.Gallen Gallusst./Webergasse;03.09.2018;Montag;1;8;3;2;0;3;16;40;102;98;88;83;81;56;67;82;77;76;81;82;51;35;20;17;8
246;10918;St.Gallen Gallusst./Webergasse;04.09.2018;Dienstag;1;6;1;2;4;0;16;44;104;98;76;99;94;68;92;77;74;77;87;73;49;36;25;19;6
247;10918;St.Gallen Gallusst./Webergasse;05.09.2018;Mittwoch;1;5;3;2;3;1;13;56;89;108;77;94;84;63;85;75;71;71;72;63;51;25;15;16;13
248;10918;St.Gallen Gallusst./Webergasse;06.09.2018;Donnerstag;1;6;6;4;2;3;17;49;99;100;105;118;91;52;104;51;72;85;94;49;48;21;37;20;12
249;10918;St.Gallen Gallusst./Webergasse;07.09.2018;Freitag;1;7;8;1;1;1;10;49;108;115;116;119;106;53;67;70;79;73;79;65;49;26;19;20;16
250;10918;St.Gallen Gallusst./Webergasse;08.09.2018;Samstag;1;9;11;5;2;6;11;23;23;59;65;53;55;51;62;40;37;50;43;43;30;41;37;27;25
251;10918;St.Gallen Gallusst./Webergasse;09.09.2018;Sonntag;1;25;17;8;1;5;7;7;7;19;18;29;31;20;25;21;27;17;28;21;30;31;9;7;6
252;10918;St.Gallen Gallusst./Webergasse;10.09.2018;Montag;1;4;1;0;1;1;8;52;76;71;77;80;70;58;99;89;63;76;76;68;44;24;22;11;10
253;10918;St.Gallen Gallusst./Webergasse;11.09.2018;Dienstag;1;5;2;0;3;0;16;58;93;90;86;94;115;50;95;89;78;103;99;90;35;31;26;23;11
254;10918;St.Gallen Gallusst./Webergasse;12.09.2018;Mittwoch;1;1;4;0;6;5;12;50;106;86;80;96;90;56;100;61;85;94;80;78;43;29;21;20;13
255;10918;St.Gallen Gallusst./Webergasse;13.09.2018;Donnerstag;1;8;3;2;3;4;18;49;111;122;86;101;92;48;86;69;76;77;94;82;55;32;35;24;13
256;10918;St.Gallen Gallusst./Webergasse;14.09.2018;Freitag;1;7;3;3;1;4;11;50;112;108;97;85;91;60;76;78;82;80;73;44;46;22;10;20;16
257;10918;St.Gallen Gallusst./Webergasse;15.09.2018;Samstag;1;11;7;8;8;4;8;21;27;36;35;43;59;40;58;50;44;47;53;36;25;14;17;14;15
258;10918;St.Gallen Gallusst./Webergasse;16.09.2018;Sonntag;1;11;10;9;4;6;4;9;12;15;20;18;29;25;20;22;40;32;24;18;22;16;14;10;3
259;10918;St.Gallen Gallusst./Webergasse;17.09.2018;Montag;1;7;2;1;0;2;9;55;80;65;66;63;82;47;73;70;56;63;98;73;50;28;18;13;4
260;10918;St.Gallen Gallusst./Webergasse;18.09.2018;Dienstag;1;8;0;0;6;0;17;51;114;113;84;98;89;56;104;65;74;89;88;63;46;36;27;20;10
261;10918;St.Gallen Gallusst./Webergasse;19.09.2018;Mittwoch;1;5;3;0;0;2;14;61;104;112;84;85;85;59;107;80;65;82;92;76;38;35;15;17;9
262;10918;St.Gallen Gallusst./Webergasse;20.09.2018;Donnerstag;1;8;3;2;4;0;7;54;89;98;101;104;91;51;72;56;76;78;107;66;49;31;24;24;13
263;10918;St.Gallen Gallusst./Webergasse;21.09.2018;Freitag;1;5;0;3;2;2;11;56;87;88;88;76;97;49;77;78;84;77;78;61;41;37;31;16;26
264;10918;St.Gallen Gallusst./Webergasse;22.09.2018;Samstag;1;12;7;3;6;5;5;21;32;53;56;46;56;57;46;45;48;40;44;40;25;28;22;17;17
265;10918;St.Gallen Gallusst./Webergasse;23.09.2018;Sonntag;1;10;12;9;2;5;1;10;12;19;18;23;22;28;17;25;18;30;19;16;21;31;13;11;4
266;10918;St.Gallen Gallusst./Webergasse;24.09.2018;Montag;1;1;3;2;2;3;13;59;75;91;81;82;71;60;98;67;79;90;120;79;37;34;18;13;6
267;10918;St.Gallen Gallusst./Webergasse;25.09.2018;Dienstag;1;6;2;0;2;1;15;51;118;106;102;98;94;57;98;76;95;88;104;78;43;34;29;22;7
268;10918;St.Gallen Gallusst./Webergasse;26.09.2018;Mittwoch;1;4;5;4;2;0;16;58;116;117;87;106;104;71;108;88;69;94;126;72;42;39;44;25;10
269;10918;St.Gallen Gallusst./Webergasse;27.09.2018;Donnerstag;1;3;8;3;2;1;16;47;107;106;93;114;106;64;74;95;67;91;91;95;45;40;38;32;12
270;10918;St.Gallen Gallusst./Webergasse;28.09.2018;Freitag;1;5;2;2;2;4;11;56;116;112;109;116;105;59;95;79;73;83;84;63;43;27;17;24;17
271;10918;St.Gallen Gallusst./Webergasse;29.09.2018;Samstag;1;12;12;6;11;6;12;23;26;53;64;49;64;60;54;46;47;44;58;40;42;26;14;28;15
272;10918;St.Gallen Gallusst./Webergasse;30.09.2018;Sonntag;1;8;9;6;5;4;6;9;7;21;27;22;19;26;18;32;34;27;23;25;22;19;11;21;4
273;10918;St.Gallen Gallusst./Webergasse;01.10.2018;Montag;1;4;4;0;2;4;8;40;68;72;84;83;74;46;61;72;57;55;61;40;37;26;16;16;7
274;10918;St.Gallen Gallusst./Webergasse;02.10.2018;Dienstag;1;9;5;7;4;3;12;42;99;85;91;84;96;51;81;62;62;77;69;53;24;20;22;12;10
275;10918;St.Gallen Gallusst./Webergasse;03.10.2018;Mittwoch;1;5;2;2;3;0;7;49;93;88;87;79;91;72;60;67;68;61;72;51;53;23;19;22;9
276;10918;St.Gallen Gallusst./Webergasse;04.10.2018;Donnerstag;1;7;6;4;4;1;11;43;88;72;76;86;89;52;73;75;55;79;65;55;54;27;18;13;8
277;10918;St.Gallen Gallusst./Webergasse;05.10.2018;Freitag;1;4;1;2;0;4;12;37;73;74;75;71;82;71;70;63;72;61;70;44;47;24;18;20;13
278;10918;St.Gallen Gallusst./Webergasse;06.10.2018;Samstag;1;9;11;4;5;7;23;86;58;39;42;45;48;31;39;42;52;82;89;42;13;22;12;23;13
279;10918;St.Gallen Gallusst./Webergasse;07.10.2018;Sonntag;1;6;11;5;5;4;4;9;12;13;19;27;24;27;19;21;10;30;33;19;14;19;15;6;6
280;10918;St.Gallen Gallusst./Webergasse;08.10.2018;Montag;1;0;2;1;0;3;11;35;81;93;60;86;84;51;81;84;66;88;63;48;35;23;18;12;5
281;10918;St.Gallen Gallusst./Webergasse;09.10.2018;Dienstag;1;5;4;3;3;3;16;41;92;95;92;83;83;45;60;59;60;94;61;50;40;22;19;8;8
282;10918;St.Gallen Gallusst./Webergasse;10.10.2018;Mittwoch;1;2;4;3;1;3;7;41;98;96;83;84;75;45;67;58;60;72;71;58;36;20;21;21;11
283;10918;St.Gallen Gallusst./Webergasse;11.10.2018;Donnerstag;1;6;7;5;3;1;16;46;75;87;77;78;86;48;69;66;58;84;45;51;42;25;17;20;14
284;10918;St.Gallen Gallusst./Webergasse;12.10.2018;Freitag;1;3;3;4;7;1;11;43;75;97;83;94;86;56;68;55;61;67;70;53;30;19;24;19;19
285;10918;St.Gallen Gallusst./Webergasse;13.10.2018;Samstag;1;8;3;6;8;2;14;12;25;49;61;87;70;37;39;46;33;43;45;28;21;24;15;14;14
286;10918;St.Gallen Gallusst./Webergasse;14.10.2018;Sonntag;1;9;14;7;7;9;10;9;12;14;19;33;24;28;27;31;39;25;28;38;22;19;19;9;4
287;10918;St.Gallen Gallusst./Webergasse;15.10.2018;Montag;1;3;2;3;0;1;8;35;68;83;81;68;64;58;67;67;68;74;59;52;36;21;14;11;7
288;10918;St.Gallen Gallusst./Webergasse;16.10.2018;Dienstag;1;5;3;3;7;2;20;36;87;88;88;96;82;47;73;71;77;63;76;51;26;29;13;15;12
289;10918;St.Gallen Gallusst./Webergasse;17.10.2018;Mittwoch;1;11;3;4;5;2;13;43;96;99;75;86;81;61;78;77;66;79;64;70;30;29;20;18;13
290;10918;St.Gallen Gallusst./Webergasse;18.10.2018;Donnerstag;1;2;2;2;6;2;13;40;84;93;81;77;68;49;91;74;69;86;76;43;26;38;21;13;11
291;10918;St.Gallen Gallusst./Webergasse;19.10.2018;Freitag;1;4;5;8;6;2;11;41;89;97;89;96;93;59;75;76;53;68;71;53;42;28;20;24;10
292;10918;St.Gallen Gallusst./Webergasse;20.10.2018;Samstag;1;11;12;9;5;6;9;12;24;55;57;45;44;45;32;54;48;33;43;28;30;28;18;16;22
293;10918;St.Gallen Gallusst./Webergasse;21.10.2018;Sonntag;1;17;17;9;13;2;8;7;5;17;23;22;27;33;34;37;31;30;33;24;29;23;19;5;4
294;10918;St.Gallen Gallusst./Webergasse;22.10.2018;Montag;1;5;1;4;3;4;10;47;106;106;74;67;88;40;74;50;72;65;84;53;32;22;28;15;3
295;10918;St.Gallen Gallusst./Webergasse;23.10.2018;Dienstag;1;4;0;3;4;3;11;48;99;86;106;82;109;48;101;65;74;79;76;61;43;31;35;16;5
296;10918;St.Gallen Gallusst./Webergasse;24.10.2018;Mittwoch;1;5;5;3;7;4;7;54;97;100;91;93;106;60;79;77;86;75;77;63;40;28;24;17;7
297;10918;St.Gallen Gallusst./Webergasse;25.10.2018;Donnerstag;1;6;3;2;6;5;11;43;88;94;91;96;84;65;83;75;74;76;96;87;50;36;31;22;10
298;10918;St.Gallen Gallusst./Webergasse;26.10.2018;Freitag;1;6;6;4;2;6;9;62;96;101;105;102;92;54;80;65;69;79;93;50;41;23;16;15;18
299;10918;St.Gallen Gallusst./Webergasse;27.10.2018;Samstag;1;12;7;9;6;8;5;22;38;62;62;53;61;56;50;56;56;59;62;33;23;15;17;19;18
300;10918;St.Gallen Gallusst./Webergasse;28.10.2018;Sonntag;1;7;22;7;3;1;9;7;13;17;21;61;22;32;52;27;22;28;29;29;38;33;15;7;8
301;10918;St.Gallen Gallusst./Webergasse;29.10.2018;Montag;1;5;4;2;3;1;9;35;79;82;69;77;79;62;74;78;69;100;82;51;46;42;13;18;20
302;10918;St.Gallen Gallusst./Webergasse;30.10.2018;Dienstag;1;1;1;2;4;1;11;45;101;101;98;98;86;54;90;63;71;82;88;80;36;31;28;13;7
303;10918;St.Gallen Gallusst./Webergasse;31.10.2018;Mittwoch;1;5;3;1;2;3;6;42;125;120;82;102;106;68;101;81;86;74;89;61;38;30;20;17;13
304;10918;St.Gallen Gallusst./Webergasse;01.11.2018;Donnerstag;1;7;8;5;0;4;2;16;10;23;25;28;16;30;26;24;28;18;30;27;27;10;7;4;8
305;10918;St.Gallen Gallusst./Webergasse;02.11.2018;Freitag;1;4;1;0;2;4;7;36;63;71;78;100;88;57;56;79;69;87;63;52;63;28;21;17;15
306;10918;St.Gallen Gallusst./Webergasse;03.11.2018;Samstag;1;15;12;7;7;6;27;50;58;48;58;55;65;38;50;47;70;94;63;38;29;21;15;14;13
307;10918;St.Gallen Gallusst./Webergasse;04.11.2018;Sonntag;1;13;4;6;3;8;5;7;7;16;32;23;25;23;20;28;35;40;31;29;29;21;14;6;3
308;10918;St.Gallen Gallusst./Webergasse;05.11.2018;Montag;1;1;2;1;0;1;13;39;83;67;70;65;84;52;91;60;64;66;75;63;36;21;22;21;12
309;10918;St.Gallen Gallusst./Webergasse;06.11.2018;Dienstag;1;2;4;2;2;4;16;45;102;95;82;100;84;75;93;45;101;91;81;70;43;31;23;20;17
310;10918;St.Gallen Gallusst./Webergasse;07.11.2018;Mittwoch;1;4;4;3;2;1;14;47;101;103;72;100;108;47;100;75;70;89;83;70;51;35;30;16;13
311;10918;St.Gallen Gallusst./Webergasse;08.11.2018;Donnerstag;1;4;5;3;0;4;20;42;66;87;100;98;89;54;72;83;66;80;94;80;45;20;35;16;13
312;10918;St.Gallen Gallusst./Webergasse;09.11.2018;Freitag;1;5;4;4;0;1;11;54;86;112;94;93;95;65;84;67;74;89;77;73;52;22;27;24;17
313;10918;St.Gallen Gallusst./Webergasse;10.11.2018;Samstag;1;14;14;4;5;5;9;15;18;67;45;40;51;41;34;55;54;53;44;41;40;17;19;18;12
314;10918;St.Gallen Gallusst./Webergasse;11.11.2018;Sonntag;1;6;10;4;5;3;4;5;9;12;23;24;27;24;24;25;30;22;27;21;20;26;12;3;4
315;10918;St.Gallen Gallusst./Webergasse;12.11.2018;Montag;1;6;2;1;5;3;10;37;82;89;65;86;70;43;74;80;62;98;81;61;55;32;16;12;10
316;10918;St.Gallen Gallusst./Webergasse;13.11.2018;Dienstag;1;6;6;5;4;3;12;47;92;101;85;82;109;50;92;65;69;71;82;64;52;19;18;18;11
317;10918;St.Gallen Gallusst./Webergasse;14.11.2018;Mittwoch;1;6;2;3;0;1;14;43;85;90;94;105;85;57;62;64;69;73;84;71;48;33;27;27;12
318;10918;St.Gallen Gallusst./Webergasse;15.11.2018;Donnerstag;1;6;4;1;4;6;8;41;69;84;87;83;83;42;83;64;83;91;94;84;45;36;30;21;18
319;10918;St.Gallen Gallusst./Webergasse;16.11.2018;Freitag;1;3;4;1;0;1;11;45;93;84;98;95;103;61;64;64;69;87;90;72;46;31;17;22;21
320;10918;St.Gallen Gallusst./Webergasse;17.11.2018;Samstag;1;12;10;13;9;2;7;18;22;32;54;50;55;39;39;52;42;52;47;31;20;25;15;19;17
321;10918;St.Gallen Gallusst./Webergasse;18.11.2018;Sonntag;1;15;10;4;5;4;4;9;10;15;23;20;37;35;26;30;29;27;43;18;22;21;10;9;10
322;10918;St.Gallen Gallusst./Webergasse;19.11.2018;Montag;1;1;2;3;3;1;7;31;87;79;83;84;77;36;74;62;73;81;60;44;30;18;21;13;7
323;10918;St.Gallen Gallusst./Webergasse;20.11.2018;Dienstag;1;3;3;15;5;7;21;46;94;89;87;92;101;63;102;90;94;76;70;69;40;23;22;13;15
324;10918;St.Gallen Gallusst./Webergasse;21.11.2018;Mittwoch;1;6;2;2;1;3;13;42;79;90;92;112;101;54;81;70;72;81;77;68;40;15;31;20;22
325;10918;St.Gallen Gallusst./Webergasse;22.11.2018;Donnerstag;1;9;4;1;1;2;9;40;72;78;97;99;84;53;90;69;64;86;105;69;37;33;33;25;17
326;10918;St.Gallen Gallusst./Webergasse;23.11.2018;Freitag;1;11;3;3;5;4;17;40;85;67;78;98;92;57;75;72;62;87;70;56;48;35;26;14;22
327;10918;St.Gallen Gallusst./Webergasse;24.11.2018;Samstag;1;11;9;8;5;4;11;11;12;47;63;67;58;46;45;49;40;37;58;53;30;23;20;20;16
328;10918;St.Gallen Gallusst./Webergasse;25.11.2018;Sonntag;1;24;11;15;10;3;6;10;15;17;26;22;26;35;25;30;26;19;36;21;20;22;12;4;4
329;10918;St.Gallen Gallusst./Webergasse;26.11.2018;Montag;1;2;2;2;2;1;8;38;70;84;82;84;89;49;83;68;69;81;69;55;28;19;16;11;4
330;10918;St.Gallen Gallusst./Webergasse;27.11.2018;Dienstag;1;8;2;2;4;3;16;44;81;81;98;111;79;65;88;61;80;75;85;58;44;25;20;19;12
331;10918;St.Gallen Gallusst./Webergasse;28.11.2018;Mittwoch;1;3;0;3;2;1;12;52;88;75;76;95;87;62;89;87;75;81;77;81;51;31;21;19;14
332;10918;St.Gallen Gallusst./Webergasse;29.11.2018;Donnerstag;1;7;2;7;2;3;22;41;78;76;88;97;85;49;70;70;73;90;81;59;53;32;34;16;21
333;10918;St.Gallen Gallusst./Webergasse;30.11.2018;Freitag;1;5;6;0;1;8;7;48;93;102;99;103;102;66;118;97;112;96;90;63;36;25;32;22;26
334;10918;St.Gallen Gallusst./Webergasse;01.12.2018;Samstag;1;18;14;6;6;3;22;62;97;72;57;45;33;24;26;24;21;40;106;64;39;19;23;26;15
335;10918;St.Gallen Gallusst./Webergasse;02.12.2018;Sonntag;1;13;9;20;6;3;6;8;18;16;34;29;26;30;33;22;35;34;38;22;32;31;20;3;5
336;10918;St.Gallen Gallusst./Webergasse;03.12.2018;Montag;1;10;4;1;0;2;13;34;95;79;87;86;90;54;86;68;76;84;87;63;39;32;19;19;6
337;10918;St.Gallen Gallusst./Webergasse;04.12.2018;Dienstag;1;2;1;4;3;5;21;49;80;81;85;92;112;61;78;63;100;83;107;69;47;29;24;8;19
338;10918;St.Gallen Gallusst./Webergasse;05.12.2018;Mittwoch;1;6;5;6;1;0;9;54;94;90;91;97;82;47;89;86;68;76;103;96;41;27;21;21;24
339;10918;St.Gallen Gallusst./Webergasse;06.12.2018;Donnerstag;1;5;5;4;1;2;17;44;91;103;98;100;91;65;82;78;78;102;83;70;57;28;28;24;13
340;10918;St.Gallen Gallusst./Webergasse;07.12.2018;Freitag;1;11;3;1;4;5;16;46;109;98;121;114;110;44;101;93;81;91;85;64;54;22;20;25;36
341;10918;St.Gallen Gallusst./Webergasse;08.12.2018;Samstag;1;24;21;8;5;8;15;39;78;59;46;42;43;32;22;27;36;59;84;59;18;21;22;16;21
342;10918;St.Gallen Gallusst./Webergasse;09.12.2018;Sonntag;1;12;12;13;4;5;6;12;12;25;16;28;37;29;30;24;28;44;29;24;29;22;15;10;11
343;10918;St.Gallen Gallusst./Webergasse;10.12.2018;Montag;1;3;1;1;1;2;10;46;95;75;85;95;80;53;88;85;84;73;71;51;30;16;29;18;8
344;10918;St.Gallen Gallusst./Webergasse;11.12.2018;Dienstag;1;5;4;4;1;4;23;66;94;96;93;93;107;49;101;66;73;85;69;61;44;23;16;23;16
345;10918;St.Gallen Gallusst./Webergasse;12.12.2018;Mittwoch;1;7;4;1;4;3;11;50;99;109;108;110;111;53;101;102;87;91;86;50;42;20;21;20;15
346;10918;St.Gallen Gallusst./Webergasse;13.12.2018;Donnerstag;1;7;3;1;5;5;15;48;90;82;82;107;107;70;76;72;85;74;94;83;56;31;29;25;15
347;10918;St.Gallen Gallusst./Webergasse;14.12.2018;Freitag;1;10;6;3;1;3;8;51;83;99;92;125;120;67;90;93;92;86;83;66;52;23;19;24;14
348;10918;St.Gallen Gallusst./Webergasse;15.12.2018;Samstag;1;24;16;10;12;4;11;21;21;50;59;54;50;53;76;47;44;39;47;45;45;19;21;18;15
349;10918;St.Gallen Gallusst./Webergasse;16.12.2018;Sonntag;1;19;12;3;5;2;10;17;20;12;32;30;43;26;36;24;22;18;39;27;34;26;10;8;7
350;10918;St.Gallen Gallusst./Webergasse;17.12.2018;Montag;1;4;3;4;1;2;14;50;96;105;77;94;98;74;80;95;87;88;72;55;48;29;20;16;12
351;10918;St.Gallen Gallusst./Webergasse;18.12.2018;Dienstag;1;4;4;1;3;4;17;63;93;94;94;116;100;49;107;89;68;71;92;59;45;20;18;20;11
352;10918;St.Gallen Gallusst./Webergasse;19.12.2018;Mittwoch;1;8;3;3;3;3;13;56;92;108;96;119;114;79;91;87;89;94;91;65;39;29;15;20;15
353;10918;St.Gallen Gallusst./Webergasse;20.12.2018;Donnerstag;1;4;6;2;6;1;9;39;82;102;104;112;83;73;96;80;106;80;89;78;59;36;39;17;18
354;10918;St.Gallen Gallusst./Webergasse;21.12.2018;Freitag;1;12;10;2;3;4;26;47;92;109;112;116;109;65;97;85;93;84;70;61;43;25;26;22;23
355;10918;St.Gallen Gallusst./Webergasse;22.12.2018;Samstag;1;18;10;4;11;6;10;15;26;54;60;58;52;50;34;55;33;40;50;31;31;14;14;12;20
356;10918;St.Gallen Gallusst./Webergasse;23.12.2018;Sonntag;1;10;8;1;4;2;6;8;7;11;26;18;38;22;28;22;24;19;30;18;16;8;15;6;8
357;10918;St.Gallen Gallusst./Webergasse;24.12.2018;Montag;1;2;1;3;3;3;7;31;43;49;65;85;68;50;55;69;55;66;39;34;15;7;22;57;27
358;10918;St.Gallen Gallusst./Webergasse;25.12.2018;Dienstag;1;29;9;6;8;3;3;3;4;13;23;26;21;27;25;26;32;16;27;17;18;11;12;11;10
359;10918;St.Gallen Gallusst./Webergasse;26.12.2018;Mittwoch;1;15;4;3;2;3;3;7;4;7;9;29;17;29;34;27;21;24;36;16;10;12;14;7;10
360;10918;St.Gallen Gallusst./Webergasse;27.12.2018;Donnerstag;1;4;5;2;0;2;17;32;36;64;63;63;58;44;39;53;77;62;54;40;27;22;18;10;9
361;10918;St.Gallen Gallusst./Webergasse;28.12.2018;Freitag;1;3;3;3;3;5;9;31;51;56;66;70;61;43;43;60;66;63;35;67;34;28;14;12;10
362;10918;St.Gallen Gallusst./Webergasse;29.12.2018;Samstag;1;10;7;3;7;3;9;13;15;31;42;43;38;26;29;35;41;42;33;38;13;17;14;5;14
363;10918;St.Gallen Gallusst./Webergasse;30.12.2018;Sonntag;1;6;6;6;3;3;2;7;5;5;18;21;22;17;20;17;14;15;19;17;14;20;11;16;1
364;10918;St.Gallen Gallusst./Webergasse;31.12.2018;Montag;1;0;2;2;2;1;5;21;37;45;61;63;64;54;47;44;68;36;31;34;32;24;13;25;21
