LNR;ORT-ID;BEZEICHNUNG;DATUM;WOCHENTAG;RI;1;2;3;4;5;6;7;8;9;10;11;12;13;14;15;16;17;18;19;20;21;22;23;24
0;10929;St.Gallen Stadt Grossackers. 1;20.08.2018;Montag;1;0;0;0;1;5;13;26;56;39;27;35;38;54;38;27;44;40;68;54;42;27;16;4;16
1;10929;St.Gallen Stadt Grossackers. 1;20.08.2018;Montag;2;12;3;1;2;9;13;71;157;94;75;80;103;104;85;81;89;113;161;140;87;64;51;29;22
2;10929;St.Gallen Stadt Grossackers. 1;21.08.2018;Dienstag;1;6;2;0;2;7;22;32;47;37;26;40;32;23;22;24;41;49;50;31;35;26;19;11;16
3;10929;St.Gallen Stadt Grossackers. 1;21.08.2018;Dienstag;2;7;9;1;2;10;17;81;148;107;75;93;96;95;123;96;104;137;140;122;76;44;68;30;27
4;10929;St.Gallen Stadt Grossackers. 1;22.08.2018;Mittwoch;1;1;0;1;0;8;14;34;39;44;36;26;55;33;44;32;34;57;52;41;28;17;13;19;3
5;10929;St.Gallen Stadt Grossackers. 1;22.08.2018;Mittwoch;2;6;1;1;2;8;17;74;157;101;89;82;123;95;99;86;94;116;165;137;66;62;58;40;25
6;10929;St.Gallen Stadt Grossackers. 1;23.08.2018;Donnerstag;1;4;1;3;0;5;16;24;53;36;35;30;41;32;31;30;38;49;51;39;30;24;16;23;4
7;10929;St.Gallen Stadt Grossackers. 1;23.08.2018;Donnerstag;2;18;3;3;1;11;13;74;153;94;77;89;113;98;101;82;117;126;169;133;98;66;52;44;16
8;10929;St.Gallen Stadt Grossackers. 1;24.08.2018;Freitag;1;5;1;0;1;3;15;32;39;47;35;20;35;33;32;23;46;45;38;38;28;16;16;10;10
9;10929;St.Gallen Stadt Grossackers. 1;24.08.2018;Freitag;2;10;4;1;3;7;17;79;143;105;77;88;123;115;111;95;95;117;151;120;69;54;48;33;23
10;10929;St.Gallen Stadt Grossackers. 1;25.08.2018;Samstag;1;4;5;3;1;4;5;12;10;26;26;20;28;42;32;30;24;25;24;12;10;12;13;19;5
11;10929;St.Gallen Stadt Grossackers. 1;25.08.2018;Samstag;2;14;12;8;4;12;6;25;31;61;63;80;105;105;71;69;82;104;76;54;42;48;40;33;33
12;10929;St.Gallen Stadt Grossackers. 1;26.08.2018;Sonntag;1;7;2;4;1;2;3;5;6;8;16;16;30;25;19;17;16;22;20;16;14;14;13;5;5
13;10929;St.Gallen Stadt Grossackers. 1;26.08.2018;Sonntag;2;17;8;9;5;12;5;10;18;17;60;40;58;64;75;59;60;62;68;68;56;73;40;32;10
14;10929;St.Gallen Stadt Grossackers. 1;27.08.2018;Montag;1;1;0;0;0;4;8;22;40;33;44;22;36;32;29;22;31;38;46;40;30;14;13;8;3
15;10929;St.Gallen Stadt Grossackers. 1;27.08.2018;Montag;2;7;2;1;2;6;7;71;154;128;63;73;87;80;107;85;91;124;132;112;64;50;46;29;23
16;10929;St.Gallen Stadt Grossackers. 1;28.08.2018;Dienstag;1;1;0;1;0;4;8;28;38;34;22;37;33;35;36;28;43;41;58;30;25;10;14;5;5
17;10929;St.Gallen Stadt Grossackers. 1;28.08.2018;Dienstag;2;4;3;4;2;5;10;91;143;108;67;77;98;81;101;84;86;113;159;132;86;53;50;47;24
18;10929;St.Gallen Stadt Grossackers. 1;29.08.2018;Mittwoch;1;2;1;0;1;3;10;23;39;35;25;27;41;39;34;67;33;43;42;37;22;27;10;12;3
19;10929;St.Gallen Stadt Grossackers. 1;29.08.2018;Mittwoch;2;12;5;2;2;5;16;65;136;119;61;81;118;84;91;92;94;104;154;168;84;56;46;43;25
20;10929;St.Gallen Stadt Grossackers. 1;30.08.2018;Donnerstag;1;6;2;2;1;3;6;28;53;35;29;19;31;28;36;25;46;35;53;46;26;15;12;10;3
21;10929;St.Gallen Stadt Grossackers. 1;30.08.2018;Donnerstag;2;13;5;4;1;10;12;81;158;98;85;72;107;78;90;89;88;125;155;132;84;56;44;42;23
22;10929;St.Gallen Stadt Grossackers. 1;31.08.2018;Freitag;1;2;0;3;2;3;7;24;41;44;32;38;30;39;49;28;44;50;47;42;36;24;15;19;5
23;10929;St.Gallen Stadt Grossackers. 1;31.08.2018;Freitag;2;11;5;6;4;9;8;69;136;111;75;99;121;100;95;101;99;135;127;125;101;54;48;41;34
24;10929;St.Gallen Stadt Grossackers. 1;01.09.2018;Samstag;1;2;3;2;1;5;1;6;12;18;29;38;22;37;31;33;27;25;22;20;14;12;10;5;11
25;10929;St.Gallen Stadt Grossackers. 1;01.09.2018;Samstag;2;17;15;6;9;13;4;19;35;42;60;70;79;77;68;90;81;94;77;50;48;48;35;25;35
26;10929;St.Gallen Stadt Grossackers. 1;02.09.2018;Sonntag;1;8;2;5;6;2;3;8;5;3;29;18;29;24;20;19;19;26;20;18;24;27;22;10;11
27;10929;St.Gallen Stadt Grossackers. 1;02.09.2018;Sonntag;2;17;14;15;14;9;8;11;16;22;65;48;60;62;50;61;60;70;72;71;62;61;32;21;26
28;10930;St.Gallen Stadt Flurhofstr. 68;20.08.2018;Montag;1;41;4;2;2;16;25;88;228;120;103;113;114;139;122;98;106;150;233;179;109;86;70;36;31
29;10930;St.Gallen Stadt Flurhofstr. 68;21.08.2018;Dienstag;1;10;11;3;3;13;26;112;215;153;84;119;110;119;118;109;141;161;257;154;112;74;80;46;33
30;10930;St.Gallen Stadt Flurhofstr. 68;22.08.2018;Mittwoch;1;8;3;0;1;17;26;97;208;133;120;88;142;158;135;102;120;148;255;169;117;78;67;67;34
31;10930;St.Gallen Stadt Flurhofstr. 68;23.08.2018;Donnerstag;1;25;4;6;1;13;29;109;208;160;99;164;144;131;134;101;168;160;251;184;126;74;68;63;24
32;10930;St.Gallen Stadt Flurhofstr. 68;24.08.2018;Freitag;1;19;4;1;2;11;33;99;189;130;89;98;129;156;116;106;145;161;197;151;85;60;53;39;34
33;10930;St.Gallen Stadt Flurhofstr. 68;25.08.2018;Samstag;1;25;22;15;8;13;11;66;48;64;79;89;113;118;119;87;95;100;103;64;46;44;45;47;36
34;10930;St.Gallen Stadt Flurhofstr. 68;26.08.2018;Sonntag;1;26;11;13;8;9;14;23;22;31;63;57;76;102;82;66;65;78;81;93;72;82;74;47;12
35;10930;St.Gallen Stadt Flurhofstr. 68;27.08.2018;Montag;1;11;4;1;3;8;18;87;204;160;95;94;103;118;138;84;129;177;226;153;91;76;69;35;22
36;10930;St.Gallen Stadt Flurhofstr. 68;28.08.2018;Dienstag;1;10;3;3;5;8;20;96;200;160;89;100;109;140;127;95;126;155;230;177;122;58;59;53;25
37;10930;St.Gallen Stadt Flurhofstr. 68;29.08.2018;Mittwoch;1;15;3;2;2;12;22;79;200;150;110;89;144;141;124;108;135;145;225;214;101;93;55;58;27
38;10930;St.Gallen Stadt Flurhofstr. 68;30.08.2018;Donnerstag;1;16;10;5;3;10;23;107;207;146;95;93;100;118;132;113;110;130;226;175;118;80;72;53;33
39;10930;St.Gallen Stadt Flurhofstr. 68;31.08.2018;Freitag;1;17;6;7;6;9;11;92;175;147;101;131;119;127;140;110;124;170;177;162;138;81;70;52;40
40;10930;St.Gallen Stadt Flurhofstr. 68;01.09.2018;Samstag;1;24;22;8;16;13;7;32;43;55;77;89;95;78;72;102;80;102;89;67;61;48;42;28;47
41;10930;St.Gallen Stadt Flurhofstr. 68;02.09.2018;Sonntag;1;28;15;13;20;12;4;21;14;25;78;64;87;86;65;78;68;93;87;74;75;55;37;31;32
42;10931;St.Gallen Stadt St.Jakob-Str.5;01.01.2018;Montag;1;137;180;157;101;81;89;67;37;42;60;121;115;155;194;188;206;210;199;174;150;131;109;73;57
43;10931;St.Gallen Stadt St.Jakob-Str.5;01.01.2018;Montag;2;174;165;152;100;91;91;63;39;44;52;95;116;163;176;226;225;257;217;188;194;144;123;100;63
44;10931;St.Gallen Stadt St.Jakob-Str.5;02.01.2018;Dienstag;1;30;20;14;30;16;27;56;121;158;222;251;281;252;325;361;316;306;284;209;178;114;89;70;54
45;10931;St.Gallen Stadt St.Jakob-Str.5;02.01.2018;Dienstag;2;32;21;9;16;9;35;90;119;149;188;258;292;262;316;362;384;384;368;286;205;163;140;100;72
46;10931;St.Gallen Stadt St.Jakob-Str.5;03.01.2018;Mittwoch;1;35;18;20;25;23;50;147;240;264;257;274;291;253;330;333;301;314;292;246;179;151;122;83;42
47;10931;St.Gallen Stadt St.Jakob-Str.5;03.01.2018;Mittwoch;2;41;16;7;13;17;43;129;211;212;256;323;344;272;310;321;397;421;366;311;234;172;152;136;81
48;10931;St.Gallen Stadt St.Jakob-Str.5;04.01.2018;Donnerstag;1;41;34;30;24;28;58;152;258;254;244;294;279;266;343;331;344;322;334;290;238;182;123;117;80
49;10931;St.Gallen Stadt St.Jakob-Str.5;04.01.2018;Donnerstag;2;52;35;19;12;17;42;136;195;217;259;307;373;303;326;403;378;428;451;342;234;230;181;155;84
50;10931;St.Gallen Stadt St.Jakob-Str.5;05.01.2018;Freitag;1;56;32;36;34;28;58;144;249;294;295;321;331;277;391;399;357;334;357;301;221;190;155;138;122
51;10931;St.Gallen Stadt St.Jakob-Str.5;05.01.2018;Freitag;2;53;48;21;23;23;41;134;205;236;297;356;405;316;363;407;490;478;471;363;261;186;204;211;158
52;10931;St.Gallen Stadt St.Jakob-Str.5;06.01.2018;Samstag;1;111;82;82;69;53;37;45;103;159;246;347;336;343;333;335;370;314;248;221;187;167;161;177;152
53;10931;St.Gallen Stadt St.Jakob-Str.5;06.01.2018;Samstag;2;129;93;93;57;48;43;63;92;155;226;303;373;342;297;391;432;391;371;231;176;182;201;186;170
54;10931;St.Gallen Stadt St.Jakob-Str.5;07.01.2018;Sonntag;1;138;106;80;70;54;30;36;39;52;133;176;219;187;233;214;252;256;210;177;175;150;83;78;54
55;10931;St.Gallen Stadt St.Jakob-Str.5;07.01.2018;Sonntag;2;165;119;106;67;50;36;37;35;66;91;135;169;193;232;249;286;303;319;217;185;142;129;107;65
56;10931;St.Gallen Stadt St.Jakob-Str.5;08.01.2018;Montag;1;21;17;22;21;25;70;207;370;306;277;304;239;247;420;366;342;339;357;254;216;128;114;86;52
57;10931;St.Gallen Stadt St.Jakob-Str.5;08.01.2018;Montag;2;37;27;16;16;16;49;204;236;266;281;316;409;296;327;345;400;428;443;374;248;196;170;115;62
58;10931;St.Gallen Stadt St.Jakob-Str.5;09.01.2018;Dienstag;1;35;11;19;20;14;65;208;377;329;318;313;312;248;375;322;342;336;371;307;205;199;168;109;63
59;10931;St.Gallen Stadt St.Jakob-Str.5;09.01.2018;Dienstag;2;34;23;15;15;16;47;194;269;264;276;348;420;298;310;388;353;464;473;369;263;207;192;117;87
60;10931;St.Gallen Stadt St.Jakob-Str.5;10.01.2018;Mittwoch;1;35;12;24;24;20;62;219;347;322;303;298;301;227;387;377;286;358;435;331;240;167;172;93;70
61;10931;St.Gallen Stadt St.Jakob-Str.5;10.01.2018;Mittwoch;2;34;27;15;10;13;58;192;254;273;280;322;400;286;329;379;398;473;442;368;312;230;189;172;78
62;10931;St.Gallen Stadt St.Jakob-Str.5;11.01.2018;Donnerstag;1;29;27;25;29;26;67;209;343;331;306;312;299;255;379;318;324;330;417;331;266;173;147;118;69
63;10931;St.Gallen Stadt St.Jakob-Str.5;11.01.2018;Donnerstag;2;47;34;18;18;19;50;193;273;268;281;356;384;294;339;341;393;411;473;375;309;242;230;191;93
64;10931;St.Gallen Stadt St.Jakob-Str.5;12.01.2018;Freitag;1;49;28;34;28;26;64;187;345;328;280;324;329;372;387;321;371;405;367;349;265;199;192;176;154
65;10931;St.Gallen Stadt St.Jakob-Str.5;12.01.2018;Freitag;2;65;37;38;17;18;56;175;253;279;276;353;432;318;367;375;428;484;455;357;298;229;222;227;198
66;10931;St.Gallen Stadt St.Jakob-Str.5;13.01.2018;Samstag;1;112;84;81;69;60;45;76;129;215;275;313;360;370;333;359;354;314;272;250;230;161;153;181;149
67;10931;St.Gallen Stadt St.Jakob-Str.5;13.01.2018;Samstag;2;128;92;83;68;66;40;83;116;175;257;327;358;358;288;402;445;399;418;237;217;205;159;198;178
68;10931;St.Gallen Stadt St.Jakob-Str.5;14.01.2018;Sonntag;1;153;112;83;87;77;42;46;36;66;151;179;214;230;274;232;248;238;223;187;213;142;129;83;31
69;10931;St.Gallen Stadt St.Jakob-Str.5;14.01.2018;Sonntag;2;138;114;106;89;73;52;46;44;57;95;141;161;215;231;303;277;331;327;229;231;191;142;106;45
70;10931;St.Gallen Stadt St.Jakob-Str.5;15.01.2018;Montag;1;18;19;27;27;31;68;213;382;311;275;317;262;290;399;341;322;347;399;296;228;168;120;87;33
71;10931;St.Gallen Stadt St.Jakob-Str.5;15.01.2018;Montag;2;31;20;15;12;22;61;199;263;239;271;343;369;306;327;329;409;468;467;382;244;185;185;148;67
72;10931;St.Gallen Stadt St.Jakob-Str.5;16.01.2018;Dienstag;1;26;19;11;18;22;68;225;373;329;305;280;291;252;346;354;313;352;371;340;254;167;129;96;53
73;10931;St.Gallen Stadt St.Jakob-Str.5;16.01.2018;Dienstag;2;41;15;11;9;19;61;193;263;272;298;342;412;314;293;362;374;427;463;351;267;234;198;172;71
74;10931;St.Gallen Stadt St.Jakob-Str.5;17.01.2018;Mittwoch;1;28;19;20;23;25;71;219;378;318;276;284;299;270;398;335;349;329;379;322;235;162;142;83;63
75;10931;St.Gallen Stadt St.Jakob-Str.5;17.01.2018;Mittwoch;2;41;14;17;9;16;61;183;294;254;263;359;398;310;319;383;383;460;435;343;282;234;214;163;78
76;10931;St.Gallen Stadt St.Jakob-Str.5;18.01.2018;Donnerstag;1;27;20;12;19;29;75;213;345;337;303;286;289;272;341;326;329;350;418;408;285;220;175;117;64
77;10931;St.Gallen Stadt St.Jakob-Str.5;18.01.2018;Donnerstag;2;53;25;16;13;22;72;184;269;275;279;361;393;328;362;378;394;427;473;390;337;267;241;155;82
78;10931;St.Gallen Stadt St.Jakob-Str.5;19.01.2018;Freitag;1;44;28;22;25;25;69;188;339;331;345;321;347;268;384;374;336;381;407;333;272;208;187;145;142
79;10931;St.Gallen Stadt St.Jakob-Str.5;19.01.2018;Freitag;2;70;32;27;22;24;59;188;246;277;310;368;482;349;356;424;428;489;430;395;294;252;205;223;161
80;10931;St.Gallen Stadt St.Jakob-Str.5;20.01.2018;Samstag;1;110;85;87;70;62;40;67;115;225;292;340;361;359;386;379;353;311;336;246;218;163;158;164;158
81;10931;St.Gallen Stadt St.Jakob-Str.5;20.01.2018;Samstag;2;122;106;74;80;52;38;72;119;200;322;344;401;394;381;415;405;393;411;233;219;167;187;221;181
82;10931;St.Gallen Stadt St.Jakob-Str.5;21.01.2018;Sonntag;1;131;107;71;84;66;42;44;38;59;144;185;211;225;257;353;284;284;297;232;193;159;122;72;37
83;10931;St.Gallen Stadt St.Jakob-Str.5;21.01.2018;Sonntag;2;149;109;96;81;64;51;47;43;77;157;189;225;291;297;283;258;314;333;228;224;165;134;103;50
84;10931;St.Gallen Stadt St.Jakob-Str.5;22.01.2018;Montag;1;38;11;9;22;24;66;250;395;324;250;265;262;244;390;337;289;327;383;282;202;155;121;80;64
85;10931;St.Gallen Stadt St.Jakob-Str.5;22.01.2018;Montag;2;33;11;10;12;23;55;224;272;264;280;303;358;312;307;365;361;442;441;361;236;196;182;104;59
86;10931;St.Gallen Stadt St.Jakob-Str.5;23.01.2018;Dienstag;1;27;12;13;24;17;74;212;344;350;323;306;293;254;407;320;324;337;433;329;223;156;142;84;63
87;10931;St.Gallen Stadt St.Jakob-Str.5;23.01.2018;Dienstag;2;46;13;15;13;17;57;199;255;238;302;343;386;307;324;368;363;454;520;387;272;225;185;141;78
88;10931;St.Gallen Stadt St.Jakob-Str.5;24.01.2018;Mittwoch;1;25;17;12;16;18;72;213;392;383;306;315;296;265;396;369;335;333;435;331;232;175;148;94;58
89;10931;St.Gallen Stadt St.Jakob-Str.5;24.01.2018;Mittwoch;2;42;19;13;12;16;57;190;249;281;307;352;424;302;344;377;394;472;444;367;327;206;209;173;80
90;10931;St.Gallen Stadt St.Jakob-Str.5;25.01.2018;Donnerstag;1;43;21;23;27;33;74;207;364;327;318;311;276;280;355;357;371;362;443;365;309;190;194;146;69
91;10931;St.Gallen Stadt St.Jakob-Str.5;25.01.2018;Donnerstag;2;48;16;17;17;20;63;189;256;284;305;316;398;313;353;365;398;490;471;399;293;278;230;197;108
92;10931;St.Gallen Stadt St.Jakob-Str.5;26.01.2018;Freitag;1;43;33;27;36;30;82;205;352;372;336;329;328;286;398;397;380;363;345;315;260;194;173;156;145
93;10931;St.Gallen Stadt St.Jakob-Str.5;26.01.2018;Freitag;2;62;33;22;26;22;61;189;247;293;325;384;417;331;392;426;444;493;438;355;272;210;194;183;190
94;10931;St.Gallen Stadt St.Jakob-Str.5;27.01.2018;Samstag;1;112;99;69;78;53;41;60;124;203;284;347;366;308;386;390;325;306;276;229;205;196;158;184;155
95;10931;St.Gallen Stadt St.Jakob-Str.5;27.01.2018;Samstag;2;135;107;67;70;47;46;83;125;175;271;292;347;357;341;378;382;417;369;242;206;213;162;256;158
96;10931;St.Gallen Stadt St.Jakob-Str.5;28.01.2018;Sonntag;1;127;101;75;92;83;43;46;48;56;140;150;181;173;212;224;248;253;236;206;221;139;99;80;47
97;10931;St.Gallen Stadt St.Jakob-Str.5;28.01.2018;Sonntag;2;129;126;88;104;72;49;54;40;56;103;125;186;183;213;233;264;251;289;248;251;202;152;105;50
98;10931;St.Gallen Stadt St.Jakob-Str.5;29.01.2018;Montag;1;30;18;26;16;20;65;202;327;289;270;277;270;287;366;317;325;326;320;254;203;146;123;70;44
99;10931;St.Gallen Stadt St.Jakob-Str.5;29.01.2018;Montag;2;33;20;17;11;18;54;194;243;229;246;323;314;286;298;362;372;420;421;366;259;186;164;112;59
100;10931;St.Gallen Stadt St.Jakob-Str.5;30.01.2018;Dienstag;1;26;16;16;20;19;75;194;339;267;324;436;467;261;386;327;337;348;389;290;224;132;138;86;60
101;10931;St.Gallen Stadt St.Jakob-Str.5;30.01.2018;Dienstag;2;39;18;7;11;18;55;185;231;232;293;302;366;309;313;386;364;480;467;366;243;190;173;156;68
102;10931;St.Gallen Stadt St.Jakob-Str.5;31.01.2018;Mittwoch;1;38;38;32;33;32;78;213;308;286;266;287;259;279;351;348;322;309;408;306;235;146;140;101;48
103;10931;St.Gallen Stadt St.Jakob-Str.5;31.01.2018;Mittwoch;2;48;35;29;32;28;64;182;212;213;251;314;384;284;325;354;409;467;460;356;255;188;180;147;66
104;10931;St.Gallen Stadt St.Jakob-Str.5;01.02.2018;Donnerstag;1;36;19;20;24;21;73;195;290;314;289;272;262;226;341;338;318;337;442;304;244;191;139;114;71
105;10931;St.Gallen Stadt St.Jakob-Str.5;01.02.2018;Donnerstag;2;47;21;13;18;23;52;203;209;249;243;308;333;263;349;365;342;411;437;375;268;263;209;137;82
106;10931;St.Gallen Stadt St.Jakob-Str.5;02.02.2018;Freitag;1;39;30;27;28;33;77;178;320;282;301;303;315;261;353;360;307;338;340;333;227;188;188;160;129
107;10931;St.Gallen Stadt St.Jakob-Str.5;02.02.2018;Freitag;2;51;40;24;20;33;59;172;217;251;272;301;405;293;347;384;385;452;440;328;242;216;198;191;142
108;10931;St.Gallen Stadt St.Jakob-Str.5;03.02.2018;Samstag;1;102;106;56;66;49;36;51;89;186;291;348;343;342;386;417;347;281;262;228;204;163;163;181;153
109;10931;St.Gallen Stadt St.Jakob-Str.5;03.02.2018;Samstag;2;118;101;74;55;47;45;74;96;152;264;315;375;379;385;387;372;392;325;266;187;173;192;174;185
110;10931;St.Gallen Stadt St.Jakob-Str.5;04.02.2018;Sonntag;1;115;100;95;83;78;45;44;35;58;133;172;215;222;224;239;246;283;249;234;198;165;105;64;55
111;10931;St.Gallen Stadt St.Jakob-Str.5;04.02.2018;Sonntag;2;133;118;91;66;64;60;55;47;44;88;119;168;217;255;271;278;321;321;270;257;182;121;91;54
112;10931;St.Gallen Stadt St.Jakob-Str.5;05.02.2018;Montag;1;15;22;18;26;35;66;216;384;349;269;295;272;223;411;352;334;341;392;314;220;139;114;92;37
113;10931;St.Gallen Stadt St.Jakob-Str.5;05.02.2018;Montag;2;42;20;21;16;31;60;213;247;270;272;317;413;301;297;391;404;490;496;405;259;196;180;122;59
114;10931;St.Gallen Stadt St.Jakob-Str.5;06.02.2018;Dienstag;1;30;14;18;17;22;69;219;411;318;312;310;313;270;404;385;345;345;376;316;232;161;161;86;60
115;10931;St.Gallen Stadt St.Jakob-Str.5;06.02.2018;Dienstag;2;45;13;15;11;15;62;203;264;286;303;353;359;324;334;354;415;458;486;388;272;213;203;149;62
116;10931;St.Gallen Stadt St.Jakob-Str.5;07.02.2018;Mittwoch;1;27;19;13;25;25;57;216;366;352;326;329;295;280;382;353;351;313;407;323;276;167;143;119;57
117;10931;St.Gallen Stadt St.Jakob-Str.5;07.02.2018;Mittwoch;2;37;20;19;12;18;61;199;249;277;276;361;424;307;350;361;379;460;498;390;307;219;228;180;79
118;10931;St.Gallen Stadt St.Jakob-Str.5;08.02.2018;Donnerstag;1;40;27;19;24;35;87;222;341;349;331;248;286;230;337;335;283;347;418;352;246;192;163;123;83
119;10931;St.Gallen Stadt St.Jakob-Str.5;08.02.2018;Donnerstag;2;50;26;20;19;24;66;165;252;305;295;320;393;283;308;343;393;413;431;406;285;247;231;167;106
120;10931;St.Gallen Stadt St.Jakob-Str.5;09.02.2018;Freitag;1;60;37;33;27;29;79;189;346;356;329;315;306;304;376;379;354;366;372;351;265;185;156;168;122
121;10931;St.Gallen Stadt St.Jakob-Str.5;09.02.2018;Freitag;2;81;49;25;32;25;55;176;229;265;309;316;411;328;354;369;465;460;477;362;284;223;250;202;150
122;10931;St.Gallen Stadt St.Jakob-Str.5;10.02.2018;Samstag;1;107;88;81;71;55;38;68;125;217;294;345;362;378;345;373;343;328;284;241;211;171;160;180;159
123;10931;St.Gallen Stadt St.Jakob-Str.5;10.02.2018;Samstag;2;141;101;83;70;47;48;63;108;179;287;353;375;365;360;428;387;468;379;265;187;200;185;232;192
124;10931;St.Gallen Stadt St.Jakob-Str.5;11.02.2018;Sonntag;1;157;93;99;86;71;44;38;47;68;129;192;230;225;314;317;227;257;215;192;184;141;93;82;41
125;10931;St.Gallen Stadt St.Jakob-Str.5;11.02.2018;Sonntag;2;157;117;94;94;76;56;44;37;46;94;163;191;243;249;227;352;319;274;269;213;170;121;81;42
126;10931;St.Gallen Stadt St.Jakob-Str.5;12.02.2018;Montag;1;20;14;12;15;21;72;201;387;365;275;267;294;246;377;286;298;325;403;215;221;164;109;99;42
127;10931;St.Gallen Stadt St.Jakob-Str.5;12.02.2018;Montag;2;22;11;17;10;22;53;187;220;288;278;296;362;285;322;376;362;431;463;387;392;267;225;131;61
128;10931;St.Gallen Stadt St.Jakob-Str.5;13.02.2018;Dienstag;1;25;15;14;22;33;80;220;368;394;302;309;316;256;353;343;339;315;394;323;236;180;151;111;50
129;10931;St.Gallen Stadt St.Jakob-Str.5;13.02.2018;Dienstag;2;38;21;8;18;23;65;192;271;296;272;286;413;288;357;368;375;487;471;392;273;212;182;157;85
130;10931;St.Gallen Stadt St.Jakob-Str.5;14.02.2018;Mittwoch;1;28;20;12;16;27;68;214;369;328;293;334;332;294;404;329;353;359;401;333;266;182;162;113;68
131;10931;St.Gallen Stadt St.Jakob-Str.5;14.02.2018;Mittwoch;2;55;27;18;14;17;47;185;265;262;269;363;412;339;314;401;448;462;481;436;286;259;216;177;87
132;10931;St.Gallen Stadt St.Jakob-Str.5;15.02.2018;Donnerstag;1;34;22;24;28;26;70;206;339;339;295;290;294;231;359;335;292;346;403;334;233;183;171;126;60
133;10931;St.Gallen Stadt St.Jakob-Str.5;15.02.2018;Donnerstag;2;37;28;20;20;27;52;176;267;260;275;367;405;285;327;368;373;434;465;403;269;240;209;156;98
134;10931;St.Gallen Stadt St.Jakob-Str.5;16.02.2018;Freitag;1;41;24;22;26;28;76;209;337;370;323;310;358;273;375;384;335;387;397;363;254;185;191;178;139
135;10931;St.Gallen Stadt St.Jakob-Str.5;16.02.2018;Freitag;2;58;27;21;24;22;61;179;237;285;296;347;407;304;350;420;428;494;478;397;309;231;200;236;169
136;10931;St.Gallen Stadt St.Jakob-Str.5;17.02.2018;Samstag;1;101;88;90;76;68;48;61;105;247;274;322;344;361;372;355;351;310;269;260;219;186;204;172;173
137;10931;St.Gallen Stadt St.Jakob-Str.5;17.02.2018;Samstag;2;109;93;79;66;52;43;71;112;173;285;337;384;367;378;377;403;395;376;277;207;164;190;173;208
138;10931;St.Gallen Stadt St.Jakob-Str.5;18.02.2018;Sonntag;1;139;101;94;82;76;56;42;70;92;134;169;180;188;225;207;236;259;262;209;205;164;109;73;39
139;10931;St.Gallen Stadt St.Jakob-Str.5;18.02.2018;Sonntag;2;152;121;95;78;86;50;54;54;88;112;151;173;197;215;237;261;300;276;258;235;162;107;101;50
140;10931;St.Gallen Stadt St.Jakob-Str.5;19.02.2018;Montag;1;22;11;14;15;24;77;214;373;315;278;298;260;249;352;358;322;331;404;358;249;147;113;96;46
141;10931;St.Gallen Stadt St.Jakob-Str.5;19.02.2018;Montag;2;26;14;11;12;21;58;199;276;288;258;336;338;312;333;374;371;443;461;367;314;184;188;152;56
142;10931;St.Gallen Stadt St.Jakob-Str.5;20.02.2018;Dienstag;1;24;15;13;27;18;78;211;348;341;311;294;312;264;348;382;332;362;408;502;290;170;125;124;46
143;10931;St.Gallen Stadt St.Jakob-Str.5;20.02.2018;Dienstag;2;37;21;10;12;17;61;189;270;261;281;356;399;293;345;366;399;462;462;379;279;221;215;161;55
144;10931;St.Gallen Stadt St.Jakob-Str.5;21.02.2018;Mittwoch;1;25;12;16;33;35;72;223;367;443;352;313;310;265;376;367;314;332;410;311;234;168;160;105;66
145;10931;St.Gallen Stadt St.Jakob-Str.5;21.02.2018;Mittwoch;2;32;13;17;17;20;79;207;282;299;323;356;386;310;327;403;390;461;451;388;302;226;231;141;74
146;10931;St.Gallen Stadt St.Jakob-Str.5;22.02.2018;Donnerstag;1;43;28;25;46;39;84;215;340;337;355;356;315;268;366;346;346;349;472;393;240;200;166;144;56
147;10931;St.Gallen Stadt St.Jakob-Str.5;22.02.2018;Donnerstag;2;41;27;24;33;39;73;183;243;339;336;399;414;314;370;391;436;485;500;373;311;266;254;167;95
148;10931;St.Gallen Stadt St.Jakob-Str.5;23.02.2018;Freitag;1;48;30;26;21;29;90;201;350;346;333;388;357;345;384;389;378;429;482;438;338;231;223;208;180
149;10931;St.Gallen Stadt St.Jakob-Str.5;23.02.2018;Freitag;2;60;30;18;24;24;59;191;279;324;358;431;449;366;397;468;483;540;499;411;354;293;269;268;192
150;10931;St.Gallen Stadt St.Jakob-Str.5;24.02.2018;Samstag;1;109;97;88;96;74;37;82;145;244;296;366;400;347;356;399;353;330;327;273;235;209;195;219;194
151;10931;St.Gallen Stadt St.Jakob-Str.5;24.02.2018;Samstag;2;121;105;98;72;61;49;74;134;250;322;406;427;441;385;436;448;451;410;281;242;227;224;239;196
152;10931;St.Gallen Stadt St.Jakob-Str.5;25.02.2018;Sonntag;1;141;115;110;96;89;52;51;61;83;159;242;272;206;259;273;289;323;291;233;216;163;99;78;50
153;10931;St.Gallen Stadt St.Jakob-Str.5;25.02.2018;Sonntag;2;171;129;95;90;77;55;52;47;149;177;224;258;238;288;267;299;371;341;253;247;193;112;135;60
154;10931;St.Gallen Stadt St.Jakob-Str.5;26.02.2018;Montag;1;25;15;18;21;38;65;208;388;335;257;304;318;272;414;403;323;395;401;286;227;160;120;81;49
155;10931;St.Gallen Stadt St.Jakob-Str.5;26.02.2018;Montag;2;36;13;11;15;22;60;212;290;300;274;322;408;317;333;427;404;480;472;409;278;231;189;128;65
156;10931;St.Gallen Stadt St.Jakob-Str.5;27.02.2018;Dienstag;1;23;19;11;17;27;72;214;375;341;300;295;294;243;378;361;339;382;402;330;246;168;153;94;74
157;10931;St.Gallen Stadt St.Jakob-Str.5;27.02.2018;Dienstag;2;37;23;17;13;20;61;204;267;308;309;335;388;287;360;400;393;395;503;403;266;235;215;155;89
158;10931;St.Gallen Stadt St.Jakob-Str.5;28.02.2018;Mittwoch;1;31;18;17;30;31;64;221;372;367;347;309;347;279;425;399;348;384;436;338;275;156;143;128;58
159;10931;St.Gallen Stadt St.Jakob-Str.5;28.02.2018;Mittwoch;2;51;14;18;22;13;56;202;281;265;296;356;433;331;315;437;408;461;519;381;304;253;239;161;74
160;10931;St.Gallen Stadt St.Jakob-Str.5;01.03.2018;Donnerstag;1;42;24;35;34;43;66;204;350;352;329;278;285;261;361;340;343;377;357;307;268;215;174;111;69
161;10931;St.Gallen Stadt St.Jakob-Str.5;01.03.2018;Donnerstag;2;48;33;35;30;34;61;188;271;284;316;321;436;293;358;382;370;433;479;348;299;269;249;163;102
162;10931;St.Gallen Stadt St.Jakob-Str.5;02.03.2018;Freitag;1;51;24;22;20;27;73;196;329;365;366;315;334;271;387;364;337;399;396;341;259;198;188;160;137
163;10931;St.Gallen Stadt St.Jakob-Str.5;02.03.2018;Freitag;2;55;37;18;21;24;68;180;276;281;335;401;397;330;365;419;443;506;459;383;296;219;250;212;171
164;10931;St.Gallen Stadt St.Jakob-Str.5;03.03.2018;Samstag;1;127;86;81;73;71;45;80;140;255;302;361;367;347;368;359;340;348;277;259;218;183;158;192;183
165;10931;St.Gallen Stadt St.Jakob-Str.5;03.03.2018;Samstag;2;136;98;68;67;60;46;82;112;188;340;299;374;381;390;385;414;431;398;246;213;188;209;243;218
166;10931;St.Gallen Stadt St.Jakob-Str.5;04.03.2018;Sonntag;1;143;138;90;101;89;40;50;51;102;168;236;269;237;262;277;294;298;271;254;238;184;92;79;44
167;10931;St.Gallen Stadt St.Jakob-Str.5;04.03.2018;Sonntag;2;165;139;106;82;76;59;62;54;80;101;199;239;250;282;298;317;371;324;302;268;203;140;149;61
168;10931;St.Gallen Stadt St.Jakob-Str.5;05.03.2018;Montag;1;32;18;16;20;26;64;211;400;350;311;317;268;278;384;387;317;326;371;292;243;144;116;96;44
169;10931;St.Gallen Stadt St.Jakob-Str.5;05.03.2018;Montag;2;44;13;14;13;21;68;226;261;278;272;320;348;309;320;356;399;450;490;366;280;219;184;142;67
170;10931;St.Gallen Stadt St.Jakob-Str.5;06.03.2018;Dienstag;1;32;17;20;18;28;76;242;369;360;311;370;304;255;351;355;303;368;413;306;267;201;158;108;51
171;10931;St.Gallen Stadt St.Jakob-Str.5;06.03.2018;Dienstag;2;34;17;17;14;17;64;213;292;273;317;354;409;309;365;412;381;437;514;370;337;235;178;182;75
172;10931;St.Gallen Stadt St.Jakob-Str.5;07.03.2018;Mittwoch;1;27;26;16;19;23;77;230;346;362;320;326;355;263;401;355;332;371;398;339;265;176;159;113;57
173;10931;St.Gallen Stadt St.Jakob-Str.5;07.03.2018;Mittwoch;2;45;19;13;14;21;52;191;281;282;317;378;417;346;329;393;369;467;485;446;301;265;202;165;76
174;10931;St.Gallen Stadt St.Jakob-Str.5;08.03.2018;Donnerstag;1;28;25;21;30;31;61;237;371;336;295;288;301;273;404;321;341;374;461;377;277;222;178;130;94
175;10931;St.Gallen Stadt St.Jakob-Str.5;08.03.2018;Donnerstag;2;46;21;24;25;24;68;213;275;287;281;362;420;293;346;375;420;453;499;393;316;298;229;201;113
176;10931;St.Gallen Stadt St.Jakob-Str.5;09.03.2018;Freitag;1;46;31;31;25;24;74;232;360;368;329;316;333;264;386;365;345;397;388;336;289;210;194;192;137
177;10931;St.Gallen Stadt St.Jakob-Str.5;09.03.2018;Freitag;2;75;44;29;21;26;60;202;265;289;315;368;435;327;354;425;421;479;467;407;317;224;224;227;163
178;10931;St.Gallen Stadt St.Jakob-Str.5;10.03.2018;Samstag;1;113;84;86;74;47;62;76;137;265;311;368;364;350;353;398;310;325;307;278;226;179;189;197;172
179;10931;St.Gallen Stadt St.Jakob-Str.5;10.03.2018;Samstag;2;149;87;71;60;57;48;83;142;249;304;358;398;378;372;397;459;398;372;264;269;211;202;222;175
180;10931;St.Gallen Stadt St.Jakob-Str.5;11.03.2018;Sonntag;1;120;127;97;88;77;42;39;66;85;158;190;236;234;231;234;275;280;273;199;189;143;118;80;55
181;10931;St.Gallen Stadt St.Jakob-Str.5;11.03.2018;Sonntag;2;157;137;100;100;73;55;46;48;70;116;169;233;206;246;268;291;280;307;263;250;188;148;98;65
182;10931;St.Gallen Stadt St.Jakob-Str.5;12.03.2018;Montag;1;35;16;21;22;22;79;209;415;365;280;301;307;256;415;336;364;381;405;305;205;154;134;88;47
183;10931;St.Gallen Stadt St.Jakob-Str.5;12.03.2018;Montag;2;37;18;21;16;19;54;208;294;317;292;314;377;325;346;355;364;420;499;377;291;224;176;133;62
184;10931;St.Gallen Stadt St.Jakob-Str.5;13.03.2018;Dienstag;1;37;10;21;18;25;75;224;412;361;318;307;311;264;372;326;353;365;380;352;234;185;157;102;68
185;10931;St.Gallen Stadt St.Jakob-Str.5;13.03.2018;Dienstag;2;32;18;10;9;15;59;213;278;275;328;365;398;316;325;405;389;491;526;392;292;277;218;153;77
186;10931;St.Gallen Stadt St.Jakob-Str.5;14.03.2018;Mittwoch;1;34;15;16;23;21;81;206;375;366;321;304;272;266;403;391;375;360;437;405;346;164;148;114;64
187;10931;St.Gallen Stadt St.Jakob-Str.5;14.03.2018;Mittwoch;2;51;18;11;13;18;65;221;262;285;294;350;407;319;353;375;372;487;503;406;327;224;227;199;71
188;10931;St.Gallen Stadt St.Jakob-Str.5;15.03.2018;Donnerstag;1;46;22;22;30;28;73;217;330;365;328;301;309;270;399;351;337;371;444;378;307;216;169;130;98
189;10931;St.Gallen Stadt St.Jakob-Str.5;15.03.2018;Donnerstag;2;45;26;24;22;24;68;206;294;308;354;379;431;352;355;382;394;512;527;406;380;296;226;203;109
190;10931;St.Gallen Stadt St.Jakob-Str.5;16.03.2018;Freitag;1;51;26;26;37;29;82;230;352;377;348;366;342;302;405;385;390;432;436;355;339;255;211;196;174
191;10931;St.Gallen Stadt St.Jakob-Str.5;16.03.2018;Freitag;2;73;38;31;27;20;67;191;282;310;404;402;442;348;406;416;483;512;481;444;331;287;255;223;188
192;10931;St.Gallen Stadt St.Jakob-Str.5;17.03.2018;Samstag;1;128;119;81;85;63;42;66;134;246;299;402;371;360;373;401;359;347;311;261;222;151;159;165;162
193;10931;St.Gallen Stadt St.Jakob-Str.5;17.03.2018;Samstag;2;130;99;81;70;54;47;73;120;233;276;370;435;371;397;427;426;418;356;251;210;200;210;249;181
194;10931;St.Gallen Stadt St.Jakob-Str.5;18.03.2018;Sonntag;1;123;96;90;101;86;45;36;53;97;164;166;211;228;284;249;253;266;257;232;194;162;119;67;48
195;10931;St.Gallen Stadt St.Jakob-Str.5;18.03.2018;Sonntag;2;119;111;95;83;78;61;50;54;80;144;198;222;246;249;275;258;259;300;282;214;180;129;91;63
196;10931;St.Gallen Stadt St.Jakob-Str.5;19.03.2018;Montag;1;27;14;14;21;31;77;232;380;323;286;307;302;239;379;378;318;318;373;284;229;161;111;80;64
197;10931;St.Gallen Stadt St.Jakob-Str.5;19.03.2018;Montag;2;30;19;15;16;14;77;200;291;285;298;302;382;284;321;367;369;456;442;353;265;215;171;144;64
198;10931;St.Gallen Stadt St.Jakob-Str.5;20.03.2018;Dienstag;1;23;12;10;23;35;74;247;396;366;322;309;322;241;357;338;328;371;392;313;249;153;163;116;50
199;10931;St.Gallen Stadt St.Jakob-Str.5;20.03.2018;Dienstag;2;33;19;10;14;21;70;213;286;297;291;347;367;322;348;371;431;454;475;419;321;218;230;176;92
200;10931;St.Gallen Stadt St.Jakob-Str.5;21.03.2018;Mittwoch;1;29;21;11;27;36;81;223;355;375;331;284;266;265;429;392;319;352;405;314;240;161;138;133;76
201;10931;St.Gallen Stadt St.Jakob-Str.5;21.03.2018;Mittwoch;2;41;25;9;16;21;69;201;270;290;303;335;373;332;314;382;395;484;492;384;326;210;206;184;85
202;10931;St.Gallen Stadt St.Jakob-Str.5;22.03.2018;Donnerstag;1;29;27;20;35;38;74;234;375;391;322;308;306;262;378;320;305;366;453;373;289;195;134;142;83
203;10931;St.Gallen Stadt St.Jakob-Str.5;22.03.2018;Donnerstag;2;51;22;21;30;27;73;198;278;289;307;364;389;343;355;405;407;459;491;410;316;251;218;228;120
204;10931;St.Gallen Stadt St.Jakob-Str.5;23.03.2018;Freitag;1;54;24;22;25;28;86;216;342;362;388;337;327;254;400;366;348;373;408;351;287;255;204;197;179
205;10931;St.Gallen Stadt St.Jakob-Str.5;23.03.2018;Freitag;2;56;34;23;28;18;63;221;254;308;322;368;445;317;384;453;418;517;465;414;373;265;234;259;186
206;10931;St.Gallen Stadt St.Jakob-Str.5;24.03.2018;Samstag;1;113;95;70;64;51;46;84;139;244;335;404;364;377;410;405;390;372;363;286;264;195;186;210;204
207;10931;St.Gallen Stadt St.Jakob-Str.5;24.03.2018;Samstag;2;139;95;75;56;47;56;79;115;225;299;325;424;439;422;478;458;481;423;300;286;210;218;220;201
208;10931;St.Gallen Stadt St.Jakob-Str.5;25.03.2018;Sonntag;1;142;0;109;114;88;75;57;49;80;143;195;242;235;281;317;319;313;310;277;266;211;140;86;50
209;10931;St.Gallen Stadt St.Jakob-Str.5;25.03.2018;Sonntag;2;135;0;140;129;92;75;66;48;60;108;159;233;304;332;316;329;362;335;294;267;216;151;119;62
210;10931;St.Gallen Stadt St.Jakob-Str.5;26.03.2018;Montag;1;38;11;18;20;38;66;204;396;352;316;307;295;274;425;369;319;388;410;299;231;173;146;97;59
211;10931;St.Gallen Stadt St.Jakob-Str.5;26.03.2018;Montag;2;41;18;10;23;23;67;198;243;284;267;342;414;328;359;419;383;497;488;376;277;206;198;139;61
212;10931;St.Gallen Stadt St.Jakob-Str.5;27.03.2018;Dienstag;1;18;11;12;24;19;73;222;353;341;341;300;324;276;389;363;354;350;444;348;268;183;134;115;62
213;10931;St.Gallen Stadt St.Jakob-Str.5;27.03.2018;Dienstag;2;30;22;17;14;19;63;195;281;247;304;360;443;321;331;384;420;502;514;475;300;223;195;191;76
214;10931;St.Gallen Stadt St.Jakob-Str.5;28.03.2018;Mittwoch;1;32;17;18;18;20;72;215;388;354;306;353;328;292;434;379;370;373;454;333;296;188;176;148;73
215;10931;St.Gallen Stadt St.Jakob-Str.5;28.03.2018;Mittwoch;2;49;22;13;15;19;57;204;250;278;295;392;412;345;377;417;427;509;557;413;308;232;205;230;96
216;10931;St.Gallen Stadt St.Jakob-Str.5;29.03.2018;Donnerstag;1;38;44;49;52;56;78;217;350;364;338;350;337;295;408;410;390;415;379;341;253;224;209;167;131
217;10931;St.Gallen Stadt St.Jakob-Str.5;29.03.2018;Donnerstag;2;47;43;38;45;44;76;176;261;278;331;382;449;391;410;426;481;462;524;376;300;229;214;219;162
218;10931;St.Gallen Stadt St.Jakob-Str.5;30.03.2018;Freitag;1;104;73;84;74;81;48;50;43;71;141;171;223;188;228;288;228;290;259;225;165;162;172;144;92
219;10931;St.Gallen Stadt St.Jakob-Str.5;30.03.2018;Freitag;2;110;86;90;75;65;44;48;54;61;111;172;231;199;257;291;265;285;284;243;168;195;203;150;124
220;10931;St.Gallen Stadt St.Jakob-Str.5;31.03.2018;Samstag;1;84;77;52;54;55;41;60;91;194;293;390;388;359;399;377;334;286;249;204;185;144;154;167;137
221;10931;St.Gallen Stadt St.Jakob-Str.5;31.03.2018;Samstag;2;94;75;56;49;37;44;61;109;206;272;362;398;366;388;398;406;387;304;245;156;167;163;188;167
222;10931;St.Gallen Stadt St.Jakob-Str.5;01.04.2018;Sonntag;1;106;90;88;82;77;42;32;40;82;134;162;183;148;182;195;218;232;235;187;192;195;140;130;107
223;10931;St.Gallen Stadt St.Jakob-Str.5;01.04.2018;Sonntag;2;111;94;91;74;63;46;46;36;48;77;171;197;193;202;201;224;247;243;215;185;173;171;155;101
224;10931;St.Gallen Stadt St.Jakob-Str.5;02.04.2018;Montag;1;91;60;41;45;36;36;37;31;73;123;197;200;198;248;289;259;316;271;271;199;141;135;74;56
225;10931;St.Gallen Stadt St.Jakob-Str.5;02.04.2018;Montag;2;98;61;52;54;48;31;32;28;49;102;171;200;228;244;291;289;302;268;251;216;180;139;107;69
226;10931;St.Gallen Stadt St.Jakob-Str.5;03.04.2018;Dienstag;1;28;16;12;16;25;90;199;387;352;334;326;321;264;369;331;330;334;365;307;251;165;142;95;50
227;10931;St.Gallen Stadt St.Jakob-Str.5;03.04.2018;Dienstag;2;36;24;11;4;22;65;212;276;265;325;370;359;294;337;370;420;475;487;426;279;199;172;148;80
228;10931;St.Gallen Stadt St.Jakob-Str.5;04.04.2018;Mittwoch;1;21;13;21;19;19;80;210;359;375;318;317;322;274;392;386;358;363;456;342;241;186;156;109;61
229;10931;St.Gallen Stadt St.Jakob-Str.5;04.04.2018;Mittwoch;2;41;15;15;8;13;63;204;282;270;299;376;421;338;345;409;434;481;489;411;301;222;205;144;85
230;10931;St.Gallen Stadt St.Jakob-Str.5;05.04.2018;Donnerstag;1;30;17;18;19;25;86;222;363;351;310;308;331;280;352;341;337;385;447;352;282;212;178;149;67
231;10931;St.Gallen Stadt St.Jakob-Str.5;05.04.2018;Donnerstag;2;32;21;15;12;9;62;219;270;329;340;328;431;329;350;371;418;477;531;434;362;283;249;184;114
232;10931;St.Gallen Stadt St.Jakob-Str.5;06.04.2018;Freitag;1;37;28;29;22;28;83;243;358;465;454;403;424;344;436;440;430;497;492;425;320;234;209;223;159
233;10931;St.Gallen Stadt St.Jakob-Str.5;06.04.2018;Freitag;2;61;29;26;23;24;66;198;333;440;426;550;627;511;529;567;618;708;731;646;438;329;297;314;209
234;10931;St.Gallen Stadt St.Jakob-Str.5;07.04.2018;Samstag;1;126;96;58;75;71;50;98;122;274;378;421;470;431;440;437;403;405;371;259;260;237;219;225;201
235;10931;St.Gallen Stadt St.Jakob-Str.5;07.04.2018;Samstag;2;182;126;91;83;69;67;99;186;245;368;452;543;547;511;570;525;554;501;352;355;316;255;286;278
236;10931;St.Gallen Stadt St.Jakob-Str.5;08.04.2018;Sonntag;1;115;124;101;81;72;49;49;58;96;206;243;280;251;252;311;261;333;293;284;274;194;149;94;58
237;10931;St.Gallen Stadt St.Jakob-Str.5;08.04.2018;Sonntag;2;180;146;113;100;85;65;61;52;78;150;229;287;321;312;361;371;368;326;360;330;241;202;153;76
238;10931;St.Gallen Stadt St.Jakob-Str.5;09.04.2018;Montag;1;34;18;16;27;48;93;247;447;373;313;344;361;297;465;389;342;405;475;341;271;169;139;106;68
239;10931;St.Gallen Stadt St.Jakob-Str.5;09.04.2018;Montag;2;47;17;19;24;34;86;253;353;342;368;420;506;430;420;507;476;590;637;485;338;235;221;176;87
240;10931;St.Gallen Stadt St.Jakob-Str.5;10.04.2018;Dienstag;1;44;20;19;31;24;98;250;430;357;334;380;337;292;409;403;374;386;411;384;279;212;208;146;103
241;10931;St.Gallen Stadt St.Jakob-Str.5;10.04.2018;Dienstag;2;42;27;11;15;18;69;238;339;350;387;441;484;383;497;475;538;653;684;522;354;278;258;197;106
242;10931;St.Gallen Stadt St.Jakob-Str.5;17.04.2018;Dienstag;1;32;15;9;18;27;78;224;390;347;326;334;273;258;366;324;312;304;380;315;210;180;154;94;56
243;10931;St.Gallen Stadt St.Jakob-Str.5;17.04.2018;Dienstag;2;33;15;16;15;22;72;222;332;340;341;334;376;288;346;352;389;451;478;416;277;239;197;155;64
244;10931;St.Gallen Stadt St.Jakob-Str.5;18.04.2018;Mittwoch;1;31;21;11;12;25;83;221;361;316;332;300;317;277;356;302;333;333;339;313;247;169;164;116;63
245;10931;St.Gallen Stadt St.Jakob-Str.5;18.04.2018;Mittwoch;2;46;29;16;12;21;58;191;279;265;303;331;406;317;336;377;350;472;481;388;269;220;222;175;87
246;10931;St.Gallen Stadt St.Jakob-Str.5;19.04.2018;Donnerstag;1;48;33;27;22;30;78;221;337;318;280;308;318;269;342;325;321;329;376;378;266;193;192;132;95
247;10931;St.Gallen Stadt St.Jakob-Str.5;19.04.2018;Donnerstag;2;60;42;23;17;31;74;190;263;246;306;321;404;316;384;415;358;429;484;380;329;283;262;195;82
248;10931;St.Gallen Stadt St.Jakob-Str.5;20.04.2018;Freitag;1;52;31;22;21;28;81;223;324;337;321;314;316;303;360;375;306;427;361;354;252;233;241;178;103
249;10931;St.Gallen Stadt St.Jakob-Str.5;20.04.2018;Freitag;2;60;34;24;21;30;69;189;250;333;359;367;411;349;390;425;399;508;476;385;277;240;211;206;171
250;10931;St.Gallen Stadt St.Jakob-Str.5;21.04.2018;Samstag;1;103;84;74;46;51;55;58;112;241;365;399;372;404;383;373;332;352;294;256;217;199;207;211;166
251;10931;St.Gallen Stadt St.Jakob-Str.5;21.04.2018;Samstag;2;115;89;66;53;52;48;81;134;222;308;365;421;431;397;401;385;389;375;274;219;231;246;242;193
252;10931;St.Gallen Stadt St.Jakob-Str.5;22.04.2018;Sonntag;1;129;97;81;87;54;38;35;61;101;165;227;248;231;242;262;279;304;300;254;242;171;174;85;48
253;10931;St.Gallen Stadt St.Jakob-Str.5;22.04.2018;Sonntag;2;108;126;94;82;68;46;44;40;102;162;214;240;292;276;335;286;290;281;251;263;203;216;102;68
254;10931;St.Gallen Stadt St.Jakob-Str.5;23.04.2018;Montag;1;27;19;13;18;36;74;286;492;402;321;327;309;298;430;370;360;436;457;399;279;162;147;122;44
255;10931;St.Gallen Stadt St.Jakob-Str.5;23.04.2018;Montag;2;33;15;11;10;19;59;220;364;385;386;486;479;437;450;528;514;628;761;605;385;285;249;169;73
256;10931;St.Gallen Stadt St.Jakob-Str.5;04.05.2018;Freitag;1;75;38;38;46;55;92;242;365;394;388;347;363;292;384;369;364;384;436;381;263;244;249;249;189
257;10931;St.Gallen Stadt St.Jakob-Str.5;04.05.2018;Freitag;2;72;43;36;22;33;78;227;266;305;379;401;479;349;390;428;438;525;510;426;297;247;271;299;224
258;10931;St.Gallen Stadt St.Jakob-Str.5;05.05.2018;Samstag;1;155;107;75;75;81;70;72;157;282;356;377;388;379;351;409;358;345;301;279;234;208;199;200;185
259;10931;St.Gallen Stadt St.Jakob-Str.5;05.05.2018;Samstag;2;162;128;72;76;68;53;80;136;232;309;378;427;402;405;398;409;423;423;289;231;201;194;216;204
260;10931;St.Gallen Stadt St.Jakob-Str.5;06.05.2018;Sonntag;1;120;117;76;90;73;46;52;84;99;151;183;222;244;255;261;228;279;286;269;236;222;180;95;61
261;10931;St.Gallen Stadt St.Jakob-Str.5;06.05.2018;Sonntag;2;151;120;79;89;64;53;43;48;88;124;193;229;249;243;270;277;276;369;325;274;216;193;121;71
262;10931;St.Gallen Stadt St.Jakob-Str.5;07.05.2018;Montag;1;26;22;21;16;38;71;241;399;374;286;301;350;260;377;341;321;358;424;330;248;167;153;126;60
263;10931;St.Gallen Stadt St.Jakob-Str.5;07.05.2018;Montag;2;36;20;12;11;13;65;209;252;298;310;379;433;333;353;379;415;466;508;399;301;220;206;144;73
264;10931;St.Gallen Stadt St.Jakob-Str.5;08.05.2018;Dienstag;1;31;20;14;16;36;66;248;386;366;358;318;313;305;399;324;343;381;402;356;285;206;212;128;70
265;10931;St.Gallen Stadt St.Jakob-Str.5;08.05.2018;Dienstag;2;32;23;18;12;10;61;209;287;300;305;377;406;331;363;402;398;472;490;432;316;250;232;109;83
266;10931;St.Gallen Stadt St.Jakob-Str.5;09.05.2018;Mittwoch;1;38;26;21;16;34;80;226;476;523;380;372;358;299;424;407;361;431;454;439;256;211;203;195;157
267;10931;St.Gallen Stadt St.Jakob-Str.5;09.05.2018;Mittwoch;2;49;25;17;15;18;57;229;254;308;359;395;472;381;401;449;456;532;495;424;316;266;235;221;153
268;10931;St.Gallen Stadt St.Jakob-Str.5;10.05.2018;Donnerstag;1;115;76;74;66;56;35;47;58;104;143;171;211;198;212;207;223;231;259;234;205;187;125;120;76
269;10931;St.Gallen Stadt St.Jakob-Str.5;10.05.2018;Donnerstag;2;133;80;80;75;43;44;58;42;71;155;176;200;230;184;211;239;209;280;245;236;190;176;193;116
270;10931;St.Gallen Stadt St.Jakob-Str.5;12.05.2018;Samstag;1;90;83;55;55;54;45;56;108;200;299;345;363;325;314;312;299;293;272;228;201;197;192;166;149
271;10931;St.Gallen Stadt St.Jakob-Str.5;12.05.2018;Samstag;2;109;92;69;59;40;39;62;97;191;265;323;353;338;326;357;391;379;360;265;194;194;177;220;169
272;10931;St.Gallen Stadt St.Jakob-Str.5;13.05.2018;Sonntag;1;115;98;71;80;45;35;50;59;85;143;193;237;201;206;241;242;254;273;240;233;205;121;83;39
273;10931;St.Gallen Stadt St.Jakob-Str.5;13.05.2018;Sonntag;2;141;126;91;65;57;40;38;44;73;139;175;229;234;233;274;255;300;293;283;245;202;138;119;60
274;10931;St.Gallen Stadt St.Jakob-Str.5;26.05.2018;Samstag;1;116;102;77;65;74;69;121;190;296;489;472;409;368;361;353;325;322;276;259;207;212;188;198;185
275;10931;St.Gallen Stadt St.Jakob-Str.5;26.05.2018;Samstag;2;170;111;79;73;58;51;99;146;240;354;397;450;425;401;388;421;468;408;272;221;211;178;179;221
276;10931;St.Gallen Stadt St.Jakob-Str.5;27.05.2018;Sonntag;1;134;93;86;87;71;35;48;63;92;134;222;234;246;234;213;236;262;289;270;209;184;179;113;58
277;10931;St.Gallen Stadt St.Jakob-Str.5;27.05.2018;Sonntag;2;173;124;96;79;64;49;44;52;100;152;197;205;229;251;249;255;262;296;298;260;222;199;133;88
278;10931;St.Gallen Stadt St.Jakob-Str.5;28.05.2018;Montag;1;33;17;19;21;38;77;250;368;393;288;288;308;274;384;358;295;373;383;345;276;175;145;125;74
279;10931;St.Gallen Stadt St.Jakob-Str.5;28.05.2018;Montag;2;51;25;10;17;24;73;215;271;289;319;371;391;346;350;374;394;493;455;388;288;256;215;156;123
280;10931;St.Gallen Stadt St.Jakob-Str.5;29.05.2018;Dienstag;1;51;23;18;20;35;76;240;409;369;320;343;311;300;361;348;318;342;434;363;250;218;147;151;73
281;10931;St.Gallen Stadt St.Jakob-Str.5;29.05.2018;Dienstag;2;79;33;20;11;21;75;216;301;288;310;344;375;350;363;365;393;493;497;407;308;256;209;202;99
282;10931;St.Gallen Stadt St.Jakob-Str.5;30.05.2018;Mittwoch;1;36;20;8;23;36;86;258;405;419;372;329;298;300;358;357;336;358;430;467;469;229;153;143;70
283;10931;St.Gallen Stadt St.Jakob-Str.5;30.05.2018;Mittwoch;2;70;17;10;10;22;74;227;277;285;326;378;422;326;332;394;439;487;540;454;328;277;259;191;103
284;10931;St.Gallen Stadt St.Jakob-Str.5;31.05.2018;Donnerstag;1;45;21;18;18;37;67;238;379;381;343;329;358;288;378;353;387;366;469;404;302;214;183;151;91
285;10931;St.Gallen Stadt St.Jakob-Str.5;31.05.2018;Donnerstag;2;73;32;18;11;21;77;198;282;306;292;379;395;347;395;417;385;494;495;445;331;326;273;229;121
286;10931;St.Gallen Stadt St.Jakob-Str.5;01.06.2018;Freitag;1;46;35;22;33;41;89;254;380;403;385;382;365;279;381;349;339;392;427;358;276;261;188;183;139
287;10931;St.Gallen Stadt St.Jakob-Str.5;01.06.2018;Freitag;2;70;42;24;21;23;70;205;245;310;348;414;444;352;395;389;472;471;486;412;288;296;232;231;206
288;10931;St.Gallen Stadt St.Jakob-Str.5;02.06.2018;Samstag;1;116;99;64;68;48;50;94;186;265;347;387;351;346;340;369;314;344;303;239;233;203;210;212;160
289;10931;St.Gallen Stadt St.Jakob-Str.5;02.06.2018;Samstag;2;136;94;67;66;37;46;95;145;239;311;355;380;389;398;415;424;422;421;266;243;208;217;222;200
290;10931;St.Gallen Stadt St.Jakob-Str.5;03.06.2018;Sonntag;1;159;114;94;79;67;51;52;68;125;179;228;231;230;222;218;236;276;273;278;248;203;143;113;54
291;10931;St.Gallen Stadt St.Jakob-Str.5;03.06.2018;Sonntag;2;185;134;116;73;75;41;43;64;76;162;181;224;256;268;267;281;255;292;278;252;235;180;149;101
292;10931;St.Gallen Stadt St.Jakob-Str.5;04.06.2018;Montag;1;38;9;19;15;47;83;254;451;531;430;332;310;251;387;358;334;365;441;320;236;199;152;122;63
293;10931;St.Gallen Stadt St.Jakob-Str.5;04.06.2018;Montag;2;67;17;15;16;26;74;219;289;259;302;373;396;308;326;411;405;491;487;419;315;246;184;158;78
294;10931;St.Gallen Stadt St.Jakob-Str.5;05.06.2018;Dienstag;1;37;35;16;21;33;77;258;385;374;355;340;315;303;392;319;308;387;447;325;248;175;183;140;87
295;10931;St.Gallen Stadt St.Jakob-Str.5;05.06.2018;Dienstag;2;55;34;14;18;15;67;219;302;298;327;339;429;324;353;368;425;476;531;436;292;244;221;189;118
296;10931;St.Gallen Stadt St.Jakob-Str.5;06.06.2018;Mittwoch;1;34;19;17;21;36;86;258;376;368;340;300;337;284;408;352;315;345;403;339;241;205;182;153;66
297;10931;St.Gallen Stadt St.Jakob-Str.5;06.06.2018;Mittwoch;2;54;34;24;10;12;66;219;276;286;312;383;408;324;347;400;422;477;521;411;309;244;219;185;103
298;10931;St.Gallen Stadt St.Jakob-Str.5;07.06.2018;Donnerstag;1;36;22;20;17;36;86;261;366;372;364;325;364;264;329;350;372;368;434;389;139;47;41;171;133
299;10931;St.Gallen Stadt St.Jakob-Str.5;07.06.2018;Donnerstag;2;58;36;17;12;16;70;197;272;283;299;380;413;328;362;386;409;442;528;415;326;7;8;19;6
300;10931;St.Gallen Stadt St.Jakob-Str.5;12.06.2018;Dienstag;1;25;23;15;18;44;74;236;369;305;343;353;331;269;377;344;333;334;441;347;242;175;134;134;61
301;10931;St.Gallen Stadt St.Jakob-Str.5;12.06.2018;Dienstag;2;48;29;12;11;18;81;216;287;271;316;358;402;312;337;384;414;459;464;429;303;228;232;180;92
302;10931;St.Gallen Stadt St.Jakob-Str.5;13.06.2018;Mittwoch;1;24;27;11;18;33;74;205;346;307;272;265;297;242;341;386;355;379;412;341;227;155;164;134;65
303;10931;St.Gallen Stadt St.Jakob-Str.5;13.06.2018;Mittwoch;2;49;21;15;15;24;61;201;261;287;280;346;413;353;326;389;437;469;496;415;315;220;245;168;89
304;10931;St.Gallen Stadt St.Jakob-Str.5;14.06.2018;Donnerstag;1;36;22;21;25;33;70;242;321;248;357;318;242;269;363;325;324;321;431;323;285;215;189;163;88
305;10931;St.Gallen Stadt St.Jakob-Str.5;14.06.2018;Donnerstag;2;62;25;20;25;19;70;224;270;292;299;338;388;331;369;398;381;453;454;412;349;307;275;221;113
306;10931;St.Gallen Stadt St.Jakob-Str.5;15.06.2018;Freitag;1;46;29;19;19;38;88;191;295;324;353;336;345;277;392;329;361;359;365;299;257;215;161;208;140
307;10931;St.Gallen Stadt St.Jakob-Str.5;15.06.2018;Freitag;2;77;38;26;25;20;72;212;251;339;372;403;431;354;406;414;445;518;498;397;318;224;197;287;172
308;10931;St.Gallen Stadt St.Jakob-Str.5;16.06.2018;Samstag;1;127;81;69;56;58;60;71;182;258;321;361;388;319;311;371;289;319;284;231;191;216;187;180;179
309;10931;St.Gallen Stadt St.Jakob-Str.5;16.06.2018;Samstag;2;141;115;58;55;43;46;82;127;228;295;367;380;405;358;363;398;388;395;299;219;199;198;194;203
310;10931;St.Gallen Stadt St.Jakob-Str.5;17.06.2018;Sonntag;1;127;94;74;73;60;32;42;43;109;153;178;206;217;221;204;231;416;272;221;266;119;77;158;54
311;10931;St.Gallen Stadt St.Jakob-Str.5;17.06.2018;Sonntag;2;140;108;94;75;51;38;40;40;76;128;169;225;263;271;231;275;408;310;229;204;158;114;274;90
312;10931;St.Gallen Stadt St.Jakob-Str.5;18.06.2018;Montag;1;39;16;10;17;42;81;147;403;343;305;316;318;261;372;366;323;348;394;301;161;199;200;110;62
313;10931;St.Gallen Stadt St.Jakob-Str.5;18.06.2018;Montag;2;41;21;20;14;15;59;213;261;294;288;331;386;303;336;440;426;465;522;449;272;228;225;184;73
314;10931;St.Gallen Stadt St.Jakob-Str.5;19.06.2018;Dienstag;1;31;18;9;19;40;85;212;381;355;346;321;305;290;374;336;345;388;437;519;290;219;177;144;83
315;10931;St.Gallen Stadt St.Jakob-Str.5;19.06.2018;Dienstag;2;34;11;19;17;22;69;217;258;320;349;371;391;318;370;397;431;473;487;389;319;284;256;269;156
316;10931;St.Gallen Stadt St.Jakob-Str.5;20.06.2018;Mittwoch;1;57;29;24;21;27;87;210;310;311;135;133;216;253;260;250;242;287;365;312;240;198;157;120;75
317;10931;St.Gallen Stadt St.Jakob-Str.5;20.06.2018;Mittwoch;2;88;49;17;20;19;74;186;240;183;223;309;309;256;294;285;313;345;379;337;294;241;196;202;103
318;10931;St.Gallen Stadt St.Jakob-Str.5;21.06.2018;Donnerstag;1;42;28;14;22;38;75;233;393;443;342;319;318;283;353;339;282;356;423;476;287;218;183;197;92
319;10931;St.Gallen Stadt St.Jakob-Str.5;21.06.2018;Donnerstag;2;69;34;16;14;25;78;206;345;304;307;370;409;344;359;400;394;465;513;460;342;293;252;257;127
320;10931;St.Gallen Stadt St.Jakob-Str.5;22.06.2018;Freitag;1;33;32;21;24;35;86;233;342;387;395;342;352;326;370;390;343;392;396;343;311;148;140;399;228
321;10931;St.Gallen Stadt St.Jakob-Str.5;22.06.2018;Freitag;2;51;30;21;27;26;68;192;272;290;329;401;499;343;394;416;445;515;517;434;298;212;137;329;346
322;10931;St.Gallen Stadt St.Jakob-Str.5;23.06.2018;Samstag;1;117;83;70;59;57;57;78;125;275;291;360;357;396;372;326;371;287;247;243;224;174;178;210;199
323;10931;St.Gallen Stadt St.Jakob-Str.5;23.06.2018;Samstag;2;142;100;66;63;50;53;63;140;238;286;359;423;382;370;393;400;409;371;294;239;171;160;227;197
324;10931;St.Gallen Stadt St.Jakob-Str.5;24.06.2018;Sonntag;1;123;96;73;73;42;34;41;65;122;181;231;196;170;202;222;210;275;240;211;214;188;111;105;58
325;10931;St.Gallen Stadt St.Jakob-Str.5;24.06.2018;Sonntag;2;147;103;80;62;45;44;41;45;93;107;191;216;248;214;287;241;275;287;230;267;189;143;121;72
326;10931;St.Gallen Stadt St.Jakob-Str.5;25.06.2018;Montag;1;25;11;17;19;32;74;237;397;336;327;335;283;296;381;371;330;372;427;334;281;151;145;141;68
327;10931;St.Gallen Stadt St.Jakob-Str.5;25.06.2018;Montag;2;49;19;10;18;16;73;192;273;313;313;396;375;340;355;383;397;484;497;465;339;243;220;198;95
328;10931;St.Gallen Stadt St.Jakob-Str.5;30.06.2018;Samstag;1;128;120;112;100;106;84;120;134;245;325;357;372;326;353;347;317;281;256;254;191;188;148;198;157
329;10931;St.Gallen Stadt St.Jakob-Str.5;30.06.2018;Samstag;2;133;127;119;101;75;82;107;126;206;300;360;400;383;384;380;354;345;338;276;204;173;138;214;206
330;10931;St.Gallen Stadt St.Jakob-Str.5;01.07.2018;Sonntag;1;146;136;111;102;108;75;58;67;107;167;216;216;213;222;212;201;238;213;190;253;182;168;122;84
331;10931;St.Gallen Stadt St.Jakob-Str.5;01.07.2018;Sonntag;2;167;166;117;109;95;81;49;60;93;130;169;238;237;254;236;231;249;226;221;255;234;208;144;143
332;10931;St.Gallen Stadt St.Jakob-Str.5;02.07.2018;Montag;1;27;18;16;16;48;80;241;379;362;328;302;285;267;393;349;324;353;383;302;274;172;148;136;62
333;10931;St.Gallen Stadt St.Jakob-Str.5;02.07.2018;Montag;2;34;23;13;18;26;76;227;247;264;312;345;389;332;375;373;441;503;515;417;293;219;207;182;73
334;10931;St.Gallen Stadt St.Jakob-Str.5;03.07.2018;Dienstag;1;33;22;16;18;37;80;255;398;350;345;314;325;284;409;379;399;326;288;333;239;175;129;119;86
335;10931;St.Gallen Stadt St.Jakob-Str.5;03.07.2018;Dienstag;2;32;22;12;14;12;75;230;268;294;320;398;444;348;360;379;443;441;357;450;276;250;186;169;140
336;10931;St.Gallen Stadt St.Jakob-Str.5;04.07.2018;Mittwoch;1;35;27;21;22;33;97;235;346;349;346;353;318;269;412;368;350;330;455;333;217;186;195;160;81
337;10931;St.Gallen Stadt St.Jakob-Str.5;04.07.2018;Mittwoch;2;43;24;20;17;16;89;203;279;262;282;359;396;355;352;375;395;506;492;433;333;249;255;187;110
338;10931;St.Gallen Stadt St.Jakob-Str.5;05.07.2018;Donnerstag;1;53;27;18;27;40;95;252;359;319;329;309;360;265;351;349;303;399;453;383;319;196;186;143;88
339;10931;St.Gallen Stadt St.Jakob-Str.5;05.07.2018;Donnerstag;2;47;31;21;28;26;71;203;259;280;274;355;436;315;376;443;426;459;470;408;366;299;279;216;107
340;10931;St.Gallen Stadt St.Jakob-Str.5;06.07.2018;Freitag;1;48;31;33;40;57;89;226;338;381;372;380;345;272;381;399;346;346;378;338;248;201;129;195;118
341;10931;St.Gallen Stadt St.Jakob-Str.5;06.07.2018;Freitag;2;65;38;26;32;38;74;205;294;339;333;419;430;348;342;412;456;491;454;418;297;224;185;239;158
342;10931;St.Gallen Stadt St.Jakob-Str.5;07.07.2018;Samstag;1;109;73;49;59;55;48;78;133;221;308;372;392;347;340;372;308;308;266;261;216;159;162;123;249
343;10931;St.Gallen Stadt St.Jakob-Str.5;07.07.2018;Samstag;2;125;91;50;59;41;52;86;127;195;245;350;416;397;392;429;410;392;369;332;208;175;186;170;263
344;10931;St.Gallen Stadt St.Jakob-Str.5;08.07.2018;Sonntag;1;155;99;67;65;58;43;46;60;102;160;180;196;191;203;204;189;209;247;207;204;208;148;103;58
345;10931;St.Gallen Stadt St.Jakob-Str.5;08.07.2018;Sonntag;2;133;114;69;61;46;39;40;42;84;105;169;188;220;210;283;246;244;271;233;223;194;166;131;56
346;10931;St.Gallen Stadt St.Jakob-Str.5;09.07.2018;Montag;1;32;19;17;12;52;72;207;341;335;271;298;285;267;377;321;308;339;366;290;227;197;145;110;63
347;10931;St.Gallen Stadt St.Jakob-Str.5;09.07.2018;Montag;2;46;21;21;10;28;75;210;259;266;292;345;370;296;376;383;450;491;515;397;305;211;181;154;86
348;10931;St.Gallen Stadt St.Jakob-Str.5;10.07.2018;Dienstag;1;32;18;14;16;41;72;217;344;287;290;309;311;239;348;276;299;339;400;336;231;141;128;118;58
349;10931;St.Gallen Stadt St.Jakob-Str.5;10.07.2018;Dienstag;2;44;13;13;16;24;71;213;231;248;281;340;401;294;333;361;393;482;496;406;272;194;150;166;90
350;10931;St.Gallen Stadt St.Jakob-Str.5;11.07.2018;Mittwoch;1;28;24;17;22;39;75;205;319;312;294;295;312;251;357;340;320;341;353;326;255;162;129;144;159
351;10931;St.Gallen Stadt St.Jakob-Str.5;11.07.2018;Mittwoch;2;50;25;10;10;24;87;213;234;248;276;324;403;283;338;372;426;495;526;426;305;189;178;159;230
352;10931;St.Gallen Stadt St.Jakob-Str.5;12.07.2018;Donnerstag;1;47;30;19;16;38;71;236;314;328;306;287;321;260;321;313;304;317;375;303;290;227;169;137;90
353;10931;St.Gallen Stadt St.Jakob-Str.5;12.07.2018;Donnerstag;2;65;22;18;13;22;90;199;245;251;315;313;397;308;372;360;376;460;487;449;286;266;287;202;103
354;10931;St.Gallen Stadt St.Jakob-Str.5;13.07.2018;Freitag;1;43;27;23;21;37;87;203;302;334;297;344;325;262;283;322;319;365;322;299;225;208;211;182;165
355;10931;St.Gallen Stadt St.Jakob-Str.5;13.07.2018;Freitag;2;64;34;26;17;31;90;202;274;265;341;354;390;311;336;386;380;463;446;370;296;219;192;171;179
356;10931;St.Gallen Stadt St.Jakob-Str.5;14.07.2018;Samstag;1;123;83;57;51;47;50;68;108;203;289;353;323;319;284;288;256;266;200;169;183;174;172;146;152
357;10931;St.Gallen Stadt St.Jakob-Str.5;14.07.2018;Samstag;2;114;112;52;49;34;56;65;125;158;264;330;388;347;350;383;337;304;318;224;176;167;155;148;166
358;10931;St.Gallen Stadt St.Jakob-Str.5;15.07.2018;Sonntag;1;111;94;69;66;48;27;37;50;71;135;183;181;207;197;182;182;235;172;121;182;192;147;85;44
359;10931;St.Gallen Stadt St.Jakob-Str.5;15.07.2018;Sonntag;2;122;95;74;60;47;51;51;52;47;121;176;203;197;215;225;242;294;242;136;218;208;143;105;64
360;10931;St.Gallen Stadt St.Jakob-Str.5;16.07.2018;Montag;1;32;13;18;17;33;73;200;307;263;278;279;267;249;327;319;276;334;321;254;176;148;128;110;51
361;10931;St.Gallen Stadt St.Jakob-Str.5;16.07.2018;Montag;2;46;12;11;10;20;68;184;248;236;302;319;382;311;318;335;388;450;484;381;265;193;161;138;74
362;10931;St.Gallen Stadt St.Jakob-Str.5;17.07.2018;Dienstag;1;19;17;19;21;23;76;207;337;305;305;296;316;228;304;339;293;306;357;279;188;163;143;90;58
363;10931;St.Gallen Stadt St.Jakob-Str.5;17.07.2018;Dienstag;2;33;21;14;17;18;69;205;243;271;286;369;385;286;359;398;368;470;499;408;261;201;167;127;79
364;10931;St.Gallen Stadt St.Jakob-Str.5;18.07.2018;Mittwoch;1;35;16;14;18;31;74;206;316;316;288;280;271;254;300;293;275;312;333;243;187;184;153;101;55
365;10931;St.Gallen Stadt St.Jakob-Str.5;18.07.2018;Mittwoch;2;45;27;18;15;26;86;188;255;252;270;336;401;301;343;350;368;449;501;375;272;189;208;144;108
366;10931;St.Gallen Stadt St.Jakob-Str.5;19.07.2018;Donnerstag;1;36;16;20;13;26;70;180;321;259;247;292;298;243;307;300;260;279;330;337;235;197;178;116;81
367;10931;St.Gallen Stadt St.Jakob-Str.5;19.07.2018;Donnerstag;2;53;27;24;12;21;72;178;241;244;266;352;406;334;367;355;389;424;469;388;301;274;243;158;124
368;10931;St.Gallen Stadt St.Jakob-Str.5;20.07.2018;Freitag;1;42;34;24;23;32;70;183;291;280;308;312;340;258;285;307;303;314;305;280;203;184;131;134;103
369;10931;St.Gallen Stadt St.Jakob-Str.5;20.07.2018;Freitag;2;70;41;30;19;28;71;183;237;279;312;373;406;315;376;381;386;420;430;337;232;193;177;137;120
370;10931;St.Gallen Stadt St.Jakob-Str.5;21.07.2018;Samstag;1;85;65;48;54;51;34;58;89;182;222;298;352;319;293;294;269;269;232;186;164;155;157;136;117
371;10931;St.Gallen Stadt St.Jakob-Str.5;21.07.2018;Samstag;2;97;76;45;53;42;42;73;105;174;251;320;323;363;354;376;382;359;309;235;196;144;178;133;143
372;10931;St.Gallen Stadt St.Jakob-Str.5;22.07.2018;Sonntag;1;86;90;79;71;47;49;33;35;60;116;178;182;181;189;182;174;231;225;194;174;156;109;87;43
373;10931;St.Gallen Stadt St.Jakob-Str.5;22.07.2018;Sonntag;2;116;102;77;64;38;56;37;32;48;95;163;170;187;210;212;197;244;244;224;204;161;120;88;60
374;10931;St.Gallen Stadt St.Jakob-Str.5;23.07.2018;Montag;1;39;14;9;16;27;48;154;252;235;233;268;258;238;304;288;266;292;276;223;166;126;129;92;52
375;10931;St.Gallen Stadt St.Jakob-Str.5;23.07.2018;Montag;2;45;15;14;10;17;57;173;221;225;244;295;331;257;311;348;388;394;447;350;220;197;186;98;63
376;10931;St.Gallen Stadt St.Jakob-Str.5;24.07.2018;Dienstag;1;25;16;15;12;23;57;173;298;266;280;290;268;200;276;265;263;248;318;207;166;133;125;97;54
377;10931;St.Gallen Stadt St.Jakob-Str.5;24.07.2018;Dienstag;2;43;18;14;6;16;63;184;220;223;267;325;305;303;279;330;319;368;491;332;244;176;147;116;73
378;10931;St.Gallen Stadt St.Jakob-Str.5;07.08.2018;Dienstag;1;28;16;18;13;22;75;192;346;282;313;344;307;290;312;325;317;349;375;287;205;162;145;108;49
379;10931;St.Gallen Stadt St.Jakob-Str.5;07.08.2018;Dienstag;2;39;21;12;11;10;73;188;263;248;348;345;424;371;342;368;370;472;522;397;250;178;193;172;90
380;10931;St.Gallen Stadt St.Jakob-Str.5;08.08.2018;Mittwoch;1;41;23;14;18;32;72;203;309;308;314;336;310;257;358;313;293;320;383;298;204;151;151;93;58
381;10931;St.Gallen Stadt St.Jakob-Str.5;08.08.2018;Mittwoch;2;60;18;22;10;21;66;204;245;236;324;374;384;327;317;391;449;479;497;424;258;184;192;141;94
382;10931;St.Gallen Stadt St.Jakob-Str.5;09.08.2018;Donnerstag;1;41;33;14;14;27;70;201;330;279;258;280;308;257;326;282;291;305;371;352;273;161;123;115;56
383;10931;St.Gallen Stadt St.Jakob-Str.5;09.08.2018;Donnerstag;2;48;27;17;10;12;70;188;247;238;283;337;399;300;358;357;390;440;494;403;290;234;202;137;77
384;10931;St.Gallen Stadt St.Jakob-Str.5;10.08.2018;Freitag;1;43;23;17;16;39;76;182;285;331;289;313;351;283;314;364;385;374;326;328;237;201;181;160;113
385;10931;St.Gallen Stadt St.Jakob-Str.5;10.08.2018;Freitag;2;54;24;28;14;28;52;190;258;245;322;353;472;364;370;407;433;497;476;366;297;215;199;228;157
386;10931;St.Gallen Stadt St.Jakob-Str.5;11.08.2018;Samstag;1;107;77;71;37;48;45;76;114;184;281;306;293;303;330;332;301;314;254;192;177;183;176;162;123
387;10931;St.Gallen Stadt St.Jakob-Str.5;11.08.2018;Samstag;2;115;88;72;41;32;40;64;111;174;241;299;374;354;338;398;407;408;365;253;208;183;190;156;159
388;10931;St.Gallen Stadt St.Jakob-Str.5;15.08.2018;Mittwoch;1;24;19;14;12;29;79;229;407;383;315;323;314;261;365;345;359;370;364;338;253;199;142;130;69
389;10931;St.Gallen Stadt St.Jakob-Str.5;15.08.2018;Mittwoch;2;33;23;13;12;23;70;204;240;291;330;398;403;355;369;407;450;546;524;433;285;260;255;174;77
390;10931;St.Gallen Stadt St.Jakob-Str.5;16.08.2018;Donnerstag;1;29;21;18;15;41;68;260;420;374;305;301;308;266;369;292;312;335;421;409;284;245;181;120;88
391;10931;St.Gallen Stadt St.Jakob-Str.5;16.08.2018;Donnerstag;2;35;26;14;12;29;60;194;269;260;306;348;420;333;369;389;376;477;511;461;377;293;268;162;118
392;10931;St.Gallen Stadt St.Jakob-Str.5;17.08.2018;Freitag;1;46;17;23;22;35;82;218;393;389;362;347;376;287;366;375;357;369;375;317;270;206;209;182;125
393;10931;St.Gallen Stadt St.Jakob-Str.5;17.08.2018;Freitag;2;54;26;18;20;28;70;221;268;303;339;429;492;337;376;419;484;490;452;377;273;248;192;177;182
394;10931;St.Gallen Stadt St.Jakob-Str.5;18.08.2018;Samstag;1;116;139;112;89;79;49;87;128;207;289;363;358;314;331;338;316;310;276;243;251;240;269;245;185
395;10931;St.Gallen Stadt St.Jakob-Str.5;18.08.2018;Samstag;2;174;175;122;86;67;68;85;126;195;277;312;403;372;365;401;378;365;344;268;224;223;229;236;223
396;10931;St.Gallen Stadt St.Jakob-Str.5;19.08.2018;Sonntag;1;162;136;118;126;95;81;64;74;129;179;185;228;244;191;223;211;224;247;234;204;265;220;76;45
397;10931;St.Gallen Stadt St.Jakob-Str.5;19.08.2018;Sonntag;2;195;186;156;148;120;84;90;63;88;116;197;222;239;217;262;243;323;277;270;224;177;170;126;59
398;10931;St.Gallen Stadt St.Jakob-Str.5;20.08.2018;Montag;1;32;15;10;20;33;83;223;398;328;292;277;297;275;367;337;294;337;442;306;246;186;147;97;29
399;10931;St.Gallen Stadt St.Jakob-Str.5;20.08.2018;Montag;2;31;18;11;7;12;87;221;275;269;305;346;398;319;349;335;402;492;581;481;312;250;226;142;74
400;10931;St.Gallen Stadt St.Jakob-Str.5;21.08.2018;Dienstag;1;28;17;13;17;35;76;264;424;391;356;347;304;286;365;326;313;351;380;321;218;173;168;145;62
401;10931;St.Gallen Stadt St.Jakob-Str.5;21.08.2018;Dienstag;2;43;21;10;14;20;74;236;292;316;309;392;427;334;382;385;399;499;544;455;287;241;228;160;84
402;10931;St.Gallen Stadt St.Jakob-Str.5;31.08.2018;Freitag;1;42;21;23;28;39;86;219;412;383;383;374;360;338;393;388;378;408;469;421;284;215;213;161;150
403;10931;St.Gallen Stadt St.Jakob-Str.5;31.08.2018;Freitag;2;52;28;27;19;32;64;206;274;309;368;443;514;369;395;478;467;497;514;418;333;246;219;220;182
404;10931;St.Gallen Stadt St.Jakob-Str.5;01.09.2018;Samstag;1;118;101;96;77;68;50;81;143;259;345;328;391;411;367;394;355;325;303;253;220;199;218;186;169
405;10931;St.Gallen Stadt St.Jakob-Str.5;01.09.2018;Samstag;2;136;111;98;68;53;55;63;116;227;294;383;431;425;429;428;422;444;387;278;250;241;193;217;165
406;10931;St.Gallen Stadt St.Jakob-Str.5;02.09.2018;Sonntag;1;137;121;87;82;70;48;47;58;85;141;198;187;247;265;266;247;322;287;229;242;183;116;78;53
407;10931;St.Gallen Stadt St.Jakob-Str.5;02.09.2018;Sonntag;2;126;106;90;92;67;62;60;60;74;128;173;203;256;263;296;275;344;324;252;239;236;136;97;78
408;10931;St.Gallen Stadt St.Jakob-Str.5;03.09.2018;Montag;1;26;11;25;16;32;75;233;418;405;295;346;295;270;387;322;337;360;424;377;260;159;144;94;46
409;10931;St.Gallen Stadt St.Jakob-Str.5;03.09.2018;Montag;2;32;14;9;12;18;74;209;303;293;302;369;383;344;327;382;422;483;494;460;350;240;191;139;75
410;10931;St.Gallen Stadt St.Jakob-Str.5;04.09.2018;Dienstag;1;22;16;13;19;35;76;252;370;374;317;320;347;292;367;318;364;366;382;358;268;168;154;122;64
411;10931;St.Gallen Stadt St.Jakob-Str.5;04.09.2018;Dienstag;2;39;19;11;10;15;63;201;308;281;314;352;441;328;376;386;429;504;514;420;296;248;210;156;66
412;10931;St.Gallen Stadt St.Jakob-Str.5;05.09.2018;Mittwoch;1;34;15;16;11;35;66;245;408;367;310;304;322;292;377;349;340;368;425;339;237;206;185;120;53
413;10931;St.Gallen Stadt St.Jakob-Str.5;05.09.2018;Mittwoch;2;50;19;16;17;13;67;200;291;263;293;401;390;363;379;409;471;476;526;437;348;257;222;158;89
414;10931;St.Gallen Stadt St.Jakob-Str.5;06.09.2018;Donnerstag;1;32;9;16;17;29;64;232;422;347;345;299;354;291;385;325;351;402;451;394;325;197;167;138;72
415;10931;St.Gallen Stadt St.Jakob-Str.5;06.09.2018;Donnerstag;2;38;23;18;16;14;70;193;282;298;323;372;461;356;403;419;450;467;504;456;378;312;234;203;91
416;10931;St.Gallen Stadt St.Jakob-Str.5;07.09.2018;Freitag;1;33;34;28;19;35;75;206;374;362;364;341;318;315;361;350;324;379;404;326;310;230;194;185;152
417;10931;St.Gallen Stadt St.Jakob-Str.5;07.09.2018;Freitag;2;57;47;17;28;26;71;215;269;314;345;357;446;363;410;421;445;492;536;420;323;241;194;206;196
418;10931;St.Gallen Stadt St.Jakob-Str.5;08.09.2018;Samstag;1;83;78;65;57;53;55;71;138;265;345;373;373;379;339;364;331;353;298;261;205;223;226;195;159
419;10931;St.Gallen Stadt St.Jakob-Str.5;08.09.2018;Samstag;2;125;83;67;60;36;50;94;149;235;295;351;383;413;379;420;404;472;374;280;251;259;214;206;186
420;10931;St.Gallen Stadt St.Jakob-Str.5;09.09.2018;Sonntag;1;117;124;91;73;53;41;47;68;107;163;234;240;223;235;229;259;245;295;271;243;215;171;81;36
421;10931;St.Gallen Stadt St.Jakob-Str.5;09.09.2018;Sonntag;2;155;138;86;81;64;48;52;59;66;127;188;219;243;311;296;282;341;373;304;265;210;144;107;74
422;10931;St.Gallen Stadt St.Jakob-Str.5;10.09.2018;Montag;1;31;13;20;18;36;78;196;407;413;322;275;315;264;374;308;334;343;396;297;259;182;134;87;39
423;10931;St.Gallen Stadt St.Jakob-Str.5;10.09.2018;Montag;2;37;16;18;10;21;62;212;280;282;263;321;363;351;350;383;390;474;539;420;281;215;216;133;73
424;10931;St.Gallen Stadt St.Jakob-Str.5;11.09.2018;Dienstag;1;35;29;23;23;44;80;211;428;377;331;320;323;279;331;368;308;344;382;360;253;187;142;125;56
425;10931;St.Gallen Stadt St.Jakob-Str.5;11.09.2018;Dienstag;2;42;33;24;25;26;64;207;255;263;295;354;408;315;352;356;380;444;515;463;367;270;200;168;89
426;10931;St.Gallen Stadt St.Jakob-Str.5;12.09.2018;Mittwoch;1;31;28;18;28;30;86;222;424;364;335;317;332;275;370;305;346;340;435;373;285;192;159;141;75
427;10931;St.Gallen Stadt St.Jakob-Str.5;12.09.2018;Mittwoch;2;36;39;15;21;30;60;219;262;273;301;361;404;322;362;402;409;518;493;469;350;241;255;193;97
428;10931;St.Gallen Stadt St.Jakob-Str.5;13.09.2018;Donnerstag;1;36;31;45;40;42;78;228;388;389;326;303;321;249;361;324;285;373;453;359;282;234;176;148;79
429;10931;St.Gallen Stadt St.Jakob-Str.5;13.09.2018;Donnerstag;2;61;28;48;36;38;73;217;300;262;302;360;366;308;375;361;404;487;487;425;345;277;246;183;107
430;10931;St.Gallen Stadt St.Jakob-Str.5;14.09.2018;Freitag;1;37;26;29;29;41;83;213;378;383;291;351;387;273;399;367;338;430;384;342;252;217;178;229;158
431;10931;St.Gallen Stadt St.Jakob-Str.5;14.09.2018;Freitag;2;50;33;35;25;28;67;193;263;301;370;387;437;353;373;408;473;505;523;408;334;254;210;227;201
432;10931;St.Gallen Stadt St.Jakob-Str.5;15.09.2018;Samstag;1;122;95;67;65;72;36;83;145;273;303;382;373;336;368;397;356;312;273;266;192;205;221;209;172
433;10931;St.Gallen Stadt St.Jakob-Str.5;15.09.2018;Samstag;2;148;96;80;58;46;49;84;165;236;282;335;377;426;390;416;442;420;407;306;305;209;219;210;166
434;10931;St.Gallen Stadt St.Jakob-Str.5;16.09.2018;Sonntag;1;141;121;72;79;77;42;56;66;126;184;215;231;231;221;242;334;283;268;237;229;240;166;89;44
435;10931;St.Gallen Stadt St.Jakob-Str.5;16.09.2018;Sonntag;2;151;144;84;90;68;56;45;50;81;124;184;191;226;261;282;283;334;329;306;244;210;158;104;67
436;10931;St.Gallen Stadt St.Jakob-Str.5;17.09.2018;Montag;1;21;11;19;18;36;77;206;436;355;303;265;302;261;379;345;309;330;468;287;244;181;147;98;49
437;10931;St.Gallen Stadt St.Jakob-Str.5;17.09.2018;Montag;2;38;19;20;14;14;77;213;258;288;279;326;391;311;351;385;404;469;484;509;344;241;207;119;72
438;10931;St.Gallen Stadt St.Jakob-Str.5;18.09.2018;Dienstag;1;22;25;15;22;35;67;203;409;384;338;322;294;277;394;334;305;331;384;337;249;155;161;110;63
439;10931;St.Gallen Stadt St.Jakob-Str.5;18.09.2018;Dienstag;2;41;20;16;15;18;78;203;284;266;293;362;381;327;352;389;390;439;516;445;298;240;202;145;79
440;10931;St.Gallen Stadt St.Jakob-Str.5;19.09.2018;Mittwoch;1;39;14;17;15;34;83;217;394;348;315;315;324;275;345;377;337;368;461;349;287;190;149;128;59
441;10931;St.Gallen Stadt St.Jakob-Str.5;19.09.2018;Mittwoch;2;41;27;12;13;16;79;209;273;263;279;363;422;332;345;365;441;510;495;434;344;261;241;157;91
442;10931;St.Gallen Stadt St.Jakob-Str.5;20.09.2018;Donnerstag;1;29;22;31;25;39;77;219;378;341;327;316;319;239;361;305;301;374;451;394;258;210;172;130;77
443;10931;St.Gallen Stadt St.Jakob-Str.5;20.09.2018;Donnerstag;2;46;26;23;23;29;80;195;267;294;279;350;389;321;356;350;400;484;470;449;361;314;282;197;98
444;10931;St.Gallen Stadt St.Jakob-Str.5;21.09.2018;Freitag;1;44;36;28;35;41;87;204;355;382;362;329;335;271;354;352;344;432;432;337;275;215;217;199;176
445;10931;St.Gallen Stadt St.Jakob-Str.5;21.09.2018;Freitag;2;58;35;23;29;24;82;209;260;312;316;394;442;340;381;456;404;479;511;382;322;277;237;250;190
446;10931;St.Gallen Stadt St.Jakob-Str.5;22.09.2018;Samstag;1;93;100;74;60;59;45;73;140;218;302;373;386;350;402;392;377;321;321;263;225;213;160;156;172
447;10931;St.Gallen Stadt St.Jakob-Str.5;22.09.2018;Samstag;2;137;93;78;55;45;50;78;129;196;275;337;382;385;369;385;378;414;415;309;225;206;172;199;166
448;10931;St.Gallen Stadt St.Jakob-Str.5;23.09.2018;Sonntag;1;120;107;73;65;71;33;48;62;96;157;227;210;223;244;263;276;258;247;247;229;366;282;165;97
449;10931;St.Gallen Stadt St.Jakob-Str.5;23.09.2018;Sonntag;2;143;96;86;71;58;53;46;53;53;142;141;204;247;263;272;269;298;318;320;275;205;180;114;71
450;10931;St.Gallen Stadt St.Jakob-Str.5;24.09.2018;Montag;1;56;31;34;36;96;65;217;371;372;292;297;318;232;369;325;324;343;404;315;237;181;134;104;64
451;10931;St.Gallen Stadt St.Jakob-Str.5;24.09.2018;Montag;2;33;21;11;7;24;61;196;257;262;319;302;413;317;314;406;391;487;518;398;328;324;261;161;84
452;10931;St.Gallen Stadt St.Jakob-Str.5;25.09.2018;Dienstag;1;24;13;10;21;42;66;207;385;326;323;362;309;253;376;342;367;341;427;356;265;189;165;113;59
453;10931;St.Gallen Stadt St.Jakob-Str.5;25.09.2018;Dienstag;2;48;24;20;15;34;70;219;246;305;305;341;378;319;369;371;395;452;514;456;334;355;291;211;120
454;10931;St.Gallen Stadt St.Jakob-Str.5;26.09.2018;Mittwoch;1;42;19;22;21;37;79;212;372;377;322;349;355;307;407;371;364;357;399;352;339;480;366;281;134
455;10931;St.Gallen Stadt St.Jakob-Str.5;26.09.2018;Mittwoch;2;54;22;30;15;30;69;214;268;289;322;360;427;316;391;399;452;478;521;432;361;303;246;191;100
456;10931;St.Gallen Stadt St.Jakob-Str.5;27.09.2018;Donnerstag;1;83;43;39;57;106;77;222;424;386;325;387;351;307;394;348;307;407;440;516;333;243;265;188;119
457;10931;St.Gallen Stadt St.Jakob-Str.5;27.09.2018;Donnerstag;2;52;30;35;23;32;79;204;274;300;306;425;399;338;383;382;401;465;481;463;390;312;334;265;145
458;10931;St.Gallen Stadt St.Jakob-Str.5;28.09.2018;Freitag;1;56;38;25;39;51;80;188;354;394;385;400;369;295;354;375;385;419;382;354;265;215;224;223;198
459;10931;St.Gallen Stadt St.Jakob-Str.5;28.09.2018;Freitag;2;77;40;20;32;31;72;201;264;303;345;372;433;315;412;390;445;470;488;424;309;250;271;206;244
460;10931;St.Gallen Stadt St.Jakob-Str.5;29.09.2018;Samstag;1;115;97;76;72;87;72;92;156;285;338;380;430;397;384;454;382;328;298;255;213;200;172;208;162
461;10931;St.Gallen Stadt St.Jakob-Str.5;29.09.2018;Samstag;2;143;91;77;69;54;48;87;141;204;304;355;368;385;436;406;451;410;375;295;250;212;199;237;169
462;10931;St.Gallen Stadt St.Jakob-Str.5;30.09.2018;Sonntag;1;122;108;89;88;87;47;58;60;94;193;239;264;234;240;226;257;277;287;246;204;208;146;84;58
463;10931;St.Gallen Stadt St.Jakob-Str.5;30.09.2018;Sonntag;2;130;107;96;100;85;49;59;53;72;104;186;243;235;254;275;297;306;340;262;207;256;209;150;92
464;10931;St.Gallen Stadt St.Jakob-Str.5;01.10.2018;Montag;1;34;19;21;20;35;71;194;373;299;300;305;302;253;352;368;308;373;379;315;219;168;107;105;44
465;10931;St.Gallen Stadt St.Jakob-Str.5;01.10.2018;Montag;2;54;36;19;19;25;63;209;251;271;256;373;348;322;309;402;386;435;499;343;276;279;213;163;102
466;10931;St.Gallen Stadt St.Jakob-Str.5;02.10.2018;Dienstag;1;24;11;18;22;34;72;200;365;341;319;296;296;260;360;355;317;367;408;326;227;167;121;100;68
467;10931;St.Gallen Stadt St.Jakob-Str.5;02.10.2018;Dienstag;2;43;25;20;20;26;65;190;247;268;276;324;415;276;347;402;376;496;468;395;289;305;291;226;110
468;10931;St.Gallen Stadt St.Jakob-Str.5;03.10.2018;Mittwoch;1;32;18;25;21;40;83;299;563;547;421;384;356;311;379;332;342;364;422;319;305;395;320;245;149
469;10931;St.Gallen Stadt St.Jakob-Str.5;03.10.2018;Mittwoch;2;48;30;27;26;28;70;201;301;290;407;438;509;408;457;531;554;580;678;552;378;284;234;231;152
470;10931;St.Gallen Stadt St.Jakob-Str.5;04.10.2018;Donnerstag;1;85;58;45;49;95;132;199;367;337;311;325;332;266;419;353;361;368;467;481;373;266;324;302;143
471;10931;St.Gallen Stadt St.Jakob-Str.5;04.10.2018;Donnerstag;2;78;32;26;37;33;86;223;308;317;356;386;480;370;446;529;497;605;640;515;460;354;329;282;168
472;10931;St.Gallen Stadt St.Jakob-Str.5;05.10.2018;Freitag;1;99;41;38;56;101;121;191;338;372;371;391;391;325;367;410;402;426;426;375;360;502;344;329;261
473;10931;St.Gallen Stadt St.Jakob-Str.5;05.10.2018;Freitag;2;76;42;26;22;35;79;223;297;340;372;476;534;424;492;539;555;606;638;506;420;438;318;311;249
474;10931;St.Gallen Stadt St.Jakob-Str.5;06.10.2018;Samstag;1;215;142;118;85;85;60;76;143;228;336;387;374;388;392;415;354;307;320;246;203;197;186;186;160
475;10931;St.Gallen Stadt St.Jakob-Str.5;06.10.2018;Samstag;2;150;127;92;77;65;65;80;150;198;323;408;475;460;483;518;521;577;571;343;258;244;289;240;207
476;10931;St.Gallen Stadt St.Jakob-Str.5;07.10.2018;Sonntag;1;142;106;88;90;73;49;47;53;70;151;184;219;220;224;248;248;281;265;234;216;173;130;76;54
477;10931;St.Gallen Stadt St.Jakob-Str.5;07.10.2018;Sonntag;2;185;168;100;128;84;72;61;55;69;131;203;225;303;246;331;360;362;353;271;330;247;164;157;84
478;10931;St.Gallen Stadt St.Jakob-Str.5;08.10.2018;Montag;1;19;25;22;16;34;77;207;399;357;358;357;356;306;433;405;343;379;462;345;241;172;147;110;62
479;10931;St.Gallen Stadt St.Jakob-Str.5;08.10.2018;Montag;2;44;24;22;16;23;66;234;298;290;347;373;440;366;413;444;483;578;597;437;345;268;229;163;92
480;10931;St.Gallen Stadt St.Jakob-Str.5;09.10.2018;Dienstag;1;37;20;21;17;42;77;243;539;421;370;374;390;311;401;410;360;426;464;375;266;192;148;123;72
481;10931;St.Gallen Stadt St.Jakob-Str.5;09.10.2018;Dienstag;2;38;30;18;13;23;71;212;377;351;359;420;460;375;423;470;483;573;634;602;344;267;224;163;107
482;10931;St.Gallen Stadt St.Jakob-Str.5;10.10.2018;Mittwoch;1;36;17;18;16;36;80;234;388;364;375;436;412;337;432;411;434;454;490;431;334;209;197;139;96
483;10931;St.Gallen Stadt St.Jakob-Str.5;10.10.2018;Mittwoch;2;45;26;20;14;21;73;222;310;304;349;467;471;403;445;464;566;658;685;565;409;256;334;228;121
484;10931;St.Gallen Stadt St.Jakob-Str.5;11.10.2018;Donnerstag;1;49;31;37;28;38;79;242;365;392;377;391;396;371;396;423;388;444;470;433;378;320;276;249;215
485;10931;St.Gallen Stadt St.Jakob-Str.5;11.10.2018;Donnerstag;2;66;47;29;28;27;87;236;343;363;403;412;492;408;460;494;545;571;608;524;417;404;367;344;223
486;10931;St.Gallen Stadt St.Jakob-Str.5;12.10.2018;Freitag;1;121;90;57;48;49;84;204;346;388;370;452;397;384;426;456;396;417;449;445;344;388;297;330;261
487;10931;St.Gallen Stadt St.Jakob-Str.5;12.10.2018;Freitag;2;140;104;72;53;43;79;217;298;391;432;486;481;474;495;542;544;590;600;503;408;399;387;385;311
488;10931;St.Gallen Stadt St.Jakob-Str.5;13.10.2018;Samstag;1;170;154;100;84;69;53;78;151;278;374;376;399;376;413;454;426;387;350;388;356;352;354;307;250
489;10931;St.Gallen Stadt St.Jakob-Str.5;13.10.2018;Samstag;2;230;142;132;95;73;67;85;150;274;405;447;492;470;514;520;557;525;559;434;379;378;381;375;332
490;10931;St.Gallen Stadt St.Jakob-Str.5;14.10.2018;Sonntag;1;228;174;131;97;85;44;57;61;175;251;322;342;376;364;434;440;419;370;367;330;297;189;98;77
491;10931;St.Gallen Stadt St.Jakob-Str.5;14.10.2018;Sonntag;2;258;201;146;125;79;82;74;87;192;208;302;368;394;488;531;577;533;456;434;356;293;230;161;86
492;10931;St.Gallen Stadt St.Jakob-Str.5;15.10.2018;Montag;1;41;25;17;24;40;81;238;391;368;354;389;390;434;440;447;398;394;464;402;325;278;265;217;163
493;10931;St.Gallen Stadt St.Jakob-Str.5;15.10.2018;Montag;2;44;29;17;19;30;71;222;359;390;412;418;479;455;497;507;542;559;678;524;400;311;295;280;188
494;10931;St.Gallen Stadt St.Jakob-Str.5;16.10.2018;Dienstag;1;110;62;36;28;49;77;243;371;409;367;404;397;379;403;390;381;423;489;436;364;332;206;172;133
495;10931;St.Gallen Stadt St.Jakob-Str.5;16.10.2018;Dienstag;2;88;70;47;30;34;76;235;357;341;396;443;509;395;424;486;468;557;641;575;408;379;263;254;170
496;10931;St.Gallen Stadt St.Jakob-Str.5;17.10.2018;Mittwoch;1;74;28;29;25;39;72;247;349;369;380;400;436;340;399;434;410;393;471;473;345;277;255;203;176
497;10931;St.Gallen Stadt St.Jakob-Str.5;17.10.2018;Mittwoch;2;103;49;28;23;22;70;223;342;362;371;428;527;413;446;505;467;586;623;594;426;349;322;302;188
498;10931;St.Gallen Stadt St.Jakob-Str.5;18.10.2018;Donnerstag;1;92;65;47;26;34;83;236;358;379;359;419;419;347;411;420;389;467;456;478;374;292;244;286;225
499;10931;St.Gallen Stadt St.Jakob-Str.5;18.10.2018;Donnerstag;2;93;65;57;39;41;72;239;336;368;382;423;471;415;435;533;481;605;638;553;449;375;361;353;270
500;10931;St.Gallen Stadt St.Jakob-Str.5;19.10.2018;Freitag;1;111;73;51;32;42;81;219;334;411;379;401;389;397;466;493;443;474;441;433;416;347;365;258;268
501;10931;St.Gallen Stadt St.Jakob-Str.5;19.10.2018;Freitag;2;117;93;61;48;39;78;222;323;384;408;486;507;444;507;542;595;613;592;549;441;393;385;345;314
502;10931;St.Gallen Stadt St.Jakob-Str.5;20.10.2018;Samstag;1;188;161;113;87;77;62;72;135;260;402;407;439;401;462;510;476;479;413;372;342;371;332;347;240
503;10931;St.Gallen Stadt St.Jakob-Str.5;20.10.2018;Samstag;2;225;168;106;98;73;71;106;159;296;331;423;471;497;536;586;526;642;579;445;422;384;364;424;337
504;10931;St.Gallen Stadt St.Jakob-Str.5;21.10.2018;Sonntag;1;216;171;129;104;77;59;57;99;180;258;312;365;410;447;511;429;394;366;370;306;253;148;108;52
505;10931;St.Gallen Stadt St.Jakob-Str.5;21.10.2018;Sonntag;2;247;179;141;116;97;69;58;103;211;224;293;376;421;433;492;538;529;575;439;343;294;177;165;77
506;10931;St.Gallen Stadt St.Jakob-Str.5;22.10.2018;Montag;1;28;18;20;26;40;90;257;572;512;405;379;367;359;439;387;351;442;487;366;323;201;156;116;49
507;10931;St.Gallen Stadt St.Jakob-Str.5;22.10.2018;Montag;2;40;20;21;15;23;84;243;446;437;404;445;488;369;454;443;537;607;718;537;338;265;259;170;79
508;10931;St.Gallen Stadt St.Jakob-Str.5;23.10.2018;Dienstag;1;22;10;19;15;25;81;237;435;444;418;404;383;337;410;428;357;431;540;381;308;203;177;111;60
509;10931;St.Gallen Stadt St.Jakob-Str.5;23.10.2018;Dienstag;2;44;23;18;13;19;71;237;357;367;415;443;511;403;431;483;545;661;706;547;364;280;262;181;109
510;10931;St.Gallen Stadt St.Jakob-Str.5;24.10.2018;Mittwoch;1;30;27;13;15;26;76;245;434;412;389;360;345;263;401;354;359;379;455;344;283;179;180;106;84
511;10931;St.Gallen Stadt St.Jakob-Str.5;24.10.2018;Mittwoch;2;50;35;13;19;21;69;227;343;326;357;388;439;308;360;354;426;493;513;385;333;238;208;166;97
512;10931;St.Gallen Stadt St.Jakob-Str.5;25.10.2018;Donnerstag;1;35;32;23;26;36;73;233;365;365;305;292;318;289;380;360;323;386;449;414;309;212;159;145;98
513;10931;St.Gallen Stadt St.Jakob-Str.5;25.10.2018;Donnerstag;2;46;39;23;23;32;74;200;272;270;311;356;407;300;391;395;399;464;499;473;325;340;256;198;132
514;10931;St.Gallen Stadt St.Jakob-Str.5;26.10.2018;Freitag;1;46;28;21;13;39;84;222;322;378;350;352;344;341;396;357;361;370;457;368;294;206;189;202;152
515;10931;St.Gallen Stadt St.Jakob-Str.5;26.10.2018;Freitag;2;62;34;19;22;22;60;208;246;300;372;389;422;298;381;416;441;499;482;419;311;265;224;227;162
516;10931;St.Gallen Stadt St.Jakob-Str.5;27.10.2018;Samstag;1;114;87;67;68;57;44;74;140;254;327;398;406;400;366;444;363;343;329;287;211;206;158;234;179
517;10931;St.Gallen Stadt St.Jakob-Str.5;27.10.2018;Samstag;2;144;83;76;64;48;43;66;135;203;286;343;398;401;371;409;453;441;417;307;241;212;181;243;217
518;10931;St.Gallen Stadt St.Jakob-Str.5;28.10.2018;Sonntag;1;157;255;69;84;45;42;35;60;95;167;219;229;275;267;285;289;250;254;207;181;150;103;43;39
519;10931;St.Gallen Stadt St.Jakob-Str.5;28.10.2018;Sonntag;2;141;243;79;57;54;49;46;55;113;172;222;240;247;267;299;275;292;281;253;210;170;119;76;61
520;10931;St.Gallen Stadt St.Jakob-Str.5;29.10.2018;Montag;1;18;14;21;21;29;77;234;395;372;291;313;316;253;403;350;337;381;428;326;218;162;127;91;67
521;10931;St.Gallen Stadt St.Jakob-Str.5;29.10.2018;Montag;2;31;24;12;10;26;56;208;275;304;313;355;387;314;337;373;417;462;473;374;295;214;186;158;76
522;10931;St.Gallen Stadt St.Jakob-Str.5;30.10.2018;Dienstag;1;26;13;18;19;36;76;204;366;409;357;307;327;307;358;384;370;393;438;370;244;164;162;102;67
523;10931;St.Gallen Stadt St.Jakob-Str.5;30.10.2018;Dienstag;2;36;19;13;17;26;62;228;293;288;325;369;404;303;348;409;461;456;528;435;298;232;248;167;123
524;10931;St.Gallen Stadt St.Jakob-Str.5;31.10.2018;Mittwoch;1;16;20;23;18;31;79;222;384;383;321;349;356;299;387;380;380;434;467;340;267;195;180;167;117
525;10931;St.Gallen Stadt St.Jakob-Str.5;31.10.2018;Mittwoch;2;49;17;12;13;23;64;225;253;280;345;359;425;357;338;400;487;505;501;377;308;231;245;194;148
526;10931;St.Gallen Stadt St.Jakob-Str.5;01.11.2018;Donnerstag;1;93;65;69;60;61;63;83;86;110;138;206;215;228;240;255;254;277;279;196;189;132;134;86;81
527;10931;St.Gallen Stadt St.Jakob-Str.5;01.11.2018;Donnerstag;2;114;84;71;67;41;62;88;82;92;136;164;178;215;259;237;253;297;325;210;191;157;178;121;114
528;10931;St.Gallen Stadt St.Jakob-Str.5;02.11.2018;Freitag;1;41;31;30;30;37;59;132;274;306;382;390;385;325;406;418;377;383;368;328;264;208;195;163;126
529;10931;St.Gallen Stadt St.Jakob-Str.5;02.11.2018;Freitag;2;66;34;23;16;24;42;135;201;297;340;407;473;348;424;411;454;493;434;359;280;220;225;243;156
530;10931;St.Gallen Stadt St.Jakob-Str.5;03.11.2018;Samstag;1;88;86;73;59;68;43;74;117;249;318;371;397;355;362;381;338;347;312;237;162;189;165;197;194
531;10931;St.Gallen Stadt St.Jakob-Str.5;03.11.2018;Samstag;2;112;105;72;60;64;47;66;129;223;268;336;425;394;365;392;425;441;368;250;210;183;189;207;216
532;10931;St.Gallen Stadt St.Jakob-Str.5;04.11.2018;Sonntag;1;137;143;70;88;60;43;45;44;78;144;202;223;215;222;290;268;281;270;208;183;148;123;72;51
533;10931;St.Gallen Stadt St.Jakob-Str.5;04.11.2018;Sonntag;2;103;122;63;96;56;56;49;53;63;123;180;223;229;250;274;293;335;304;254;216;157;141;97;58
534;10931;St.Gallen Stadt St.Jakob-Str.5;05.11.2018;Montag;1;27;19;22;15;35;84;227;364;364;302;310;307;264;393;351;360;384;409;323;257;131;138;87;48
535;10931;St.Gallen Stadt St.Jakob-Str.5;05.11.2018;Montag;2;37;15;20;9;24;62;214;291;278;293;336;364;306;346;414;427;460;501;405;276;218;218;135;77
536;10931;St.Gallen Stadt St.Jakob-Str.5;06.11.2018;Dienstag;1;36;24;21;14;32;79;220;391;411;346;315;315;262;389;344;341;382;439;340;263;150;150;100;48
537;10931;St.Gallen Stadt St.Jakob-Str.5;06.11.2018;Dienstag;2;41;20;14;19;15;58;220;287;295;303;334;410;318;319;372;398;470;494;392;285;212;198;162;74
538;10931;St.Gallen Stadt St.Jakob-Str.5;07.11.2018;Mittwoch;1;32;13;13;22;26;87;225;379;360;355;317;334;242;429;384;350;370;436;351;260;181;154;97;60
539;10931;St.Gallen Stadt St.Jakob-Str.5;07.11.2018;Mittwoch;2;37;21;15;19;12;68;210;278;248;286;381;433;313;374;378;456;513;471;402;299;227;234;156;89
540;10931;St.Gallen Stadt St.Jakob-Str.5;08.11.2018;Donnerstag;1;33;18;13;16;43;64;246;362;378;325;313;332;265;396;345;365;387;489;388;271;202;156;147;70
541;10931;St.Gallen Stadt St.Jakob-Str.5;08.11.2018;Donnerstag;2;57;20;21;21;11;67;205;276;308;307;353;412;298;371;425;430;480;498;425;313;285;235;205;117
542;10931;St.Gallen Stadt St.Jakob-Str.5;09.11.2018;Freitag;1;47;19;30;21;31;77;209;347;353;374;362;331;319;373;372;384;427;467;401;285;204;190;216;119
543;10931;St.Gallen Stadt St.Jakob-Str.5;09.11.2018;Freitag;2;49;31;27;22;20;66;185;253;286;338;379;418;327;337;419;444;508;498;391;292;210;199;214;188
544;10931;St.Gallen Stadt St.Jakob-Str.5;10.11.2018;Samstag;1;97;100;71;65;52;47;63;140;268;329;345;397;344;343;412;345;311;255;253;223;165;192;160;166
545;10931;St.Gallen Stadt St.Jakob-Str.5;10.11.2018;Samstag;2;116;105;92;62;46;41;72;116;214;283;353;403;406;368;402;440;458;392;233;222;160;195;213;187
546;10931;St.Gallen Stadt St.Jakob-Str.5;11.11.2018;Sonntag;1;163;114;99;83;51;44;31;52;83;158;225;250;265;281;273;254;283;256;212;164;138;91;69;33
547;10931;St.Gallen Stadt St.Jakob-Str.5;11.11.2018;Sonntag;2;165;133;105;81;57;50;41;50;71;116;147;225;238;246;294;307;330;312;278;207;171;141;99;51
548;10931;St.Gallen Stadt St.Jakob-Str.5;10.12.2018;Montag;1;23;21;13;17;36;66;219;378;385;302;292;293;287;388;346;308;326;446;348;242;161;107;114;75
549;10931;St.Gallen Stadt St.Jakob-Str.5;10.12.2018;Montag;2;28;20;14;11;22;66;203;264;258;327;360;421;314;340;364;403;470;438;368;287;223;200;158;79
550;10931;St.Gallen Stadt St.Jakob-Str.5;11.12.2018;Dienstag;1;26;12;16;14;40;78;211;362;404;316;300;319;278;382;383;338;395;415;341;264;163;158;129;68
551;10931;St.Gallen Stadt St.Jakob-Str.5;11.12.2018;Dienstag;2;49;17;12;12;20;70;200;280;278;298;359;401;308;349;381;423;486;473;398;296;251;216;158;111
552;10931;St.Gallen Stadt St.Jakob-Str.5;12.12.2018;Mittwoch;1;34;11;20;17;34;75;206;406;363;347;320;323;269;403;420;373;402;421;303;253;170;132;130;82
553;10931;St.Gallen Stadt St.Jakob-Str.5;12.12.2018;Mittwoch;2;43;27;13;14;32;64;200;267;268;305;390;438;318;350;387;447;466;479;402;303;257;200;173;104
554;10931;St.Gallen Stadt St.Jakob-Str.5;13.12.2018;Donnerstag;1;39;27;21;19;39;76;210;335;387;371;330;338;279;394;344;365;408;470;414;310;205;152;135;87
555;10931;St.Gallen Stadt St.Jakob-Str.5;13.12.2018;Donnerstag;2;48;35;19;25;36;64;189;284;299;275;383;447;330;368;417;394;448;468;381;362;283;254;208;122
556;10931;St.Gallen Stadt St.Jakob-Str.5;14.12.2018;Freitag;1;55;33;25;26;36;84;180;336;363;336;361;347;332;388;411;399;444;411;394;265;193;178;193;176
557;10931;St.Gallen Stadt St.Jakob-Str.5;14.12.2018;Freitag;2;69;36;29;22;29;71;183;254;288;328;384;507;313;394;442;477;509;452;396;343;263;231;250;247
558;10931;St.Gallen Stadt St.Jakob-Str.5;15.12.2018;Samstag;1;167;129;99;91;79;77;82;125;248;323;387;413;350;394;421;358;345;266;257;209;200;197;190;154
559;10931;St.Gallen Stadt St.Jakob-Str.5;15.12.2018;Samstag;2;179;132;104;89;77;60;86;100;189;292;349;391;395;408;411;440;452;392;294;213;179;184;234;202
560;10931;St.Gallen Stadt St.Jakob-Str.5;16.12.2018;Sonntag;1;160;139;98;85;78;41;36;60;75;137;205;259;287;267;316;275;264;191;196;177;157;93;69;49
561;10931;St.Gallen Stadt St.Jakob-Str.5;16.12.2018;Sonntag;2;177;141;94;76;78;57;43;53;68;98;164;189;244;254;307;345;370;374;260;219;184;134;97;67
562;10931;St.Gallen Stadt St.Jakob-Str.5;17.12.2018;Montag;1;28;16;15;21;47;79;199;387;358;340;297;317;271;399;371;353;385;409;286;210;157;134;115;55
563;10931;St.Gallen Stadt St.Jakob-Str.5;17.12.2018;Montag;2;37;20;15;15;29;70;194;248;270;314;371;404;312;351;426;449;498;480;384;307;234;187;159;75
564;10931;St.Gallen Stadt St.Jakob-Str.5;18.12.2018;Dienstag;1;28;18;20;19;45;63;206;380;363;369;368;359;270;419;357;367;403;416;343;257;164;149;116;81
565;10931;St.Gallen Stadt St.Jakob-Str.5;18.12.2018;Dienstag;2;49;15;15;16;25;63;195;265;298;328;373;441;306;360;412;466;502;511;397;341;262;221;155;109
566;10931;St.Gallen Stadt St.Jakob-Str.5;19.12.2018;Mittwoch;1;39;18;18;16;32;67;186;378;370;352;381;364;294;465;437;331;406;441;330;262;162;149;123;64
567;10931;St.Gallen Stadt St.Jakob-Str.5;19.12.2018;Mittwoch;2;40;31;21;14;29;56;208;251;284;334;417;449;362;405;437;421;475;456;397;294;234;222;195;109
568;10931;St.Gallen Stadt St.Jakob-Str.5;20.12.2018;Donnerstag;1;39;33;43;34;51;80;181;352;371;355;325;367;293;390;383;384;361;484;427;331;205;161;137;90
569;10931;St.Gallen Stadt St.Jakob-Str.5;20.12.2018;Donnerstag;2;66;37;43;36;39;78;178;269;278;309;416;464;346;356;421;439;502;463;399;353;288;273;201;141
570;10931;St.Gallen Stadt St.Jakob-Str.5;21.12.2018;Freitag;1;57;37;38;39;44;69;174;314;372;398;404;398;333;421;463;436;433;419;342;261;186;134;150;149
571;10931;St.Gallen Stadt St.Jakob-Str.5;21.12.2018;Freitag;2;78;46;34;37;43;75;184;245;314;355;431;511;417;439;452;497;526;415;423;286;208;223;235;192
572;10931;St.Gallen Stadt St.Jakob-Str.5;22.12.2018;Samstag;1;126;101;85;80;86;53;65;105;251;337;405;426;383;361;357;351;317;262;234;168;165;164;134;149
573;10931;St.Gallen Stadt St.Jakob-Str.5;22.12.2018;Samstag;2;127;108;98;79;75;56;66;123;204;297;360;432;397;350;439;404;400;358;251;201;185;167;207;172
574;10931;St.Gallen Stadt St.Jakob-Str.5;23.12.2018;Sonntag;1;121;125;94;85;69;47;33;42;83;142;208;296;294;305;313;322;264;250;180;170;138;94;89;80
575;10931;St.Gallen Stadt St.Jakob-Str.5;23.12.2018;Sonntag;2;133;123;80;80;56;60;46;53;74;103;166;224;259;299;336;381;353;359;245;198;148;155;125;96
576;10931;St.Gallen Stadt St.Jakob-Str.5;24.12.2018;Montag;1;57;39;40;30;33;47;86;152;235;350;413;426;380;381;341;332;295;246;128;83;85;143;198;180
577;10931;St.Gallen Stadt St.Jakob-Str.5;24.12.2018;Montag;2;76;38;36;21;22;54;75;166;218;334;443;461;465;375;416;429;418;274;202;138;104;145;168;156
578;10931;St.Gallen Stadt St.Jakob-Str.5;25.12.2018;Dienstag;1;163;82;81;34;33;26;27;26;34;87;160;197;211;185;192;218;236;205;161;132;125;147;134;132
579;10931;St.Gallen Stadt St.Jakob-Str.5;25.12.2018;Dienstag;2;179;114;60;31;37;25;27;32;37;70;127;182;186;217;222;263;276;232;197;151;159;172;147;132
580;10931;St.Gallen Stadt St.Jakob-Str.5;26.12.2018;Mittwoch;1;104;51;37;41;31;21;34;32;35;94;171;216;222;247;260;222;225;211;155;153;144;131;113;85
581;10931;St.Gallen Stadt St.Jakob-Str.5;26.12.2018;Mittwoch;2;90;61;39;36;38;42;23;32;40;90;129;174;198;190;239;319;342;246;203;203;132;158;144;98
582;10931;St.Gallen Stadt St.Jakob-Str.5;27.12.2018;Donnerstag;1;48;43;33;32;30;30;85;187;226;302;340;364;313;360;373;342;318;281;241;188;168;126;103;64
583;10931;St.Gallen Stadt St.Jakob-Str.5;27.12.2018;Donnerstag;2;77;32;27;17;32;47;86;155;193;225;325;365;304;332;435;450;456;451;293;217;200;163;153;103
584;10931;St.Gallen Stadt St.Jakob-Str.5;28.12.2018;Freitag;1;56;49;39;30;50;39;107;171;195;291;311;350;320;363;380;368;347;312;243;190;158;164;134;106
585;10931;St.Gallen Stadt St.Jakob-Str.5;28.12.2018;Freitag;2;68;47;32;33;34;53;91;149;191;248;314;368;319;347;408;447;467;405;329;244;228;163;174;150
586;10931;St.Gallen Stadt St.Jakob-Str.5;29.12.2018;Samstag;1;103;93;61;63;63;42;53;83;145;217;266;350;310;341;336;302;255;218;191;184;150;137;126;115
587;10931;St.Gallen Stadt St.Jakob-Str.5;29.12.2018;Samstag;2;108;86;74;61;54;40;56;87;112;173;271;303;326;323;356;382;412;314;197;197;161;166;167;127
588;10931;St.Gallen Stadt St.Jakob-Str.5;30.12.2018;Sonntag;1;93;88;74;76;62;31;34;42;50;101;143;169;171;204;209;205;228;211;142;157;145;115;86;60
589;10931;St.Gallen Stadt St.Jakob-Str.5;30.12.2018;Sonntag;2;104;87;84;57;54;41;34;41;69;81;135;163;153;188;201;223;261;264;178;172;158;119;122;94
590;10931;St.Gallen Stadt St.Jakob-Str.5;31.12.2018;Montag;1;61;35;27;21;30;39;75;106;158;263;332;351;320;354;307;299;243;205;206;151;119;117;115;100
591;10931;St.Gallen Stadt St.Jakob-Str.5;31.12.2018;Montag;2;60;42;30;19;18;38;75;118;148;236;335;340;375;357;389;417;363;231;241;183;114;136;111;112
