LNR;ORT-ID;BEZEICHNUNG;DATUM;WOCHENTAG;RI;1;2;3;4;5;6;7;8;9;10;11;12;13;14;15;16;17;18;19;20;21;22;23;24
0;10922;St.Gallen Stadt Guisanstr. 40;01.01.2019;Dienstag;1;10;16;9;3;3;1;9;10;10;13;15;31;23;38;42;54;37;35;20;27;15;12;10;6
1;10922;St.Gallen Stadt Guisanstr. 40;01.01.2019;Dienstag;2;21;16;12;5;2;2;7;12;6;10;23;19;34;34;47;43;31;40;25;23;7;11;11;12
2;10922;St.Gallen Stadt Guisanstr. 40;02.01.2019;Mittwoch;1;3;2;1;3;4;0;14;24;30;28;34;35;41;49;51;47;48;33;28;35;18;13;11;11
3;10922;St.Gallen Stadt Guisanstr. 40;02.01.2019;Mittwoch;2;7;1;1;1;2;3;11;23;23;21;37;47;46;41;45;40;44;51;32;36;17;10;13;12
4;10922;St.Gallen Stadt Guisanstr. 40;03.01.2019;Donnerstag;1;6;0;1;4;2;10;29;48;46;41;35;44;34;54;48;46;46;51;48;36;16;20;11;11
5;10922;St.Gallen Stadt Guisanstr. 40;03.01.2019;Donnerstag;2;10;1;1;1;3;5;23;42;38;31;31;50;52;54;38;38;61;70;56;42;27;19;16;8
6;10922;St.Gallen Stadt Guisanstr. 40;04.01.2019;Freitag;1;4;1;0;3;2;11;23;42;50;51;56;47;40;44;63;63;44;64;43;40;15;9;10;12
7;10922;St.Gallen Stadt Guisanstr. 40;04.01.2019;Freitag;2;5;3;0;1;1;9;26;34;60;36;46;53;45;56;66;63;54;56;61;39;17;22;17;10
8;10922;St.Gallen Stadt Guisanstr. 40;05.01.2019;Samstag;1;9;2;2;2;4;5;10;17;22;39;36;37;39;50;38;41;37;40;38;25;16;14;12;19
9;10922;St.Gallen Stadt Guisanstr. 40;05.01.2019;Samstag;2;9;7;2;3;4;5;10;19;29;33;39;37;53;50;49;37;51;50;31;22;18;13;18;16
10;10922;St.Gallen Stadt Guisanstr. 40;06.01.2019;Sonntag;1;31;3;1;2;4;6;15;20;31;39;46;51;49;49;63;46;54;29;27;33;17;16;14;10
11;10922;St.Gallen Stadt Guisanstr. 40;06.01.2019;Sonntag;2;12;3;3;3;1;2;8;14;16;23;37;24;25;36;50;35;60;34;26;18;30;18;19;9
12;10922;St.Gallen Stadt Guisanstr. 40;07.01.2019;Montag;1;5;0;1;2;6;13;44;90;78;44;62;70;49;88;66;37;77;85;71;57;28;28;18;12
13;10922;St.Gallen Stadt Guisanstr. 40;07.01.2019;Montag;2;5;1;1;0;5;8;44;51;60;52;59;65;53;72;48;50;67;78;76;64;26;29;16;13
14;10922;St.Gallen Stadt Guisanstr. 40;08.01.2019;Dienstag;1;6;1;1;4;5;12;44;100;68;46;67;65;43;76;58;56;71;71;70;48;26;20;22;12
15;10922;St.Gallen Stadt Guisanstr. 40;08.01.2019;Dienstag;2;9;0;0;1;4;6;35;62;62;38;47;64;50;58;53;62;63;82;89;63;37;27;23;11
16;10922;St.Gallen Stadt Guisanstr. 40;09.01.2019;Mittwoch;1;4;3;0;2;3;14;42;86;93;46;72;75;66;66;67;60;79;96;63;47;40;30;21;9
17;10922;St.Gallen Stadt Guisanstr. 40;09.01.2019;Mittwoch;2;4;3;0;2;2;10;42;57;62;47;56;63;74;64;68;52;74;77;65;39;40;34;24;9
18;10922;St.Gallen Stadt Guisanstr. 40;10.01.2019;Donnerstag;1;7;0;1;2;8;18;39;81;57;46;55;43;49;68;39;59;86;83;73;47;40;23;26;11
19;10922;St.Gallen Stadt Guisanstr. 40;10.01.2019;Donnerstag;2;7;0;0;2;5;11;37;80;37;38;44;39;44;58;40;41;60;74;61;46;35;22;23;11
20;10922;St.Gallen Stadt Guisanstr. 40;11.01.2019;Freitag;1;13;1;2;5;11;14;55;90;108;56;63;86;80;91;72;83;87;80;79;58;27;29;28;19
21;10922;St.Gallen Stadt Guisanstr. 40;11.01.2019;Freitag;2;9;1;3;5;10;12;43;73;100;57;63;81;56;61;55;59;66;77;75;49;23;24;25;16
22;10922;St.Gallen Stadt Guisanstr. 40;12.01.2019;Samstag;1;14;5;0;7;3;14;28;27;45;67;60;62;71;65;68;55;77;68;47;30;26;11;21;27
23;10922;St.Gallen Stadt Guisanstr. 40;12.01.2019;Samstag;2;16;5;0;6;3;11;29;29;36;51;48;45;56;47;62;48;72;54;41;28;23;11;18;27
24;10922;St.Gallen Stadt Guisanstr. 40;13.01.2019;Sonntag;1;11;9;8;4;5;4;12;19;33;41;47;55;56;58;75;69;61;66;48;39;44;24;16;12
25;10922;St.Gallen Stadt Guisanstr. 40;13.01.2019;Sonntag;2;10;10;7;4;3;4;6;19;26;32;39;42;44;46;59;50;52;56;34;31;34;22;14;12
26;10922;St.Gallen Stadt Guisanstr. 40;14.01.2019;Montag;1;11;1;2;1;2;11;54;123;122;68;69;80;75;97;87;75;98;105;108;62;50;34;24;12
27;10922;St.Gallen Stadt Guisanstr. 40;14.01.2019;Montag;2;8;1;2;1;1;6;47;84;92;64;53;68;60;64;61;58;67;99;96;50;44;29;20;11
28;10922;St.Gallen Stadt Guisanstr. 40;15.01.2019;Dienstag;1;5;3;1;1;7;12;48;122;129;68;70;79;84;97;87;93;112;135;116;65;48;42;27;14
29;10922;St.Gallen Stadt Guisanstr. 40;15.01.2019;Dienstag;2;5;2;1;1;3;8;35;77;88;45;46;64;60;63;63;60;62;94;82;43;30;38;20;13
30;10922;St.Gallen Stadt Guisanstr. 40;16.01.2019;Mittwoch;1;8;4;0;3;4;12;49;115;144;82;87;109;111;111;96;75;80;99;87;67;39;24;23;11
31;10922;St.Gallen Stadt Guisanstr. 40;16.01.2019;Mittwoch;2;7;4;0;1;3;7;33;75;76;50;60;76;74;66;59;50;73;91;82;70;33;24;26;16
32;10922;St.Gallen Stadt Guisanstr. 40;17.01.2019;Donnerstag;1;8;2;1;3;4;13;54;99;85;60;55;64;64;69;57;60;67;97;77;50;25;25;16;17
33;10922;St.Gallen Stadt Guisanstr. 40;17.01.2019;Donnerstag;2;8;0;2;2;4;7;30;84;71;45;50;60;64;63;67;57;47;90;65;57;35;32;25;14
34;10922;St.Gallen Stadt Guisanstr. 40;18.01.2019;Freitag;1;8;2;0;2;4;20;51;88;77;56;55;66;60;75;74;65;78;67;68;54;26;15;17;19
35;10922;St.Gallen Stadt Guisanstr. 40;18.01.2019;Freitag;2;12;4;0;1;4;10;39;76;67;51;59;68;66;67;64;59;73;80;75;50;35;27;25;31
36;10922;St.Gallen Stadt Guisanstr. 40;19.01.2019;Samstag;1;8;5;4;1;1;7;14;24;46;51;48;60;52;56;55;64;50;45;40;30;25;17;17;21
37;10922;St.Gallen Stadt Guisanstr. 40;19.01.2019;Samstag;2;12;3;2;2;1;8;12;28;48;35;43;59;45;56;58;54;46;55;43;24;21;22;24;22
38;10922;St.Gallen Stadt Guisanstr. 40;20.01.2019;Sonntag;1;15;9;7;1;5;3;8;11;23;27;47;42;36;57;50;49;58;42;31;34;25;11;12;11
39;10922;St.Gallen Stadt Guisanstr. 40;20.01.2019;Sonntag;2;17;15;12;3;2;3;9;10;17;24;33;31;34;50;51;53;59;43;35;24;25;24;17;14
40;10922;St.Gallen Stadt Guisanstr. 40;21.01.2019;Montag;1;7;2;3;0;3;8;50;92;85;48;43;76;56;73;42;53;56;96;66;33;19;19;14;9
41;10922;St.Gallen Stadt Guisanstr. 40;21.01.2019;Montag;2;8;3;3;0;5;7;39;71;72;52;53;97;104;61;58;50;64;77;78;55;35;21;26;15
42;10922;St.Gallen Stadt Guisanstr. 40;22.01.2019;Dienstag;1;6;2;3;0;3;8;39;85;75;47;41;51;49;62;42;68;62;75;83;31;25;14;18;11
43;10922;St.Gallen Stadt Guisanstr. 40;22.01.2019;Dienstag;2;6;3;1;0;4;6;44;66;78;34;44;66;63;58;65;73;75;83;83;58;31;27;23;13
44;10922;St.Gallen Stadt Guisanstr. 40;23.01.2019;Mittwoch;1;5;4;1;1;1;12;34;93;75;41;53;57;58;60;53;78;67;80;78;46;31;20;9;9
45;10922;St.Gallen Stadt Guisanstr. 40;23.01.2019;Mittwoch;2;6;3;1;2;3;7;31;92;73;49;55;75;70;71;64;60;57;78;96;62;42;25;19;14
46;10922;St.Gallen Stadt Guisanstr. 40;24.01.2019;Donnerstag;1;9;2;0;3;1;9;40;91;89;42;47;54;57;56;37;87;59;85;61;41;23;21;17;17
47;10922;St.Gallen Stadt Guisanstr. 40;24.01.2019;Donnerstag;2;5;2;0;4;3;5;38;73;72;41;43;51;61;66;44;55;59;98;72;47;37;32;29;18
48;10922;St.Gallen Stadt Guisanstr. 40;25.01.2019;Freitag;1;8;1;2;3;9;16;39;87;83;44;58;70;62;75;46;71;77;65;54;43;21;25;13;15
49;10922;St.Gallen Stadt Guisanstr. 40;25.01.2019;Freitag;2;10;4;3;0;10;12;32;70;60;44;56;95;65;70;55;47;87;89;77;44;36;34;24;20
50;10922;St.Gallen Stadt Guisanstr. 40;26.01.2019;Samstag;1;9;2;2;1;3;6;14;12;35;57;46;37;48;37;39;39;31;44;49;25;19;11;14;16
51;10922;St.Gallen Stadt Guisanstr. 40;26.01.2019;Samstag;2;8;4;3;2;6;5;11;17;39;36;39;40;41;46;46;43;46;53;39;28;19;18;18;16
52;10922;St.Gallen Stadt Guisanstr. 40;27.01.2019;Sonntag;1;8;3;0;1;2;0;11;12;21;19;36;34;31;43;44;34;42;29;17;21;13;16;10;9
53;10922;St.Gallen Stadt Guisanstr. 40;27.01.2019;Sonntag;2;13;5;1;0;0;0;5;8;16;22;33;32;35;38;39;33;37;46;24;24;22;16;8;8
54;10922;St.Gallen Stadt Guisanstr. 40;28.01.2019;Montag;1;5;1;3;0;2;18;37;48;70;49;42;38;46;40;40;61;59;70;45;36;16;13;11;10
55;10922;St.Gallen Stadt Guisanstr. 40;28.01.2019;Montag;2;6;3;2;1;5;9;38;39;50;49;43;49;45;44;49;51;51;80;55;49;36;24;14;12
56;10922;St.Gallen Stadt Guisanstr. 40;29.01.2019;Dienstag;1;5;3;3;1;3;15;41;57;84;48;50;35;48;45;48;53;62;69;46;33;13;19;11;9
57;10922;St.Gallen Stadt Guisanstr. 40;29.01.2019;Dienstag;2;6;4;2;2;8;11;35;38;58;45;28;59;43;40;47;41;55;55;54;33;22;19;12;9
58;10922;St.Gallen Stadt Guisanstr. 40;30.01.2019;Mittwoch;1;5;2;3;0;0;12;30;59;61;43;38;55;49;43;58;48;54;63;58;31;26;19;22;19
59;10922;St.Gallen Stadt Guisanstr. 40;30.01.2019;Mittwoch;2;7;1;2;0;2;7;33;48;57;53;34;60;48;46;41;42;49;69;60;30;42;17;18;14
60;10922;St.Gallen Stadt Guisanstr. 40;31.01.2019;Donnerstag;1;6;2;0;2;3;8;35;60;52;33;45;52;54;50;47;44;37;59;41;40;17;17;15;10
61;10922;St.Gallen Stadt Guisanstr. 40;31.01.2019;Donnerstag;2;4;1;0;0;4;5;26;49;51;30;43;54;48;44;44;37;42;62;54;29;25;22;16;12
62;10922;St.Gallen Stadt Guisanstr. 40;01.02.2019;Freitag;1;4;1;4;0;2;10;36;59;55;44;45;44;51;49;41;48;62;45;52;34;16;13;15;15
63;10922;St.Gallen Stadt Guisanstr. 40;01.02.2019;Freitag;2;5;2;4;0;3;7;25;44;43;28;33;61;51;50;42;52;58;60;48;36;18;16;18;17
64;10922;St.Gallen Stadt Guisanstr. 40;02.02.2019;Samstag;1;6;1;1;1;2;6;17;15;29;39;52;42;37;49;45;48;37;36;25;23;15;11;12;13
65;10922;St.Gallen Stadt Guisanstr. 40;02.02.2019;Samstag;2;5;4;1;4;1;6;11;19;26;38;40;45;42;45;39;37;40;47;28;23;14;18;11;17
66;10922;St.Gallen Stadt Guisanstr. 40;03.02.2019;Sonntag;1;10;5;4;0;3;4;14;19;21;25;41;53;36;38;66;56;62;52;48;42;27;24;23;11
67;10922;St.Gallen Stadt Guisanstr. 40;03.02.2019;Sonntag;2;7;4;3;1;1;2;7;12;13;16;17;28;23;20;36;30;36;28;27;31;14;15;17;10
68;10922;St.Gallen Stadt Guisanstr. 40;04.02.2019;Montag;1;8;1;1;2;8;30;57;102;130;72;77;107;86;104;79;97;102;118;90;76;47;25;23;15
69;10922;St.Gallen Stadt Guisanstr. 40;04.02.2019;Montag;2;6;0;0;2;7;16;34;56;72;41;46;61;51;52;40;55;56;75;62;46;29;17;14;11
70;10922;St.Gallen Stadt Guisanstr. 40;05.02.2019;Dienstag;1;3;2;1;3;7;13;54;120;121;112;91;109;102;97;69;61;66;87;72;44;34;28;26;11
71;10922;St.Gallen Stadt Guisanstr. 40;05.02.2019;Dienstag;2;3;1;0;1;4;7;27;58;67;57;44;64;56;71;68;50;72;80;71;41;31;29;18;9
72;10922;St.Gallen Stadt Guisanstr. 40;06.02.2019;Mittwoch;1;8;3;1;2;3;10;37;88;77;49;66;56;49;89;62;66;99;98;94;54;36;26;28;9
73;10922;St.Gallen Stadt Guisanstr. 40;06.02.2019;Mittwoch;2;7;2;1;1;3;7;25;62;60;35;48;71;63;64;63;60;69;92;74;49;36;24;29;8
74;10922;St.Gallen Stadt Guisanstr. 40;07.02.2019;Donnerstag;1;7;4;2;1;8;11;42;103;78;71;56;51;50;98;50;65;78;96;75;49;30;26;19;16
75;10922;St.Gallen Stadt Guisanstr. 40;07.02.2019;Donnerstag;2;7;3;1;0;5;7;32;81;70;48;46;54;46;56;53;52;54;86;80;47;26;30;27;16
76;10922;St.Gallen Stadt Guisanstr. 40;08.02.2019;Freitag;1;10;2;3;2;6;14;45;93;94;57;67;95;71;83;66;70;62;92;61;43;21;28;19;14
77;10922;St.Gallen Stadt Guisanstr. 40;08.02.2019;Freitag;2;10;2;2;2;2;8;28;76;77;42;63;86;65;77;53;60;68;81;78;46;26;25;22;19
78;10922;St.Gallen Stadt Guisanstr. 40;09.02.2019;Samstag;1;12;1;1;1;2;7;16;30;32;66;50;56;53;46;62;55;49;47;42;25;20;19;24;16
79;10922;St.Gallen Stadt Guisanstr. 40;09.02.2019;Samstag;2;12;2;1;1;4;5;12;26;28;40;46;42;43;40;50;53;52;57;37;26;22;18;22;16
80;10922;St.Gallen Stadt Guisanstr. 40;10.02.2019;Sonntag;1;12;5;5;2;1;3;9;20;21;30;30;34;44;56;57;61;45;43;32;47;28;19;12;9
81;10922;St.Gallen Stadt Guisanstr. 40;10.02.2019;Sonntag;2;10;7;4;1;0;1;5;13;14;20;39;48;37;41;48;45;58;44;37;32;22;15;14;10
82;10922;St.Gallen Stadt Guisanstr. 40;11.02.2019;Montag;1;5;0;2;1;4;12;44;92;62;46;47;87;52;73;68;63;71;67;53;41;23;24;9;8
83;10922;St.Gallen Stadt Guisanstr. 40;11.02.2019;Montag;2;4;0;1;1;1;8;34;67;54;41;45;62;63;55;58;54;58;83;67;43;29;29;8;11
84;10922;St.Gallen Stadt Guisanstr. 40;12.02.2019;Dienstag;1;5;5;6;3;2;11;48;93;102;56;74;71;43;82;80;87;86;72;54;45;25;23;17;12
85;10922;St.Gallen Stadt Guisanstr. 40;12.02.2019;Dienstag;2;6;8;6;2;2;7;35;56;62;45;49;52;61;59;52;59;64;98;87;38;33;32;15;12
86;10922;St.Gallen Stadt Guisanstr. 40;13.02.2019;Mittwoch;1;10;1;2;2;4;8;36;87;93;53;58;71;66;76;58;59;66;85;74;45;29;17;19;10
87;10922;St.Gallen Stadt Guisanstr. 40;13.02.2019;Mittwoch;2;8;1;2;1;2;9;29;79;67;49;47;76;68;85;64;55;58;87;76;53;32;27;22;9
88;10922;St.Gallen Stadt Guisanstr. 40;14.02.2019;Donnerstag;1;5;3;1;1;0;9;42;91;77;46;40;65;52;66;55;52;73;81;67;45;20;19;22;11
89;10922;St.Gallen Stadt Guisanstr. 40;14.02.2019;Donnerstag;2;4;2;2;0;2;6;33;78;60;39;38;69;65;70;55;52;50;87;82;47;27;34;21;17
90;10922;St.Gallen Stadt Guisanstr. 40;15.02.2019;Freitag;1;5;2;3;2;5;5;42;88;69;52;55;85;77;86;71;70;76;91;68;41;19;18;15;13
91;10922;St.Gallen Stadt Guisanstr. 40;15.02.2019;Freitag;2;5;2;2;1;2;5;33;64;91;47;74;87;71;70;67;53;77;109;97;41;27;29;16;13
92;10922;St.Gallen Stadt Guisanstr. 40;16.02.2019;Samstag;1;6;2;2;3;1;10;12;26;34;52;46;47;63;50;60;80;51;61;45;18;15;15;14;20
93;10922;St.Gallen Stadt Guisanstr. 40;16.02.2019;Samstag;2;8;4;1;3;2;7;10;25;43;39;36;50;56;67;65;64;58;63;46;23;17;17;18;17
94;10922;St.Gallen Stadt Guisanstr. 40;17.02.2019;Sonntag;1;8;6;4;1;3;4;11;16;26;24;35;41;51;54;61;60;70;45;41;29;23;19;11;12
95;10922;St.Gallen Stadt Guisanstr. 40;17.02.2019;Sonntag;2;13;5;3;3;2;4;10;13;23;20;37;51;47;44;53;53;51;35;50;32;22;24;12;12
96;10922;St.Gallen Stadt Guisanstr. 40;18.02.2019;Montag;1;3;0;3;2;3;10;39;88;80;45;58;71;54;70;50;61;80;86;71;49;26;23;16;12
97;10922;St.Gallen Stadt Guisanstr. 40;18.02.2019;Montag;2;5;1;2;4;2;6;31;73;77;46;62;71;67;71;57;62;75;99;86;48;41;42;22;9
98;10922;St.Gallen Stadt Guisanstr. 40;19.02.2019;Dienstag;1;4;2;2;3;6;8;42;102;79;47;59;70;48;72;64;86;79;87;77;64;42;24;21;17
99;10922;St.Gallen Stadt Guisanstr. 40;19.02.2019;Dienstag;2;6;1;3;3;4;4;33;75;80;54;53;74;67;57;64;61;84;98;89;62;37;38;28;20
100;10922;St.Gallen Stadt Guisanstr. 40;20.02.2019;Mittwoch;1;5;3;1;0;4;5;46;114;92;63;59;76;58;80;67;70;81;109;89;61;33;27;26;8
101;10922;St.Gallen Stadt Guisanstr. 40;20.02.2019;Mittwoch;2;5;2;1;2;3;4;36;81;73;60;59;79;65;83;81;71;62;106;78;62;58;43;24;11
102;10922;St.Gallen Stadt Guisanstr. 40;21.02.2019;Donnerstag;1;7;3;3;3;3;8;44;96;81;46;65;75;56;87;66;59;78;111;88;40;34;23;19;11
103;10922;St.Gallen Stadt Guisanstr. 40;21.02.2019;Donnerstag;2;4;4;1;2;3;8;33;72;84;45;60;78;72;69;65;83;131;109;87;37;28;31;28;12
104;10922;St.Gallen Stadt Guisanstr. 40;22.02.2019;Freitag;1;6;2;1;0;1;7;36;80;73;73;58;68;63;81;61;72;75;95;70;52;33;42;29;13
105;10922;St.Gallen Stadt Guisanstr. 40;22.02.2019;Freitag;2;9;2;2;1;2;9;32;76;68;62;56;67;66;68;58;78;78;93;97;65;39;49;20;18
106;10922;St.Gallen Stadt Guisanstr. 40;23.02.2019;Samstag;1;6;2;4;0;2;7;16;22;20;43;56;50;52;45;43;61;54;48;40;29;20;20;19;18
107;10922;St.Gallen Stadt Guisanstr. 40;23.02.2019;Samstag;2;7;4;3;1;2;5;13;25;20;32;44;57;54;39;58;62;48;51;41;29;20;20;18;26
108;10922;St.Gallen Stadt Guisanstr. 40;24.02.2019;Sonntag;1;12;3;1;4;1;3;10;14;21;30;35;44;47;68;63;63;58;58;37;37;22;30;11;5
109;10922;St.Gallen Stadt Guisanstr. 40;24.02.2019;Sonntag;2;12;7;5;2;1;3;11;14;10;25;43;43;56;59;57;49;44;58;41;30;30;28;14;5
110;10922;St.Gallen Stadt Guisanstr. 40;25.02.2019;Montag;1;6;2;2;4;3;10;36;86;88;46;60;69;53;55;61;49;84;112;66;49;31;27;9;9
111;10922;St.Gallen Stadt Guisanstr. 40;25.02.2019;Montag;2;7;0;2;3;1;5;33;74;68;54;50;78;54;57;63;59;83;103;71;71;38;42;16;6
112;10922;St.Gallen Stadt Guisanstr. 40;26.02.2019;Dienstag;1;8;2;3;0;3;8;35;103;71;66;46;68;53;82;56;73;81;113;83;48;27;23;20;8
113;10922;St.Gallen Stadt Guisanstr. 40;26.02.2019;Dienstag;2;8;2;3;0;3;6;32;74;74;52;62;74;72;78;63;56;86;115;92;61;46;28;31;10
114;10922;St.Gallen Stadt Guisanstr. 40;27.02.2019;Mittwoch;1;5;4;0;2;5;9;49;99;85;69;50;85;55;92;68;65;84;108;83;57;31;20;16;9
115;10922;St.Gallen Stadt Guisanstr. 40;27.02.2019;Mittwoch;2;2;2;0;1;3;5;31;72;77;52;51;101;88;67;78;54;68;105;108;69;36;30;23;10
116;10922;St.Gallen Stadt Guisanstr. 40;28.02.2019;Donnerstag;1;9;3;2;1;4;9;44;107;72;59;68;74;56;65;62;65;64;81;75;42;25;31;12;7
117;10922;St.Gallen Stadt Guisanstr. 40;28.02.2019;Donnerstag;2;7;2;3;3;3;4;39;97;62;47;48;73;62;77;55;61;75;101;84;54;34;27;18;12
118;10922;St.Gallen Stadt Guisanstr. 40;01.03.2019;Freitag;1;6;0;1;3;4;7;38;84;85;74;58;75;58;82;71;64;66;76;55;37;26;22;18;9
119;10922;St.Gallen Stadt Guisanstr. 40;01.03.2019;Freitag;2;8;3;1;2;2;6;44;72;64;53;75;77;70;80;75;65;83;101;99;56;30;25;24;14
120;10922;St.Gallen Stadt Guisanstr. 40;02.03.2019;Samstag;1;7;3;2;0;3;6;10;36;48;42;49;58;48;51;37;57;45;34;40;23;18;15;13;15
121;10922;St.Gallen Stadt Guisanstr. 40;02.03.2019;Samstag;2;12;3;4;1;3;6;9;25;47;34;41;65;52;58;46;51;44;52;42;23;24;18;19;12
122;10922;St.Gallen Stadt Guisanstr. 40;03.03.2019;Sonntag;1;7;0;1;1;2;1;8;17;19;24;38;49;56;51;60;59;44;40;46;27;14;20;21;9
123;10922;St.Gallen Stadt Guisanstr. 40;03.03.2019;Sonntag;2;11;3;1;2;1;0;7;10;22;33;37;54;42;56;63;58;57;55;57;28;27;17;21;11
124;10922;St.Gallen Stadt Guisanstr. 40;04.03.2019;Montag;1;5;1;1;2;4;12;40;97;75;57;57;63;68;78;75;49;64;96;69;44;30;21;9;6
125;10922;St.Gallen Stadt Guisanstr. 40;04.03.2019;Montag;2;6;1;1;2;3;9;35;77;80;58;62;84;74;71;52;59;79;99;79;63;41;37;11;12
126;10922;St.Gallen Stadt Guisanstr. 40;05.03.2019;Dienstag;1;6;4;2;2;3;7;40;99;65;56;62;67;52;63;65;66;78;106;85;57;33;22;13;10
127;10922;St.Gallen Stadt Guisanstr. 40;05.03.2019;Dienstag;2;6;2;2;3;2;6;34;87;79;47;58;73;59;72;70;72;70;115;80;62;40;39;32;22
128;10922;St.Gallen Stadt Guisanstr. 40;06.03.2019;Mittwoch;1;7;3;3;0;1;7;41;97;83;44;52;81;59;82;69;64;81;116;74;51;27;21;26;7
129;10922;St.Gallen Stadt Guisanstr. 40;06.03.2019;Mittwoch;2;7;4;2;2;1;4;29;92;73;70;57;86;62;79;77;72;92;109;95;55;41;27;25;10
130;10922;St.Gallen Stadt Guisanstr. 40;07.03.2019;Donnerstag;1;6;4;3;1;5;6;48;97;89;61;49;67;62;70;72;57;92;93;87;46;34;18;18;14
131;10922;St.Gallen Stadt Guisanstr. 40;07.03.2019;Donnerstag;2;9;5;2;2;3;5;40;88;78;52;58;75;58;65;89;69;71;95;73;69;33;33;28;13
132;10922;St.Gallen Stadt Guisanstr. 40;08.03.2019;Freitag;1;4;2;2;1;3;8;40;85;73;58;45;69;57;83;62;62;85;78;72;42;30;15;20;12
133;10922;St.Gallen Stadt Guisanstr. 40;08.03.2019;Freitag;2;3;3;3;2;2;7;28;76;69;48;60;79;76;72;73;58;76;111;92;56;35;30;19;30
134;10922;St.Gallen Stadt Guisanstr. 40;09.03.2019;Samstag;1;9;1;1;2;3;6;15;26;36;44;63;43;69;55;49;44;48;30;46;35;22;19;15;20
135;10922;St.Gallen Stadt Guisanstr. 40;09.03.2019;Samstag;2;14;3;1;1;2;4;13;26;27;43;61;53;54;55;57;65;60;62;48;35;30;27;16;16
136;10922;St.Gallen Stadt Guisanstr. 40;10.03.2019;Sonntag;1;15;5;6;1;0;5;11;11;25;25;38;58;26;42;43;52;39;35;25;24;22;17;12;9
137;10922;St.Gallen Stadt Guisanstr. 40;10.03.2019;Sonntag;2;13;5;10;3;2;5;10;14;30;34;39;43;38;35;40;59;46;52;44;21;28;19;12;10
138;10922;St.Gallen Stadt Guisanstr. 40;11.03.2019;Montag;1;3;0;3;1;2;11;44;104;80;42;42;66;55;76;52;58;65;88;88;49;26;20;6;8
139;10922;St.Gallen Stadt Guisanstr. 40;11.03.2019;Montag;2;4;1;2;2;1;5;37;65;74;60;37;76;72;55;57;64;75;97;99;67;41;37;16;13
140;10922;St.Gallen Stadt Guisanstr. 40;12.03.2019;Dienstag;1;5;1;2;1;3;10;51;95;94;65;48;68;48;68;62;63;65;114;88;47;25;34;19;10
141;10922;St.Gallen Stadt Guisanstr. 40;12.03.2019;Dienstag;2;9;2;2;2;2;4;32;70;93;49;43;96;78;76;62;69;78;117;97;52;40;33;35;15
142;10922;St.Gallen Stadt Guisanstr. 40;13.03.2019;Mittwoch;1;7;1;1;0;1;6;42;104;80;60;60;78;66;81;59;71;64;116;94;49;42;26;18;8
143;10922;St.Gallen Stadt Guisanstr. 40;13.03.2019;Mittwoch;2;8;1;2;1;1;4;39;95;73;58;57;80;69;85;66;63;77;105;108;79;53;37;35;13
144;10922;St.Gallen Stadt Guisanstr. 40;14.03.2019;Donnerstag;1;8;3;1;2;1;7;45;98;72;69;55;74;54;61;60;53;80;87;76;48;31;14;16;14
145;10922;St.Gallen Stadt Guisanstr. 40;14.03.2019;Donnerstag;2;8;2;1;2;2;5;35;95;68;60;50;83;62;75;53;65;67;94;78;52;33;25;26;13
146;10922;St.Gallen Stadt Guisanstr. 40;15.03.2019;Freitag;1;5;3;1;2;2;5;39;92;78;71;48;77;48;87;65;60;88;81;53;38;25;24;24;12
147;10922;St.Gallen Stadt Guisanstr. 40;15.03.2019;Freitag;2;7;2;2;3;2;6;31;84;74;57;59;80;77;69;63;71;81;92;75;53;34;25;16;19
148;10922;St.Gallen Stadt Guisanstr. 40;16.03.2019;Samstag;1;8;2;1;1;2;6;21;27;46;65;62;60;44;65;65;61;56;54;39;19;26;19;12;21
149;10922;St.Gallen Stadt Guisanstr. 40;16.03.2019;Samstag;2;10;6;3;3;3;1;15;23;40;40;56;72;72;57;60;59;62;66;50;27;29;24;14;26
150;10922;St.Gallen Stadt Guisanstr. 40;17.03.2019;Sonntag;1;9;1;8;4;3;3;9;20;17;27;46;60;47;55;66;72;56;42;23;23;25;15;17;12
151;10922;St.Gallen Stadt Guisanstr. 40;17.03.2019;Sonntag;2;10;5;6;6;3;2;9;16;17;27;55;58;57;51;64;58;47;57;47;20;23;21;15;11
152;10922;St.Gallen Stadt Guisanstr. 40;18.03.2019;Montag;1;5;0;1;1;2;8;43;104;84;52;46;59;62;57;76;75;57;99;70;45;29;21;8;8
153;10922;St.Gallen Stadt Guisanstr. 40;18.03.2019;Montag;2;8;1;0;1;2;5;38;79;89;57;55;84;62;63;62;75;84;106;94;54;36;30;19;8
154;10922;St.Gallen Stadt Guisanstr. 40;19.03.2019;Dienstag;1;3;2;1;1;1;6;43;115;78;55;63;68;54;59;52;80;84;113;57;51;32;23;18;13
155;10922;St.Gallen Stadt Guisanstr. 40;19.03.2019;Dienstag;2;5;2;1;2;1;7;28;90;81;56;65;68;72;63;60;77;75;117;85;64;35;24;26;13
156;10922;St.Gallen Stadt Guisanstr. 40;20.03.2019;Mittwoch;1;4;0;4;0;7;10;43;101;79;63;48;77;71;77;94;87;90;95;78;88;35;25;25;10
157;10922;St.Gallen Stadt Guisanstr. 40;20.03.2019;Mittwoch;2;5;2;2;1;8;5;30;91;66;54;52;85;67;85;96;69;84;105;107;82;41;34;20;19
158;10922;St.Gallen Stadt Guisanstr. 40;21.03.2019;Donnerstag;1;5;7;2;1;2;8;44;79;85;52;69;66;61;72;58;70;84;97;71;42;27;20;19;11
159;10922;St.Gallen Stadt Guisanstr. 40;21.03.2019;Donnerstag;2;8;5;2;1;2;8;33;90;89;52;74;64;80;78;63;68;62;111;75;61;46;30;29;15
160;10922;St.Gallen Stadt Guisanstr. 40;22.03.2019;Freitag;1;9;0;1;1;2;7;38;105;66;58;70;90;49;79;60;89;70;82;59;56;39;26;17;15
161;10922;St.Gallen Stadt Guisanstr. 40;22.03.2019;Freitag;2;9;1;2;1;1;5;34;69;77;73;55;107;80;76;67;83;81;106;85;59;33;26;13;23
162;10922;St.Gallen Stadt Guisanstr. 40;23.03.2019;Samstag;1;11;3;5;1;2;8;11;19;48;74;75;60;59;57;71;73;62;56;47;28;24;15;13;10
163;10922;St.Gallen Stadt Guisanstr. 40;23.03.2019;Samstag;2;9;4;8;3;3;7;13;28;38;47;66;61;88;67;68;68;76;76;46;30;31;18;23;29
164;10922;St.Gallen Stadt Guisanstr. 40;24.03.2019;Sonntag;1;12;4;5;1;1;2;9;12;24;39;41;65;42;45;64;60;64;74;47;39;43;15;15;8
165;10922;St.Gallen Stadt Guisanstr. 40;24.03.2019;Sonntag;2;17;9;4;0;2;1;9;10;17;46;45;53;39;41;54;46;51;63;48;32;32;19;14;10
166;10922;St.Gallen Stadt Guisanstr. 40;25.03.2019;Montag;1;4;1;1;1;3;11;36;99;74;60;58;79;58;79;49;60;72;96;61;62;36;30;16;8
167;10922;St.Gallen Stadt Guisanstr. 40;25.03.2019;Montag;2;5;1;1;1;2;7;39;78;67;56;69;86;76;73;62;69;81;130;102;66;49;41;16;18
168;10922;St.Gallen Stadt Guisanstr. 40;26.03.2019;Dienstag;1;5;2;2;0;2;7;35;105;67;61;67;61;52;76;68;90;73;98;73;45;32;28;19;12
169;10922;St.Gallen Stadt Guisanstr. 40;26.03.2019;Dienstag;2;6;2;1;2;3;8;39;81;76;55;48;63;71;67;66;53;92;129;104;64;37;30;30;11
170;10922;St.Gallen Stadt Guisanstr. 40;27.03.2019;Mittwoch;1;9;0;2;0;3;6;39;84;81;67;68;86;71;87;75;60;79;132;94;43;30;25;16;15
171;10922;St.Gallen Stadt Guisanstr. 40;27.03.2019;Mittwoch;2;11;1;1;0;5;4;30;96;82;56;77;87;81;99;72;58;78;112;103;81;38;35;20;14
172;10922;St.Gallen Stadt Guisanstr. 40;28.03.2019;Donnerstag;1;4;3;3;0;2;7;46;92;99;58;62;62;60;67;62;79;79;120;83;48;29;14;21;12
173;10922;St.Gallen Stadt Guisanstr. 40;28.03.2019;Donnerstag;2;6;3;2;1;3;5;39;87;80;62;51;76;67;65;55;67;76;116;93;70;36;26;28;16
174;10922;St.Gallen Stadt Guisanstr. 40;29.03.2019;Freitag;1;4;1;2;0;3;7;39;102;84;60;52;78;51;83;82;67;71;93;68;33;31;23;27;16
175;10922;St.Gallen Stadt Guisanstr. 40;29.03.2019;Freitag;2;5;0;2;1;5;5;43;84;72;58;64;85;71;95;87;81;67;101;78;59;30;27;20;19
176;10922;St.Gallen Stadt Guisanstr. 40;30.03.2019;Samstag;1;13;7;3;1;4;10;14;26;41;64;79;62;42;61;73;70;77;75;58;34;18;14;16;11
177;10922;St.Gallen Stadt Guisanstr. 40;30.03.2019;Samstag;2;16;3;3;2;5;9;14;40;54;51;57;63;63;65;66;66;81;79;54;36;20;17;24;18
178;10922;St.Gallen Stadt Guisanstr. 40;31.03.2019;Sonntag;1;6;0;2;1;1;4;9;14;18;23;31;45;60;67;52;50;68;52;44;46;27;20;13;15
179;10922;St.Gallen Stadt Guisanstr. 40;31.03.2019;Sonntag;2;11;0;4;5;2;2;8;10;11;28;53;49;42;52;51;54;66;45;63;39;32;23;10;14
180;10922;St.Gallen Stadt Guisanstr. 40;01.04.2019;Montag;1;4;1;1;1;2;11;36;105;80;64;52;74;58;75;74;66;86;96;85;47;25;24;15;9
181;10922;St.Gallen Stadt Guisanstr. 40;01.04.2019;Montag;2;3;1;1;0;2;5;30;71;84;65;62;76;64;76;65;56;79;119;107;60;36;33;19;16
182;10922;St.Gallen Stadt Guisanstr. 40;02.04.2019;Dienstag;1;4;2;0;1;3;6;47;96;96;46;59;66;55;76;59;56;72;92;84;41;23;19;20;13
183;10922;St.Gallen Stadt Guisanstr. 40;02.04.2019;Dienstag;2;5;2;0;1;3;4;43;98;86;43;56;55;72;68;62;57;76;106;92;55;30;27;18;13
184;10922;St.Gallen Stadt Guisanstr. 40;03.04.2019;Mittwoch;1;5;1;2;1;3;8;50;85;80;63;53;64;59;90;69;77;78;119;72;53;28;23;15;14
185;10922;St.Gallen Stadt Guisanstr. 40;03.04.2019;Mittwoch;2;2;1;2;2;3;6;33;80;73;59;63;82;76;83;69;76;68;103;81;70;42;41;34;16
186;10922;St.Gallen Stadt Guisanstr. 40;04.04.2019;Donnerstag;1;7;1;1;2;3;7;49;92;77;55;53;59;55;69;45;39;69;72;65;46;31;20;20;11
187;10922;St.Gallen Stadt Guisanstr. 40;04.04.2019;Donnerstag;2;7;2;1;1;4;10;36;67;73;48;48;62;54;65;50;45;82;85;73;55;34;34;37;12
188;10922;St.Gallen Stadt Guisanstr. 40;05.04.2019;Freitag;1;6;0;2;0;2;7;46;88;69;59;61;75;64;87;83;70;67;98;60;38;26;25;19;16
189;10922;St.Gallen Stadt Guisanstr. 40;05.04.2019;Freitag;2;3;0;3;1;3;6;34;75;73;51;55;73;75;76;70;73;88;115;75;49;32;30;23;25
190;10922;St.Gallen Stadt Guisanstr. 40;06.04.2019;Samstag;1;12;8;0;3;4;10;14;14;42;53;56;56;43;36;47;59;44;58;36;31;24;16;13;13
191;10922;St.Gallen Stadt Guisanstr. 40;06.04.2019;Samstag;2;9;12;4;1;2;6;12;22;34;45;43;68;44;52;56;59;50;64;43;40;34;24;21;23
192;10922;St.Gallen Stadt Guisanstr. 40;07.04.2019;Sonntag;1;6;5;2;0;1;1;11;19;18;30;30;47;38;44;60;61;57;32;32;23;23;17;10;7
193;10922;St.Gallen Stadt Guisanstr. 40;07.04.2019;Sonntag;2;7;6;5;2;2;3;7;17;14;36;28;54;44;47;58;50;51;56;31;32;24;23;13;10
194;10922;St.Gallen Stadt Guisanstr. 40;08.04.2019;Montag;1;5;0;1;0;5;7;37;74;71;53;56;57;49;65;58;49;61;79;56;36;21;14;9;8
195;10922;St.Gallen Stadt Guisanstr. 40;08.04.2019;Montag;2;5;0;3;0;5;8;32;53;63;50;49;53;49;76;65;55;65;83;61;45;29;28;11;11
196;10922;St.Gallen Stadt Guisanstr. 40;09.04.2019;Dienstag;1;3;3;0;3;3;7;42;59;66;60;55;62;52;63;56;46;75;98;67;41;22;21;16;10
197;10922;St.Gallen Stadt Guisanstr. 40;09.04.2019;Dienstag;2;4;5;1;2;3;5;30;62;70;46;52;55;53;60;47;63;60;81;70;68;31;21;25;12
198;10922;St.Gallen Stadt Guisanstr. 40;10.04.2019;Mittwoch;1;2;2;2;1;3;5;37;65;71;56;61;48;47;65;60;54;64;76;55;31;23;16;11;8
199;10922;St.Gallen Stadt Guisanstr. 40;10.04.2019;Mittwoch;2;5;1;2;0;3;3;34;54;61;69;49;61;56;50;50;64;61;64;79;36;31;22;15;15
200;10922;St.Gallen Stadt Guisanstr. 40;12.04.2019;Freitag;1;6;2;1;1;2;10;37;65;57;41;44;63;47;62;52;68;68;56;47;32;21;13;13;12
201;10922;St.Gallen Stadt Guisanstr. 40;12.04.2019;Freitag;2;5;1;2;0;2;5;31;55;55;40;57;49;61;59;53;65;46;70;60;36;18;15;18;13
202;10922;St.Gallen Stadt Guisanstr. 40;13.04.2019;Samstag;1;10;4;1;1;1;7;9;21;36;39;48;46;52;48;44;53;38;38;40;19;21;14;18;15
203;10922;St.Gallen Stadt Guisanstr. 40;13.04.2019;Samstag;2;11;4;1;0;2;6;14;23;38;39;49;55;51;47;47;37;44;54;36;26;26;17;20;14
204;10922;St.Gallen Stadt Guisanstr. 40;14.04.2019;Sonntag;1;7;2;3;8;1;4;11;9;14;31;26;33;39;25;38;37;38;35;20;31;26;12;12;7
205;10922;St.Gallen Stadt Guisanstr. 40;14.04.2019;Sonntag;2;10;5;5;4;1;2;8;12;12;16;32;37;37;27;32;38;43;41;28;41;23;20;15;12
206;10922;St.Gallen Stadt Guisanstr. 40;15.04.2019;Montag;1;4;0;2;1;3;5;30;85;69;53;52;65;68;56;67;67;81;106;58;47;25;16;15;9
207;10922;St.Gallen Stadt Guisanstr. 40;15.04.2019;Montag;2;4;1;2;1;2;8;26;58;58;41;53;60;66;62;62;61;60;78;66;61;33;28;15;10
208;10922;St.Gallen Stadt Guisanstr. 40;16.04.2019;Dienstag;1;4;2;2;1;1;8;39;75;77;61;51;56;50;47;56;71;77;73;61;55;25;18;19;9
209;10922;St.Gallen Stadt Guisanstr. 40;16.04.2019;Dienstag;2;6;2;3;1;1;8;28;68;63;49;55;64;68;65;70;61;67;104;83;53;33;28;28;13
210;10922;St.Gallen Stadt Guisanstr. 40;17.04.2019;Mittwoch;1;4;1;3;1;1;8;31;63;76;60;67;70;49;81;70;63;78;78;60;52;35;27;20;9
211;10922;St.Gallen Stadt Guisanstr. 40;17.04.2019;Mittwoch;2;7;1;3;0;1;6;34;73;53;43;48;74;72;75;57;75;64;95;71;51;43;32;26;15
212;10922;St.Gallen Stadt Guisanstr. 40;18.04.2019;Donnerstag;1;15;0;1;1;1;8;39;72;74;64;60;77;48;68;63;56;77;86;53;36;29;18;20;16
213;10922;St.Gallen Stadt Guisanstr. 40;18.04.2019;Donnerstag;2;13;1;3;1;2;9;31;67;58;56;59;66;68;83;60;62;88;81;67;52;37;24;20;12
214;10922;St.Gallen Stadt Guisanstr. 40;19.04.2019;Freitag;1;7;3;6;1;3;1;14;12;20;40;31;37;46;46;47;62;53;42;41;33;25;16;11;10
215;10922;St.Gallen Stadt Guisanstr. 40;19.04.2019;Freitag;2;7;7;7;2;3;1;12;9;19;41;34;57;44;31;52;51;46;36;38;34;18;23;14;13
216;10922;St.Gallen Stadt Guisanstr. 40;20.04.2019;Samstag;1;5;2;4;1;2;5;13;15;35;52;51;66;40;45;57;30;49;43;31;21;23;23;23;17
217;10922;St.Gallen Stadt Guisanstr. 40;20.04.2019;Samstag;2;12;2;5;1;3;3;14;25;38;45;50;52;52;43;62;41;58;55;36;23;27;29;27;12
218;10922;St.Gallen Stadt Guisanstr. 40;21.04.2019;Sonntag;1;9;1;3;1;4;5;11;8;20;26;40;35;43;41;46;58;42;47;43;32;28;15;13;15
219;10922;St.Gallen Stadt Guisanstr. 40;21.04.2019;Sonntag;2;7;3;3;3;3;1;7;10;16;42;50;60;49;38;39;40;46;53;42;32;26;20;18;15
220;10922;St.Gallen Stadt Guisanstr. 40;22.04.2019;Montag;1;7;1;1;4;1;1;12;11;22;42;34;39;33;51;48;59;57;49;43;33;24;18;10;11
221;10922;St.Gallen Stadt Guisanstr. 40;22.04.2019;Montag;2;7;1;1;3;1;1;8;10;18;29;42;59;47;50;56;52;55;47;46;30;34;17;9;8
222;10922;St.Gallen Stadt Guisanstr. 40;23.04.2019;Dienstag;1;6;0;1;1;4;8;52;90;84;66;60;72;48;93;69;69;90;106;80;67;34;24;13;8
223;10922;St.Gallen Stadt Guisanstr. 40;23.04.2019;Dienstag;2;9;1;1;2;4;5;42;70;82;46;64;69;63;82;71;61;76;94;119;61;41;38;26;18
224;10922;St.Gallen Stadt Guisanstr. 40;24.04.2019;Mittwoch;1;5;2;0;2;5;11;41;92;78;67;53;74;62;116;65;81;88;102;69;51;32;34;18;9
225;10922;St.Gallen Stadt Guisanstr. 40;24.04.2019;Mittwoch;2;5;2;1;1;2;6;40;79;79;62;64;84;77;74;79;88;94;91;91;68;49;33;33;12
226;10922;St.Gallen Stadt Guisanstr. 40;25.04.2019;Donnerstag;1;6;3;0;2;3;10;50;121;96;60;64;71;62;77;56;60;77;124;81;44;30;27;18;9
227;10922;St.Gallen Stadt Guisanstr. 40;25.04.2019;Donnerstag;2;8;3;1;3;2;12;38;98;72;68;64;74;61;81;52;76;67;100;125;59;48;40;27;9
228;10922;St.Gallen Stadt Guisanstr. 40;26.04.2019;Freitag;1;4;1;1;2;2;7;40;92;77;62;68;88;61;75;57;50;64;70;56;45;25;20;17;13
229;10922;St.Gallen Stadt Guisanstr. 40;26.04.2019;Freitag;2;6;3;3;2;2;6;37;70;75;47;61;82;68;83;69;61;79;101;83;59;27;30;20;18
230;10922;St.Gallen Stadt Guisanstr. 40;27.04.2019;Samstag;1;13;1;5;4;4;10;20;26;44;55;66;57;53;63;38;63;47;51;41;30;22;13;17;17
231;10922;St.Gallen Stadt Guisanstr. 40;27.04.2019;Samstag;2;16;7;7;3;4;6;14;23;47;59;61;67;71;54;54;51;57;58;49;34;31;16;20;28
232;10922;St.Gallen Stadt Guisanstr. 40;28.04.2019;Sonntag;1;12;4;2;0;2;4;10;16;15;31;33;34;56;50;55;60;54;35;40;30;23;14;14;8
233;10922;St.Gallen Stadt Guisanstr. 40;28.04.2019;Sonntag;2;26;7;1;0;0;4;8;15;22;29;63;40;59;39;52;52;49;45;58;39;26;18;10;12
234;10922;St.Gallen Stadt Guisanstr. 40;29.04.2019;Montag;1;8;0;4;0;2;7;40;98;95;53;59;76;56;75;72;72;68;113;79;57;27;20;21;9
235;10922;St.Gallen Stadt Guisanstr. 40;29.04.2019;Montag;2;7;0;4;1;1;9;32;72;84;61;64;84;73;72;65;74;79;120;104;67;35;47;29;13
236;10922;St.Gallen Stadt Guisanstr. 40;30.04.2019;Dienstag;1;3;1;1;0;0;10;48;103;80;52;54;74;43;86;62;54;80;75;80;56;39;27;12;9
237;10922;St.Gallen Stadt Guisanstr. 40;30.04.2019;Dienstag;2;8;2;0;2;0;10;44;76;80;40;47;77;68;68;57;72;69;112;104;65;57;33;24;20
238;10922;St.Gallen Stadt Guisanstr. 40;01.05.2019;Mittwoch;1;9;1;2;0;3;2;33;80;97;82;57;88;69;69;84;84;90;125;97;56;34;31;15;14
239;10922;St.Gallen Stadt Guisanstr. 40;01.05.2019;Mittwoch;2;9;2;0;0;2;5;37;94;83;69;61;83;96;89;94;78;114;108;86;79;48;47;23;19
240;10922;St.Gallen Stadt Guisanstr. 40;02.05.2019;Donnerstag;1;9;4;1;1;3;15;53;122;94;73;60;78;55;68;47;73;90;84;76;46;25;16;12;10
241;10922;St.Gallen Stadt Guisanstr. 40;02.05.2019;Donnerstag;2;10;3;2;1;4;14;41;101;73;58;62;78;75;75;48;60;73;108;73;68;36;41;17;12
242;10922;St.Gallen Stadt Guisanstr. 40;03.05.2019;Freitag;1;5;1;1;3;2;6;33;89;82;50;49;73;59;91;67;62;73;79;58;42;26;15;13;16
243;10922;St.Gallen Stadt Guisanstr. 40;03.05.2019;Freitag;2;4;2;0;3;1;8;31;77;70;54;56;89;70;73;60;75;66;90;83;52;33;25;17;22
244;10922;St.Gallen Stadt Guisanstr. 40;04.05.2019;Samstag;1;8;3;1;3;2;5;15;23;28;52;60;52;55;65;54;56;44;35;21;27;24;16;19;12
245;10922;St.Gallen Stadt Guisanstr. 40;04.05.2019;Samstag;2;10;8;4;3;2;9;18;24;34;47;59;63;52;56;55;53;53;55;39;30;22;15;23;15
246;10922;St.Gallen Stadt Guisanstr. 40;05.05.2019;Sonntag;1;6;6;2;1;1;1;10;8;25;29;32;52;34;46;30;39;41;46;27;34;29;12;9;12
247;10922;St.Gallen Stadt Guisanstr. 40;05.05.2019;Sonntag;2;15;9;4;6;0;1;13;13;16;40;27;28;33;35;39;40;51;53;45;29;21;20;11;13
248;10922;St.Gallen Stadt Guisanstr. 40;06.05.2019;Montag;1;6;0;3;1;3;10;41;115;92;54;62;65;57;80;53;72;71;94;63;45;29;28;19;11
249;10922;St.Gallen Stadt Guisanstr. 40;06.05.2019;Montag;2;9;0;2;1;4;7;39;80;80;49;59;64;74;64;68;57;95;99;83;69;43;34;17;17
250;10922;St.Gallen Stadt Guisanstr. 40;07.05.2019;Dienstag;1;6;3;2;0;2;13;49;92;84;78;56;77;59;80;70;73;93;103;84;60;31;29;22;11
251;10922;St.Gallen Stadt Guisanstr. 40;07.05.2019;Dienstag;2;6;3;2;0;4;8;40;106;78;56;60;80;74;75;64;80;109;120;92;66;41;36;37;14
252;10922;St.Gallen Stadt Guisanstr. 40;08.05.2019;Mittwoch;1;8;1;1;0;4;5;54;103;86;48;68;79;66;78;69;85;83;101;82;66;36;39;29;15
253;10922;St.Gallen Stadt Guisanstr. 40;08.05.2019;Mittwoch;2;8;3;0;2;7;6;42;82;71;55;63;84;78;90;88;86;88;108;112;73;54;49;35;26
254;10922;St.Gallen Stadt Guisanstr. 40;09.05.2019;Donnerstag;1;13;3;2;1;3;8;54;133;91;60;73;85;64;93;66;68;103;109;83;62;45;38;13;15
255;10922;St.Gallen Stadt Guisanstr. 40;09.05.2019;Donnerstag;2;12;3;1;2;3;6;37;113;80;67;67;84;75;84;79;82;101;103;99;87;66;42;40;31
256;10922;St.Gallen Stadt Guisanstr. 40;10.05.2019;Freitag;1;19;3;2;2;2;5;42;106;93;79;58;80;56;82;75;83;83;89;57;47;31;20;25;16
257;10922;St.Gallen Stadt Guisanstr. 40;10.05.2019;Freitag;2;16;4;2;2;3;5;36;101;90;76;100;77;66;78;90;71;87;98;86;66;39;31;28;25
258;10922;St.Gallen Stadt Guisanstr. 40;11.05.2019;Samstag;1;13;5;2;3;4;4;21;27;47;55;58;56;58;48;45;54;47;40;45;20;21;15;12;8
259;10922;St.Gallen Stadt Guisanstr. 40;11.05.2019;Samstag;2;18;6;3;5;3;6;17;22;43;44;47;72;61;61;60;57;65;55;42;31;28;21;11;15
260;10922;St.Gallen Stadt Guisanstr. 40;12.05.2019;Sonntag;1;7;2;3;0;2;1;15;11;18;34;29;49;43;45;71;60;66;48;37;27;25;14;11;7
261;10922;St.Gallen Stadt Guisanstr. 40;12.05.2019;Sonntag;2;18;5;4;3;3;2;5;7;16;27;38;54;36;41;66;57;57;67;62;37;24;17;14;10
262;10922;St.Gallen Stadt Guisanstr. 40;13.05.2019;Montag;1;6;0;2;1;3;7;40;108;96;63;57;68;52;67;62;64;80;86;70;53;33;24;14;10
263;10922;St.Gallen Stadt Guisanstr. 40;13.05.2019;Montag;2;7;1;2;0;4;8;48;62;70;57;63;83;58;74;71;79;72;111;93;57;52;33;30;17
264;10922;St.Gallen Stadt Guisanstr. 40;14.05.2019;Dienstag;1;6;3;2;1;2;10;58;98;91;60;50;60;64;71;64;60;95;112;70;72;38;20;19;10
265;10922;St.Gallen Stadt Guisanstr. 40;14.05.2019;Dienstag;2;10;3;2;0;3;8;47;83;67;50;56;72;76;78;67;67;76;111;91;61;51;43;41;18
266;10922;St.Gallen Stadt Guisanstr. 40;15.05.2019;Mittwoch;1;4;0;1;1;4;10;44;103;70;57;56;70;67;74;83;54;91;91;93;48;35;27;26;16
267;10922;St.Gallen Stadt Guisanstr. 40;15.05.2019;Mittwoch;2;6;2;0;0;4;6;43;79;72;60;52;69;74;78;78;67;70;103;112;62;46;45;27;18
268;10922;St.Gallen Stadt Guisanstr. 40;16.05.2019;Donnerstag;1;6;3;2;2;2;12;50;102;89;61;66;62;52;64;58;52;79;100;70;42;33;24;16;11
269;10922;St.Gallen Stadt Guisanstr. 40;16.05.2019;Donnerstag;2;5;2;0;1;2;9;38;86;61;48;53;68;75;67;64;52;71;96;85;60;37;38;27;11
270;10922;St.Gallen Stadt Guisanstr. 40;17.05.2019;Freitag;1;6;2;2;0;4;9;41;103;69;57;54;79;64;80;48;71;82;88;59;41;45;23;17;17
271;10922;St.Gallen Stadt Guisanstr. 40;17.05.2019;Freitag;2;5;4;1;1;2;4;38;84;68;42;58;77;85;69;78;65;80;109;87;65;37;29;14;24
272;10922;St.Gallen Stadt Guisanstr. 40;18.05.2019;Samstag;1;8;2;1;2;2;7;14;25;37;57;52;65;40;50;64;63;47;48;52;31;35;22;15;15
273;10922;St.Gallen Stadt Guisanstr. 40;18.05.2019;Samstag;2;11;2;3;1;1;5;10;28;38;40;41;64;46;65;55;61;53;65;68;40;28;26;18;16
274;10922;St.Gallen Stadt Guisanstr. 40;19.05.2019;Sonntag;1;8;1;2;1;1;3;9;11;23;27;35;43;43;39;49;54;62;49;63;46;30;16;17;8
275;10922;St.Gallen Stadt Guisanstr. 40;19.05.2019;Sonntag;2;7;6;2;5;0;3;6;11;10;29;45;43;48;41;54;58;83;66;34;41;21;16;7;14
276;10922;St.Gallen Stadt Guisanstr. 40;20.05.2019;Montag;1;4;0;1;0;3;6;42;115;94;57;69;85;61;65;77;65;75;68;66;42;36;20;12;4
277;10922;St.Gallen Stadt Guisanstr. 40;20.05.2019;Montag;2;3;0;1;0;2;6;38;85;81;69;72;90;81;65;72;71;95;87;82;45;44;38;26;8
278;10922;St.Gallen Stadt Guisanstr. 40;21.05.2019;Dienstag;1;5;2;1;1;2;12;48;101;78;56;69;64;61;94;61;62;65;78;74;55;36;25;10;9
279;10922;St.Gallen Stadt Guisanstr. 40;21.05.2019;Dienstag;2;6;2;1;0;2;8;33;84;89;43;47;71;85;60;64;59;86;98;97;56;45;32;26;12
280;10922;St.Gallen Stadt Guisanstr. 40;22.05.2019;Mittwoch;1;4;0;2;2;4;7;41;98;56;54;63;78;56;69;60;59;98;114;80;38;33;22;20;8
281;10922;St.Gallen Stadt Guisanstr. 40;22.05.2019;Mittwoch;2;8;0;2;2;2;7;35;85;61;54;51;74;67;77;60;50;68;101;83;70;38;34;35;20
282;10922;St.Gallen Stadt Guisanstr. 40;23.05.2019;Donnerstag;1;7;2;5;0;3;13;54;111;81;67;65;77;52;90;70;74;93;101;82;53;27;36;26;14
283;10922;St.Gallen Stadt Guisanstr. 40;23.05.2019;Donnerstag;2;5;1;5;0;2;9;38;84;85;42;59;67;63;87;58;67;82;101;103;73;49;45;32;24
284;10922;St.Gallen Stadt Guisanstr. 40;24.05.2019;Freitag;1;6;2;1;3;2;13;40;94;84;68;61;95;56;80;79;71;86;85;63;42;24;29;15;13
285;10922;St.Gallen Stadt Guisanstr. 40;24.05.2019;Freitag;2;6;2;2;2;3;10;28;87;61;65;61;95;65;77;67;66;71;84;75;67;33;43;27;19
286;10922;St.Gallen Stadt Guisanstr. 40;25.05.2019;Samstag;1;10;4;3;4;2;7;25;25;57;61;58;58;53;48;52;77;38;40;30;38;22;15;17;21
287;10922;St.Gallen Stadt Guisanstr. 40;25.05.2019;Samstag;2;13;5;2;3;4;8;17;33;52;55;42;66;71;57;54;51;61;56;43;38;28;22;28;22
288;10922;St.Gallen Stadt Guisanstr. 40;26.05.2019;Sonntag;1;13;8;6;4;5;1;14;9;30;29;38;45;41;38;47;41;53;50;41;39;25;20;9;9
289;10922;St.Gallen Stadt Guisanstr. 40;26.05.2019;Sonntag;2;12;10;4;4;2;4;12;12;27;31;39;50;47;36;47;54;45;55;52;45;29;20;17;10
290;10922;St.Gallen Stadt Guisanstr. 40;27.05.2019;Montag;1;6;2;2;1;4;9;44;107;77;54;56;63;48;69;68;62;71;106;72;52;61;26;12;7
291;10922;St.Gallen Stadt Guisanstr. 40;27.05.2019;Montag;2;7;3;1;1;4;11;39;64;71;39;43;68;67;71;72;53;86;107;97;48;44;25;34;10
292;10922;St.Gallen Stadt Guisanstr. 40;28.05.2019;Dienstag;1;2;3;1;1;2;15;43;95;82;61;56;65;48;60;48;63;60;98;72;48;29;16;15;12
293;10922;St.Gallen Stadt Guisanstr. 40;28.05.2019;Dienstag;2;5;5;0;1;3;12;33;66;72;34;51;61;80;66;53;62;64;108;98;54;40;35;26;12
294;10922;St.Gallen Stadt Guisanstr. 40;29.05.2019;Mittwoch;1;6;0;1;0;4;10;48;94;73;52;61;90;56;69;83;72;71;75;72;46;23;21;16;14
295;10922;St.Gallen Stadt Guisanstr. 40;29.05.2019;Mittwoch;2;8;0;1;1;3;6;46;76;80;44;63;73;82;70;70;69;76;77;83;60;35;33;22;7
296;10922;St.Gallen Stadt Guisanstr. 40;30.05.2019;Donnerstag;1;8;3;0;0;3;1;11;12;34;40;41;48;50;34;46;31;44;49;31;21;25;23;16;9
297;10922;St.Gallen Stadt Guisanstr. 40;30.05.2019;Donnerstag;2;8;2;1;2;3;0;11;12;19;31;41;55;38;33;52;31;40;42;47;39;40;30;19;11
298;10922;St.Gallen Stadt Guisanstr. 40;31.05.2019;Freitag;1;7;0;2;1;2;5;26;38;55;51;60;60;45;47;60;60;38;62;46;44;25;17;10;8
299;10922;St.Gallen Stadt Guisanstr. 40;31.05.2019;Freitag;2;8;0;1;3;1;4;28;29;45;48;49;63;36;71;62;60;40;54;61;51;31;25;18;12
300;10922;St.Gallen Stadt Guisanstr. 40;01.06.2019;Samstag;1;5;1;2;2;2;2;20;18;35;50;43;46;45;54;45;52;37;58;35;20;27;19;12;18
301;10922;St.Gallen Stadt Guisanstr. 40;01.06.2019;Samstag;2;7;3;5;0;4;2;13;24;35;45;55;58;33;42;55;61;39;56;41;40;31;27;14;21
302;10922;St.Gallen Stadt Guisanstr. 40;02.06.2019;Sonntag;1;7;2;2;2;1;3;15;13;21;32;49;44;40;54;44;39;46;47;48;41;26;19;14;8
303;10922;St.Gallen Stadt Guisanstr. 40;02.06.2019;Sonntag;2;8;4;3;4;0;1;11;11;22;29;40;48;50;42;55;41;47;52;42;39;28;24;9;11
304;10922;St.Gallen Stadt Guisanstr. 40;03.06.2019;Montag;1;3;1;1;1;4;13;44;98;71;40;47;57;66;65;48;60;56;85;70;35;32;16;15;8
305;10922;St.Gallen Stadt Guisanstr. 40;03.06.2019;Montag;2;3;2;2;2;2;11;39;76;73;63;52;59;71;63;66;67;95;104;76;57;38;32;22;13
306;10922;St.Gallen Stadt Guisanstr. 40;04.06.2019;Dienstag;1;5;3;1;0;2;6;37;76;88;44;36;49;39;68;53;56;62;92;70;61;36;25;16;11
307;10922;St.Gallen Stadt Guisanstr. 40;04.06.2019;Dienstag;2;6;5;1;0;3;6;36;82;79;44;46;51;61;61;65;66;73;106;86;52;36;35;23;14
308;10922;St.Gallen Stadt Guisanstr. 40;05.06.2019;Mittwoch;1;3;2;1;0;4;5;35;85;64;46;39;61;43;68;54;64;68;100;87;48;31;34;15;6
309;10922;St.Gallen Stadt Guisanstr. 40;05.06.2019;Mittwoch;2;7;0;0;1;4;6;34;79;59;48;53;71;76;76;76;48;77;97;101;51;39;48;27;10
310;10922;St.Gallen Stadt Guisanstr. 40;06.06.2019;Donnerstag;1;5;1;1;1;2;9;50;82;55;29;62;55;50;53;41;58;75;64;46;46;28;19;16;9
311;10922;St.Gallen Stadt Guisanstr. 40;06.06.2019;Donnerstag;2;5;2;1;3;2;7;44;77;119;90;60;47;50;64;74;73;67;78;94;45;40;28;22;12
312;10922;St.Gallen Stadt Guisanstr. 40;07.06.2019;Freitag;1;8;1;1;1;3;10;29;80;63;43;43;65;45;56;51;53;63;77;70;46;31;17;16;18
313;10922;St.Gallen Stadt Guisanstr. 40;07.06.2019;Freitag;2;10;1;0;1;2;5;31;74;64;45;62;72;64;74;58;74;62;81;96;62;41;32;28;14
314;10922;St.Gallen Stadt Guisanstr. 40;08.06.2019;Samstag;1;8;4;3;2;2;8;16;24;44;38;55;44;43;47;35;45;38;41;43;31;23;23;13;10
315;10922;St.Gallen Stadt Guisanstr. 40;08.06.2019;Samstag;2;10;4;3;4;1;7;11;22;30;47;38;63;34;47;46;51;54;49;34;30;31;27;25;14
316;10922;St.Gallen Stadt Guisanstr. 40;09.06.2019;Sonntag;1;11;2;2;3;2;1;10;8;19;32;26;38;43;43;39;30;42;30;27;24;26;18;19;13
317;10922;St.Gallen Stadt Guisanstr. 40;09.06.2019;Sonntag;2;8;6;3;3;1;1;6;12;14;33;46;45;33;44;44;44;37;47;38;28;21;27;15;16
318;10922;St.Gallen Stadt Guisanstr. 40;10.06.2019;Montag;1;5;0;2;2;0;2;9;11;25;23;38;34;36;41;52;37;47;42;23;27;15;16;12;5
319;10922;St.Gallen Stadt Guisanstr. 40;10.06.2019;Montag;2;5;2;1;1;0;0;7;14;14;23;22;34;31;49;46;44;47;48;31;28;20;20;13;11
320;10922;St.Gallen Stadt Guisanstr. 40;11.06.2019;Dienstag;1;4;0;1;0;2;9;34;77;75;52;43;55;49;61;46;43;114;85;73;40;29;19;12;8
321;10922;St.Gallen Stadt Guisanstr. 40;11.06.2019;Dienstag;2;5;1;0;0;2;9;43;63;65;48;52;64;57;60;58;55;28;101;82;55;30;25;15;10
322;10922;St.Gallen Stadt Guisanstr. 40;12.06.2019;Mittwoch;1;6;0;1;1;2;10;42;85;70;42;39;54;45;49;71;60;58;81;69;36;25;23;8;10
323;10922;St.Gallen Stadt Guisanstr. 40;12.06.2019;Mittwoch;2;4;0;1;0;3;4;31;87;56;46;52;70;55;68;58;46;69;79;88;50;42;32;21;11
324;10922;St.Gallen Stadt Guisanstr. 40;13.06.2019;Donnerstag;1;3;0;0;2;1;12;44;74;64;38;55;56;42;61;51;55;57;83;58;50;26;16;21;9
325;10922;St.Gallen Stadt Guisanstr. 40;13.06.2019;Donnerstag;2;6;0;0;1;2;10;35;74;61;49;51;71;49;73;62;69;59;97;60;49;41;25;26;18
326;10922;St.Gallen Stadt Guisanstr. 40;14.06.2019;Freitag;1;4;1;0;2;3;9;42;81;70;42;52;62;54;67;53;52;69;76;59;47;22;19;19;18
327;10922;St.Gallen Stadt Guisanstr. 40;14.06.2019;Freitag;2;7;2;0;2;4;7;36;76;58;44;56;71;67;60;50;55;66;96;84;53;29;39;25;16
328;10922;St.Gallen Stadt Guisanstr. 40;15.06.2019;Samstag;1;7;1;0;4;2;3;24;24;36;61;47;40;58;57;50;44;42;38;37;26;23;19;13;20
329;10922;St.Gallen Stadt Guisanstr. 40;15.06.2019;Samstag;2;8;6;2;4;2;7;17;20;31;37;50;61;65;69;54;61;59;50;59;26;32;31;18;17
330;10922;St.Gallen Stadt Guisanstr. 40;16.06.2019;Sonntag;1;8;3;0;2;1;2;10;14;27;25;44;37;45;32;46;56;57;33;41;34;31;22;13;6
331;10922;St.Gallen Stadt Guisanstr. 40;16.06.2019;Sonntag;2;13;4;0;2;0;2;8;11;28;17;55;57;53;41;46;58;53;45;49;28;37;26;21;12
332;10922;St.Gallen Stadt Guisanstr. 40;17.06.2019;Montag;1;6;1;1;0;1;12;47;79;82;60;50;76;57;64;55;64;60;104;94;44;35;27;19;9
333;10922;St.Gallen Stadt Guisanstr. 40;17.06.2019;Montag;2;4;2;0;0;3;6;39;74;77;60;70;77;63;70;77;69;78;100;117;58;55;39;30;17
334;10922;St.Gallen Stadt Guisanstr. 40;18.06.2019;Dienstag;1;3;2;0;1;3;9;48;81;73;59;52;62;49;62;53;59;76;90;64;32;25;16;7;12
335;10922;St.Gallen Stadt Guisanstr. 40;18.06.2019;Dienstag;2;5;4;0;1;3;7;36;77;70;52;46;83;63;72;62;69;78;102;78;36;41;31;22;13
336;10922;St.Gallen Stadt Guisanstr. 40;19.06.2019;Mittwoch;1;4;2;0;2;6;8;44;80;85;46;44;78;63;73;65;77;82;108;90;55;29;38;14;12
337;10922;St.Gallen Stadt Guisanstr. 40;19.06.2019;Mittwoch;2;5;1;3;2;4;5;41;87;74;41;41;82;91;79;78;65;92;118;110;57;47;45;32;15
338;10922;St.Gallen Stadt Guisanstr. 40;20.06.2019;Donnerstag;1;3;0;1;1;2;14;41;99;89;44;54;64;54;62;52;52;68;68;71;44;24;22;23;10
339;10922;St.Gallen Stadt Guisanstr. 40;20.06.2019;Donnerstag;2;4;0;1;1;3;6;36;99;79;43;66;77;64;73;51;57;71;120;95;56;38;48;24;11
340;10922;St.Gallen Stadt Guisanstr. 40;21.06.2019;Freitag;1;5;0;2;3;3;7;41;83;81;60;46;73;66;70;62;71;69;74;51;39;25;11;26;34
341;10922;St.Gallen Stadt Guisanstr. 40;21.06.2019;Freitag;2;6;3;2;2;2;5;31;83;90;34;72;79;87;83;57;78;71;83;79;60;33;25;32;32
342;10922;St.Gallen Stadt Guisanstr. 40;22.06.2019;Samstag;1;12;4;2;1;3;8;19;22;40;59;50;41;50;47;49;41;54;43;30;19;18;18;21;10
343;10922;St.Gallen Stadt Guisanstr. 40;22.06.2019;Samstag;2;12;8;4;1;3;7;18;21;33;45;36;56;65;54;55;52;60;50;42;26;27;24;19;20
344;10922;St.Gallen Stadt Guisanstr. 40;23.06.2019;Sonntag;1;4;1;3;0;1;3;11;18;25;25;37;44;40;44;48;52;61;60;34;35;41;28;12;9
345;10922;St.Gallen Stadt Guisanstr. 40;23.06.2019;Sonntag;2;12;7;3;1;1;1;7;14;23;23;39;59;52;53;60;49;56;55;35;34;33;32;15;12
346;10922;St.Gallen Stadt Guisanstr. 40;24.06.2019;Montag;1;4;1;0;1;2;9;49;98;91;48;37;58;56;57;64;73;87;115;66;61;31;22;17;8
347;10922;St.Gallen Stadt Guisanstr. 40;24.06.2019;Montag;2;5;1;0;0;2;6;44;77;91;56;51;90;56;63;66;77;95;114;90;76;44;30;26;9
348;10922;St.Gallen Stadt Guisanstr. 40;25.06.2019;Dienstag;1;3;0;1;1;4;11;50;100;77;53;58;67;62;67;49;71;70;100;71;71;45;19;20;15
349;10922;St.Gallen Stadt Guisanstr. 40;25.06.2019;Dienstag;2;6;0;0;1;5;7;46;83;82;35;47;88;65;74;71;71;97;125;91;60;48;23;27;18
350;10922;St.Gallen Stadt Guisanstr. 40;26.06.2019;Mittwoch;1;3;2;1;1;3;8;52;97;81;70;51;69;78;86;96;120;113;115;99;97;54;40;20;11
351;10922;St.Gallen Stadt Guisanstr. 40;26.06.2019;Mittwoch;2;5;1;1;2;2;9;40;95;82;59;63;84;95;96;110;128;110;144;107;74;59;39;27;17
352;10922;St.Gallen Stadt Guisanstr. 40;27.06.2019;Donnerstag;1;5;1;1;1;2;15;46;85;86;47;54;57;56;79;66;72;84;88;79;67;34;18;17;10
353;10922;St.Gallen Stadt Guisanstr. 40;27.06.2019;Donnerstag;2;8;1;1;1;4;6;37;83;81;69;83;88;73;80;71;93;83;117;89;54;40;32;29;12
354;10922;St.Gallen Stadt Guisanstr. 40;28.06.2019;Freitag;1;8;2;2;1;4;10;48;78;66;52;45;74;67;78;77;76;87;85;59;53;30;23;18;16
355;10922;St.Gallen Stadt Guisanstr. 40;28.06.2019;Freitag;2;13;0;6;1;6;10;37;73;71;63;68;72;80;88;74;77;84;94;86;49;20;30;25;20
356;10922;St.Gallen Stadt Guisanstr. 40;29.06.2019;Samstag;1;9;4;3;1;5;6;18;26;50;53;44;52;52;59;85;66;55;62;55;39;23;17;14;12
357;10922;St.Gallen Stadt Guisanstr. 40;29.06.2019;Samstag;2;7;6;3;4;7;5;17;26;38;48;81;65;69;76;86;69;69;53;49;38;32;14;19;13
358;10922;St.Gallen Stadt Guisanstr. 40;30.06.2019;Sonntag;1;9;8;6;6;4;2;16;17;30;36;38;50;66;107;98;64;63;75;66;59;40;22;19;11
359;10922;St.Gallen Stadt Guisanstr. 40;30.06.2019;Sonntag;2;16;6;9;4;7;4;14;14;33;43;59;59;67;115;85;69;68;56;63;40;32;29;17;9
360;10922;St.Gallen Stadt Guisanstr. 40;01.07.2019;Montag;1;6;2;1;0;2;13;50;84;83;56;48;64;56;71;67;47;75;102;63;74;37;18;18;13
361;10922;St.Gallen Stadt Guisanstr. 40;01.07.2019;Montag;2;8;2;1;0;2;8;38;89;90;65;65;86;71;67;53;64;78;140;101;42;35;31;26;16
362;10922;St.Gallen Stadt Guisanstr. 40;02.07.2019;Dienstag;1;4;2;0;1;4;10;42;80;74;58;44;78;60;68;61;49;67;75;72;46;25;20;18;8
363;10922;St.Gallen Stadt Guisanstr. 40;02.07.2019;Dienstag;2;7;1;0;2;2;7;36;70;74;49;49;89;62;67;68;63;61;86;71;51;35;34;34;11
364;10922;St.Gallen Stadt Guisanstr. 40;03.07.2019;Mittwoch;1;3;5;0;2;3;8;44;75;84;52;48;67;56;76;62;51;69;81;78;50;28;24;25;12
365;10922;St.Gallen Stadt Guisanstr. 40;03.07.2019;Mittwoch;2;5;5;1;3;1;6;28;85;72;53;60;81;59;70;67;69;72;95;95;53;45;25;29;10
366;10922;St.Gallen Stadt Guisanstr. 40;04.07.2019;Donnerstag;1;7;2;1;1;4;9;39;88;84;58;39;72;61;62;79;55;79;82;77;39;38;17;17;12
367;10922;St.Gallen Stadt Guisanstr. 40;04.07.2019;Donnerstag;2;6;3;2;0;5;8;46;85;71;55;56;75;63;64;78;70;73;85;93;48;34;27;26;16
368;10922;St.Gallen Stadt Guisanstr. 40;05.07.2019;Freitag;1;7;2;3;1;3;15;30;80;76;58;56;87;65;64;54;52;72;74;70;42;35;31;15;18
369;10922;St.Gallen Stadt Guisanstr. 40;05.07.2019;Freitag;2;7;3;3;1;5;6;34;70;65;65;69;72;73;70;79;76;85;80;74;53;31;32;18;13
370;10922;St.Gallen Stadt Guisanstr. 40;06.07.2019;Samstag;1;14;7;1;0;2;9;13;21;39;70;57;45;43;46;48;53;36;35;34;30;22;26;13;16
371;10922;St.Gallen Stadt Guisanstr. 40;06.07.2019;Samstag;2;11;8;1;0;2;8;16;28;40;63;51;57;58;41;53;47;41;36;36;27;33;24;16;17
372;10922;St.Gallen Stadt Guisanstr. 40;07.07.2019;Sonntag;1;8;9;5;0;4;4;8;13;16;21;37;42;34;42;35;43;39;39;32;33;19;14;17;6
373;10922;St.Gallen Stadt Guisanstr. 40;07.07.2019;Sonntag;2;9;15;4;1;2;2;9;8;14;20;38;39;38;32;38;43;37;44;33;33;16;21;15;11
374;10922;St.Gallen Stadt Guisanstr. 40;08.07.2019;Montag;1;4;2;1;3;3;7;38;49;58;47;60;57;56;52;42;49;48;71;50;36;24;16;8;10
375;10922;St.Gallen Stadt Guisanstr. 40;08.07.2019;Montag;2;5;1;1;4;2;7;30;59;57;58;48;63;57;67;54;57;65;78;56;45;31;28;26;12
376;10922;St.Gallen Stadt Guisanstr. 40;09.07.2019;Dienstag;1;5;2;1;1;1;10;43;63;68;62;50;67;53;63;48;65;104;103;81;36;27;19;12;9
377;10922;St.Gallen Stadt Guisanstr. 40;09.07.2019;Dienstag;2;3;3;3;1;2;8;37;63;60;58;45;66;47;52;65;53;77;100;69;48;40;26;20;10
378;10922;St.Gallen Stadt Guisanstr. 40;10.07.2019;Mittwoch;1;7;3;1;0;1;10;42;54;67;48;52;58;62;70;57;41;56;89;66;38;34;20;18;16
379;10922;St.Gallen Stadt Guisanstr. 40;10.07.2019;Mittwoch;2;3;3;0;0;3;7;34;62;77;67;48;82;61;70;67;47;64;76;67;45;35;37;21;25
380;10922;St.Gallen Stadt Guisanstr. 40;11.07.2019;Donnerstag;1;5;4;1;0;1;11;41;62;59;54;59;66;50;51;46;56;64;76;52;31;21;20;15;9
381;10922;St.Gallen Stadt Guisanstr. 40;11.07.2019;Donnerstag;2;6;2;1;1;3;9;30;53;55;60;56;65;51;64;52;48;60;76;56;49;32;22;19;10
382;10922;St.Gallen Stadt Guisanstr. 40;12.07.2019;Freitag;1;4;3;0;1;3;12;36;47;73;53;54;56;65;48;49;60;66;55;36;29;19;20;16;15
383;10922;St.Gallen Stadt Guisanstr. 40;12.07.2019;Freitag;2;5;2;0;0;4;9;30;66;65;48;52;70;55;53;48;65;59;75;43;53;25;26;12;18
384;10922;St.Gallen Stadt Guisanstr. 40;13.07.2019;Samstag;1;7;5;5;3;2;5;15;20;27;46;53;52;31;36;46;50;45;41;26;34;21;19;14;10
385;10922;St.Gallen Stadt Guisanstr. 40;13.07.2019;Samstag;2;5;3;9;2;4;7;13;16;23;35;48;54;40;32;37;47;55;43;31;33;18;23;22;14
386;10922;St.Gallen Stadt Guisanstr. 40;14.07.2019;Sonntag;1;5;4;2;3;0;2;11;9;12;25;32;30;36;47;32;36;52;44;40;23;18;20;13;9
387;10922;St.Gallen Stadt Guisanstr. 40;14.07.2019;Sonntag;2;4;4;3;4;0;2;7;11;11;22;33;38;33;45;42;53;33;44;36;26;21;22;11;12
388;10922;St.Gallen Stadt Guisanstr. 40;15.07.2019;Montag;1;6;3;1;0;0;13;32;56;56;52;43;56;36;49;52;61;56;67;52;29;20;20;11;7
389;10922;St.Gallen Stadt Guisanstr. 40;15.07.2019;Montag;2;6;4;1;1;1;8;33;55;71;43;39;57;58;66;57;44;62;89;53;36;20;25;15;11
390;10922;St.Gallen Stadt Guisanstr. 40;16.07.2019;Dienstag;1;4;1;2;0;0;11;33;58;55;59;52;54;41;55;52;45;71;88;54;50;23;17;16;8
391;10922;St.Gallen Stadt Guisanstr. 40;16.07.2019;Dienstag;2;7;0;1;0;2;6;34;58;69;47;57;63;50;70;51;55;63;81;84;42;26;29;23;9
392;10922;St.Gallen Stadt Guisanstr. 40;17.07.2019;Mittwoch;1;5;1;2;0;1;9;35;60;62;51;62;67;44;67;43;38;74;77;50;43;28;19;16;8
393;10922;St.Gallen Stadt Guisanstr. 40;17.07.2019;Mittwoch;2;7;1;0;2;0;4;30;60;43;47;52;69;53;62;55;55;71;82;62;45;28;24;15;8
394;10922;St.Gallen Stadt Guisanstr. 40;18.07.2019;Donnerstag;1;4;0;3;0;1;8;40;49;61;57;51;52;46;53;44;37;63;83;51;38;32;26;15;9
395;10922;St.Gallen Stadt Guisanstr. 40;18.07.2019;Donnerstag;2;5;1;2;0;3;6;37;51;52;50;36;48;54;64;62;47;42;70;71;35;38;27;15;11
396;10922;St.Gallen Stadt Guisanstr. 40;19.07.2019;Freitag;1;2;2;1;2;1;7;45;49;58;43;51;56;48;46;44;52;56;67;45;41;26;18;15;10
397;10922;St.Gallen Stadt Guisanstr. 40;19.07.2019;Freitag;2;4;1;3;1;1;6;41;51;54;40;48;65;64;70;49;43;44;81;49;40;24;22;18;12
398;10922;St.Gallen Stadt Guisanstr. 40;20.07.2019;Samstag;1;7;4;0;5;1;6;14;17;27;57;42;30;35;42;43;33;63;46;36;35;22;14;21;15
399;10922;St.Gallen Stadt Guisanstr. 40;20.07.2019;Samstag;2;8;4;0;3;1;5;13;17;26;43;34;52;50;59;52;40;37;37;28;30;24;37;20;18
400;10922;St.Gallen Stadt Guisanstr. 40;21.07.2019;Sonntag;1;6;2;2;2;0;1;13;10;18;17;27;32;27;28;33;38;44;37;33;35;28;18;13;7
401;10922;St.Gallen Stadt Guisanstr. 40;21.07.2019;Sonntag;2;9;4;2;2;1;2;6;9;11;18;33;46;30;31;34;44;47;37;35;32;26;18;12;12
402;10922;St.Gallen Stadt Guisanstr. 40;22.07.2019;Montag;1;4;0;3;1;2;6;40;40;65;57;47;51;56;49;51;46;53;65;53;41;23;20;13;9
403;10922;St.Gallen Stadt Guisanstr. 40;22.07.2019;Montag;2;5;0;1;3;2;6;39;53;55;46;44;61;54;61;62;44;75;65;75;42;27;25;19;10
404;10922;St.Gallen Stadt Guisanstr. 40;23.07.2019;Dienstag;1;4;0;1;1;0;6;27;45;50;57;50;42;43;63;61;36;58;75;45;50;22;18;10;6
405;10922;St.Gallen Stadt Guisanstr. 40;23.07.2019;Dienstag;2;5;1;2;2;0;8;34;53;57;53;58;57;62;59;67;48;60;65;66;40;32;27;16;6
406;10922;St.Gallen Stadt Guisanstr. 40;24.07.2019;Mittwoch;1;5;1;1;0;1;7;31;46;58;57;43;34;44;59;40;61;58;80;57;45;22;19;12;8
407;10922;St.Gallen Stadt Guisanstr. 40;24.07.2019;Mittwoch;2;8;2;1;1;2;8;31;49;54;60;54;47;66;61;43;52;63;74;54;39;29;36;15;11
408;10922;St.Gallen Stadt Guisanstr. 40;25.07.2019;Donnerstag;1;4;0;0;1;4;3;33;47;58;41;43;59;43;63;53;42;68;69;56;49;30;15;19;13
409;10922;St.Gallen Stadt Guisanstr. 40;25.07.2019;Donnerstag;2;2;1;1;4;1;8;23;40;40;58;54;72;66;60;51;43;66;78;59;42;30;24;25;14
410;10922;St.Gallen Stadt Guisanstr. 40;26.07.2019;Freitag;1;5;0;1;1;1;7;43;49;47;49;46;59;54;52;48;41;57;61;50;42;17;29;24;9
411;10922;St.Gallen Stadt Guisanstr. 40;26.07.2019;Freitag;2;5;1;0;1;3;6;28;50;50;42;50;64;57;59;54;45;58;67;46;44;27;13;29;14
412;10922;St.Gallen Stadt Guisanstr. 40;27.07.2019;Samstag;1;7;2;1;4;5;6;17;15;27;28;39;35;41;41;38;39;34;34;26;21;18;14;13;4
413;10922;St.Gallen Stadt Guisanstr. 40;27.07.2019;Samstag;2;11;2;1;4;5;6;11;19;27;25;30;49;45;43;38;43;51;42;33;16;21;13;15;4
414;10922;St.Gallen Stadt Guisanstr. 40;28.07.2019;Sonntag;1;5;3;1;3;1;0;10;13;14;17;27;29;19;23;19;35;28;32;18;23;18;13;11;9
415;10922;St.Gallen Stadt Guisanstr. 40;28.07.2019;Sonntag;2;6;6;1;0;1;2;7;10;12;16;25;28;32;24;25;33;33;33;23;19;30;15;16;9
416;10922;St.Gallen Stadt Guisanstr. 40;29.07.2019;Montag;1;6;0;1;0;1;5;31;33;51;34;45;45;46;54;44;48;53;56;44;31;23;8;9;10
417;10922;St.Gallen Stadt Guisanstr. 40;29.07.2019;Montag;2;5;2;1;2;0;7;33;43;45;48;36;50;55;61;39;42;57;64;46;37;33;18;11;11
418;10922;St.Gallen Stadt Guisanstr. 40;30.07.2019;Dienstag;1;3;2;2;2;2;2;31;47;64;31;40;44;37;43;35;51;61;73;64;49;26;22;12;14
419;10922;St.Gallen Stadt Guisanstr. 40;30.07.2019;Dienstag;2;4;3;0;2;0;6;30;43;52;31;52;50;52;49;53;63;61;68;52;43;33;21;14;18
420;10922;St.Gallen Stadt Guisanstr. 40;31.07.2019;Mittwoch;1;4;1;1;0;0;5;28;36;42;51;43;54;39;56;41;52;53;48;45;31;21;18;6;10
421;10922;St.Gallen Stadt Guisanstr. 40;31.07.2019;Mittwoch;2;5;2;0;2;0;5;29;38;48;42;36;51;45;54;42;41;69;63;56;42;30;12;10;12
422;10922;St.Gallen Stadt Guisanstr. 40;01.08.2019;Donnerstag;1;6;2;0;1;1;1;9;12;22;26;27;30;28;25;29;32;40;30;37;23;15;15;18;16
423;10922;St.Gallen Stadt Guisanstr. 40;01.08.2019;Donnerstag;2;4;2;0;1;0;3;9;12;19;20;31;31;33;37;35;30;47;41;36;19;23;23;16;15
424;10922;St.Gallen Stadt Guisanstr. 40;02.08.2019;Freitag;1;10;1;2;0;2;1;28;29;37;40;36;49;30;41;40;37;40;60;38;37;23;13;9;10
425;10922;St.Gallen Stadt Guisanstr. 40;02.08.2019;Freitag;2;8;2;1;2;1;3;22;33;39;32;37;53;46;34;40;34;47;49;43;44;23;22;15;12
426;10922;St.Gallen Stadt Guisanstr. 40;03.08.2019;Samstag;1;5;0;1;1;0;5;10;15;22;30;39;34;27;32;28;32;30;37;37;22;18;12;10;11
427;10922;St.Gallen Stadt Guisanstr. 40;03.08.2019;Samstag;2;6;1;1;0;2;7;12;11;19;21;24;39;33;32;25;41;40;41;48;17;22;17;14;15
428;10922;St.Gallen Stadt Guisanstr. 40;04.08.2019;Sonntag;1;7;2;2;1;1;1;6;12;20;20;36;40;35;35;42;40;45;54;38;35;27;24;8;8
429;10922;St.Gallen Stadt Guisanstr. 40;04.08.2019;Sonntag;2;12;7;5;2;1;0;6;8;20;19;42;45;41;43;49;36;44;45;39;30;25;27;14;8
430;10922;St.Gallen Stadt Guisanstr. 40;05.08.2019;Montag;1;4;1;1;1;2;10;40;70;69;51;52;48;64;58;57;64;56;82;66;45;24;18;12;6
431;10922;St.Gallen Stadt Guisanstr. 40;05.08.2019;Montag;2;5;1;1;1;2;11;38;61;62;54;51;72;69;82;57;56;51;78;55;55;33;21;19;9
432;10922;St.Gallen Stadt Guisanstr. 40;06.08.2019;Dienstag;1;4;2;1;0;4;7;35;58;75;59;38;58;48;53;59;65;52;58;46;37;19;15;17;12
433;10922;St.Gallen Stadt Guisanstr. 40;06.08.2019;Dienstag;2;5;0;1;1;2;5;29;63;78;41;46;57;59;55;49;65;63;93;57;49;23;21;15;11
434;10922;St.Gallen Stadt Guisanstr. 40;07.08.2019;Mittwoch;1;4;0;2;0;2;5;43;64;72;53;47;63;49;60;49;44;65;56;57;33;27;23;9;9
435;10922;St.Gallen Stadt Guisanstr. 40;07.08.2019;Mittwoch;2;3;1;1;1;1;5;39;57;66;56;44;70;59;61;54;61;76;86;77;46;34;17;19;12
436;10922;St.Gallen Stadt Guisanstr. 40;08.08.2019;Donnerstag;1;7;4;2;2;3;6;39;64;75;56;46;49;56;66;66;48;85;80;54;41;25;18;16;10
437;10922;St.Gallen Stadt Guisanstr. 40;08.08.2019;Donnerstag;2;6;4;1;3;2;5;36;71;63;59;49;61;50;79;63;55;78;80;63;49;21;25;19;15
438;10922;St.Gallen Stadt Guisanstr. 40;09.08.2019;Freitag;1;5;1;2;1;2;4;38;64;55;62;42;58;57;50;56;58;78;76;72;56;35;25;21;17
439;10922;St.Gallen Stadt Guisanstr. 40;09.08.2019;Freitag;2;11;0;1;1;2;3;34;67;60;54;46;63;69;79;70;60;78;87;74;48;23;32;23;23
440;10922;St.Gallen Stadt Guisanstr. 40;10.08.2019;Samstag;1;11;5;0;1;4;6;13;20;36;31;49;47;27;30;37;50;54;45;32;22;19;23;12;13
441;10922;St.Gallen Stadt Guisanstr. 40;10.08.2019;Samstag;2;10;5;3;1;4;2;16;20;26;25;44;50;33;46;45;51;43;54;41;25;21;30;23;20
442;10922;St.Gallen Stadt Guisanstr. 40;11.08.2019;Sonntag;1;9;8;2;5;1;8;11;20;27;25;32;43;30;39;35;33;55;57;35;42;19;15;11;7
443;10922;St.Gallen Stadt Guisanstr. 40;11.08.2019;Sonntag;2;15;7;2;6;0;7;5;14;22;29;38;47;48;32;57;50;51;56;41;34;22;22;13;5
444;10922;St.Gallen Stadt Guisanstr. 40;12.08.2019;Montag;1;2;0;2;1;2;6;41;95;65;55;56;73;54;76;66;74;73;88;61;46;24;21;13;13
445;10922;St.Gallen Stadt Guisanstr. 40;12.08.2019;Montag;2;6;0;0;2;2;5;39;74;60;62;51;63;67;72;61;65;83;101;93;57;31;25;18;12
446;10922;St.Gallen Stadt Guisanstr. 40;13.08.2019;Dienstag;1;5;1;1;0;6;8;47;101;92;56;67;74;59;72;64;52;68;100;71;48;27;19;15;7
447;10922;St.Gallen Stadt Guisanstr. 40;13.08.2019;Dienstag;2;4;3;0;2;1;5;37;89;76;42;63;74;58;67;61;56;65;93;102;57;29;31;23;12
448;10922;St.Gallen Stadt Guisanstr. 40;14.08.2019;Mittwoch;1;4;3;3;0;5;7;49;97;83;57;54;79;64;81;76;59;82;104;54;44;32;21;19;9
449;10922;St.Gallen Stadt Guisanstr. 40;14.08.2019;Mittwoch;2;6;2;1;1;3;4;34;84;73;50;54;83;63;74;71;63;69;95;97;45;40;25;22;14
450;10922;St.Gallen Stadt Guisanstr. 40;15.08.2019;Donnerstag;1;7;0;1;1;2;8;46;105;79;60;66;89;52;77;52;65;66;87;84;47;21;12;21;9
451;10922;St.Gallen Stadt Guisanstr. 40;15.08.2019;Donnerstag;2;6;2;1;0;2;4;35;90;69;44;55;83;68;73;60;66;58;109;99;55;32;32;19;17
452;10922;St.Gallen Stadt Guisanstr. 40;16.08.2019;Freitag;1;4;2;1;1;1;8;41;88;80;50;55;65;59;81;60;69;68;82;59;32;20;17;13;13
453;10922;St.Gallen Stadt Guisanstr. 40;16.08.2019;Freitag;2;7;2;1;2;1;4;28;94;54;51;63;78;72;76;64;56;88;79;84;48;36;17;18;19
454;10922;St.Gallen Stadt Guisanstr. 40;17.08.2019;Samstag;1;5;7;1;5;2;7;20;25;35;41;66;68;46;38;49;60;50;38;34;24;20;32;18;8
455;10922;St.Gallen Stadt Guisanstr. 40;17.08.2019;Samstag;2;9;8;6;6;4;4;18;19;23;42;54;61;62;47;61;60;56;52;36;28;27;25;29;13
456;10922;St.Gallen Stadt Guisanstr. 40;18.08.2019;Sonntag;1;8;5;3;0;0;0;14;15;20;33;45;46;40;41;34;56;61;61;40;38;38;26;9;7
457;10922;St.Gallen Stadt Guisanstr. 40;18.08.2019;Sonntag;2;12;6;9;2;0;1;7;11;18;31;44;69;52;61;54;47;51;47;50;33;31;22;13;11
458;10922;St.Gallen Stadt Guisanstr. 40;19.08.2019;Montag;1;3;3;3;0;1;6;44;86;88;47;48;84;54;71;75;73;66;82;61;48;14;13;11;5
459;10922;St.Gallen Stadt Guisanstr. 40;19.08.2019;Montag;2;4;4;1;0;3;3;38;79;86;66;62;90;69;62;75;71;59;98;83;61;31;17;17;5
460;10922;St.Gallen Stadt Guisanstr. 40;20.08.2019;Dienstag;1;5;0;3;0;2;12;41;88;72;67;53;74;60;71;50;45;62;93;61;38;25;17;10;7
461;10922;St.Gallen Stadt Guisanstr. 40;20.08.2019;Dienstag;2;5;1;1;0;2;6;33;95;79;46;51;83;69;72;63;59;68;94;101;52;36;23;24;13
462;10922;St.Gallen Stadt Guisanstr. 40;21.08.2019;Mittwoch;1;2;1;1;1;1;6;48;85;86;59;51;64;71;78;72;65;76;100;75;41;25;24;25;10
463;10922;St.Gallen Stadt Guisanstr. 40;21.08.2019;Mittwoch;2;3;2;1;1;3;4;33;83;72;55;66;86;76;59;74;68;66;99;95;62;44;28;24;12
464;10922;St.Gallen Stadt Guisanstr. 40;22.08.2019;Donnerstag;1;8;1;1;0;2;7;48;103;69;49;55;75;54;67;55;48;77;84;65;42;32;41;14;9
465;10922;St.Gallen Stadt Guisanstr. 40;22.08.2019;Donnerstag;2;7;0;0;0;3;4;35;87;71;46;43;75;52;52;63;63;71;73;76;67;35;36;23;15
466;10922;St.Gallen Stadt Guisanstr. 40;23.08.2019;Freitag;1;4;1;1;0;1;7;43;95;74;57;48;67;55;77;69;61;69;61;54;40;27;14;13;17
467;10922;St.Gallen Stadt Guisanstr. 40;23.08.2019;Freitag;2;7;1;0;1;2;3;40;100;67;57;54;82;72;71;62;71;54;69;73;49;48;13;23;14
468;10922;St.Gallen Stadt Guisanstr. 40;24.08.2019;Samstag;1;14;3;4;2;2;5;15;18;50;53;51;65;39;37;46;49;48;52;38;26;18;16;13;10
469;10922;St.Gallen Stadt Guisanstr. 40;24.08.2019;Samstag;2;16;2;1;2;2;7;13;19;36;33;35;50;51;49;59;69;68;59;40;36;21;18;18;9
470;10922;St.Gallen Stadt Guisanstr. 40;25.08.2019;Sonntag;1;8;2;3;1;1;3;12;12;25;32;42;40;57;36;42;59;64;52;43;41;36;23;14;7
471;10922;St.Gallen Stadt Guisanstr. 40;25.08.2019;Sonntag;2;10;2;4;2;1;2;11;9;25;27;43;46;56;35;56;61;67;47;62;41;31;27;10;11
472;10922;St.Gallen Stadt Guisanstr. 40;26.08.2019;Montag;1;4;0;2;0;2;9;47;85;87;45;61;70;55;68;66;65;64;107;77;50;35;18;12;7
473;10922;St.Gallen Stadt Guisanstr. 40;26.08.2019;Montag;2;6;0;0;0;2;6;30;71;68;45;55;77;65;84;68;67;83;104;76;49;42;37;17;11
474;10922;St.Gallen Stadt Guisanstr. 40;27.08.2019;Dienstag;1;5;2;2;0;1;7;49;100;80;63;59;85;70;83;73;56;55;101;82;62;33;21;13;8
475;10922;St.Gallen Stadt Guisanstr. 40;27.08.2019;Dienstag;2;7;2;1;0;2;5;40;75;74;56;61;82;74;71;74;67;83;123;108;77;35;33;21;13
476;10922;St.Gallen Stadt Guisanstr. 40;28.08.2019;Mittwoch;1;2;0;2;1;3;8;47;86;92;61;53;59;69;65;68;66;73;90;80;52;31;24;13;12
477;10922;St.Gallen Stadt Guisanstr. 40;28.08.2019;Mittwoch;2;5;0;1;1;2;6;35;92;71;58;57;88;77;82;75;67;80;99;100;75;56;32;18;11
478;10922;St.Gallen Stadt Guisanstr. 40;29.08.2019;Donnerstag;1;5;1;2;1;1;6;50;93;75;68;65;62;56;65;55;60;75;86;74;56;28;16;14;10
479;10922;St.Gallen Stadt Guisanstr. 40;29.08.2019;Donnerstag;2;3;1;1;0;2;9;30;87;74;43;57;79;58;71;52;61;90;104;94;49;36;31;30;12
480;10922;St.Gallen Stadt Guisanstr. 40;30.08.2019;Freitag;1;7;2;1;1;2;9;46;104;70;75;58;75;65;80;72;65;77;73;70;47;46;27;19;23
481;10922;St.Gallen Stadt Guisanstr. 40;30.08.2019;Freitag;2;8;1;0;0;2;4;35;99;79;64;58;85;72;79;71;83;107;96;83;54;47;26;23;18
482;10922;St.Gallen Stadt Guisanstr. 40;31.08.2019;Samstag;1;9;5;4;3;3;5;21;28;44;72;62;85;78;47;44;64;67;52;38;25;24;20;19;16
483;10922;St.Gallen Stadt Guisanstr. 40;31.08.2019;Samstag;2;17;8;4;0;4;4;21;24;48;64;62;84;60;59;67;66;59;60;43;25;21;26;30;12
484;10922;St.Gallen Stadt Guisanstr. 40;01.09.2019;Sonntag;1;9;9;2;0;3;1;11;21;21;10;50;37;48;41;43;59;57;39;49;42;25;20;12;8
485;10922;St.Gallen Stadt Guisanstr. 40;01.09.2019;Sonntag;2;16;12;7;0;5;2;6;11;25;50;48;44;51;39;50;51;57;50;36;36;23;19;15;8
486;10922;St.Gallen Stadt Guisanstr. 40;02.09.2019;Montag;1;5;0;2;1;1;6;45;90;81;53;31;75;57;72;55;62;60;93;76;46;24;21;7;6
487;10922;St.Gallen Stadt Guisanstr. 40;02.09.2019;Montag;2;7;1;1;1;2;7;32;82;71;34;44;87;60;72;72;71;71;99;100;65;30;28;16;7
488;10922;St.Gallen Stadt Guisanstr. 40;03.09.2019;Dienstag;1;4;1;3;1;4;7;40;83;89;66;54;75;54;84;40;62;67;115;75;41;28;17;11;10
489;10922;St.Gallen Stadt Guisanstr. 40;03.09.2019;Dienstag;2;8;1;2;0;3;6;34;88;83;63;54;71;67;70;53;74;84;115;104;62;41;31;18;14
490;10922;St.Gallen Stadt Guisanstr. 40;04.09.2019;Mittwoch;1;6;1;1;3;6;7;49;112;85;63;47;67;67;82;67;73;53;118;110;65;28;35;14;13
491;10922;St.Gallen Stadt Guisanstr. 40;04.09.2019;Mittwoch;2;7;1;0;1;6;5;33;100;79;67;53;69;91;69;72;69;80;119;115;56;45;34;23;15
492;10922;St.Gallen Stadt Guisanstr. 40;05.09.2019;Donnerstag;1;5;1;1;0;2;9;51;96;82;52;69;73;65;95;50;68;66;79;73;39;18;19;15;11
493;10922;St.Gallen Stadt Guisanstr. 40;05.09.2019;Donnerstag;2;7;2;1;0;2;5;34;97;76;60;50;77;67;85;65;66;69;104;100;44;25;30;24;13
494;10922;St.Gallen Stadt Guisanstr. 40;06.09.2019;Freitag;1;4;0;1;2;3;7;47;76;83;65;52;70;63;71;75;62;66;75;66;35;24;26;28;11
495;10922;St.Gallen Stadt Guisanstr. 40;06.09.2019;Freitag;2;6;1;1;0;3;2;33;82;63;65;54;69;84;65;64;60;84;95;84;46;29;23;20;17
496;10922;St.Gallen Stadt Guisanstr. 40;07.09.2019;Samstag;1;8;3;0;1;1;5;13;22;42;44;53;48;44;58;43;53;52;44;43;36;18;13;12;16
497;10922;St.Gallen Stadt Guisanstr. 40;07.09.2019;Samstag;2;18;4;1;2;1;3;7;22;36;40;46;55;48;64;59;57;55;63;60;40;23;24;17;25
498;10922;St.Gallen Stadt Guisanstr. 40;08.09.2019;Sonntag;1;11;1;1;1;0;1;10;6;14;19;31;41;34;46;33;53;54;36;34;22;31;14;9;10
499;10922;St.Gallen Stadt Guisanstr. 40;08.09.2019;Sonntag;2;10;13;3;4;1;2;5;9;17;24;28;31;35;40;35;43;58;59;51;40;33;19;12;7
500;10922;St.Gallen Stadt Guisanstr. 40;09.09.2019;Montag;1;6;2;1;0;3;5;40;94;101;66;35;62;65;79;61;63;68;80;75;43;26;17;8;8
501;10922;St.Gallen Stadt Guisanstr. 40;09.09.2019;Montag;2;6;1;1;0;3;4;36;83;84;64;45;81;72;71;52;65;67;89;88;54;43;20;12;8
502;10922;St.Gallen Stadt Guisanstr. 40;10.09.2019;Dienstag;1;6;1;3;0;5;2;45;92;95;57;54;77;69;65;60;57;86;85;80;56;38;16;16;12
503;10922;St.Gallen Stadt Guisanstr. 40;10.09.2019;Dienstag;2;7;1;4;2;1;4;32;73;96;54;51;87;76;71;58;57;89;118;101;64;44;27;29;13
504;10922;St.Gallen Stadt Guisanstr. 40;11.09.2019;Mittwoch;1;9;2;3;0;5;4;47;75;92;59;56;81;60;73;63;72;69;84;91;45;25;24;16;8
505;10922;St.Gallen Stadt Guisanstr. 40;11.09.2019;Mittwoch;2;7;5;4;1;1;6;44;87;86;70;59;84;65;92;68;65;70;90;95;58;37;30;28;10
506;10922;St.Gallen Stadt Guisanstr. 40;12.09.2019;Donnerstag;1;7;0;1;1;2;7;45;82;69;69;52;68;58;69;71;63;67;101;73;55;43;33;18;13
507;10922;St.Gallen Stadt Guisanstr. 40;12.09.2019;Donnerstag;2;11;0;1;2;3;5;38;76;83;57;57;81;61;66;77;62;63;114;84;74;58;42;27;18
508;10922;St.Gallen Stadt Guisanstr. 40;13.09.2019;Freitag;1;7;0;2;0;3;10;43;88;75;59;50;59;53;76;75;74;70;78;50;51;28;26;20;13
509;10922;St.Gallen Stadt Guisanstr. 40;13.09.2019;Freitag;2;10;4;3;0;3;4;34;87;74;52;66;70;79;94;63;73;67;86;88;66;34;20;16;23
510;10922;St.Gallen Stadt Guisanstr. 40;14.09.2019;Samstag;1;9;5;2;0;2;5;14;28;36;59;65;54;46;50;45;44;46;47;29;29;25;19;18;18
511;10922;St.Gallen Stadt Guisanstr. 40;14.09.2019;Samstag;2;10;2;3;0;3;4;12;18;35;42;41;58;67;57;40;73;48;44;43;35;22;21;23;16
512;10922;St.Gallen Stadt Guisanstr. 40;15.09.2019;Sonntag;1;5;6;2;2;0;1;11;17;20;32;49;46;56;38;54;44;56;61;47;40;28;21;9;7
513;10922;St.Gallen Stadt Guisanstr. 40;15.09.2019;Sonntag;2;4;10;3;3;2;0;9;12;27;32;58;43;48;33;46;55;51;68;63;37;35;21;15;10
514;10922;St.Gallen Stadt Guisanstr. 40;16.09.2019;Montag;1;4;1;1;1;2;9;42;89;89;67;56;74;72;70;64;68;95;87;73;67;25;17;18;8
515;10922;St.Gallen Stadt Guisanstr. 40;16.09.2019;Montag;2;5;1;1;1;2;3;40;84;75;55;53;81;78;87;74;69;87;104;77;79;34;35;32;13
516;10922;St.Gallen Stadt Guisanstr. 40;17.09.2019;Dienstag;1;5;2;1;0;3;5;52;96;104;77;62;75;65;75;54;79;78;106;91;81;38;20;21;12
517;10922;St.Gallen Stadt Guisanstr. 40;17.09.2019;Dienstag;2;6;5;0;0;3;3;41;83;84;64;62;93;64;72;62;72;82;125;115;78;49;26;26;17
518;10922;St.Gallen Stadt Guisanstr. 40;18.09.2019;Mittwoch;1;6;0;2;2;0;7;44;93;89;56;69;70;71;83;81;70;87;103;94;52;29;29;20;8
519;10922;St.Gallen Stadt Guisanstr. 40;18.09.2019;Mittwoch;2;4;1;1;2;3;4;36;88;79;75;57;69;80;82;83;71;83;112;105;65;53;35;19;12
520;10922;St.Gallen Stadt Guisanstr. 40;19.09.2019;Donnerstag;1;5;0;3;0;2;8;51;98;78;59;51;81;68;82;56;56;78;104;79;51;32;19;19;13
521;10922;St.Gallen Stadt Guisanstr. 40;19.09.2019;Donnerstag;2;6;2;1;0;4;6;40;98;69;44;45;79;86;64;68;57;77;106;109;63;48;33;28;14
522;10922;St.Gallen Stadt Guisanstr. 40;20.09.2019;Freitag;1;6;1;1;2;1;8;28;94;83;63;43;65;66;68;79;72;78;76;57;42;35;22;20;19
523;10922;St.Gallen Stadt Guisanstr. 40;20.09.2019;Freitag;2;10;1;0;3;1;5;33;91;64;65;53;90;72;98;135;74;81;85;83;65;42;28;28;14
524;10922;St.Gallen Stadt Guisanstr. 40;21.09.2019;Samstag;1;8;4;3;1;3;5;16;27;47;60;53;53;55;51;52;84;38;48;49;33;19;19;9;11
525;10922;St.Gallen Stadt Guisanstr. 40;21.09.2019;Samstag;2;10;8;3;1;5;5;13;39;29;30;48;52;52;59;52;56;49;64;53;35;26;26;20;20
526;10922;St.Gallen Stadt Guisanstr. 40;22.09.2019;Sonntag;1;14;5;3;1;2;3;9;13;18;21;44;43;48;46;49;53;51;53;45;41;23;12;16;14
527;10922;St.Gallen Stadt Guisanstr. 40;22.09.2019;Sonntag;2;15;8;4;2;0;1;8;10;18;25;40;41;50;48;50;50;59;49;50;39;27;9;11;12
528;10922;St.Gallen Stadt Guisanstr. 40;23.09.2019;Montag;1;3;2;1;0;1;6;46;77;89;57;48;70;55;84;70;48;57;89;74;50;31;18;11;7
529;10922;St.Gallen Stadt Guisanstr. 40;23.09.2019;Montag;2;6;3;1;1;2;3;47;77;76;68;52;87;73;77;75;65;74;105;79;60;42;37;25;11
530;10922;St.Gallen Stadt Guisanstr. 40;24.09.2019;Dienstag;1;5;3;1;1;2;5;44;98;110;74;70;84;52;74;68;108;78;102;104;49;29;19;13;9
531;10922;St.Gallen Stadt Guisanstr. 40;24.09.2019;Dienstag;2;4;2;1;1;2;4;41;87;93;73;67;98;77;71;81;69;92;121;118;65;44;28;20;25
532;10922;St.Gallen Stadt Guisanstr. 40;25.09.2019;Mittwoch;1;3;0;3;0;2;7;41;94;112;69;58;74;57;96;77;63;91;96;96;52;28;18;25;16
533;10922;St.Gallen Stadt Guisanstr. 40;25.09.2019;Mittwoch;2;8;2;2;1;2;5;36;78;62;61;62;79;75;62;70;57;69;93;93;66;43;45;29;11
534;10922;St.Gallen Stadt Guisanstr. 40;26.09.2019;Donnerstag;1;8;2;2;1;2;7;38;86;84;70;60;67;63;100;71;58;87;81;87;57;29;30;21;14
535;10922;St.Gallen Stadt Guisanstr. 40;26.09.2019;Donnerstag;2;8;2;3;0;3;3;35;89;81;66;54;84;68;69;62;72;65;84;122;61;42;32;21;14
536;10922;St.Gallen Stadt Guisanstr. 40;27.09.2019;Freitag;1;6;3;2;4;3;6;48;95;89;68;47;76;70;67;78;82;85;78;63;39;22;25;21;19
537;10922;St.Gallen Stadt Guisanstr. 40;27.09.2019;Freitag;2;6;2;0;2;2;4;41;100;84;56;70;104;73;73;80;75;92;88;74;48;29;30;23;17
538;10922;St.Gallen Stadt Guisanstr. 40;28.09.2019;Samstag;1;6;0;1;1;2;6;16;14;38;51;49;58;72;46;76;66;58;70;42;39;18;15;11;15
539;10922;St.Gallen Stadt Guisanstr. 40;28.09.2019;Samstag;2;15;1;1;3;2;7;18;20;41;36;48;51;76;68;74;76;87;56;53;40;20;20;18;19
540;10922;St.Gallen Stadt Guisanstr. 40;29.09.2019;Sonntag;1;13;2;4;1;0;5;11;14;17;33;33;43;42;38;49;47;58;45;38;39;21;16;12;8
541;10922;St.Gallen Stadt Guisanstr. 40;29.09.2019;Sonntag;2;10;1;3;5;2;5;9;7;14;24;37;37;41;47;43;57;53;49;40;26;29;14;12;10
542;10922;St.Gallen Stadt Guisanstr. 40;30.09.2019;Montag;1;4;0;2;2;3;4;39;72;67;56;47;66;51;55;60;57;64;96;68;45;27;18;14;7
543;10922;St.Gallen Stadt Guisanstr. 40;30.09.2019;Montag;2;6;0;1;2;2;6;35;55;74;60;49;57;60;58;62;56;75;85;80;62;32;27;18;10
544;10922;St.Gallen Stadt Guisanstr. 40;01.10.2019;Dienstag;1;3;2;1;3;2;4;41;72;84;56;65;66;57;67;60;47;72;89;64;52;29;23;20;10
545;10922;St.Gallen Stadt Guisanstr. 40;01.10.2019;Dienstag;2;4;1;5;2;2;3;36;75;77;46;64;66;63;71;64;56;72;96;71;53;26;23;37;17
546;10922;St.Gallen Stadt Guisanstr. 40;02.10.2019;Mittwoch;1;4;3;1;2;3;5;33;72;76;59;51;59;60;60;51;54;64;72;51;56;29;27;21;6
547;10922;St.Gallen Stadt Guisanstr. 40;02.10.2019;Mittwoch;2;5;3;0;1;3;4;41;70;60;31;55;70;51;49;61;47;61;89;82;64;38;28;32;11
548;10922;St.Gallen Stadt Guisanstr. 40;03.10.2019;Donnerstag;1;4;3;1;2;5;3;30;70;65;51;55;112;121;85;76;63;72;84;61;44;23;22;14;11
549;10922;St.Gallen Stadt Guisanstr. 40;03.10.2019;Donnerstag;2;6;2;1;2;1;5;29;52;66;45;45;11;10;53;77;63;56;79;65;54;33;26;18;19
550;10922;St.Gallen Stadt Guisanstr. 40;04.10.2019;Freitag;1;8;0;3;1;5;6;37;62;70;70;56;80;64;50;68;82;75;69;44;54;34;27;17;14
551;10922;St.Gallen Stadt Guisanstr. 40;04.10.2019;Freitag;2;5;1;2;1;8;2;31;68;66;37;50;83;57;70;66;83;84;86;80;51;32;30;23;23
552;10922;St.Gallen Stadt Guisanstr. 40;05.10.2019;Samstag;1;8;2;1;1;2;4;9;28;24;39;67;42;46;47;56;40;54;47;37;22;16;14;18;8
553;10922;St.Gallen Stadt Guisanstr. 40;05.10.2019;Samstag;2;5;2;3;1;2;4;12;17;21;37;63;49;62;39;59;52;67;68;39;19;22;10;24;12
554;10922;St.Gallen Stadt Guisanstr. 40;06.10.2019;Sonntag;1;9;6;5;2;0;1;9;9;15;32;29;43;38;29;58;41;44;37;31;34;18;21;18;7
555;10922;St.Gallen Stadt Guisanstr. 40;06.10.2019;Sonntag;2;15;6;10;1;0;3;6;9;14;23;31;43;40;44;37;37;37;43;42;30;22;21;17;9
556;10922;St.Gallen Stadt Guisanstr. 40;07.10.2019;Montag;1;5;0;2;2;4;6;33;72;71;43;55;69;52;71;57;55;68;68;61;46;19;19;11;8
557;10922;St.Gallen Stadt Guisanstr. 40;07.10.2019;Montag;2;7;1;0;1;3;7;32;64;68;60;48;65;64;70;52;45;62;73;71;56;32;19;16;13
558;10922;St.Gallen Stadt Guisanstr. 40;08.10.2019;Dienstag;1;5;3;2;1;1;1;27;80;79;52;50;59;55;70;54;49;62;84;62;48;17;26;8;8
559;10922;St.Gallen Stadt Guisanstr. 40;08.10.2019;Dienstag;2;6;3;2;1;2;3;30;73;75;45;50;57;54;70;53;55;68;93;85;59;35;23;21;9
560;10922;St.Gallen Stadt Guisanstr. 40;09.10.2019;Mittwoch;1;6;2;2;1;1;4;30;55;72;51;62;59;59;54;65;56;59;62;58;57;30;15;25;9
561;10922;St.Gallen Stadt Guisanstr. 40;09.10.2019;Mittwoch;2;8;4;1;0;2;3;35;63;68;48;55;65;65;64;60;49;62;87;64;61;40;39;23;17
562;10922;St.Gallen Stadt Guisanstr. 40;10.10.2019;Donnerstag;1;9;3;0;1;2;3;28;62;60;55;68;64;51;67;58;52;63;83;54;36;26;24;12;10
563;10922;St.Gallen Stadt Guisanstr. 40;10.10.2019;Donnerstag;2;8;6;1;3;0;3;24;63;69;50;44;76;55;61;73;69;45;78;68;39;40;30;18;12
564;10922;St.Gallen Stadt Guisanstr. 40;11.10.2019;Freitag;1;8;3;0;4;3;6;32;61;55;45;49;63;62;71;63;50;71;63;45;42;16;22;12;13
565;10922;St.Gallen Stadt Guisanstr. 40;11.10.2019;Freitag;2;10;2;1;3;3;2;28;56;64;42;65;62;71;70;59;62;59;61;57;44;24;26;14;14
566;10922;St.Gallen Stadt Guisanstr. 40;12.10.2019;Samstag;1;9;3;2;1;3;2;13;13;37;52;53;48;35;42;50;49;55;53;53;25;18;13;11;10
567;10922;St.Gallen Stadt Guisanstr. 40;12.10.2019;Samstag;2;7;3;3;1;2;4;18;17;33;44;43;51;52;46;35;45;51;33;40;28;27;14;14;11
568;10922;St.Gallen Stadt Guisanstr. 40;13.10.2019;Sonntag;1;8;1;1;3;2;2;10;9;24;26;32;41;51;42;43;65;53;55;39;27;18;21;8;9
569;10922;St.Gallen Stadt Guisanstr. 40;13.10.2019;Sonntag;2;10;2;2;4;1;2;7;8;19;38;34;51;38;36;49;47;51;50;40;31;28;19;16;10
570;10922;St.Gallen Stadt Guisanstr. 40;14.10.2019;Montag;1;4;2;2;0;1;5;32;70;82;61;47;73;71;78;73;58;66;92;56;47;23;23;11;10
571;10922;St.Gallen Stadt Guisanstr. 40;14.10.2019;Montag;2;6;2;0;1;2;7;28;44;55;58;55;77;93;65;70;68;72;81;70;66;34;31;14;9
572;10922;St.Gallen Stadt Guisanstr. 40;15.10.2019;Dienstag;1;6;2;1;1;4;3;35;88;86;70;58;54;59;82;53;69;58;93;62;43;19;15;15;9
573;10922;St.Gallen Stadt Guisanstr. 40;15.10.2019;Dienstag;2;8;4;0;1;6;3;24;59;75;47;47;64;68;56;65;65;50;86;84;62;32;23;22;12
574;10922;St.Gallen Stadt Guisanstr. 40;16.10.2019;Mittwoch;1;4;2;1;1;4;5;37;71;70;63;60;69;60;77;71;69;74;106;67;54;30;21;24;13
575;10922;St.Gallen Stadt Guisanstr. 40;16.10.2019;Mittwoch;2;6;0;0;1;4;3;27;61;64;68;61;80;57;64;66;59;88;79;100;60;38;33;21;9
576;10922;St.Gallen Stadt Guisanstr. 40;17.10.2019;Donnerstag;1;3;4;1;1;3;5;37;81;84;70;62;53;74;68;80;75;77;85;53;51;31;25;15;10
577;10922;St.Gallen Stadt Guisanstr. 40;17.10.2019;Donnerstag;2;3;2;1;0;5;5;29;65;65;51;50;59;59;72;62;75;81;68;84;65;38;35;28;13
578;10922;St.Gallen Stadt Guisanstr. 40;18.10.2019;Freitag;1;8;1;3;4;4;6;33;67;83;63;62;72;61;68;78;59;69;69;60;29;21;19;14;15
579;10922;St.Gallen Stadt Guisanstr. 40;18.10.2019;Freitag;2;10;1;3;1;4;5;22;75;62;57;53;76;84;68;72;67;79;74;65;37;27;25;10;22
580;10922;St.Gallen Stadt Guisanstr. 40;19.10.2019;Samstag;1;7;3;1;0;3;3;11;13;35;53;62;54;40;55;46;70;59;48;30;29;14;16;23;15
581;10922;St.Gallen Stadt Guisanstr. 40;19.10.2019;Samstag;2;9;7;2;2;1;4;14;10;29;46;41;58;64;55;48;65;45;68;37;30;17;22;14;17
582;10922;St.Gallen Stadt Guisanstr. 40;20.10.2019;Sonntag;1;14;5;2;1;1;2;13;7;16;29;36;49;46;59;46;84;84;50;44;45;28;15;20;6
583;10922;St.Gallen Stadt Guisanstr. 40;20.10.2019;Sonntag;2;9;7;3;2;0;1;4;6;14;27;35;48;47;49;61;58;54;37;57;40;35;16;19;10
584;10922;St.Gallen Stadt Guisanstr. 40;21.10.2019;Montag;1;4;3;0;2;4;5;45;93;95;61;65;73;56;90;77;62;71;99;94;58;30;21;11;11
585;10922;St.Gallen Stadt Guisanstr. 40;21.10.2019;Montag;2;4;1;1;0;2;5;36;80;105;68;52;84;70;80;66;57;83;111;103;60;40;27;20;15
586;10922;St.Gallen Stadt Guisanstr. 40;22.10.2019;Dienstag;1;4;2;2;1;2;5;44;100;86;81;65;72;53;88;79;81;70;98;90;51;33;30;14;13
587;10922;St.Gallen Stadt Guisanstr. 40;22.10.2019;Dienstag;2;5;2;2;1;3;3;28;74;110;54;59;91;64;94;69;69;91;111;92;72;40;34;24;17
588;10922;St.Gallen Stadt Guisanstr. 40;23.10.2019;Mittwoch;1;6;1;2;1;4;3;44;97;92;69;67;67;62;108;85;67;92;111;84;72;32;32;16;6
589;10922;St.Gallen Stadt Guisanstr. 40;23.10.2019;Mittwoch;2;8;1;1;0;4;3;32;75;84;48;69;75;68;92;84;66;103;104;101;80;33;50;27;8
590;10922;St.Gallen Stadt Guisanstr. 40;24.10.2019;Donnerstag;1;5;3;1;1;5;4;48;91;103;79;79;73;66;79;80;72;82;80;72;49;20;28;24;15
591;10922;St.Gallen Stadt Guisanstr. 40;24.10.2019;Donnerstag;2;10;2;2;0;5;6;33;82;80;70;80;76;85;87;69;88;75;100;104;54;33;39;26;15
592;10922;St.Gallen Stadt Guisanstr. 40;25.10.2019;Freitag;1;8;0;0;3;4;4;34;89;89;63;60;69;57;67;65;67;82;87;77;54;15;19;20;15
593;10922;St.Gallen Stadt Guisanstr. 40;25.10.2019;Freitag;2;6;2;1;2;4;4;33;95;64;50;57;92;67;74;79;65;84;94;98;49;19;27;22;25
594;10922;St.Gallen Stadt Guisanstr. 40;26.10.2019;Samstag;1;9;5;1;2;2;6;12;28;55;59;62;57;51;53;54;73;63;82;54;26;24;22;16;22
595;10922;St.Gallen Stadt Guisanstr. 40;26.10.2019;Samstag;2;14;11;1;3;2;6;9;33;48;61;47;66;57;56;64;60;58;72;66;28;33;19;22;20
596;10922;St.Gallen Stadt Guisanstr. 40;27.10.2019;Sonntag;1;15;21;8;5;3;3;9;16;39;37;51;57;54;56;68;60;53;53;34;33;20;18;11;9
597;10922;St.Gallen Stadt Guisanstr. 40;27.10.2019;Sonntag;2;19;29;13;8;6;2;8;7;20;36;42;51;41;46;59;55;46;41;57;35;18;27;11;7
598;10922;St.Gallen Stadt Guisanstr. 40;28.10.2019;Montag;1;5;2;2;2;3;5;35;104;84;54;59;68;47;66;59;50;80;97;69;42;24;17;11;6
599;10922;St.Gallen Stadt Guisanstr. 40;28.10.2019;Montag;2;6;2;2;0;3;4;38;96;81;66;53;87;66;69;55;55;78;108;87;66;37;30;18;12
600;10922;St.Gallen Stadt Guisanstr. 40;29.10.2019;Dienstag;1;7;1;2;1;0;7;42;84;89;58;69;64;40;78;58;62;77;92;83;38;30;17;21;13
601;10922;St.Gallen Stadt Guisanstr. 40;29.10.2019;Dienstag;2;5;2;2;0;2;3;29;99;83;62;61;66;56;71;52;78;78;97;107;66;23;26;28;16
602;10922;St.Gallen Stadt Guisanstr. 40;30.10.2019;Mittwoch;1;8;1;2;1;1;9;41;94;81;74;62;77;55;69;90;82;92;88;65;41;26;22;16;11
603;10922;St.Gallen Stadt Guisanstr. 40;30.10.2019;Mittwoch;2;7;3;1;0;4;5;37;78;79;41;53;82;75;80;110;79;113;115;103;56;47;24;24;12
604;10922;St.Gallen Stadt Guisanstr. 40;31.10.2019;Donnerstag;1;4;2;1;1;0;4;45;81;77;66;50;72;50;92;45;59;91;99;69;50;25;20;15;11
605;10922;St.Gallen Stadt Guisanstr. 40;31.10.2019;Donnerstag;2;6;1;1;0;1;7;33;77;82;49;66;76;66;67;65;71;86;96;102;61;30;24;15;13
606;10922;St.Gallen Stadt Guisanstr. 40;01.11.2019;Freitag;1;6;4;3;1;4;3;18;24;28;27;36;28;52;40;43;68;46;39;30;27;13;15;13;12
607;10922;St.Gallen Stadt Guisanstr. 40;01.11.2019;Freitag;2;8;3;3;1;6;3;8;14;27;28;43;37;44;47;42;53;57;58;40;40;15;18;14;17
608;10922;St.Gallen Stadt Guisanstr. 40;02.11.2019;Samstag;1;8;2;0;1;0;1;15;23;30;42;64;44;51;49;59;39;54;69;32;16;18;21;12;18
609;10922;St.Gallen Stadt Guisanstr. 40;02.11.2019;Samstag;2;11;1;0;0;2;3;10;12;28;41;53;66;55;49;54;55;63;51;33;26;22;30;26;22
610;10922;St.Gallen Stadt Guisanstr. 40;03.11.2019;Sonntag;1;10;4;4;2;0;0;9;11;20;26;35;48;46;48;44;51;42;46;27;33;21;16;9;5
611;10922;St.Gallen Stadt Guisanstr. 40;03.11.2019;Sonntag;2;16;7;5;4;2;0;5;11;15;27;44;41;51;43;51;53;59;48;33;39;28;15;12;6
612;10922;St.Gallen Stadt Guisanstr. 40;04.11.2019;Montag;1;8;0;1;1;3;6;41;95;84;52;55;54;55;87;62;59;83;103;70;47;15;24;14;6
613;10922;St.Gallen Stadt Guisanstr. 40;04.11.2019;Montag;2;5;0;2;0;4;4;32;83;85;48;56;67;62;56;75;66;95;108;77;61;35;32;19;8
614;10922;St.Gallen Stadt Guisanstr. 40;05.11.2019;Dienstag;1;5;2;0;2;4;5;38;99;83;71;57;79;69;80;70;67;68;84;76;49;29;46;16;11
615;10922;St.Gallen Stadt Guisanstr. 40;05.11.2019;Dienstag;2;5;0;0;2;3;5;26;90;89;67;59;69;68;70;64;65;65;124;97;54;44;39;28;18
616;10922;St.Gallen Stadt Guisanstr. 40;06.11.2019;Mittwoch;1;2;1;2;2;3;2;41;87;105;81;54;73;60;79;106;106;89;108;58;55;25;43;19;15
617;10922;St.Gallen Stadt Guisanstr. 40;06.11.2019;Mittwoch;2;3;4;1;1;3;4;26;96;107;64;65;83;78;92;114;105;108;115;100;61;35;37;32;18
618;10922;St.Gallen Stadt Guisanstr. 40;07.11.2019;Donnerstag;1;8;0;1;3;3;9;32;94;82;60;67;75;53;66;71;59;92;102;69;39;26;25;21;10
619;10922;St.Gallen Stadt Guisanstr. 40;07.11.2019;Donnerstag;2;6;0;0;0;3;5;27;90;77;58;66;94;78;73;63;75;71;108;84;47;43;40;35;18
620;10922;St.Gallen Stadt Guisanstr. 40;08.11.2019;Freitag;1;4;1;0;1;4;5;41;74;73;61;47;61;52;81;75;56;76;81;63;44;31;25;20;17
621;10922;St.Gallen Stadt Guisanstr. 40;08.11.2019;Freitag;2;7;0;0;1;2;5;28;97;78;60;55;87;57;75;55;68;76;99;85;48;29;24;31;22
622;10922;St.Gallen Stadt Guisanstr. 40;09.11.2019;Samstag;1;7;6;2;4;0;5;12;25;36;48;54;53;65;53;49;49;72;50;47;23;17;19;13;18
623;10922;St.Gallen Stadt Guisanstr. 40;09.11.2019;Samstag;2;10;9;2;5;1;5;9;24;34;42;53;62;64;59;55;58;84;54;43;23;23;28;18;25
624;10922;St.Gallen Stadt Guisanstr. 40;10.11.2019;Sonntag;1;6;5;1;3;1;2;6;13;17;32;35;50;44;57;55;60;40;15;26;23;29;23;12;9
625;10922;St.Gallen Stadt Guisanstr. 40;10.11.2019;Sonntag;2;16;11;4;8;1;0;6;8;19;19;42;47;49;56;62;58;71;74;34;30;28;25;13;7
626;10922;St.Gallen Stadt Guisanstr. 40;11.11.2019;Montag;1;5;2;2;2;4;10;44;89;97;57;36;67;62;80;66;70;73;88;81;56;24;21;23;5
627;10922;St.Gallen Stadt Guisanstr. 40;11.11.2019;Montag;2;5;0;1;2;2;5;39;71;90;66;63;70;93;80;81;53;75;81;86;91;35;33;25;9
628;10922;St.Gallen Stadt Guisanstr. 40;12.11.2019;Dienstag;1;4;2;0;1;0;9;43;90;98;60;63;61;52;75;70;74;103;109;85;51;37;20;21;10
629;10922;St.Gallen Stadt Guisanstr. 40;12.11.2019;Dienstag;2;3;1;0;1;3;4;34;88;75;50;58;79;66;70;71;68;88;104;106;58;34;36;27;11
630;10922;St.Gallen Stadt Guisanstr. 40;13.11.2019;Mittwoch;1;7;2;1;2;2;8;45;102;91;67;57;74;64;90;106;107;97;100;99;51;31;26;14;11
631;10922;St.Gallen Stadt Guisanstr. 40;13.11.2019;Mittwoch;2;11;3;0;1;2;5;43;90;83;49;63;77;76;66;125;88;107;96;106;50;36;37;28;18
632;10922;St.Gallen Stadt Guisanstr. 40;14.11.2019;Donnerstag;1;5;2;2;1;1;6;41;94;98;59;62;81;66;87;70;77;78;103;80;61;25;25;19;16
633;10922;St.Gallen Stadt Guisanstr. 40;14.11.2019;Donnerstag;2;6;0;1;1;4;5;28;92;86;61;70;91;79;70;74;82;74;108;93;59;48;35;28;22
634;10922;St.Gallen Stadt Guisanstr. 40;15.11.2019;Freitag;1;6;3;0;2;3;6;36;94;87;57;62;78;61;93;81;71;77;79;67;52;21;20;17;23
635;10922;St.Gallen Stadt Guisanstr. 40;15.11.2019;Freitag;2;6;5;0;1;3;6;31;96;77;49;64;68;77;81;58;55;87;79;87;48;34;34;20;31
636;10922;St.Gallen Stadt Guisanstr. 40;16.11.2019;Samstag;1;9;4;2;0;2;3;11;29;32;58;57;50;61;63;53;72;60;39;43;23;28;19;23;13
637;10922;St.Gallen Stadt Guisanstr. 40;16.11.2019;Samstag;2;12;6;5;0;2;6;13;16;37;51;43;68;71;56;50;49;55;57;39;26;21;25;22;19
638;10922;St.Gallen Stadt Guisanstr. 40;17.11.2019;Sonntag;1;15;6;4;2;2;1;9;12;17;23;27;37;36;37;30;44;60;41;40;36;27;10;15;9
639;10922;St.Gallen Stadt Guisanstr. 40;17.11.2019;Sonntag;2;18;9;6;6;3;0;6;5;14;27;38;44;40;41;58;36;66;51;36;41;15;13;16;9
640;10922;St.Gallen Stadt Guisanstr. 40;18.11.2019;Montag;1;5;4;1;1;3;4;37;81;84;51;56;55;67;79;68;63;77;78;74;61;30;23;14;9
641;10922;St.Gallen Stadt Guisanstr. 40;18.11.2019;Montag;2;5;1;1;0;3;5;33;75;82;65;60;73;89;77;70;63;82;94;92;59;50;30;27;15
642;10922;St.Gallen Stadt Guisanstr. 40;19.11.2019;Dienstag;1;5;1;0;2;3;7;44;100;81;69;48;74;42;94;69;65;82;115;80;46;35;30;20;14
643;10922;St.Gallen Stadt Guisanstr. 40;19.11.2019;Dienstag;2;6;2;2;1;4;6;28;88;100;70;59;73;64;72;68;71;96;105;91;66;37;33;36;20
644;10922;St.Gallen Stadt Guisanstr. 40;20.11.2019;Mittwoch;1;7;0;0;1;4;6;51;90;97;58;55;87;48;84;92;99;94;104;89;65;35;30;23;8
645;10922;St.Gallen Stadt Guisanstr. 40;20.11.2019;Mittwoch;2;8;0;1;1;3;5;31;98;86;66;60;95;79;81;122;100;95;102;113;60;50;47;20;16
646;10922;St.Gallen Stadt Guisanstr. 40;21.11.2019;Donnerstag;1;6;2;1;1;5;8;47;72;88;68;78;63;49;67;69;52;81;91;77;53;31;36;27;16
647;10922;St.Gallen Stadt Guisanstr. 40;21.11.2019;Donnerstag;2;6;2;0;2;5;5;31;97;93;61;68;78;80;74;77;65;71;107;107;56;43;35;32;18
648;10922;St.Gallen Stadt Guisanstr. 40;22.11.2019;Freitag;1;7;0;2;2;3;6;44;96;96;68;56;81;59;73;81;62;95;78;75;35;23;26;20;16
649;10922;St.Gallen Stadt Guisanstr. 40;22.11.2019;Freitag;2;9;0;3;0;4;5;39;94;88;56;58;86;79;69;68;71;78;81;101;49;30;31;34;17
650;10922;St.Gallen Stadt Guisanstr. 40;23.11.2019;Samstag;1;9;7;2;3;3;6;11;27;46;59;71;44;65;58;50;62;56;66;42;37;20;19;21;16
651;10922;St.Gallen Stadt Guisanstr. 40;23.11.2019;Samstag;2;9;7;2;2;1;5;9;27;35;46;53;61;67;54;63;57;64;53;49;35;26;23;22;18
652;10922;St.Gallen Stadt Guisanstr. 40;24.11.2019;Sonntag;1;12;8;1;1;3;2;7;11;28;29;37;58;47;61;61;72;51;42;36;34;25;19;15;11
653;10922;St.Gallen Stadt Guisanstr. 40;24.11.2019;Sonntag;2;16;10;2;3;3;2;2;11;15;26;48;39;44;38;58;52;53;33;55;34;18;20;12;12
654;10922;St.Gallen Stadt Guisanstr. 40;25.11.2019;Montag;1;5;1;1;2;2;6;41;88;85;47;50;71;78;81;83;58;92;85;72;49;26;18;18;13
655;10922;St.Gallen Stadt Guisanstr. 40;25.11.2019;Montag;2;6;0;1;1;2;3;34;86;95;62;56;81;82;76;84;72;85;98;80;66;41;22;20;16
656;10922;St.Gallen Stadt Guisanstr. 40;26.11.2019;Dienstag;1;4;2;0;2;3;4;44;102;94;72;69;69;59;89;69;56;85;100;59;56;36;17;25;10
657;10922;St.Gallen Stadt Guisanstr. 40;26.11.2019;Dienstag;2;9;0;1;0;2;5;37;95;77;63;63;81;59;81;63;61;85;106;91;57;36;38;31;10
658;10922;St.Gallen Stadt Guisanstr. 40;27.11.2019;Mittwoch;1;5;2;0;1;2;8;41;90;81;60;61;62;65;90;79;70;89;99;78;37;26;19;13;13
659;10922;St.Gallen Stadt Guisanstr. 40;27.11.2019;Mittwoch;2;12;2;0;0;2;6;32;90;91;49;49;85;81;71;83;72;80;102;90;51;36;27;32;16
660;10922;St.Gallen Stadt Guisanstr. 40;28.11.2019;Donnerstag;1;7;3;1;1;2;5;41;105;79;53;60;59;54;75;60;89;87;93;70;56;27;20;19;11
661;10922;St.Gallen Stadt Guisanstr. 40;28.11.2019;Donnerstag;2;11;2;1;0;2;4;37;99;97;61;57;70;69;74;64;65;76;124;99;57;40;37;29;21
662;10922;St.Gallen Stadt Guisanstr. 40;29.11.2019;Freitag;1;11;0;2;2;1;8;44;91;84;58;44;79;68;80;69;73;70;77;75;45;24;26;29;14
663;10922;St.Gallen Stadt Guisanstr. 40;29.11.2019;Freitag;2;13;0;1;0;3;5;35;87;72;60;68;98;72;79;75;80;89;111;91;37;25;34;35;23
664;10922;St.Gallen Stadt Guisanstr. 40;30.11.2019;Samstag;1;14;8;3;1;2;3;16;20;42;55;61;53;47;65;48;50;59;56;38;33;16;15;16;13
665;10922;St.Gallen Stadt Guisanstr. 40;30.11.2019;Samstag;2;21;8;3;2;4;7;15;25;42;48;55;60;64;51;64;62;52;56;44;27;21;32;31;14
666;10922;St.Gallen Stadt Guisanstr. 40;01.12.2019;Sonntag;1;10;4;7;3;1;1;10;13;21;30;46;44;29;52;51;41;44;34;39;37;31;20;14;11
667;10922;St.Gallen Stadt Guisanstr. 40;01.12.2019;Sonntag;2;18;7;10;4;0;0;5;11;14;32;44;40;41;42;48;47;63;57;29;35;38;22;14;9
668;10922;St.Gallen Stadt Guisanstr. 40;02.12.2019;Montag;1;5;2;1;3;5;8;40;88;88;51;58;68;65;67;60;56;77;79;68;57;28;15;14;10
669;10922;St.Gallen Stadt Guisanstr. 40;02.12.2019;Montag;2;6;1;1;2;4;4;31;89;76;53;81;74;68;70;65;49;65;105;86;67;45;22;26;17
670;10922;St.Gallen Stadt Guisanstr. 40;03.12.2019;Dienstag;1;4;1;2;3;4;5;35;93;86;66;72;57;62;80;63;67;78;103;75;49;31;21;19;9
671;10922;St.Gallen Stadt Guisanstr. 40;03.12.2019;Dienstag;2;6;1;1;2;5;5;27;101;74;62;66;68;82;76;60;76;92;107;87;53;38;31;30;19
672;10922;St.Gallen Stadt Guisanstr. 40;04.12.2019;Mittwoch;1;6;1;2;1;3;11;40;79;64;58;61;66;63;80;61;53;72;78;81;51;31;22;27;13
673;10922;St.Gallen Stadt Guisanstr. 40;04.12.2019;Mittwoch;2;8;4;2;0;3;6;39;95;64;56;53;84;84;88;70;69;77;96;95;46;51;33;31;18
674;10922;St.Gallen Stadt Guisanstr. 40;05.12.2019;Donnerstag;1;8;3;2;1;3;4;33;88;88;56;57;59;56;65;59;64;71;83;81;40;24;13;19;19
675;10922;St.Gallen Stadt Guisanstr. 40;05.12.2019;Donnerstag;2;6;3;1;3;2;3;27;84;73;50;48;67;75;71;63;67;80;116;113;48;31;27;38;24
676;10922;St.Gallen Stadt Guisanstr. 40;06.12.2019;Freitag;1;5;0;1;3;3;11;39;81;85;64;61;81;71;81;73;75;78;82;56;41;28;17;18;16
677;10922;St.Gallen Stadt Guisanstr. 40;06.12.2019;Freitag;2;7;3;1;0;2;7;31;88;70;59;64;95;71;83;83;73;80;104;64;43;38;29;13;17
678;10922;St.Gallen Stadt Guisanstr. 40;07.12.2019;Samstag;1;14;2;2;1;0;5;13;28;46;64;53;57;39;50;51;54;46;46;50;27;30;14;27;18
679;10922;St.Gallen Stadt Guisanstr. 40;07.12.2019;Samstag;2;16;5;5;1;0;4;15;27;39;40;41;62;61;63;58;62;49;53;47;36;29;19;22;18
680;10922;St.Gallen Stadt Guisanstr. 40;08.12.2019;Sonntag;1;10;6;4;0;1;1;9;13;17;24;40;45;44;60;44;57;51;37;24;32;26;17;16;6
681;10922;St.Gallen Stadt Guisanstr. 40;08.12.2019;Sonntag;2;14;8;2;1;1;0;5;9;14;25;37;43;40;51;48;48;56;46;29;43;23;18;17;10
682;10922;St.Gallen Stadt Guisanstr. 40;09.12.2019;Montag;1;4;0;2;1;4;5;38;84;93;59;58;24;63;77;60;46;68;96;98;48;30;32;15;8
683;10922;St.Gallen Stadt Guisanstr. 40;09.12.2019;Montag;2;5;1;2;0;5;8;32;79;77;59;47;32;77;88;56;62;76;127;112;66;54;44;42;13
684;10922;St.Gallen Stadt Guisanstr. 40;10.12.2019;Dienstag;1;3;1;0;3;2;9;39;104;83;51;81;72;57;69;49;54;84;74;57;42;29;20;15;6
685;10922;St.Gallen Stadt Guisanstr. 40;10.12.2019;Dienstag;2;6;0;2;3;3;8;35;87;72;54;51;73;62;67;57;58;78;110;86;47;46;29;21;11
686;10922;St.Gallen Stadt Guisanstr. 40;11.12.2019;Mittwoch;1;7;2;2;1;4;9;48;88;103;65;49;78;64;75;57;65;81;81;79;46;30;21;23;15
687;10922;St.Gallen Stadt Guisanstr. 40;11.12.2019;Mittwoch;2;8;4;2;1;4;7;48;77;69;38;55;83;86;78;59;71;74;103;95;73;44;31;31;22
688;10922;St.Gallen Stadt Guisanstr. 40;12.12.2019;Donnerstag;1;10;2;0;1;2;8;36;76;80;49;66;72;50;70;53;64;70;109;68;41;22;24;20;11
689;10922;St.Gallen Stadt Guisanstr. 40;12.12.2019;Donnerstag;2;8;0;3;2;3;6;36;77;74;59;46;74;71;69;65;59;84;125;81;52;31;35;26;20
690;10922;St.Gallen Stadt Guisanstr. 40;13.12.2019;Freitag;1;6;4;1;2;0;8;40;83;75;51;43;69;58;63;77;67;70;76;56;37;25;20;27;15
691;10922;St.Gallen Stadt Guisanstr. 40;13.12.2019;Freitag;2;5;2;0;0;3;5;29;81;74;53;51;68;85;83;75;75;74;87;83;43;35;24;21;18
692;10922;St.Gallen Stadt Guisanstr. 40;14.12.2019;Samstag;1;6;5;5;0;1;5;22;25;34;67;47;54;37;48;49;43;38;47;47;27;31;21;24;13
693;10922;St.Gallen Stadt Guisanstr. 40;14.12.2019;Samstag;2;21;8;3;3;0;4;21;24;38;52;45;57;56;55;61;59;60;69;54;20;28;25;22;28
694;10922;St.Gallen Stadt Guisanstr. 40;15.12.2019;Sonntag;1;12;3;3;3;0;1;11;13;17;21;36;60;43;47;46;43;52;37;27;26;15;22;11;8
695;10922;St.Gallen Stadt Guisanstr. 40;15.12.2019;Sonntag;2;19;5;2;3;0;0;7;10;16;30;54;46;44;55;49;46;52;57;31;29;19;22;9;6
696;10922;St.Gallen Stadt Guisanstr. 40;16.12.2019;Montag;1;4;1;0;2;2;5;42;84;81;56;58;77;59;68;72;64;87;75;69;77;26;26;16;7
697;10922;St.Gallen Stadt Guisanstr. 40;16.12.2019;Montag;2;4;1;0;0;2;5;35;72;72;50;48;84;85;72;78;66;86;123;86;70;35;29;25;11
698;10922;St.Gallen Stadt Guisanstr. 40;17.12.2019;Dienstag;1;6;3;0;1;2;6;44;93;88;74;70;81;66;80;71;71;78;83;72;44;21;18;13;11
699;10922;St.Gallen Stadt Guisanstr. 40;17.12.2019;Dienstag;2;8;3;0;0;2;4;35;80;73;62;53;85;59;88;53;72;84;98;89;52;51;29;26;12
700;10922;St.Gallen Stadt Guisanstr. 40;18.12.2019;Mittwoch;1;7;2;3;1;5;6;42;81;82;53;55;81;55;63;71;71;71;69;70;40;24;26;16;13
701;10922;St.Gallen Stadt Guisanstr. 40;18.12.2019;Mittwoch;2;10;2;2;0;4;5;36;96;127;80;99;116;113;134;132;112;111;127;118;78;58;49;36;24
702;10922;St.Gallen Stadt Guisanstr. 40;19.12.2019;Donnerstag;1;8;1;1;2;3;5;32;90;84;66;66;69;48;88;70;82;63;89;78;28;25;18;14;15
703;10922;St.Gallen Stadt Guisanstr. 40;19.12.2019;Donnerstag;2;16;1;2;2;7;6;49;134;136;98;93;122;105;110;117;129;115;161;133;68;44;34;28;22
704;10922;St.Gallen Stadt Guisanstr. 40;20.12.2019;Freitag;1;7;3;1;2;3;12;33;87;87;59;59;78;57;77;70;60;84;71;46;37;24;15;18;16
705;10922;St.Gallen Stadt Guisanstr. 40;20.12.2019;Freitag;2;14;5;4;5;4;16;49;133;106;89;105;136;87;123;121;108;120;130;100;68;43;30;33;36
706;10922;St.Gallen Stadt Guisanstr. 40;21.12.2019;Samstag;1;9;6;5;1;1;4;10;18;25;38;63;45;36;43;46;35;41;37;24;22;9;19;10;11
707;10922;St.Gallen Stadt Guisanstr. 40;21.12.2019;Samstag;2;19;18;9;1;3;8;18;38;40;71;94;91;80;68;81;77;62;68;46;36;25;33;17;20
708;10922;St.Gallen Stadt Guisanstr. 40;22.12.2019;Sonntag;1;8;2;2;1;1;1;4;8;15;22;33;44;33;39;36;42;42;30;23;23;18;21;12;8
709;10922;St.Gallen Stadt Guisanstr. 40;22.12.2019;Sonntag;2;16;8;5;5;1;3;7;15;20;35;61;76;62;69;80;70;92;64;57;49;37;30;27;17
710;10922;St.Gallen Stadt Guisanstr. 40;23.12.2019;Montag;1;5;1;0;3;1;5;27;38;40;50;47;67;47;61;53;63;64;47;34;20;24;17;14;13
711;10922;St.Gallen Stadt Guisanstr. 40;23.12.2019;Montag;2;6;2;1;3;2;11;39;70;80;72;82;108;91;105;93;103;110;92;84;56;42;34;25;21
712;10922;St.Gallen Stadt Guisanstr. 40;24.12.2019;Dienstag;1;5;2;1;1;0;6;19;29;46;50;49;56;52;54;47;47;51;54;33;11;15;19;31;31
713;10922;St.Gallen Stadt Guisanstr. 40;24.12.2019;Dienstag;2;10;2;4;3;1;10;28;50;63;80;71;101;96;93;92;95;91;90;54;30;20;31;57;47
714;10922;St.Gallen Stadt Guisanstr. 40;25.12.2019;Mittwoch;1;14;4;4;0;1;1;7;6;13;16;16;33;36;45;36;36;51;23;20;16;22;19;24;20
715;10922;St.Gallen Stadt Guisanstr. 40;25.12.2019;Mittwoch;2;31;10;7;2;1;1;11;13;20;28;34;62;63;65;68;63;104;56;33;28;34;33;40;38
716;10922;St.Gallen Stadt Guisanstr. 40;26.12.2019;Donnerstag;1;5;4;2;0;2;0;8;9;15;18;30;30;49;42;30;49;47;28;24;23;18;8;15;7
717;10922;St.Gallen Stadt Guisanstr. 40;26.12.2019;Donnerstag;2;10;5;3;0;2;0;8;11;26;27;42;58;69;67;48;65;71;60;40;49;30;25;32;16
718;10922;St.Gallen Stadt Guisanstr. 40;27.12.2019;Freitag;1;7;2;1;2;1;3;13;24;42;29;41;50;33;50;42;38;37;40;45;18;14;16;9;8
719;10922;St.Gallen Stadt Guisanstr. 40;27.12.2019;Freitag;2;14;2;4;2;2;8;24;39;64;50;57;74;75;84;76;69;74;86;71;39;23;31;26;14
720;10922;St.Gallen Stadt Guisanstr. 40;28.12.2019;Samstag;1;8;5;3;2;1;4;5;8;19;41;42;33;31;38;37;33;44;22;21;23;22;11;15;12
721;10922;St.Gallen Stadt Guisanstr. 40;28.12.2019;Samstag;2;13;15;5;1;2;9;8;14;34;64;56;50;51;55;71;69;72;50;47;34;36;16;30;28
722;10922;St.Gallen Stadt Guisanstr. 40;29.12.2019;Sonntag;1;8;0;2;2;0;3;5;9;13;19;24;27;42;27;26;36;45;24;21;19;15;12;12;6
723;10922;St.Gallen Stadt Guisanstr. 40;29.12.2019;Sonntag;2;12;4;4;3;2;3;9;15;26;28;44;59;56;54;41;57;70;53;41;36;26;20;26;9
724;10922;St.Gallen Stadt Guisanstr. 40;30.12.2019;Montag;1;4;0;2;0;2;6;23;30;32;26;37;37;45;45;58;50;67;32;31;30;13;15;13;11
725;10922;St.Gallen Stadt Guisanstr. 40;30.12.2019;Montag;2;6;3;2;1;4;7;31;47;51;46;59;59;75;71;82;82;87;76;62;51;34;24;21;16
726;10922;St.Gallen Stadt Guisanstr. 40;31.12.2019;Dienstag;1;3;1;3;1;0;5;19;23;29;43;40;50;42;50;58;41;34;34;35;18;8;11;8;9
727;10922;St.Gallen Stadt Guisanstr. 40;31.12.2019;Dienstag;2;7;1;4;1;1;8;31;35;52;71;65;85;79;69;87;76;62;62;70;35;12;18;14;13
