LNR;ORT-ID;BEZEICHNUNG;DATUM;WOCHENTAG;RI;1;2;3;4;5;6;7;8;9;10;11;12;13;14;15;16;17;18;19;20;21;22;23;24
0;10999;St.Gallen Stadt Lukasstr. 30;01.01.2019;Dienstag;1;50;85;65;26;17;15;37;40;45;38;64;76;100;105;104;131;153;99;81;60;55;46;24;24
1;10999;St.Gallen Stadt Lukasstr. 30;01.01.2019;Dienstag;2;42;69;62;23;31;10;25;13;15;25;48;73;77;117;145;141;145;171;86;98;71;49;34;28
2;10999;St.Gallen Stadt Lukasstr. 30;02.01.2019;Mittwoch;1;14;12;8;6;7;15;78;92;116;124;178;197;162;192;218;190;215;181;123;78;65;36;43;32
3;10999;St.Gallen Stadt Lukasstr. 30;02.01.2019;Mittwoch;2;12;13;9;8;12;18;67;110;94;101;141;172;163;194;186;197;210;200;136;109;92;60;38;24
4;10999;St.Gallen Stadt Lukasstr. 30;03.01.2019;Donnerstag;1;9;6;4;4;13;41;127;180;144;177;204;233;166;219;219;219;239;225;173;96;65;49;42;26
5;10999;St.Gallen Stadt Lukasstr. 30;03.01.2019;Donnerstag;2;14;6;9;5;14;30;105;171;133;138;170;190;164;221;229;214;236;242;171;112;98;81;69;40
6;10999;St.Gallen Stadt Lukasstr. 30;04.01.2019;Freitag;1;14;10;12;5;14;29;114;176;167;184;203;209;179;212;252;227;273;246;185;105;70;61;51;41
7;10999;St.Gallen Stadt Lukasstr. 30;04.01.2019;Freitag;2;16;9;10;7;15;23;108;165;153;153;176;186;188;233;234;245;292;249;179;135;74;69;59;57
8;10999;St.Gallen Stadt Lukasstr. 30;05.01.2019;Samstag;1;37;17;20;10;11;23;45;54;113;140;163;150;148;167;147;136;163;114;95;58;47;58;45;34
9;10999;St.Gallen Stadt Lukasstr. 30;05.01.2019;Samstag;2;39;17;18;17;9;18;37;31;77;131;138;181;145;156;162;164;170;154;128;78;60;63;41;52
10;10999;St.Gallen Stadt Lukasstr. 30;06.01.2019;Sonntag;1;35;24;23;17;14;12;25;32;61;75;90;128;95;122;115;103;136;134;90;77;78;59;39;18
11;10999;St.Gallen Stadt Lukasstr. 30;06.01.2019;Sonntag;2;32;27;22;13;22;14;32;30;52;51;76;120;95;109;156;157;177;130;118;108;84;79;38;29
12;10999;St.Gallen Stadt Lukasstr. 30;07.01.2019;Montag;1;7;7;7;12;26;56;210;287;224;191;205;250;195;241;217;219;265;307;176;108;81;53;63;16
13;10999;St.Gallen Stadt Lukasstr. 30;07.01.2019;Montag;2;8;7;8;14;21;53;191;294;233;155;165;212;204;215;206;197;275;333;217;142;100;65;53;13
14;10999;St.Gallen Stadt Lukasstr. 30;08.01.2019;Dienstag;1;9;9;5;13;24;57;218;313;190;204;187;246;191;264;261;245;313;304;222;125;74;82;47;28
15;10999;St.Gallen Stadt Lukasstr. 30;08.01.2019;Dienstag;2;12;13;5;13;19;53;200;316;202;192;177;248;221;248;233;253;288;346;212;169;96;67;56;24
16;10999;St.Gallen Stadt Lukasstr. 30;09.01.2019;Mittwoch;1;8;11;9;6;24;61;207;299;209;179;173;250;196;263;258;234;289;294;216;131;95;76;47;29
17;10999;St.Gallen Stadt Lukasstr. 30;09.01.2019;Mittwoch;2;9;10;5;10;21;54;221;317;220;156;173;194;244;239;197;253;314;301;239;184;114;70;46;26
18;10999;St.Gallen Stadt Lukasstr. 30;10.01.2019;Donnerstag;1;12;6;10;16;24;60;217;281;195;145;143;186;146;201;181;178;245;278;181;122;68;57;51;19
19;10999;St.Gallen Stadt Lukasstr. 30;10.01.2019;Donnerstag;2;15;6;11;19;24;48;175;276;214;150;148;184;193;195;152;160;225;300;196;134;87;58;54;19
20;10999;St.Gallen Stadt Lukasstr. 30;11.01.2019;Freitag;1;15;10;9;20;31;64;212;254;199;191;234;252;272;229;261;279;295;261;195;121;82;61;62;50
21;10999;St.Gallen Stadt Lukasstr. 30;11.01.2019;Freitag;2;15;11;14;12;20;64;174;269;174;150;183;244;230;283;249;259;305;310;191;162;89;56;69;49
22;10999;St.Gallen Stadt Lukasstr. 30;12.01.2019;Samstag;1;25;25;12;15;21;30;55;83;116;180;187;218;187;185;185;177;182;156;119;86;69;64;52;57
23;10999;St.Gallen Stadt Lukasstr. 30;12.01.2019;Samstag;2;37;29;16;24;18;22;56;69;106;131;181;213;199;188;182;185;236;173;135;84;84;77;85;69
24;10999;St.Gallen Stadt Lukasstr. 30;13.01.2019;Sonntag;1;34;30;16;9;8;15;26;38;49;85;108;129;108;119;114;149;128;123;85;96;67;57;37;20
25;10999;St.Gallen Stadt Lukasstr. 30;13.01.2019;Sonntag;2;44;25;18;11;16;19;25;28;36;64;89;106;136;110;116;150;157;154;97;91;86;61;36;23
26;10999;St.Gallen Stadt Lukasstr. 30;14.01.2019;Montag;1;10;6;6;2;21;57;211;324;208;215;217;265;204;276;233;240;289;337;233;125;83;59;38;22
27;10999;St.Gallen Stadt Lukasstr. 30;14.01.2019;Montag;2;15;9;5;3;13;43;200;324;190;201;232;241;208;285;204;226;288;335;220;150;95;62;53;23
28;10999;St.Gallen Stadt Lukasstr. 30;15.01.2019;Dienstag;1;6;9;2;8;19;63;227;334;215;203;218;276;207;277;242;256;346;318;222;135;81;91;55;22
29;10999;St.Gallen Stadt Lukasstr. 30;15.01.2019;Dienstag;2;6;4;8;6;11;44;222;292;231;170;192;247;202;260;217;258;327;354;222;160;118;90;75;21
30;10999;St.Gallen Stadt Lukasstr. 30;16.01.2019;Mittwoch;1;10;5;5;7;22;56;241;312;230;197;204;249;215;280;242;251;305;325;226;132;93;59;52;17
31;10999;St.Gallen Stadt Lukasstr. 30;16.01.2019;Mittwoch;2;14;7;4;7;12;55;221;313;193;181;190;230;217;263;224;305;334;374;257;160;128;72;76;26
32;10999;St.Gallen Stadt Lukasstr. 30;17.01.2019;Donnerstag;1;13;10;7;6;21;59;211;313;223;211;206;277;209;253;214;208;336;356;213;153;92;107;54;39
33;10999;St.Gallen Stadt Lukasstr. 30;17.01.2019;Donnerstag;2;9;12;9;8;15;49;197;339;216;182;222;229;219;244;231;253;313;360;220;180;132;86;67;34
34;10999;St.Gallen Stadt Lukasstr. 30;18.01.2019;Freitag;1;9;6;3;13;30;65;229;296;211;189;241;250;214;248;250;294;318;298;202;143;108;75;61;48
35;10999;St.Gallen Stadt Lukasstr. 30;18.01.2019;Freitag;2;16;7;6;12;15;53;208;283;208;184;219;250;214;253;249;272;315;334;259;143;105;81;68;57
36;10999;St.Gallen Stadt Lukasstr. 30;19.01.2019;Samstag;1;37;26;10;9;9;25;52;89;147;187;232;231;185;220;238;197;185;184;136;106;68;64;61;52
37;10999;St.Gallen Stadt Lukasstr. 30;19.01.2019;Samstag;2;39;19;11;16;12;11;40;60;124;171;216;207;205;198;235;252;225;215;157;99;79;83;70;56
38;10999;St.Gallen Stadt Lukasstr. 30;20.01.2019;Sonntag;1;48;27;22;14;12;8;21;31;73;81;110;158;147;156;171;180;154;161;108;97;63;47;37;12
39;10999;St.Gallen Stadt Lukasstr. 30;20.01.2019;Sonntag;2;41;25;15;11;12;9;20;28;56;72;86;126;130;135;169;164;219;181;134;119;92;63;33;25
40;10999;St.Gallen Stadt Lukasstr. 30;21.01.2019;Montag;1;10;8;2;3;18;66;206;315;231;165;244;221;216;265;234;257;321;329;204;141;93;62;61;17
41;10999;St.Gallen Stadt Lukasstr. 30;21.01.2019;Montag;2;12;12;5;8;12;48;201;303;197;176;187;221;229;248;223;251;295;390;204;139;102;53;72;24
42;10999;St.Gallen Stadt Lukasstr. 30;22.01.2019;Dienstag;1;13;12;2;8;20;64;232;323;197;197;213;267;203;242;224;257;294;335;229;140;104;70;44;19
43;10999;St.Gallen Stadt Lukasstr. 30;22.01.2019;Dienstag;2;16;5;9;6;13;48;226;316;210;193;206;226;205;249;247;271;327;383;236;135;96;85;57;25
44;10999;St.Gallen Stadt Lukasstr. 30;23.01.2019;Mittwoch;1;9;9;2;5;19;59;222;327;214;205;216;253;212;292;252;238;294;319;205;124;107;87;64;28
45;10999;St.Gallen Stadt Lukasstr. 30;23.01.2019;Mittwoch;2;16;9;2;9;13;55;217;325;201;181;230;231;211;258;244;253;339;379;248;151;94;79;57;28
46;10999;St.Gallen Stadt Lukasstr. 30;24.01.2019;Donnerstag;1;15;6;7;7;21;57;240;310;243;186;263;265;208;267;224;233;284;310;207;143;88;67;53;35
47;10999;St.Gallen Stadt Lukasstr. 30;24.01.2019;Donnerstag;2;10;12;4;9;9;54;195;311;230;189;217;223;242;246;208;265;298;324;234;171;100;71;63;38
48;10999;St.Gallen Stadt Lukasstr. 30;25.01.2019;Freitag;1;12;4;9;13;27;78;201;315;192;203;246;261;209;293;275;286;345;285;213;151;105;62;83;37
49;10999;St.Gallen Stadt Lukasstr. 30;25.01.2019;Freitag;2;14;8;8;17;24;51;197;277;233;183;211;267;230;251;263;317;338;343;240;157;117;73;64;62
50;10999;St.Gallen Stadt Lukasstr. 30;26.01.2019;Samstag;1;46;18;11;12;13;25;55;89;147;185;248;250;220;209;221;218;172;166;138;84;78;63;54;50
51;10999;St.Gallen Stadt Lukasstr. 30;26.01.2019;Samstag;2;47;23;15;7;15;23;38;50;105;144;188;211;203;173;188;199;249;198;147;98;82;66;52;53
52;10999;St.Gallen Stadt Lukasstr. 30;27.01.2019;Sonntag;1;37;24;9;10;18;12;32;38;58;86;116;142;122;148;162;152;153;137;120;84;83;44;35;19
53;10999;St.Gallen Stadt Lukasstr. 30;27.01.2019;Sonntag;2;36;31;19;11;24;13;18;25;41;69;99;118;119;147;167;134;172;178;145;109;94;53;45;31
54;10999;St.Gallen Stadt Lukasstr. 30;28.01.2019;Montag;1;9;4;3;13;25;58;188;297;173;195;224;275;192;249;242;231;295;300;210;110;78;56;45;15
55;10999;St.Gallen Stadt Lukasstr. 30;28.01.2019;Montag;2;12;8;3;14;22;53;200;289;197;151;211;229;219;279;248;242;315;303;206;141;99;62;52;22
56;10999;St.Gallen Stadt Lukasstr. 30;29.01.2019;Dienstag;1;11;6;3;13;23;62;211;297;169;184;209;237;226;240;234;180;289;303;198;128;74;68;40;20
57;10999;St.Gallen Stadt Lukasstr. 30;29.01.2019;Dienstag;2;17;8;4;15;19;45;202;273;200;167;173;212;182;226;237;213;318;330;226;122;87;82;76;26
58;10999;St.Gallen Stadt Lukasstr. 30;30.01.2019;Mittwoch;1;10;7;9;4;18;62;200;265;210;214;193;242;205;249;256;245;280;308;204;114;108;57;50;20
59;10999;St.Gallen Stadt Lukasstr. 30;30.01.2019;Mittwoch;2;15;10;5;7;13;44;192;272;186;197;199;213;231;235;245;260;336;331;224;147;93;82;54;34
60;10999;St.Gallen Stadt Lukasstr. 30;31.01.2019;Donnerstag;1;14;15;6;2;15;61;193;267;222;221;214;246;208;273;191;221;303;310;179;130;82;70;64;29
61;10999;St.Gallen Stadt Lukasstr. 30;31.01.2019;Donnerstag;2;17;12;6;4;11;45;187;290;229;195;186;211;207;217;218;236;281;361;223;140;107;87;58;23
62;10999;St.Gallen Stadt Lukasstr. 30;01.02.2019;Freitag;1;12;8;8;4;12;59;194;265;192;203;216;260;194;264;247;276;300;281;191;123;109;69;61;39
63;10999;St.Gallen Stadt Lukasstr. 30;01.02.2019;Freitag;2;11;18;7;6;11;50;185;251;168;172;195;209;211;249;270;270;329;311;231;152;107;89;70;59
64;10999;St.Gallen Stadt Lukasstr. 30;02.02.2019;Samstag;1;25;21;8;5;9;24;46;73;126;166;203;240;210;205;198;201;175;145;118;102;81;66;63;52
65;10999;St.Gallen Stadt Lukasstr. 30;02.02.2019;Samstag;2;34;25;19;8;15;26;41;50;100;161;219;225;189;236;218;251;236;235;158;124;91;72;50;53
66;10999;St.Gallen Stadt Lukasstr. 30;03.02.2019;Sonntag;1;32;25;17;22;9;17;23;23;51;76;89;117;97;114;116;129;120;104;90;90;64;50;25;17
67;10999;St.Gallen Stadt Lukasstr. 30;03.02.2019;Sonntag;2;32;27;17;19;14;15;34;26;43;65;79;103;106;113;152;126;160;149;129;113;76;52;36;25
68;10999;St.Gallen Stadt Lukasstr. 30;04.02.2019;Montag;1;11;8;5;18;37;63;221;288;219;243;188;234;200;288;221;231;294;323;219;120;102;66;44;25
69;10999;St.Gallen Stadt Lukasstr. 30;04.02.2019;Montag;2;14;9;6;18;28;60;206;289;193;82;195;204;227;265;225;231;325;329;242;172;104;58;63;25
70;10999;St.Gallen Stadt Lukasstr. 30;05.02.2019;Dienstag;1;7;5;8;6;18;61;211;289;212;208;212;283;181;269;258;231;331;344;218;150;86;79;48;31
71;10999;St.Gallen Stadt Lukasstr. 30;05.02.2019;Dienstag;2;10;10;8;9;14;56;213;310;235;181;183;257;236;276;251;239;302;343;247;180;94;87;76;17
72;10999;St.Gallen Stadt Lukasstr. 30;06.02.2019;Mittwoch;1;9;8;3;3;25;63;216;325;221;199;198;241;204;272;257;215;308;346;214;137;110;70;57;38
73;10999;St.Gallen Stadt Lukasstr. 30;06.02.2019;Mittwoch;2;9;9;3;9;18;47;227;324;207;165;162;228;209;263;240;279;337;374;254;153;97;79;65;27
74;10999;St.Gallen Stadt Lukasstr. 30;07.02.2019;Donnerstag;1;10;11;6;3;23;62;208;334;229;218;221;235;224;233;253;258;314;325;243;132;105;83;69;25
75;10999;St.Gallen Stadt Lukasstr. 30;07.02.2019;Donnerstag;2;17;16;6;5;17;49;204;348;211;192;231;245;213;236;232;264;315;360;246;181;114;74;64;28
76;10999;St.Gallen Stadt Lukasstr. 30;08.02.2019;Freitag;1;15;6;9;6;24;63;188;316;207;255;266;288;237;287;284;276;340;332;238;148;91;66;78;41
77;10999;St.Gallen Stadt Lukasstr. 30;08.02.2019;Freitag;2;15;14;7;13;22;60;182;300;220;188;229;270;229;256;279;304;375;338;247;138;93;86;78;56
78;10999;St.Gallen Stadt Lukasstr. 30;09.02.2019;Samstag;1;37;15;7;7;17;19;48;81;147;211;273;203;197;228;221;193;214;162;120;114;81;71;76;52
79;10999;St.Gallen Stadt Lukasstr. 30;09.02.2019;Samstag;2;34;19;15;11;14;20;48;56;101;159;228;267;216;235;244;216;249;256;166;110;91;79;65;58
80;10999;St.Gallen Stadt Lukasstr. 30;10.02.2019;Sonntag;1;39;26;8;11;11;8;22;37;72;101;127;173;170;188;172;162;158;160;122;115;74;57;34;12
81;10999;St.Gallen Stadt Lukasstr. 30;10.02.2019;Sonntag;2;42;27;11;16;12;13;23;27;53;89;107;135;168;169;197;189;226;163;129;123;81;54;42;28
82;10999;St.Gallen Stadt Lukasstr. 30;11.02.2019;Montag;1;5;5;2;5;18;63;202;310;226;221;221;240;206;253;234;233;310;326;190;116;89;54;44;32
83;10999;St.Gallen Stadt Lukasstr. 30;11.02.2019;Montag;2;10;11;10;6;16;52;212;328;241;199;198;234;227;243;209;256;326;303;258;138;80;61;53;20
84;10999;St.Gallen Stadt Lukasstr. 30;12.02.2019;Dienstag;1;7;9;4;4;24;52;211;327;219;216;229;258;217;255;225;266;304;355;218;148;83;74;60;33
85;10999;St.Gallen Stadt Lukasstr. 30;12.02.2019;Dienstag;2;10;9;2;5;16;47;219;317;202;191;227;241;214;266;231;258;280;371;301;180;102;96;57;23
86;10999;St.Gallen Stadt Lukasstr. 30;13.02.2019;Mittwoch;1;7;13;3;7;18;54;209;311;256;209;214;291;218;285;270;258;329;311;232;167;106;88;62;36
87;10999;St.Gallen Stadt Lukasstr. 30;13.02.2019;Mittwoch;2;15;8;4;12;17;55;182;323;219;201;206;235;240;279;245;276;333;413;281;172;105;83;71;34
88;10999;St.Gallen Stadt Lukasstr. 30;14.02.2019;Donnerstag;1;11;3;4;4;16;53;211;341;237;213;240;268;225;269;250;251;307;310;223;142;109;90;65;39
89;10999;St.Gallen Stadt Lukasstr. 30;14.02.2019;Donnerstag;2;13;7;8;7;10;55;186;300;229;222;223;204;232;250;253;260;309;407;300;172;128;91;74;29
90;10999;St.Gallen Stadt Lukasstr. 30;15.02.2019;Freitag;1;10;5;8;6;13;49;198;316;232;292;225;269;211;290;273;272;362;323;243;153;109;105;66;50
91;10999;St.Gallen Stadt Lukasstr. 30;15.02.2019;Freitag;2;14;11;9;8;14;60;181;298;229;190;282;260;200;258;250;286;346;435;334;164;124;103;74;54
92;10999;St.Gallen Stadt Lukasstr. 30;16.02.2019;Samstag;1;25;15;13;10;10;21;53;111;170;208;213;214;229;225;205;209;201;177;158;103;79;61;55;65
93;10999;St.Gallen Stadt Lukasstr. 30;16.02.2019;Samstag;2;32;23;18;11;9;21;50;67;123;139;222;243;220;244;217;218;222;255;179;106;97;66;71;71
94;10999;St.Gallen Stadt Lukasstr. 30;17.02.2019;Sonntag;1;31;30;21;7;11;11;47;40;73;113;106;157;189;187;204;185;172;182;139;100;75;38;29;21
95;10999;St.Gallen Stadt Lukasstr. 30;17.02.2019;Sonntag;2;38;19;18;8;16;11;22;25;49;76;115;127;147;147;183;191;243;254;212;124;108;64;48;18
96;10999;St.Gallen Stadt Lukasstr. 30;18.02.2019;Montag;1;13;3;2;2;22;55;203;309;237;196;249;260;217;287;246;254;324;348;219;129;111;70;41;24
97;10999;St.Gallen Stadt Lukasstr. 30;18.02.2019;Montag;2;11;4;10;1;18;48;233;347;204;220;205;236;241;242;245;294;357;371;244;141;102;71;64;21
98;10999;St.Gallen Stadt Lukasstr. 30;19.02.2019;Dienstag;1;6;5;1;5;21;68;222;325;205;212;225;274;212;282;231;249;341;340;255;149;85;88;78;28
99;10999;St.Gallen Stadt Lukasstr. 30;19.02.2019;Dienstag;2;12;7;5;7;12;58;215;332;210;215;212;223;211;269;229;257;328;413;276;166;123;87;74;40
100;10999;St.Gallen Stadt Lukasstr. 30;20.02.2019;Mittwoch;1;11;5;6;6;23;62;207;326;222;214;216;262;210;252;270;240;319;353;236;149;113;89;82;36
101;10999;St.Gallen Stadt Lukasstr. 30;20.02.2019;Mittwoch;2;15;11;8;6;18;56;216;342;229;185;223;235;241;275;252;243;358;407;294;171;100;102;65;27
102;10999;St.Gallen Stadt Lukasstr. 30;21.02.2019;Donnerstag;1;13;10;5;7;20;67;211;311;241;225;247;297;228;271;251;275;321;372;228;154;114;78;62;21
103;10999;St.Gallen Stadt Lukasstr. 30;21.02.2019;Donnerstag;2;8;9;12;9;15;53;218;330;234;220;262;268;229;253;248;270;303;402;294;171;124;75;56;34
104;10999;St.Gallen Stadt Lukasstr. 30;22.02.2019;Freitag;1;13;7;5;3;18;47;188;343;245;242;249;294;201;258;305;305;342;313;239;179;104;93;77;54
105;10999;St.Gallen Stadt Lukasstr. 30;22.02.2019;Freitag;2;18;11;7;5;11;44;206;311;217;236;242;266;251;246;260;285;358;375;264;174;106;106;72;58
106;10999;St.Gallen Stadt Lukasstr. 30;23.02.2019;Samstag;1;46;14;13;6;8;26;57;109;183;191;237;243;229;227;254;247;260;206;143;116;78;86;86;51
107;10999;St.Gallen Stadt Lukasstr. 30;23.02.2019;Samstag;2;32;19;21;2;6;21;47;53;146;213;244;233;240;220;257;258;254;247;158;136;87;78;67;64
108;10999;St.Gallen Stadt Lukasstr. 30;24.02.2019;Sonntag;1;39;27;16;11;9;11;21;37;78;117;133;175;163;201;240;199;216;201;122;88;82;42;35;21
109;10999;St.Gallen Stadt Lukasstr. 30;24.02.2019;Sonntag;2;41;23;11;13;11;15;16;25;65;103;154;181;174;168;223;226;248;247;188;147;82;68;40;24
110;10999;St.Gallen Stadt Lukasstr. 30;25.02.2019;Montag;1;5;7;4;2;15;52;214;335;270;270;245;333;277;324;295;313;433;429;279;166;127;88;69;24
111;10999;St.Gallen Stadt Lukasstr. 30;25.02.2019;Montag;2;9;10;3;6;12;53;225;342;228;201;237;237;248;264;216;303;316;380;271;182;115;78;64;22
112;10999;St.Gallen Stadt Lukasstr. 30;26.02.2019;Dienstag;1;11;9;4;9;19;60;274;370;274;274;291;322;257;337;310;304;391;434;281;230;129;103;68;36
113;10999;St.Gallen Stadt Lukasstr. 30;26.02.2019;Dienstag;2;13;11;5;3;14;52;235;345;230;191;226;246;243;264;223;248;331;374;288;184;106;84;64;23
114;10999;St.Gallen Stadt Lukasstr. 30;27.02.2019;Mittwoch;1;17;9;4;12;21;55;263;386;272;260;241;332;279;341;319;337;408;363;308;210;134;110;86;29
115;10999;St.Gallen Stadt Lukasstr. 30;27.02.2019;Mittwoch;2;11;3;11;13;21;60;247;345;216;211;203;264;264;300;262;273;321;412;300;176;108;90;72;31
116;10999;St.Gallen Stadt Lukasstr. 30;28.02.2019;Donnerstag;1;10;11;5;5;22;59;261;384;278;283;238;337;273;349;319;296;375;384;286;182;130;121;96;30
117;10999;St.Gallen Stadt Lukasstr. 30;28.02.2019;Donnerstag;2;11;5;11;9;17;48;233;324;241;226;208;252;238;287;267;250;305;388;300;190;130;89;67;26
118;10999;St.Gallen Stadt Lukasstr. 30;01.03.2019;Freitag;1;13;16;8;13;14;71;245;380;291;288;296;360;248;327;354;331;419;373;293;193;144;88;82;54
119;10999;St.Gallen Stadt Lukasstr. 30;01.03.2019;Freitag;2;12;8;7;10;18;60;223;287;213;213;240;271;220;268;259;298;373;353;272;185;131;95;72;55
120;10999;St.Gallen Stadt Lukasstr. 30;02.03.2019;Samstag;1;39;22;12;5;11;23;71;104;181;231;290;303;266;238;258;230;228;213;190;132;79;93;74;55
121;10999;St.Gallen Stadt Lukasstr. 30;02.03.2019;Samstag;2;29;24;23;12;17;23;51;77;145;193;212;254;214;224;215;225;261;208;154;109;93;84;60;56
122;10999;St.Gallen Stadt Lukasstr. 30;03.03.2019;Sonntag;1;41;38;23;22;10;15;32;36;65;124;170;171;182;192;210;179;190;198;183;140;99;72;49;23
123;10999;St.Gallen Stadt Lukasstr. 30;03.03.2019;Sonntag;2;31;34;22;19;12;14;20;24;50;89;134;167;134;183;184;191;184;212;182;124;80;54;73;32
124;10999;St.Gallen Stadt Lukasstr. 30;04.03.2019;Montag;1;9;4;4;8;22;60;269;386;278;240;276;317;249;312;278;281;340;419;292;165;106;93;65;25
125;10999;St.Gallen Stadt Lukasstr. 30;04.03.2019;Montag;2;13;10;8;5;16;65;230;340;208;193;205;211;213;245;215;268;351;369;234;146;82;78;56;15
126;10999;St.Gallen Stadt Lukasstr. 30;05.03.2019;Dienstag;1;13;5;5;5;32;62;304;406;271;281;254;362;246;341;304;269;412;426;285;164;124;108;95;54
127;10999;St.Gallen Stadt Lukasstr. 30;05.03.2019;Dienstag;2;11;9;4;9;18;57;243;332;222;195;247;290;230;256;229;225;341;359;241;160;117;70;57;26
128;10999;St.Gallen Stadt Lukasstr. 30;06.03.2019;Mittwoch;1;12;18;6;11;20;65;283;388;274;237;270;361;264;334;338;294;386;411;308;198;165;105;69;33
129;10999;St.Gallen Stadt Lukasstr. 30;06.03.2019;Mittwoch;2;10;11;5;8;17;65;215;333;240;208;208;257;228;288;250;291;337;366;310;148;112;87;50;38
130;10999;St.Gallen Stadt Lukasstr. 30;07.03.2019;Donnerstag;1;11;12;9;5;26;65;273;377;281;258;291;331;271;337;319;304;391;416;282;200;130;106;89;39
131;10999;St.Gallen Stadt Lukasstr. 30;07.03.2019;Donnerstag;2;13;10;5;9;17;65;228;343;270;188;216;263;246;258;231;272;314;394;282;166;108;79;66;24
132;10999;St.Gallen Stadt Lukasstr. 30;08.03.2019;Freitag;1;15;12;9;6;17;65;258;374;258;257;272;357;288;332;318;300;402;375;348;175;127;112;102;70
133;10999;St.Gallen Stadt Lukasstr. 30;08.03.2019;Freitag;2;17;16;6;8;16;79;203;295;197;230;196;275;233;301;343;290;321;346;283;173;137;102;69;69
134;10999;St.Gallen Stadt Lukasstr. 30;09.03.2019;Samstag;1;40;27;22;6;10;19;49;94;197;233;312;279;264;250;293;254;237;201;180;98;93;72;86;68
135;10999;St.Gallen Stadt Lukasstr. 30;09.03.2019;Samstag;2;32;33;18;2;17;14;45;82;136;204;223;246;204;216;217;251;242;208;160;130;76;79;58;58
136;10999;St.Gallen Stadt Lukasstr. 30;10.03.2019;Sonntag;1;59;25;27;16;11;12;25;29;76;122;142;181;183;188;182;209;215;176;172;120;108;67;39;18
137;10999;St.Gallen Stadt Lukasstr. 30;10.03.2019;Sonntag;2;38;33;24;19;13;11;25;28;65;98;105;136;142;155;193;171;215;197;190;129;107;87;38;21
138;10999;St.Gallen Stadt Lukasstr. 30;11.03.2019;Montag;1;12;3;3;6;23;60;255;393;253;255;236;301;251;324;262;254;379;397;311;194;112;81;57;33
139;10999;St.Gallen Stadt Lukasstr. 30;11.03.2019;Montag;2;7;7;8;3;21;60;227;318;229;182;200;231;218;251;256;261;322;320;230;170;104;74;64;30
140;10999;St.Gallen Stadt Lukasstr. 30;12.03.2019;Dienstag;1;16;3;8;5;15;62;286;386;252;245;279;311;280;319;291;298;342;395;309;109;155;83;80;32
141;10999;St.Gallen Stadt Lukasstr. 30;12.03.2019;Dienstag;2;13;12;5;7;16;54;233;316;234;201;182;245;253;256;227;273;325;382;267;244;121;85;60;35
142;10999;St.Gallen Stadt Lukasstr. 30;13.03.2019;Mittwoch;1;6;5;7;6;19;49;279;350;281;236;283;346;270;307;313;287;433;429;348;246;122;95;71;40
143;10999;St.Gallen Stadt Lukasstr. 30;13.03.2019;Mittwoch;2;11;2;9;6;21;59;232;300;259;179;199;254;250;278;246;256;346;457;384;171;111;97;71;42
144;10999;St.Gallen Stadt Lukasstr. 30;14.03.2019;Donnerstag;1;14;4;4;10;22;69;262;366;254;232;226;318;274;283;278;306;393;401;266;166;122;93;76;32
145;10999;St.Gallen Stadt Lukasstr. 30;14.03.2019;Donnerstag;2;13;11;8;8;18;59;220;315;231;219;220;236;217;247;256;236;337;333;243;164;121;64;64;35
146;10999;St.Gallen Stadt Lukasstr. 30;15.03.2019;Freitag;1;16;9;9;8;16;67;269;355;295;234;276;288;267;308;309;321;412;365;239;199;122;94;90;62
147;10999;St.Gallen Stadt Lukasstr. 30;15.03.2019;Freitag;2;17;7;14;8;18;53;220;299;205;174;249;254;250;266;267;278;318;341;287;167;125;93;95;51
148;10999;St.Gallen Stadt Lukasstr. 30;16.03.2019;Samstag;1;36;23;17;5;18;34;64;99;186;206;265;321;238;235;297;234;219;194;157;111;79;74;100;65
149;10999;St.Gallen Stadt Lukasstr. 30;16.03.2019;Samstag;2;48;20;14;12;18;34;41;64;129;193;216;253;212;209;225;221;251;258;210;114;86;90;67;61
150;10999;St.Gallen Stadt Lukasstr. 30;17.03.2019;Sonntag;1;55;27;23;11;18;8;32;49;79;135;154;184;174;226;211;202;202;175;120;125;79;38;35;17
151;10999;St.Gallen Stadt Lukasstr. 30;17.03.2019;Sonntag;2;43;30;16;15;16;8;25;26;68;102;131;172;154;153;201;218;219;187;136;139;97;61;41;22
152;10999;St.Gallen Stadt Lukasstr. 30;18.03.2019;Montag;1;12;3;4;5;19;60;243;365;238;203;249;254;243;305;295;263;328;365;257;174;111;70;60;16
153;10999;St.Gallen Stadt Lukasstr. 30;18.03.2019;Montag;2;5;5;3;8;25;62;244;319;208;160;229;240;227;271;253;258;332;343;232;172;97;70;65;16
154;10999;St.Gallen Stadt Lukasstr. 30;19.03.2019;Dienstag;1;14;9;6;3;16;53;261;380;234;227;272;286;229;292;248;291;368;368;235;202;114;83;50;42
155;10999;St.Gallen Stadt Lukasstr. 30;19.03.2019;Dienstag;2;8;7;7;6;15;59;216;333;214;185;227;267;219;295;236;236;324;358;242;158;116;87;54;30
156;10999;St.Gallen Stadt Lukasstr. 30;20.03.2019;Mittwoch;1;17;11;6;4;19;52;264;391;244;214;243;283;226;308;279;322;340;374;274;180;103;102;77;25
157;10999;St.Gallen Stadt Lukasstr. 30;20.03.2019;Mittwoch;2;12;13;7;7;19;55;223;319;244;212;209;274;249;281;256;268;336;392;293;160;108;99;83;41
158;10999;St.Gallen Stadt Lukasstr. 30;21.03.2019;Donnerstag;1;14;11;4;5;21;56;270;349;248;241;235;308;228;313;278;259;340;355;237;161;91;83;60;29
159;10999;St.Gallen Stadt Lukasstr. 30;21.03.2019;Donnerstag;2;15;10;9;9;17;51;221;301;276;231;240;236;219;269;268;289;318;367;246;172;136;93;69;36
160;10999;St.Gallen Stadt Lukasstr. 30;22.03.2019;Freitag;1;15;5;6;4;14;54;258;311;238;276;286;262;245;302;319;309;337;326;245;168;117;91;87;59
161;10999;St.Gallen Stadt Lukasstr. 30;22.03.2019;Freitag;2;15;9;11;6;13;58;220;297;202;216;229;265;241;276;240;309;322;350;288;192;117;100;66;63
162;10999;St.Gallen Stadt Lukasstr. 30;23.03.2019;Samstag;1;31;15;13;13;13;30;62;131;166;269;237;269;255;314;276;235;276;204;161;121;96;88;68;60
163;10999;St.Gallen Stadt Lukasstr. 30;23.03.2019;Samstag;2;26;23;20;8;10;17;54;74;161;245;220;255;241;259;257;282;269;293;154;179;98;100;70;62
164;10999;St.Gallen Stadt Lukasstr. 30;24.03.2019;Sonntag;1;42;19;12;14;8;10;27;37;88;113;192;225;234;195;245;231;233;187;149;123;103;48;18;16
165;10999;St.Gallen Stadt Lukasstr. 30;24.03.2019;Sonntag;2;29;29;17;19;5;10;23;37;54;110;139;193;173;197;223;228;267;295;231;159;120;68;43;19
166;10999;St.Gallen Stadt Lukasstr. 30;25.03.2019;Montag;1;10;4;1;5;21;59;226;346;226;241;270;292;218;270;261;280;313;381;278;136;113;72;70;35
167;10999;St.Gallen Stadt Lukasstr. 30;25.03.2019;Montag;2;13;12;6;4;17;59;237;316;229;213;209;260;223;272;222;294;326;355;251;169;123;99;78;29
168;10999;St.Gallen Stadt Lukasstr. 30;26.03.2019;Dienstag;1;11;5;7;5;13;62;239;323;255;216;220;292;212;245;229;225;335;417;307;179;110;71;83;39
169;10999;St.Gallen Stadt Lukasstr. 30;26.03.2019;Dienstag;2;10;12;5;3;15;54;224;308;250;211;210;231;210;296;214;218;308;351;270;183;113;101;101;49
170;10999;St.Gallen Stadt Lukasstr. 30;27.03.2019;Mittwoch;1;9;11;6;5;14;55;235;326;237;246;260;289;224;274;258;277;351;346;281;148;97;106;72;25
171;10999;St.Gallen Stadt Lukasstr. 30;27.03.2019;Mittwoch;2;11;18;8;8;16;59;253;287;236;197;221;252;234;315;254;279;358;407;292;201;106;94;118;43
172;10999;St.Gallen Stadt Lukasstr. 30;28.03.2019;Donnerstag;1;14;5;6;10;17;56;238;327;251;219;250;285;248;287;295;229;330;340;254;169;97;74;81;45
173;10999;St.Gallen Stadt Lukasstr. 30;28.03.2019;Donnerstag;2;17;6;6;12;20;63;224;333;257;227;229;273;226;255;249;251;360;402;258;176;124;85;66;43
174;10999;St.Gallen Stadt Lukasstr. 30;29.03.2019;Freitag;1;19;8;7;7;13;57;228;322;259;220;317;280;243;295;296;310;354;350;253;193;134;109;85;55
175;10999;St.Gallen Stadt Lukasstr. 30;29.03.2019;Freitag;2;12;11;14;10;16;56;225;311;218;232;265;299;259;292;278;319;357;361;280;197;131;91;80;65
176;10999;St.Gallen Stadt Lukasstr. 30;30.03.2019;Samstag;1;26;20;11;13;10;25;70;100;215;237;262;233;216;269;275;211;244;221;138;114;99;64;77;46
177;10999;St.Gallen Stadt Lukasstr. 30;30.03.2019;Samstag;2;35;23;15;10;12;19;64;75;152;197;254;264;243;253;227;219;266;240;208;143;88;77;96;54
178;10999;St.Gallen Stadt Lukasstr. 30;31.03.2019;Sonntag;1;32;26;0;12;11;16;27;31;54;88;145;156;193;215;250;191;267;206;170;115;98;70;40;25
179;10999;St.Gallen Stadt Lukasstr. 30;31.03.2019;Sonntag;2;34;19;0;23;12;11;23;21;55;79;130;145;158;204;224;233;237;244;201;187;134;80;64;27
180;10999;St.Gallen Stadt Lukasstr. 30;01.04.2019;Montag;1;10;7;4;4;20;56;231;315;224;245;221;288;209;282;273;278;338;385;264;148;111;82;66;19
181;10999;St.Gallen Stadt Lukasstr. 30;01.04.2019;Montag;2;23;8;5;3;17;67;227;320;233;216;211;255;228;286;236;285;393;323;264;174;127;86;74;27
182;10999;St.Gallen Stadt Lukasstr. 30;02.04.2019;Dienstag;1;11;7;2;7;21;51;229;322;250;212;218;256;214;277;244;264;327;376;272;167;112;95;79;47
183;10999;St.Gallen Stadt Lukasstr. 30;02.04.2019;Dienstag;2;11;12;5;8;15;62;219;329;228;200;233;215;232;258;268;226;314;399;300;187;117;115;89;35
184;10999;St.Gallen Stadt Lukasstr. 30;03.04.2019;Mittwoch;1;12;7;6;7;20;46;246;376;377;202;143;268;251;286;254;427;326;401;234;160;115;86;73;29
185;10999;St.Gallen Stadt Lukasstr. 30;03.04.2019;Mittwoch;2;12;12;12;11;17;69;203;288;245;240;344;394;250;276;246;255;360;408;291;176;130;88;82;29
186;10999;St.Gallen Stadt Lukasstr. 30;04.04.2019;Donnerstag;1;15;8;3;4;21;55;241;322;242;215;206;225;246;280;231;253;295;350;256;128;139;77;81;34
187;10999;St.Gallen Stadt Lukasstr. 30;04.04.2019;Donnerstag;2;15;10;8;11;12;49;216;329;243;195;196;220;230;253;228;234;312;351;232;181;129;71;50;34
188;10999;St.Gallen Stadt Lukasstr. 30;05.04.2019;Freitag;1;14;9;11;7;21;60;195;316;244;248;283;334;237;297;290;331;385;364;250;185;148;114;83;63
189;10999;St.Gallen Stadt Lukasstr. 30;05.04.2019;Freitag;2;16;11;10;4;13;69;179;311;204;200;242;271;227;376;403;344;383;338;272;180;132;88;73;67
190;10999;St.Gallen Stadt Lukasstr. 30;06.04.2019;Samstag;1;46;22;20;14;21;29;63;93;182;224;250;263;261;233;264;251;254;208;151;116;112;69;84;59
191;10999;St.Gallen Stadt Lukasstr. 30;06.04.2019;Samstag;2;29;18;12;8;10;21;53;84;122;213;212;231;250;222;255;232;268;233;180;124;122;96;79;52
192;10999;St.Gallen Stadt Lukasstr. 30;07.04.2019;Sonntag;1;59;38;20;15;10;16;25;32;78;97;152;207;163;208;185;205;177;174;135;113;94;52;36;24
193;10999;St.Gallen Stadt Lukasstr. 30;07.04.2019;Sonntag;2;38;36;21;17;15;13;27;42;53;85;136;161;138;151;221;198;187;208;136;121;120;57;44;25
194;10999;St.Gallen Stadt Lukasstr. 30;08.04.2019;Montag;1;12;5;3;4;24;58;223;312;226;251;229;301;218;267;252;268;314;391;229;150;116;84;55;34
195;10999;St.Gallen Stadt Lukasstr. 30;08.04.2019;Montag;2;17;7;3;4;20;62;224;284;206;199;182;216;236;264;258;279;320;341;256;174;99;85;85;45
196;10999;St.Gallen Stadt Lukasstr. 30;09.04.2019;Dienstag;1;10;5;6;13;21;51;245;306;235;215;238;280;213;277;286;273;344;380;248;167;104;87;90;78
197;10999;St.Gallen Stadt Lukasstr. 30;09.04.2019;Dienstag;2;15;20;3;8;18;55;218;301;214;187;222;253;227;279;233;265;364;431;268;170;130;98;87;42
198;10999;St.Gallen Stadt Lukasstr. 30;10.04.2019;Mittwoch;1;20;13;10;7;30;52;254;303;240;246;219;230;235;277;286;263;330;368;254;134;88;90;69;49
199;10999;St.Gallen Stadt Lukasstr. 30;10.04.2019;Mittwoch;2;19;8;3;13;14;56;227;298;211;203;193;233;239;284;254;302;336;353;254;157;147;96;50;41
200;10999;St.Gallen Stadt Lukasstr. 30;11.04.2019;Donnerstag;1;15;13;6;5;22;48;236;319;223;228;240;284;227;263;267;280;339;339;249;166;96;92;86;49
201;10999;St.Gallen Stadt Lukasstr. 30;11.04.2019;Donnerstag;2;12;15;8;7;14;55;201;301;231;229;218;224;243;285;259;233;346;335;237;217;137;82;77;33
202;10999;St.Gallen Stadt Lukasstr. 30;12.04.2019;Freitag;1;15;17;3;5;23;50;240;294;222;227;267;291;228;294;288;319;353;289;252;147;138;106;81;87
203;10999;St.Gallen Stadt Lukasstr. 30;12.04.2019;Freitag;2;17;7;10;9;20;62;222;264;184;236;244;286;251;259;302;286;346;342;242;170;116;97;92;56
204;10999;St.Gallen Stadt Lukasstr. 30;13.04.2019;Samstag;1;41;27;19;16;20;36;47;77;168;211;248;282;230;242;251;247;243;194;164;124;85;78;74;41
205;10999;St.Gallen Stadt Lukasstr. 30;13.04.2019;Samstag;2;28;23;21;10;18;18;55;83;149;190;251;239;227;234;266;256;216;188;165;111;87;62;85;66
206;10999;St.Gallen Stadt Lukasstr. 30;14.04.2019;Sonntag;1;29;31;17;14;8;27;21;31;63;97;95;155;149;138;157;142;143;139;128;89;98;63;58;16
207;10999;St.Gallen Stadt Lukasstr. 30;14.04.2019;Sonntag;2;41;24;17;16;13;12;27;27;50;57;134;126;125;132;156;151;158;177;111;120;103;59;41;30
208;10999;St.Gallen Stadt Lukasstr. 30;15.04.2019;Montag;1;10;9;5;6;14;55;216;316;218;219;211;289;227;257;286;264;368;363;227;134;108;72;67;25
209;10999;St.Gallen Stadt Lukasstr. 30;15.04.2019;Montag;2;11;6;8;10;11;54;247;304;187;192;216;217;247;296;233;281;345;356;227;172;122;59;53;24
210;10999;St.Gallen Stadt Lukasstr. 30;16.04.2019;Dienstag;1;9;5;4;12;16;63;215;297;212;225;224;270;208;293;299;246;334;336;236;141;96;77;45;24
211;10999;St.Gallen Stadt Lukasstr. 30;16.04.2019;Dienstag;2;12;7;6;7;14;51;231;289;176;236;215;234;223;263;238;295;330;365;250;171;119;81;54;31
212;10999;St.Gallen Stadt Lukasstr. 30;17.04.2019;Mittwoch;1;10;11;4;8;16;53;217;278;229;228;224;282;216;247;244;256;329;345;246;154;109;126;64;33
213;10999;St.Gallen Stadt Lukasstr. 30;17.04.2019;Mittwoch;2;14;8;5;10;15;58;226;299;240;194;241;231;239;267;269;284;322;360;291;175;124;100;58;37
214;10999;St.Gallen Stadt Lukasstr. 30;18.04.2019;Donnerstag;1;7;8;5;7;17;53;206;287;207;255;283;306;242;281;327;311;348;285;243;155;104;86;71;40
215;10999;St.Gallen Stadt Lukasstr. 30;18.04.2019;Donnerstag;2;12;5;12;5;13;59;201;279;221;210;286;252;242;300;311;341;370;314;219;162;124;104;62;45
216;10999;St.Gallen Stadt Lukasstr. 30;19.04.2019;Freitag;1;26;15;16;14;13;10;45;41;81;142;169;174;127;149;165;165;191;185;148;100;86;64;52;28
217;10999;St.Gallen Stadt Lukasstr. 30;19.04.2019;Freitag;2;26;17;16;15;6;13;28;32;44;77;123;157;131;158;166;188;189;224;163;125;117;91;57;41
218;10999;St.Gallen Stadt Lukasstr. 30;20.04.2019;Samstag;1;27;10;11;12;9;13;34;100;163;203;293;260;223;204;189;171;179;175;133;94;79;74;73;42
219;10999;St.Gallen Stadt Lukasstr. 30;20.04.2019;Samstag;2;26;17;14;9;11;18;34;48;132;216;241;229;224;221;244;209;176;183;131;118;95;101;60;41
220;10999;St.Gallen Stadt Lukasstr. 30;21.04.2019;Sonntag;1;34;16;19;6;2;10;23;28;63;126;128;190;160;159;182;175;195;133;130;109;95;81;39;27
221;10999;St.Gallen Stadt Lukasstr. 30;21.04.2019;Sonntag;2;53;33;12;13;9;12;26;18;52;95;143;158;137;140;175;167;191;174;179;153;127;91;66;39
222;10999;St.Gallen Stadt Lukasstr. 30;22.04.2019;Montag;1;17;15;12;7;11;6;13;28;58;87;158;182;176;181;224;180;201;176;134;126;116;55;48;22
223;10999;St.Gallen Stadt Lukasstr. 30;22.04.2019;Montag;2;35;20;10;9;8;5;21;24;48;92;157;168;166;193;183;199;222;209;187;144;115;100;58;33
224;10999;St.Gallen Stadt Lukasstr. 30;23.04.2019;Dienstag;1;12;2;2;6;20;60;227;324;224;246;235;288;214;263;231;264;314;373;251;137;93;91;78;35
225;10999;St.Gallen Stadt Lukasstr. 30;23.04.2019;Dienstag;2;23;9;4;5;14;61;246;314;250;234;246;258;220;276;237;282;327;384;287;184;132;86;60;30
226;10999;St.Gallen Stadt Lukasstr. 30;24.04.2019;Mittwoch;1;11;5;7;3;15;57;234;306;240;254;255;280;234;277;298;254;309;372;260;159;122;104;87;39
227;10999;St.Gallen Stadt Lukasstr. 30;24.04.2019;Mittwoch;2;9;8;6;5;18;60;249;339;238;222;242;262;261;272;270;303;347;454;310;227;144;76;74;47
228;10999;St.Gallen Stadt Lukasstr. 30;25.04.2019;Donnerstag;1;8;7;7;5;18;52;239;333;258;255;253;274;223;271;262;258;348;367;256;180;130;85;85;43
229;10999;St.Gallen Stadt Lukasstr. 30;25.04.2019;Donnerstag;2;12;10;10;6;18;46;246;324;264;226;256;272;241;309;257;282;318;442;300;197;139;111;58;34
230;10999;St.Gallen Stadt Lukasstr. 30;26.04.2019;Freitag;1;11;14;2;5;19;61;225;302;252;220;230;279;255;277;250;291;350;340;255;181;108;109;104;70
231;10999;St.Gallen Stadt Lukasstr. 30;26.04.2019;Freitag;2;24;10;5;12;14;65;216;301;240;197;224;276;242;264;235;302;399;358;317;174;147;112;85;70
232;10999;St.Gallen Stadt Lukasstr. 30;27.04.2019;Samstag;1;48;24;13;6;11;28;51;84;163;217;227;242;253;220;265;220;246;220;150;107;137;68;76;71
233;10999;St.Gallen Stadt Lukasstr. 30;27.04.2019;Samstag;2;35;29;14;10;12;24;50;79;151;185;221;259;278;249;241;242;278;252;198;151;100;81;82;65
234;10999;St.Gallen Stadt Lukasstr. 30;28.04.2019;Sonntag;1;43;31;42;11;26;17;29;28;67;108;136;237;128;178;206;163;179;170;117;102;87;62;57;28
235;10999;St.Gallen Stadt Lukasstr. 30;28.04.2019;Sonntag;2;31;42;37;27;21;15;32;30;96;116;126;151;150;173;155;179;171;180;169;118;122;67;55;22
236;10999;St.Gallen Stadt Lukasstr. 30;29.04.2019;Montag;1;7;2;2;3;17;62;246;338;238;232;239;295;228;294;267;262;301;364;281;151;116;86;64;34
237;10999;St.Gallen Stadt Lukasstr. 30;29.04.2019;Montag;2;5;12;7;4;12;59;267;303;261;232;206;264;211;315;258;304;318;385;303;174;138;95;94;31
238;10999;St.Gallen Stadt Lukasstr. 30;30.04.2019;Dienstag;1;9;8;1;7;18;56;258;336;246;218;181;312;205;286;270;259;362;342;277;179;122;94;122;74
239;10999;St.Gallen Stadt Lukasstr. 30;30.04.2019;Dienstag;2;15;10;7;9;11;60;245;323;256;206;215;254;227;293;255;291;328;399;321;188;158;103;76;41
240;10999;St.Gallen Stadt Lukasstr. 30;01.05.2019;Mittwoch;1;34;11;12;4;23;44;257;332;232;227;278;317;248;315;321;313;343;385;277;175;130;117;61;41
241;10999;St.Gallen Stadt Lukasstr. 30;01.05.2019;Mittwoch;2;17;11;10;6;9;49;238;322;229;220;253;279;268;323;304;318;390;430;318;224;161;107;63;42
242;10999;St.Gallen Stadt Lukasstr. 30;02.05.2019;Donnerstag;1;13;7;5;7;21;54;269;288;228;226;249;266;248;280;273;247;355;336;245;167;111;90;75;41
243;10999;St.Gallen Stadt Lukasstr. 30;02.05.2019;Donnerstag;2;19;9;6;8;12;55;252;333;247;226;241;254;205;285;243;285;335;389;274;195;138;99;67;37
244;10999;St.Gallen Stadt Lukasstr. 30;03.05.2019;Freitag;1;11;9;3;6;13;55;237;311;251;200;264;290;241;242;267;281;347;339;301;184;115;96;78;40
245;10999;St.Gallen Stadt Lukasstr. 30;03.05.2019;Freitag;2;22;10;10;5;10;57;235;308;217;197;221;234;258;277;310;298;370;306;255;197;136;112;100;61
246;10999;St.Gallen Stadt Lukasstr. 30;04.05.2019;Samstag;1;54;22;14;11;14;24;49;101;175;219;233;273;215;236;212;195;204;151;141;95;72;51;63;50
247;10999;St.Gallen Stadt Lukasstr. 30;04.05.2019;Samstag;2;48;33;19;11;14;29;56;85;146;170;245;266;222;215;221;230;234;183;147;108;90;79;75;51
248;10999;St.Gallen Stadt Lukasstr. 30;05.05.2019;Sonntag;1;52;27;9;19;10;12;28;27;66;94;91;119;121;128;153;135;147;148;113;102;96;56;36;22
249;10999;St.Gallen Stadt Lukasstr. 30;05.05.2019;Sonntag;2;34;32;22;18;9;11;29;19;51;75;92;122;101;127;149;149;188;171;145;129;105;69;58;27
250;10999;St.Gallen Stadt Lukasstr. 30;06.05.2019;Montag;1;11;5;2;3;22;49;237;300;239;223;235;242;222;259;234;226;319;352;225;155;90;109;54;26
251;10999;St.Gallen Stadt Lukasstr. 30;06.05.2019;Montag;2;13;5;5;5;18;56;264;369;280;195;213;253;206;268;233;267;282;367;251;185;108;87;66;27
252;10999;St.Gallen Stadt Lukasstr. 30;07.05.2019;Dienstag;1;8;9;4;6;16;57;264;320;219;223;238;246;213;242;273;233;306;384;246;180;121;95;88;43
253;10999;St.Gallen Stadt Lukasstr. 30;07.05.2019;Dienstag;2;10;6;12;5;12;54;251;326;226;188;222;250;234;284;234;268;324;428;275;203;162;109;86;38
254;10999;St.Gallen Stadt Lukasstr. 30;08.05.2019;Mittwoch;1;16;10;8;3;20;52;251;313;219;204;217;265;201;267;267;272;305;341;246;152;113;101;84;44
255;10999;St.Gallen Stadt Lukasstr. 30;08.05.2019;Mittwoch;2;18;9;9;9;12;60;225;317;221;212;212;255;229;268;245;255;359;411;299;192;141;89;75;38
256;10999;St.Gallen Stadt Lukasstr. 30;09.05.2019;Donnerstag;1;18;8;3;8;23;53;235;303;267;224;233;284;232;268;253;270;312;357;251;191;115;93;88;44
257;10999;St.Gallen Stadt Lukasstr. 30;09.05.2019;Donnerstag;2;10;12;11;10;15;59;237;332;231;221;222;261;244;293;234;269;355;392;281;198;162;91;84;32
258;10999;St.Gallen Stadt Lukasstr. 30;10.05.2019;Freitag;1;20;11;9;3;13;61;228;298;236;218;237;267;228;280;262;272;320;323;262;137;113;92;99;58
259;10999;St.Gallen Stadt Lukasstr. 30;10.05.2019;Freitag;2;11;9;10;6;17;62;219;315;201;202;203;255;231;284;260;303;352;400;233;166;129;109;86;51
260;10999;St.Gallen Stadt Lukasstr. 30;11.05.2019;Samstag;1;43;30;13;4;9;23;55;92;160;228;252;263;240;232;261;208;228;154;134;94;89;65;61;59
261;10999;St.Gallen Stadt Lukasstr. 30;11.05.2019;Samstag;2;49;23;14;16;17;19;60;74;137;197;203;220;230;225;221;229;232;221;171;108;101;81;65;61
262;10999;St.Gallen Stadt Lukasstr. 30;12.05.2019;Sonntag;1;43;28;21;11;4;4;19;28;68;108;148;165;163;148;190;188;186;181;141;104;108;69;34;20
263;10999;St.Gallen Stadt Lukasstr. 30;12.05.2019;Sonntag;2;38;33;18;18;9;11;34;19;48;87;131;160;150;169;199;191;232;214;177;148;104;76;79;30
264;10999;St.Gallen Stadt Lukasstr. 30;13.05.2019;Montag;1;9;8;5;4;21;66;241;308;220;195;231;262;211;278;233;249;310;364;247;156;96;89;91;61
265;10999;St.Gallen Stadt Lukasstr. 30;13.05.2019;Montag;2;30;17;9;10;22;57;252;311;262;212;198;221;228;258;229;256;318;373;247;174;135;81;71;32
266;10999;St.Gallen Stadt Lukasstr. 30;14.05.2019;Dienstag;1;15;14;18;8;26;53;265;307;228;175;206;253;205;255;252;225;335;361;222;158;116;95;112;69
267;10999;St.Gallen Stadt Lukasstr. 30;14.05.2019;Dienstag;2;15;18;7;11;19;56;246;326;229;182;219;233;213;264;225;233;308;401;267;188;127;98;76;50
268;10999;St.Gallen Stadt Lukasstr. 30;15.05.2019;Mittwoch;1;27;12;7;3;36;48;250;296;242;226;214;252;195;274;252;247;333;361;337;193;111;92;71;45
269;10999;St.Gallen Stadt Lukasstr. 30;15.05.2019;Mittwoch;2;19;17;9;5;20;49;255;296;238;193;206;239;245;250;233;260;308;381;284;194;127;99;101;57
270;10999;St.Gallen Stadt Lukasstr. 30;16.05.2019;Donnerstag;1;21;12;4;3;27;62;248;296;224;215;239;242;206;246;203;231;310;360;261;175;115;85;94;35
271;10999;St.Gallen Stadt Lukasstr. 30;16.05.2019;Donnerstag;2;24;9;9;7;18;63;228;302;250;221;204;205;222;269;237;281;319;422;327;217;143;98;76;45
272;10999;St.Gallen Stadt Lukasstr. 30;17.05.2019;Freitag;1;23;8;8;7;14;62;255;289;241;206;249;291;222;255;229;253;347;310;216;177;127;114;74;59
273;10999;St.Gallen Stadt Lukasstr. 30;17.05.2019;Freitag;2;22;13;9;11;23;61;236;300;240;229;205;248;238;246;236;284;335;379;286;189;121;111;74;70
274;10999;St.Gallen Stadt Lukasstr. 30;18.05.2019;Samstag;1;36;16;10;13;11;29;54;91;182;218;246;272;236;227;251;222;192;202;171;132;128;83;75;63
275;10999;St.Gallen Stadt Lukasstr. 30;18.05.2019;Samstag;2;27;26;11;14;16;21;50;66;153;187;219;264;208;212;206;225;262;237;168;139;127;90;75;69
276;10999;St.Gallen Stadt Lukasstr. 30;19.05.2019;Sonntag;1;50;27;20;12;13;7;29;33;57;97;132;144;139;170;168;170;189;168;162;117;85;55;44;27
277;10999;St.Gallen Stadt Lukasstr. 30;19.05.2019;Sonntag;2;45;33;28;8;11;18;30;24;35;76;101;142;158;153;170;176;238;209;162;135;111;75;87;34
278;10999;St.Gallen Stadt Lukasstr. 30;20.05.2019;Montag;1;13;9;3;2;29;49;244;327;208;215;216;229;226;232;248;241;354;340;210;137;94;88;92;36
279;10999;St.Gallen Stadt Lukasstr. 30;20.05.2019;Montag;2;18;9;5;6;20;58;266;306;228;163;195;242;223;244;273;270;286;370;279;173;116;78;82;32
280;10999;St.Gallen Stadt Lukasstr. 30;21.05.2019;Dienstag;1;8;14;2;6;31;50;251;305;223;176;213;241;207;236;228;233;332;334;244;155;102;95;101;45
281;10999;St.Gallen Stadt Lukasstr. 30;21.05.2019;Dienstag;2;21;6;5;6;11;59;250;289;215;181;200;242;205;257;234;247;272;373;295;196;127;123;85;38
282;10999;St.Gallen Stadt Lukasstr. 30;22.05.2019;Mittwoch;1;16;6;10;4;17;57;254;319;231;196;227;266;213;253;250;261;338;364;262;169;105;96;140;140
283;10999;St.Gallen Stadt Lukasstr. 30;22.05.2019;Mittwoch;2;17;9;12;3;9;58;259;310;212;207;213;273;221;243;226;250;335;430;277;202;144;104;110;50
284;10999;St.Gallen Stadt Lukasstr. 30;23.05.2019;Donnerstag;1;26;9;5;5;22;58;254;345;219;197;226;271;208;280;228;249;339;334;258;174;124;116;137;84
285;10999;St.Gallen Stadt Lukasstr. 30;23.05.2019;Donnerstag;2;23;5;12;10;12;60;252;298;230;203;207;240;229;240;268;276;310;382;251;178;155;111;117;53
286;10999;St.Gallen Stadt Lukasstr. 30;24.05.2019;Freitag;1;21;12;9;5;21;75;224;305;220;223;231;278;213;305;256;285;345;313;253;191;127;98;108;60
287;10999;St.Gallen Stadt Lukasstr. 30;24.05.2019;Freitag;2;22;14;7;7;18;64;237;300;220;227;233;252;217;274;272;337;339;365;291;181;137;108;88;80
288;10999;St.Gallen Stadt Lukasstr. 30;25.05.2019;Samstag;1;27;23;9;13;12;29;57;94;182;208;268;244;232;220;201;240;208;187;135;94;71;77;80;57
289;10999;St.Gallen Stadt Lukasstr. 30;25.05.2019;Samstag;2;42;26;14;11;20;21;59;71;155;213;249;230;265;231;244;231;241;207;138;111;101;85;74;73
290;10999;St.Gallen Stadt Lukasstr. 30;26.05.2019;Sonntag;1;39;21;28;22;12;8;32;33;88;129;150;157;159;162;176;173;186;160;140;100;97;71;48;29
291;10999;St.Gallen Stadt Lukasstr. 30;26.05.2019;Sonntag;2;46;37;17;15;20;12;27;23;59;100;135;133;156;159;194;189;197;218;188;137;126;89;95;39
292;10999;St.Gallen Stadt Lukasstr. 30;27.05.2019;Montag;1;10;11;5;5;24;65;249;317;228;215;227;236;219;289;228;248;321;337;254;141;107;73;97;26
293;10999;St.Gallen Stadt Lukasstr. 30;27.05.2019;Montag;2;21;11;7;9;18;67;246;309;217;198;212;243;233;254;250;279;352;449;256;169;111;96;87;48
294;10999;St.Gallen Stadt Lukasstr. 30;28.05.2019;Dienstag;1;11;7;3;8;29;56;250;323;251;213;221;283;202;297;275;213;335;346;266;167;98;99;82;32
295;10999;St.Gallen Stadt Lukasstr. 30;28.05.2019;Dienstag;2;16;8;9;4;13;66;234;309;235;194;229;280;200;283;312;353;371;372;245;183;130;141;96;40
296;10999;St.Gallen Stadt Lukasstr. 30;29.05.2019;Mittwoch;1;18;7;8;2;24;65;246;297;263;279;258;282;252;276;269;313;354;339;315;202;120;90;73;50
297;10999;St.Gallen Stadt Lukasstr. 30;29.05.2019;Mittwoch;2;21;11;6;5;16;64;239;313;235;217;229;262;269;274;274;307;374;337;249;177;120;95;78;69
298;10999;St.Gallen Stadt Lukasstr. 30;30.05.2019;Donnerstag;1;33;16;18;13;12;18;30;42;94;126;160;168;149;157;179;162;164;157;127;108;113;77;74;34
299;10999;St.Gallen Stadt Lukasstr. 30;30.05.2019;Donnerstag;2;43;20;15;14;9;14;23;27;51;96;138;157;119;141;177;169;205;180;168;132;132;94;68;52
300;10999;St.Gallen Stadt Lukasstr. 30;31.05.2019;Freitag;1;19;24;9;4;8;28;106;152;192;211;265;225;187;259;262;247;229;197;187;144;93;79;56;46
301;10999;St.Gallen Stadt Lukasstr. 30;31.05.2019;Freitag;2;32;13;11;17;14;23;95;129;159;205;264;236;213;228;283;280;273;269;193;151;131;92;65;54
302;10999;St.Gallen Stadt Lukasstr. 30;01.06.2019;Samstag;1;35;16;12;12;11;22;47;66;142;195;209;228;231;193;231;188;187;163;144;119;125;75;62;71
303;10999;St.Gallen Stadt Lukasstr. 30;01.06.2019;Samstag;2;23;16;18;16;14;18;39;50;120;155;199;237;200;194;210;246;230;211;156;155;120;103;76;63
304;10999;St.Gallen Stadt Lukasstr. 30;02.06.2019;Sonntag;1;39;30;12;13;9;11;29;36;91;120;116;155;148;150;165;151;163;166;141;124;103;70;48;30
305;10999;St.Gallen Stadt Lukasstr. 30;02.06.2019;Sonntag;2;43;28;21;10;10;14;28;22;69;88;131;152;152;169;164;222;209;233;158;164;130;129;71;47
306;10999;St.Gallen Stadt Lukasstr. 30;03.06.2019;Montag;1;12;7;7;4;24;63;254;312;237;210;238;240;193;268;250;259;275;346;233;162;90;88;58;29
307;10999;St.Gallen Stadt Lukasstr. 30;03.06.2019;Montag;2;12;10;9;5;14;65;257;285;219;207;229;252;204;276;227;256;326;374;249;197;126;102;59;35
308;10999;St.Gallen Stadt Lukasstr. 30;04.06.2019;Dienstag;1;15;8;5;3;15;66;238;337;241;211;227;256;204;243;237;213;328;346;274;196;108;93;72;28
309;10999;St.Gallen Stadt Lukasstr. 30;04.06.2019;Dienstag;2;9;10;12;4;12;57;235;298;233;218;202;217;234;241;229;250;326;414;313;195;136;153;79;42
310;10999;St.Gallen Stadt Lukasstr. 30;05.06.2019;Mittwoch;1;9;14;5;1;16;61;244;324;228;213;214;253;242;305;229;231;325;316;274;143;130;79;76;43
311;10999;St.Gallen Stadt Lukasstr. 30;05.06.2019;Mittwoch;2;16;11;9;10;17;60;212;318;247;191;216;259;218;271;227;246;330;390;290;166;135;113;97;34
312;10999;St.Gallen Stadt Lukasstr. 30;06.06.2019;Donnerstag;1;15;6;4;9;17;72;222;313;245;214;244;273;227;262;223;277;277;355;239;176;127;90;68;35
313;10999;St.Gallen Stadt Lukasstr. 30;06.06.2019;Donnerstag;2;14;7;8;10;11;59;213;315;225;198;241;226;242;251;226;266;328;381;260;168;136;116;83;29
314;10999;St.Gallen Stadt Lukasstr. 30;07.06.2019;Freitag;1;12;13;7;3;17;52;225;277;225;213;240;281;251;330;326;324;322;341;308;181;116;100;77;52
315;10999;St.Gallen Stadt Lukasstr. 30;07.06.2019;Freitag;2;22;5;5;10;18;58;211;286;235;183;206;298;216;224;259;305;349;342;296;198;141;101;91;68
316;10999;St.Gallen Stadt Lukasstr. 30;08.06.2019;Samstag;1;35;29;21;8;14;28;59;94;150;183;235;281;219;231;218;219;209;167;156;113;89;91;61;61
317;10999;St.Gallen Stadt Lukasstr. 30;08.06.2019;Samstag;2;30;16;12;12;18;20;53;77;119;179;224;226;219;223;239;194;245;236;170;134;98;103;77;71
318;10999;St.Gallen Stadt Lukasstr. 30;09.06.2019;Sonntag;1;54;20;22;12;17;9;28;38;74;118;120;152;142;126;131;147;139;141;126;110;83;53;54;50
319;10999;St.Gallen Stadt Lukasstr. 30;09.06.2019;Sonntag;2;41;30;19;12;16;7;25;29;49;87;108;138;125;136;131;165;184;183;138;132;81;73;71;49
320;10999;St.Gallen Stadt Lukasstr. 30;10.06.2019;Montag;1;33;12;10;6;4;8;20;20;45;87;111;145;164;130;165;141;134;178;117;89;81;47;38;31
321;10999;St.Gallen Stadt Lukasstr. 30;10.06.2019;Montag;2;38;19;11;8;9;4;17;23;27;65;96;131;143;139;206;189;236;421;155;121;89;70;50;26
322;10999;St.Gallen Stadt Lukasstr. 30;11.06.2019;Dienstag;1;4;8;2;7;18;73;251;345;244;234;250;255;247;275;264;252;329;354;227;159;96;78;57;30
323;10999;St.Gallen Stadt Lukasstr. 30;11.06.2019;Dienstag;2;14;10;7;4;18;52;253;334;272;228;214;257;240;260;261;268;318;419;264;177;96;101;66;34
324;10999;St.Gallen Stadt Lukasstr. 30;12.06.2019;Mittwoch;1;9;4;7;2;20;63;237;284;261;196;195;238;236;290;275;242;295;397;276;168;113;80;77;36
325;10999;St.Gallen Stadt Lukasstr. 30;12.06.2019;Mittwoch;2;14;7;6;8;19;64;231;331;224;204;207;216;250;234;282;265;328;360;287;216;157;102;62;35
326;10999;St.Gallen Stadt Lukasstr. 30;13.06.2019;Donnerstag;1;11;11;3;7;23;66;264;280;250;227;217;252;213;248;251;238;330;326;262;181;111;109;73;33
327;10999;St.Gallen Stadt Lukasstr. 30;13.06.2019;Donnerstag;2;17;11;9;5;22;79;243;311;218;220;208;241;221;233;231;260;328;386;257;198;156;119;77;39
328;10999;St.Gallen Stadt Lukasstr. 30;14.06.2019;Freitag;1;11;5;10;6;26;59;254;357;292;264;286;343;285;330;277;282;400;386;278;198;137;108;119;87
329;10999;St.Gallen Stadt Lukasstr. 30;14.06.2019;Freitag;2;16;7;8;8;15;72;232;324;303;263;282;284;278;289;306;314;384;409;325;230;171;116;108;77
330;10999;St.Gallen Stadt Lukasstr. 30;15.06.2019;Samstag;1;37;26;13;11;14;43;68;117;168;223;237;272;223;242;195;230;175;181;158;100;97;86;56;48
331;10999;St.Gallen Stadt Lukasstr. 30;15.06.2019;Samstag;2;27;29;18;14;14;28;65;92;121;193;237;229;243;235;224;240;220;217;155;123;96;104;82;77
332;10999;St.Gallen Stadt Lukasstr. 30;16.06.2019;Sonntag;1;44;31;10;14;9;12;33;34;58;110;132;162;166;141;188;179;168;160;132;122;105;63;45;27
333;10999;St.Gallen Stadt Lukasstr. 30;16.06.2019;Sonntag;2;39;22;20;12;7;15;24;18;45;120;131;119;125;154;178;201;230;205;172;173;109;104;52;45
334;10999;St.Gallen Stadt Lukasstr. 30;17.06.2019;Montag;1;10;9;4;6;26;68;229;322;247;223;230;252;224;241;222;239;325;370;252;149;111;88;55;33
335;10999;St.Gallen Stadt Lukasstr. 30;17.06.2019;Montag;2;6;7;8;8;17;65;231;345;267;222;210;252;214;255;226;277;325;374;257;176;166;116;87;31
336;10999;St.Gallen Stadt Lukasstr. 30;18.06.2019;Dienstag;1;14;6;4;2;24;72;263;321;224;226;193;242;176;237;239;234;319;360;244;176;98;84;52;33
337;10999;St.Gallen Stadt Lukasstr. 30;18.06.2019;Dienstag;2;14;9;6;10;17;67;252;320;231;216;223;243;219;268;212;234;353;358;266;201;99;110;59;38
338;10999;St.Gallen Stadt Lukasstr. 30;19.06.2019;Mittwoch;1;12;9;5;1;22;59;241;296;251;248;241;263;192;317;237;235;295;373;298;182;113;114;93;35
339;10999;St.Gallen Stadt Lukasstr. 30;19.06.2019;Mittwoch;2;17;7;9;5;14;59;242;333;214;229;217;248;263;276;254;271;335;391;285;190;147;143;105;50
340;10999;St.Gallen Stadt Lukasstr. 30;20.06.2019;Donnerstag;1;5;6;2;4;21;54;259;275;239;195;257;284;216;260;267;232;306;339;278;199;117;105;97;39
341;10999;St.Gallen Stadt Lukasstr. 30;20.06.2019;Donnerstag;2;18;9;3;6;15;64;241;320;237;218;227;258;242;245;253;277;318;388;297;226;130;113;91;40
342;10999;St.Gallen Stadt Lukasstr. 30;21.06.2019;Freitag;1;15;8;2;4;20;63;217;260;254;198;229;272;195;234;263;277;346;302;216;160;116;76;86;63
343;10999;St.Gallen Stadt Lukasstr. 30;21.06.2019;Freitag;2;16;9;7;10;18;61;219;330;235;198;216;263;239;243;244;279;319;375;269;185;151;107;93;70
344;10999;St.Gallen Stadt Lukasstr. 30;22.06.2019;Samstag;1;50;23;12;10;9;40;46;82;144;202;234;201;220;225;216;203;200;185;150;96;90;68;71;58
345;10999;St.Gallen Stadt Lukasstr. 30;22.06.2019;Samstag;2;35;25;11;18;10;31;46;81;133;181;222;275;229;237;223;241;239;216;161;113;90;86;88;74
346;10999;St.Gallen Stadt Lukasstr. 30;23.06.2019;Sonntag;1;35;26;15;13;7;13;28;34;66;120;152;156;168;159;187;169;184;184;170;126;104;94;58;23
347;10999;St.Gallen Stadt Lukasstr. 30;23.06.2019;Sonntag;2;34;27;11;15;8;15;18;27;56;101;109;146;155;161;202;181;162;206;201;177;167;112;65;32
348;10999;St.Gallen Stadt Lukasstr. 30;24.06.2019;Montag;1;11;8;3;3;24;63;262;315;239;215;211;256;204;273;256;221;333;336;299;181;126;90;60;34
349;10999;St.Gallen Stadt Lukasstr. 30;24.06.2019;Montag;2;16;9;9;6;15;71;251;317;254;212;223;250;225;271;297;280;332;386;302;233;174;136;71;38
350;10999;St.Gallen Stadt Lukasstr. 30;25.06.2019;Dienstag;1;11;8;4;4;23;76;279;308;235;229;230;266;202;260;226;215;328;412;249;176;130;118;65;47
351;10999;St.Gallen Stadt Lukasstr. 30;25.06.2019;Dienstag;2;10;8;3;6;13;69;247;325;261;232;257;256;241;285;265;283;338;363;293;206;159;129;158;74
352;10999;St.Gallen Stadt Lukasstr. 30;26.06.2019;Mittwoch;1;13;13;4;6;26;73;261;322;258;236;214;274;190;300;229;226;349;347;279;183;140;112;79;57
353;10999;St.Gallen Stadt Lukasstr. 30;26.06.2019;Mittwoch;2;19;13;6;10;13;70;264;329;254;225;225;265;262;298;283;299;331;340;270;213;164;137;99;51
354;10999;St.Gallen Stadt Lukasstr. 30;27.06.2019;Donnerstag;1;10;12;5;9;26;60;255;274;254;244;259;284;224;252;235;263;356;324;234;185;127;98;75;34
355;10999;St.Gallen Stadt Lukasstr. 30;27.06.2019;Donnerstag;2;19;6;15;5;14;70;250;295;267;257;223;254;257;267;243;301;330;374;239;210;153;106;84;58
356;10999;St.Gallen Stadt Lukasstr. 30;28.06.2019;Freitag;1;15;15;14;9;23;71;212;284;265;212;242;296;220;282;255;285;321;294;234;158;119;112;95;77
357;10999;St.Gallen Stadt Lukasstr. 30;28.06.2019;Freitag;2;17;14;9;15;15;70;237;268;221;245;245;269;225;298;280;290;326;299;255;164;141;127;104;61
358;10999;St.Gallen Stadt Lukasstr. 30;29.06.2019;Samstag;1;36;22;13;14;26;42;77;118;207;261;258;294;254;226;208;220;227;203;187;153;115;79;101;55
359;10999;St.Gallen Stadt Lukasstr. 30;29.06.2019;Samstag;2;40;20;13;15;19;31;66;106;172;241;274;282;260;251;214;233;275;247;199;166;133;139;136;99
360;10999;St.Gallen Stadt Lukasstr. 30;30.06.2019;Sonntag;1;42;41;18;21;21;16;38;49;101;147;183;200;175;168;167;162;168;176;201;181;137;101;88;58
361;10999;St.Gallen Stadt Lukasstr. 30;30.06.2019;Sonntag;2;49;45;20;14;17;16;45;38;75;127;167;179;194;181;199;186;196;190;217;217;188;151;149;126
362;10999;St.Gallen Stadt Lukasstr. 30;01.07.2019;Montag;1;25;17;7;5;31;67;269;276;238;213;215;261;224;237;228;258;320;360;226;145;92;67;83;30
363;10999;St.Gallen Stadt Lukasstr. 30;01.07.2019;Montag;2;48;22;14;11;21;74;269;333;236;227;231;229;241;252;240;263;306;346;272;172;117;112;119;41
364;10999;St.Gallen Stadt Lukasstr. 30;02.07.2019;Dienstag;1;11;10;4;7;20;75;256;294;221;203;191;289;198;239;230;238;323;346;277;153;98;98;108;72
365;10999;St.Gallen Stadt Lukasstr. 30;02.07.2019;Dienstag;2;14;6;5;13;19;66;246;326;266;188;220;222;229;267;219;258;323;393;323;188;124;125;122;50
366;10999;St.Gallen Stadt Lukasstr. 30;03.07.2019;Mittwoch;1;20;8;9;3;17;73;264;297;238;214;238;265;219;261;241;224;328;350;271;163;125;105;89;70
367;10999;St.Gallen Stadt Lukasstr. 30;03.07.2019;Mittwoch;2;17;12;11;10;20;70;260;325;233;217;227;276;223;279;235;275;347;403;273;213;141;121;145;77
368;10999;St.Gallen Stadt Lukasstr. 30;04.07.2019;Donnerstag;1;16;16;2;10;30;80;263;338;219;214;250;261;235;251;227;226;309;354;277;166;116;115;81;51
369;10999;St.Gallen Stadt Lukasstr. 30;04.07.2019;Donnerstag;2;24;13;9;4;20;66;256;307;253;215;236;285;224;238;298;270;325;366;306;188;146;133;95;45
370;10999;St.Gallen Stadt Lukasstr. 30;05.07.2019;Freitag;1;20;11;6;11;15;79;216;290;245;246;221;289;221;258;241;219;331;327;245;184;133;88;78;74
371;10999;St.Gallen Stadt Lukasstr. 30;05.07.2019;Freitag;2;23;11;13;9;12;63;227;286;225;217;240;262;259;272;264;285;316;345;283;192;164;112;106;72
372;10999;St.Gallen Stadt Lukasstr. 30;06.07.2019;Samstag;1;63;31;15;15;21;32;72;106;160;212;216;211;214;200;195;181;191;161;130;105;76;65;54;54
373;10999;St.Gallen Stadt Lukasstr. 30;06.07.2019;Samstag;2;45;23;16;17;13;22;52;80;131;184;215;189;220;207;179;197;230;170;130;112;92;87;68;71
374;10999;St.Gallen Stadt Lukasstr. 30;07.07.2019;Sonntag;1;35;26;14;16;21;11;29;30;40;82;114;130;156;142;157;162;150;118;120;100;96;81;41;28
375;10999;St.Gallen Stadt Lukasstr. 30;07.07.2019;Sonntag;2;51;30;23;17;16;9;21;31;46;68;109;122;161;128;163;188;197;174;157;123;110;81;57;23
376;10999;St.Gallen Stadt Lukasstr. 30;08.07.2019;Montag;1;8;5;1;3;19;59;253;300;205;240;224;230;195;271;204;220;335;339;222;110;80;73;54;22
377;10999;St.Gallen Stadt Lukasstr. 30;08.07.2019;Montag;2;22;7;7;7;16;62;239;286;215;180;209;218;250;239;230;249;302;360;222;184;85;88;62;33
378;10999;St.Gallen Stadt Lukasstr. 30;09.07.2019;Dienstag;1;8;7;4;6;18;63;250;271;233;202;204;272;198;237;223;239;265;262;241;177;106;88;68;32
379;10999;St.Gallen Stadt Lukasstr. 30;09.07.2019;Dienstag;2;10;9;5;11;11;62;244;298;221;198;209;226;198;260;238;257;488;504;364;192;129;111;81;28
380;10999;St.Gallen Stadt Lukasstr. 30;10.07.2019;Mittwoch;1;11;10;4;7;24;66;221;267;236;210;224;244;217;239;205;213;324;328;241;156;91;85;73;31
381;10999;St.Gallen Stadt Lukasstr. 30;10.07.2019;Mittwoch;2;20;8;7;9;11;78;234;292;191;218;225;204;206;224;222;250;306;376;296;214;125;117;84;33
382;10999;St.Gallen Stadt Lukasstr. 30;11.07.2019;Donnerstag;1;19;4;10;7;21;58;200;279;208;211;220;224;197;273;246;240;321;327;205;145;94;69;54;26
383;10999;St.Gallen Stadt Lukasstr. 30;11.07.2019;Donnerstag;2;17;6;8;9;7;70;225;298;212;174;200;245;203;237;280;276;317;329;225;158;100;99;73;33
384;10999;St.Gallen Stadt Lukasstr. 30;12.07.2019;Freitag;1;10;7;4;12;29;62;200;249;190;205;216;284;174;246;220;245;304;285;186;134;82;67;80;48
385;10999;St.Gallen Stadt Lukasstr. 30;12.07.2019;Freitag;2;18;9;8;10;15;75;195;241;180;194;222;229;209;247;228;254;336;254;219;140;100;95;91;43
386;10999;St.Gallen Stadt Lukasstr. 30;13.07.2019;Samstag;1;28;13;13;14;15;28;51;71;137;175;209;206;199;174;163;190;158;139;119;94;74;86;70;59
387;10999;St.Gallen Stadt Lukasstr. 30;13.07.2019;Samstag;2;30;15;11;13;14;17;59;52;102;152;192;201;213;203;185;182;189;173;153;128;124;77;68;58
388;10999;St.Gallen Stadt Lukasstr. 30;14.07.2019;Sonntag;1;28;17;8;16;9;18;31;46;48;89;134;134;138;165;121;156;138;140;121;102;88;68;36;15
389;10999;St.Gallen Stadt Lukasstr. 30;14.07.2019;Sonntag;2;35;18;11;19;13;10;31;19;41;76;125;140;109;146;170;192;308;195;166;128;118;87;55;34
390;10999;St.Gallen Stadt Lukasstr. 30;15.07.2019;Montag;1;9;5;6;3;15;58;208;217;183;196;203;232;182;214;202;238;316;282;199;125;72;73;38;23
391;10999;St.Gallen Stadt Lukasstr. 30;15.07.2019;Montag;2;18;9;4;4;13;50;217;264;176;159;161;201;191;246;205;214;289;306;218;146;101;88;46;33
392;10999;St.Gallen Stadt Lukasstr. 30;16.07.2019;Dienstag;1;17;5;3;10;22;50;206;242;194;185;198;214;171;246;209;221;255;328;222;128;80;62;58;26
393;10999;St.Gallen Stadt Lukasstr. 30;16.07.2019;Dienstag;2;16;6;8;9;11;61;209;266;168;186;193;180;207;215;208;242;256;317;226;148;117;103;68;38
394;10999;St.Gallen Stadt Lukasstr. 30;17.07.2019;Mittwoch;1;13;10;4;3;16;53;222;234;189;195;194;225;197;222;190;198;268;303;231;145;103;73;55;28
395;10999;St.Gallen Stadt Lukasstr. 30;17.07.2019;Mittwoch;2;20;8;7;11;8;52;197;283;196;176;200;225;202;238;217;229;273;290;211;169;90;133;90;42
396;10999;St.Gallen Stadt Lukasstr. 30;18.07.2019;Donnerstag;1;16;6;5;4;22;52;210;239;164;191;212;231;183;227;194;220;267;324;201;137;80;98;66;35
397;10999;St.Gallen Stadt Lukasstr. 30;18.07.2019;Donnerstag;2;17;7;7;9;9;48;174;255;168;181;197;231;184;196;222;215;279;319;200;164;133;104;80;41
398;10999;St.Gallen Stadt Lukasstr. 30;19.07.2019;Freitag;1;12;7;4;9;19;64;205;226;166;207;243;235;213;219;239;222;323;252;189;144;136;85;73;45
399;10999;St.Gallen Stadt Lukasstr. 30;19.07.2019;Freitag;2;17;9;9;6;14;41;165;219;174;200;213;230;204;208;239;235;284;273;205;149;119;90;75;57
400;10999;St.Gallen Stadt Lukasstr. 30;20.07.2019;Samstag;1;25;18;16;19;16;25;52;87;134;174;194;203;191;169;151;166;149;147;109;97;75;58;67;39
401;10999;St.Gallen Stadt Lukasstr. 30;20.07.2019;Samstag;2;23;25;18;13;15;16;53;57;124;141;189;200;186;185;185;186;186;197;122;92;116;87;77;61
402;10999;St.Gallen Stadt Lukasstr. 30;21.07.2019;Sonntag;1;37;19;9;9;17;16;15;24;45;87;111;133;120;139;135;158;120;156;118;94;82;70;36;26
403;10999;St.Gallen Stadt Lukasstr. 30;21.07.2019;Sonntag;2;42;21;20;13;7;10;25;20;36;54;108;135;114;128;133;147;145;167;133;123;125;82;55;32
404;10999;St.Gallen Stadt Lukasstr. 30;22.07.2019;Montag;1;7;7;2;5;20;46;181;225;152;174;228;214;146;194;176;204;267;299;186;105;75;48;53;22
405;10999;St.Gallen Stadt Lukasstr. 30;22.07.2019;Montag;2;4;6;5;6;15;46;172;230;165;183;162;193;188;215;228;233;235;279;223;134;152;110;67;49
406;10999;St.Gallen Stadt Lukasstr. 30;23.07.2019;Dienstag;1;9;5;8;3;17;41;183;203;159;185;199;209;165;174;183;196;241;251;159;125;92;74;36;26
407;10999;St.Gallen Stadt Lukasstr. 30;23.07.2019;Dienstag;2;12;10;6;6;16;46;146;206;157;148;170;203;177;212;167;196;257;278;204;134;103;96;76;43
408;10999;St.Gallen Stadt Lukasstr. 30;24.07.2019;Mittwoch;1;11;8;0;7;13;50;177;223;172;172;182;188;170;187;231;362;408;390;289;217;170;183;110;57
409;10999;St.Gallen Stadt Lukasstr. 30;24.07.2019;Mittwoch;2;11;15;7;5;11;42;162;207;145;160;170;178;197;227;172;170;221;229;157;107;92;106;65;31
410;10999;St.Gallen Stadt Lukasstr. 30;25.07.2019;Donnerstag;1;29;14;12;13;30;71;278;365;352;256;284;206;174;186;202;206;229;275;202;126;72;85;50;35
411;10999;St.Gallen Stadt Lukasstr. 30;25.07.2019;Donnerstag;2;16;5;3;1;8;26;144;199;126;168;197;190;207;221;206;193;273;276;228;141;114;100;84;41
412;10999;St.Gallen Stadt Lukasstr. 30;26.07.2019;Freitag;1;13;10;5;10;14;41;166;191;168;176;234;228;169;181;195;216;258;228;191;132;85;81;82;33
413;10999;St.Gallen Stadt Lukasstr. 30;26.07.2019;Freitag;2;22;12;7;9;11;35;131;191;175;178;192;237;172;211;216;206;263;271;211;148;102;77;59;57
414;10999;St.Gallen Stadt Lukasstr. 30;27.07.2019;Samstag;1;19;21;6;8;15;22;46;56;111;155;199;213;180;163;187;152;146;134;106;61;67;44;47;29
415;10999;St.Gallen Stadt Lukasstr. 30;27.07.2019;Samstag;2;25;23;9;11;10;14;35;41;89;121;157;198;176;181;186;174;166;200;162;91;54;65;58;43
416;10999;St.Gallen Stadt Lukasstr. 30;28.07.2019;Sonntag;1;21;16;14;9;7;12;25;18;49;68;71;118;107;94;127;98;114;123;63;86;63;32;35;17
417;10999;St.Gallen Stadt Lukasstr. 30;28.07.2019;Sonntag;2;34;23;13;6;6;15;18;21;27;59;75;103;97;96;109;133;116;115;115;91;83;52;44;35
418;10999;St.Gallen Stadt Lukasstr. 30;29.07.2019;Montag;1;8;3;1;1;14;37;157;196;139;172;202;237;165;210;213;228;243;265;189;113;75;52;46;22
419;10999;St.Gallen Stadt Lukasstr. 30;29.07.2019;Montag;2;17;6;3;5;9;35;172;194;134;146;195;164;194;211;209;214;249;271;227;123;78;66;50;32
420;10999;St.Gallen Stadt Lukasstr. 30;30.07.2019;Dienstag;1;10;1;6;2;13;41;151;194;145;225;196;190;157;200;212;197;257;275;177;102;97;100;58;33
421;10999;St.Gallen Stadt Lukasstr. 30;30.07.2019;Dienstag;2;13;8;5;7;9;29;161;203;154;148;170;205;190;200;212;204;269;287;189;146;98;102;85;33
422;10999;St.Gallen Stadt Lukasstr. 30;31.07.2019;Mittwoch;1;13;11;5;6;12;44;140;178;158;175;220;266;194;223;216;224;308;270;180;126;96;71;39;39
423;10999;St.Gallen Stadt Lukasstr. 30;31.07.2019;Mittwoch;2;20;12;6;7;11;30;163;181;153;169;219;226;197;232;202;225;290;260;202;136;90;71;56;50
424;10999;St.Gallen Stadt Lukasstr. 30;01.08.2019;Donnerstag;1;19;16;11;8;9;10;27;41;80;137;133;105;128;126;135;143;154;106;118;83;64;80;65;67
425;10999;St.Gallen Stadt Lukasstr. 30;01.08.2019;Donnerstag;2;36;25;17;12;7;13;24;30;56;93;115;99;114;137;113;140;126;159;145;92;82;105;123;93
426;10999;St.Gallen Stadt Lukasstr. 30;02.08.2019;Freitag;1;21;9;3;7;10;25;86;107;146;169;209;178;190;176;217;195;197;209;139;117;79;85;41;27
427;10999;St.Gallen Stadt Lukasstr. 30;02.08.2019;Freitag;2;48;21;7;15;13;24;76;122;124;164;169;185;180;157;190;225;243;198;187;128;85;68;57;49
428;10999;St.Gallen Stadt Lukasstr. 30;03.08.2019;Samstag;1;22;9;8;4;9;21;32;62;102;174;199;211;187;209;182;147;146;135;119;80;84;56;47;41
429;10999;St.Gallen Stadt Lukasstr. 30;03.08.2019;Samstag;2;20;28;11;13;13;19;44;39;88;144;170;187;158;195;187;179;174;195;136;115;89;64;68;54
430;10999;St.Gallen Stadt Lukasstr. 30;04.08.2019;Sonntag;1;25;24;13;17;8;15;22;41;66;104;119;132;141;132;119;125;122;156;141;113;105;52;31;23
431;10999;St.Gallen Stadt Lukasstr. 30;04.08.2019;Sonntag;2;38;25;10;14;13;12;24;25;34;67;105;138;133;128;141;167;183;168;182;158;143;95;67;34
432;10999;St.Gallen Stadt Lukasstr. 30;05.08.2019;Montag;1;10;5;6;2;16;56;218;232;210;203;232;251;160;213;213;223;279;321;187;115;88;57;51;25
433;10999;St.Gallen Stadt Lukasstr. 30;05.08.2019;Montag;2;17;13;5;4;14;59;204;274;207;157;213;227;192;227;243;219;282;324;236;166;79;82;65;28
434;10999;St.Gallen Stadt Lukasstr. 30;06.08.2019;Dienstag;1;11;6;4;1;15;57;195;217;167;190;182;213;200;212;219;218;269;344;197;123;90;79;55;35
435;10999;St.Gallen Stadt Lukasstr. 30;06.08.2019;Dienstag;2;7;5;3;3;13;54;215;262;165;183;176;219;191;234;220;233;305;340;214;152;101;78;56;21
436;10999;St.Gallen Stadt Lukasstr. 30;07.08.2019;Mittwoch;1;12;10;5;2;14;51;210;227;205;204;245;247;219;280;230;230;318;367;248;120;86;65;54;26
437;10999;St.Gallen Stadt Lukasstr. 30;07.08.2019;Mittwoch;2;22;6;1;6;14;53;212;279;157;199;206;227;216;237;240;232;295;318;253;150;104;93;84;33
438;10999;St.Gallen Stadt Lukasstr. 30;08.08.2019;Donnerstag;1;14;5;9;4;13;44;216;247;206;211;228;271;208;245;238;214;280;323;228;171;113;68;60;32
439;10999;St.Gallen Stadt Lukasstr. 30;08.08.2019;Donnerstag;2;13;9;7;7;16;45;225;245;199;203;223;230;198;233;221;243;270;330;242;197;136;110;61;35
440;10999;St.Gallen Stadt Lukasstr. 30;09.08.2019;Freitag;1;13;9;8;5;16;48;220;246;191;242;271;280;223;249;261;263;325;307;258;147;119;99;64;52
441;10999;St.Gallen Stadt Lukasstr. 30;09.08.2019;Freitag;2;17;16;6;8;15;54;192;251;193;216;234;270;233;237;225;271;299;320;267;174;129;116;93;62
442;10999;St.Gallen Stadt Lukasstr. 30;10.08.2019;Samstag;1;29;27;15;7;10;22;46;66;121;162;224;265;212;197;240;188;213;149;133;88;79;89;44;58
443;10999;St.Gallen Stadt Lukasstr. 30;10.08.2019;Samstag;2;48;30;16;14;20;25;43;51;75;124;171;247;204;190;169;211;236;202;144;98;110;101;66;56
444;10999;St.Gallen Stadt Lukasstr. 30;11.08.2019;Sonntag;1;36;28;9;22;13;16;28;45;79;136;153;171;180;148;178;150;158;186;151;145;102;65;47;23
445;10999;St.Gallen Stadt Lukasstr. 30;11.08.2019;Sonntag;2;40;22;22;19;13;16;39;28;47;81;124;175;140;158;168;161;230;224;184;196;141;88;52;36
446;10999;St.Gallen Stadt Lukasstr. 30;12.08.2019;Montag;1;7;7;4;5;13;56;247;285;204;247;233;266;238;251;233;239;315;352;216;140;95;82;63;31
447;10999;St.Gallen Stadt Lukasstr. 30;12.08.2019;Montag;2;16;4;5;5;13;61;239;295;214;146;210;231;213;265;213;234;302;364;219;169;101;74;59;18
448;10999;St.Gallen Stadt Lukasstr. 30;13.08.2019;Dienstag;1;9;5;4;2;19;58;257;304;231;203;210;251;189;254;232;286;329;374;243;166;106;90;60;35
449;10999;St.Gallen Stadt Lukasstr. 30;13.08.2019;Dienstag;2;12;4;4;8;15;56;250;305;202;179;220;211;213;270;204;272;308;358;281;180;113;102;82;48
450;10999;St.Gallen Stadt Lukasstr. 30;14.08.2019;Mittwoch;1;7;7;5;2;11;45;254;296;212;228;203;283;219;245;212;260;324;362;256;177;96;100;65;42
451;10999;St.Gallen Stadt Lukasstr. 30;14.08.2019;Mittwoch;2;16;8;3;7;15;59;241;300;215;185;184;239;234;256;245;245;296;370;301;204;128;107;68;37
452;10999;St.Gallen Stadt Lukasstr. 30;15.08.2019;Donnerstag;1;10;13;5;5;15;60;233;301;211;234;224;329;227;286;261;246;307;375;312;185;134;99;84;40
453;10999;St.Gallen Stadt Lukasstr. 30;15.08.2019;Donnerstag;2;11;8;8;7;14;57;234;300;229;218;215;221;216;255;219;252;313;357;282;226;131;104;60;44
454;10999;St.Gallen Stadt Lukasstr. 30;16.08.2019;Freitag;1;10;6;7;5;17;48;211;264;211;210;250;269;232;271;250;270;346;320;226;153;102;78;57;48
455;10999;St.Gallen Stadt Lukasstr. 30;16.08.2019;Freitag;2;19;7;8;9;17;54;224;290;175;190;226;241;204;240;227;238;328;339;268;167;125;85;50;49
456;10999;St.Gallen Stadt Lukasstr. 30;17.08.2019;Samstag;1;32;19;20;10;12;30;69;88;129;199;224;284;209;221;255;225;195;152;116;90;86;50;65;50
457;10999;St.Gallen Stadt Lukasstr. 30;17.08.2019;Samstag;2;27;21;24;17;12;25;53;52;115;163;183;185;206;206;208;218;213;218;154;102;92;69;59;51
458;10999;St.Gallen Stadt Lukasstr. 30;18.08.2019;Sonntag;1;40;15;23;8;12;33;29;35;70;133;120;178;143;165;174;131;201;179;133;120;93;86;39;23
459;10999;St.Gallen Stadt Lukasstr. 30;18.08.2019;Sonntag;2;28;22;17;10;19;13;26;24;44;77;121;144;158;180;177;169;181;219;185;158;145;99;48;29
460;10999;St.Gallen Stadt Lukasstr. 30;19.08.2019;Montag;1;13;8;2;3;15;57;219;339;278;222;248;275;218;230;254;246;330;378;246;152;97;56;51;22
461;10999;St.Gallen Stadt Lukasstr. 30;19.08.2019;Montag;2;22;7;9;4;17;58;230;285;257;182;183;262;225;220;235;254;313;351;260;177;110;72;69;28
462;10999;St.Gallen Stadt Lukasstr. 30;20.08.2019;Dienstag;1;11;2;3;5;15;73;234;282;231;196;248;268;207;242;242;232;312;359;234;142;107;79;49;30
463;10999;St.Gallen Stadt Lukasstr. 30;20.08.2019;Dienstag;2;13;11;8;6;12;58;252;296;222;173;218;228;223;220;206;224;314;359;251;187;118;90;55;28
464;10999;St.Gallen Stadt Lukasstr. 30;21.08.2019;Mittwoch;1;20;13;3;8;17;59;243;282;251;178;225;275;211;248;240;234;303;334;285;173;114;76;60;30
465;10999;St.Gallen Stadt Lukasstr. 30;21.08.2019;Mittwoch;2;8;7;6;5;17;59;239;329;204;193;184;218;203;250;225;236;343;353;286;175;139;81;87;33
466;10999;St.Gallen Stadt Lukasstr. 30;22.08.2019;Donnerstag;1;6;9;2;6;17;57;253;282;214;221;253;278;191;246;229;263;294;315;268;179;108;68;68;44
467;10999;St.Gallen Stadt Lukasstr. 30;22.08.2019;Donnerstag;2;13;11;9;4;17;63;223;301;216;203;217;232;197;229;226;260;296;375;265;218;117;107;67;40
468;10999;St.Gallen Stadt Lukasstr. 30;23.08.2019;Freitag;1;9;10;5;5;20;51;225;279;229;225;216;277;237;244;270;238;310;289;241;147;119;91;71;48
469;10999;St.Gallen Stadt Lukasstr. 30;23.08.2019;Freitag;2;17;8;4;12;17;60;191;310;192;176;200;262;213;233;230;246;347;382;272;184;111;94;82;71
470;10999;St.Gallen Stadt Lukasstr. 30;24.08.2019;Samstag;1;48;27;22;9;18;22;64;90;145;197;229;240;264;217;230;238;182;170;154;107;92;74;45;49
471;10999;St.Gallen Stadt Lukasstr. 30;24.08.2019;Samstag;2;47;18;17;14;16;24;38;70;117;155;212;208;218;214;212;182;250;185;166;111;119;89;59;60
472;10999;St.Gallen Stadt Lukasstr. 30;25.08.2019;Sonntag;1;37;20;24;12;10;14;34;39;102;177;175;241;234;207;231;228;186;200;161;140;110;78;54;15
473;10999;St.Gallen Stadt Lukasstr. 30;25.08.2019;Sonntag;2;43;32;19;20;8;15;14;29;51;108;156;214;223;198;245;263;270;264;224;174;145;97;53;36
474;10999;St.Gallen Stadt Lukasstr. 30;26.08.2019;Montag;1;8;10;1;4;20;48;217;285;264;268;222;302;209;264;258;284;334;426;261;159;118;84;64;19
475;10999;St.Gallen Stadt Lukasstr. 30;26.08.2019;Montag;2;16;8;6;7;13;51;174;173;50;34;45;55;71;50;61;65;68;90;57;22;27;18;18;6
476;10999;St.Gallen Stadt Lukasstr. 30;27.08.2019;Dienstag;1;18;5;4;8;22;64;257;294;237;240;254;266;192;244;249;266;327;416;278;192;121;95;55;38
477;10999;St.Gallen Stadt Lukasstr. 30;27.08.2019;Dienstag;2;7;2;2;1;8;30;94;95;51;33;37;50;43;56;50;52;59;62;61;29;25;18;6;4
478;10999;St.Gallen Stadt Lukasstr. 30;28.08.2019;Mittwoch;1;8;10;4;4;15;50;253;328;234;228;234;267;226;276;237;272;377;386;245;208;142;91;64;38
479;10999;St.Gallen Stadt Lukasstr. 30;28.08.2019;Mittwoch;2;3;4;2;0;2;17;89;85;47;48;30;46;40;59;49;39;51;62;36;48;30;12;14;6
480;10999;St.Gallen Stadt Lukasstr. 30;29.08.2019;Donnerstag;1;18;5;5;9;17;62;255;328;251;221;204;288;236;253;265;255;406;409;287;184;130;77;73;40
481;10999;St.Gallen Stadt Lukasstr. 30;29.08.2019;Donnerstag;2;6;2;4;2;4;20;80;89;51;41;40;42;55;39;36;36;62;54;40;34;17;18;13;8
482;10999;St.Gallen Stadt Lukasstr. 30;30.08.2019;Freitag;1;10;12;2;5;23;54;249;317;237;238;241;329;220;272;261;292;377;338;264;199;133;109;68;68
483;10999;St.Gallen Stadt Lukasstr. 30;30.08.2019;Freitag;2;3;3;2;0;1;19;79;68;49;29;47;45;54;56;50;44;53;54;34;26;16;19;12;4
484;10999;St.Gallen Stadt Lukasstr. 30;31.08.2019;Samstag;1;51;22;16;12;19;24;49;113;165;208;285;246;248;258;221;228;212;201;129;114;90;92;55;58
485;10999;St.Gallen Stadt Lukasstr. 30;31.08.2019;Samstag;2;10;3;3;2;4;5;9;10;14;20;21;27;29;29;18;21;32;27;20;16;20;6;10;9
486;10999;St.Gallen Stadt Lukasstr. 30;04.10.2019;Freitag;1;16;14;5;7;18;61;219;321;232;236;253;298;254;268;289;301;351;308;222;152;96;77;77;49
487;10999;St.Gallen Stadt Lukasstr. 30;04.10.2019;Freitag;2;1;5;1;0;1;16;74;61;40;35;42;43;44;51;45;33;35;30;34;17;13;12;9;4
488;10999;St.Gallen Stadt Lukasstr. 30;05.10.2019;Samstag;1;29;23;12;16;25;20;57;75;142;196;249;254;212;220;241;234;206;199;139;114;102;75;85;56
489;10999;St.Gallen Stadt Lukasstr. 30;05.10.2019;Samstag;2;5;4;2;2;0;1;3;4;8;21;19;22;18;8;18;19;17;18;15;21;7;10;7;2
490;10999;St.Gallen Stadt Lukasstr. 30;06.10.2019;Sonntag;1;38;15;20;10;18;9;27;26;75;101;137;153;135;169;192;188;175;143;140;103;97;54;33;27
491;10999;St.Gallen Stadt Lukasstr. 30;06.10.2019;Sonntag;2;3;3;2;1;4;2;1;0;3;11;12;15;15;22;28;11;19;10;19;15;15;10;5;4
492;10999;St.Gallen Stadt Lukasstr. 30;07.10.2019;Montag;1;7;10;4;7;17;69;231;322;248;240;252;281;229;305;239;259;372;373;229;118;101;54;44;23
493;10999;St.Gallen Stadt Lukasstr. 30;07.10.2019;Montag;2;1;0;3;1;3;12;85;77;45;28;29;25;52;40;46;25;43;37;21;19;9;5;2;2
494;10999;St.Gallen Stadt Lukasstr. 30;08.10.2019;Dienstag;1;11;9;5;6;25;63;231;316;232;221;249;258;260;259;269;253;337;362;235;153;95;71;75;33
495;10999;St.Gallen Stadt Lukasstr. 30;08.10.2019;Dienstag;2;0;1;0;0;4;10;77;67;38;26;26;33;54;31;38;29;38;38;15;16;13;5;6;4
496;10999;St.Gallen Stadt Lukasstr. 30;09.10.2019;Mittwoch;1;15;10;8;6;22;67;235;319;223;251;247;278;206;262;259;241;314;310;227;153;81;65;59;29
497;10999;St.Gallen Stadt Lukasstr. 30;09.10.2019;Mittwoch;2;3;1;2;1;3;10;79;76;29;35;29;33;48;80;128;167;181;181;163;115;58;53;38;20
498;10999;St.Gallen Stadt Lukasstr. 30;10.10.2019;Donnerstag;1;16;8;5;3;19;64;200;293;215;216;206;246;229;250;228;198;286;340;242;131;95;87;68;43
499;10999;St.Gallen Stadt Lukasstr. 30;10.10.2019;Donnerstag;2;7;3;7;5;7;27;148;199;133;179;155;170;176;182;213;169;208;238;185;138;77;58;52;21
500;10999;St.Gallen Stadt Lukasstr. 30;11.10.2019;Freitag;1;13;12;9;8;14;68;187;258;199;201;244;254;224;255;258;267;321;270;217;163;104;82;72;62
501;10999;St.Gallen Stadt Lukasstr. 30;11.10.2019;Freitag;2;10;15;4;5;10;30;152;187;160;141;164;208;179;239;216;204;256;231;220;133;96;64;45;50
502;10999;St.Gallen Stadt Lukasstr. 30;12.10.2019;Samstag;1;33;27;16;13;22;28;52;78;133;185;205;240;206;212;185;215;181;152;167;124;112;81;69;79
503;10999;St.Gallen Stadt Lukasstr. 30;12.10.2019;Samstag;2;30;19;14;17;11;16;39;46;104;149;151;197;163;178;165;190;210;179;154;94;85;68;50;47
504;10999;St.Gallen Stadt Lukasstr. 30;13.10.2019;Sonntag;1;35;32;16;18;15;21;27;34;55;126;137;201;150;162;210;166;195;163;161;111;77;69;47;17
505;10999;St.Gallen Stadt Lukasstr. 30;13.10.2019;Sonntag;2;27;19;15;13;11;13;16;16;51;76;118;128;168;141;168;174;181;211;181;123;87;61;28;30
506;10999;St.Gallen Stadt Lukasstr. 30;14.10.2019;Montag;1;7;9;3;3;21;71;221;302;197;222;243;273;262;240;272;234;309;324;234;163;99;63;39;30
507;10999;St.Gallen Stadt Lukasstr. 30;14.10.2019;Montag;2;16;4;6;6;15;40;195;245;167;194;192;195;224;210;222;221;282;296;224;144;74;54;54;28
508;10999;St.Gallen Stadt Lukasstr. 30;15.10.2019;Dienstag;1;6;10;8;9;22;60;227;299;196;209;248;266;208;231;222;235;339;349;241;111;87;88;45;34
509;10999;St.Gallen Stadt Lukasstr. 30;15.10.2019;Dienstag;2;12;10;7;8;15;42;177;258;203;189;173;222;205;218;204;211;263;269;208;120;73;65;45;32
510;10999;St.Gallen Stadt Lukasstr. 30;16.10.2019;Mittwoch;1;18;9;5;1;15;62;210;287;196;222;213;258;199;227;257;278;293;338;262;157;110;87;62;32
511;10999;St.Gallen Stadt Lukasstr. 30;16.10.2019;Mittwoch;2;18;6;2;3;10;42;168;242;170;161;159;193;179;192;203;211;296;307;238;150;103;67;42;28
512;10999;St.Gallen Stadt Lukasstr. 30;17.10.2019;Donnerstag;1;14;9;7;8;24;57;220;293;209;204;230;276;210;268;248;256;336;351;243;144;102;78;68;26
513;10999;St.Gallen Stadt Lukasstr. 30;17.10.2019;Donnerstag;2;14;11;4;5;12;41;192;248;179;179;205;225;190;233;189;248;292;317;209;132;72;59;53;30
514;10999;St.Gallen Stadt Lukasstr. 30;18.10.2019;Freitag;1;17;9;9;10;21;62;215;267;217;196;255;269;196;244;273;303;302;232;213;150;117;92;70;49
515;10999;St.Gallen Stadt Lukasstr. 30;18.10.2019;Freitag;2;9;8;6;7;13;37;173;214;205;178;176;247;205;219;346;265;256;274;214;117;96;68;53;44
516;10999;St.Gallen Stadt Lukasstr. 30;19.10.2019;Samstag;1;24;28;18;20;14;22;50;96;123;181;229;231;202;218;229;219;190;179;160;112;80;62;105;66
517;10999;St.Gallen Stadt Lukasstr. 30;19.10.2019;Samstag;2;30;18;12;8;12;22;25;47;89;146;199;200;217;183;201;190;213;174;153;98;81;62;66;59
518;10999;St.Gallen Stadt Lukasstr. 30;20.10.2019;Sonntag;1;43;33;15;17;16;20;23;30;55;112;127;158;182;200;224;183;226;205;186;117;80;49;32;15
519;10999;St.Gallen Stadt Lukasstr. 30;20.10.2019;Sonntag;2;34;28;17;10;10;10;16;26;51;64;110;161;153;153;189;192;178;166;157;122;85;41;42;20
520;10999;St.Gallen Stadt Lukasstr. 30;21.10.2019;Montag;1;13;6;0;4;20;65;221;312;247;248;224;230;215;236;245;219;325;340;259;140;80;68;58;24
521;10999;St.Gallen Stadt Lukasstr. 30;21.10.2019;Montag;2;7;11;7;3;15;39;200;296;200;162;182;210;205;208;216;181;287;304;213;138;108;58;78;41
522;10999;St.Gallen Stadt Lukasstr. 30;22.10.2019;Dienstag;1;9;7;3;5;18;63;239;306;229;198;202;259;202;249;228;247;309;328;236;143;115;84;74;28
523;10999;St.Gallen Stadt Lukasstr. 30;22.10.2019;Dienstag;2;12;9;8;7;12;42;206;258;223;185;148;185;175;202;184;207;284;291;269;162;87;85;84;44
524;10999;St.Gallen Stadt Lukasstr. 30;23.10.2019;Mittwoch;1;11;6;2;4;16;70;226;311;240;181;198;216;223;267;288;321;357;376;305;175;107;85;59;33
525;10999;St.Gallen Stadt Lukasstr. 30;23.10.2019;Mittwoch;2;15;8;9;10;16;43;177;233;162;133;141;160;165;158;60;54;56;88;59;41;22;12;14;9
526;10999;St.Gallen Stadt Lukasstr. 30;24.10.2019;Donnerstag;1;10;6;3;3;25;70;261;353;285;244;220;346;209;286;212;261;347;388;292;199;113;100;105;25
527;10999;St.Gallen Stadt Lukasstr. 30;24.10.2019;Donnerstag;2;1;4;0;3;3;30;89;112;52;57;44;53;53;53;29;43;38;54;36;29;24;15;11;6
528;10999;St.Gallen Stadt Lukasstr. 30;25.10.2019;Freitag;1;18;7;7;1;15;56;239;333;242;259;249;289;220;307;295;315;406;341;287;186;122;89;79;57
529;10999;St.Gallen Stadt Lukasstr. 30;25.10.2019;Freitag;2;6;3;2;0;2;17;86;66;55;36;37;53;43;64;32;38;48;47;43;25;25;16;13;10
530;10999;St.Gallen Stadt Lukasstr. 30;26.10.2019;Samstag;1;40;26;20;7;13;27;47;100;161;252;252;256;224;269;290;256;247;204;190;121;89;73;55;61
531;10999;St.Gallen Stadt Lukasstr. 30;26.10.2019;Samstag;2;5;3;2;1;1;2;6;10;17;20;21;24;24;22;31;36;30;23;30;9;19;8;7;15
532;10999;St.Gallen Stadt Lukasstr. 30;27.10.2019;Sonntag;1;34;21;11;10;10;12;23;49;111;156;167;213;212;205;267;174;169;177;148;84;70;38;36;19
533;10999;St.Gallen Stadt Lukasstr. 30;27.10.2019;Sonntag;2;5;1;3;2;1;2;0;2;8;14;17;28;25;26;32;18;16;19;12;6;12;7;10;4
534;10999;St.Gallen Stadt Lukasstr. 30;28.10.2019;Montag;1;8;6;3;5;27;67;250;373;252;258;233;293;231;271;257;240;332;355;214;139;95;69;59;21
535;10999;St.Gallen Stadt Lukasstr. 30;28.10.2019;Montag;2;1;4;2;1;6;15;88;93;44;30;34;33;54;57;44;40;47;35;19;17;7;7;5;5
536;10999;St.Gallen Stadt Lukasstr. 30;29.10.2019;Dienstag;1;5;5;2;6;21;68;254;338;248;237;272;291;210;285;270;268;334;382;217;176;95;66;66;19
537;10999;St.Gallen Stadt Lukasstr. 30;29.10.2019;Dienstag;2;2;2;0;1;2;17;92;85;50;33;46;39;57;53;34;38;38;45;24;15;13;7;10;3
538;10999;St.Gallen Stadt Lukasstr. 30;30.10.2019;Mittwoch;1;4;9;5;3;30;63;265;347;309;230;235;306;230;301;302;302;371;358;252;178;107;79;73;28
539;10999;St.Gallen Stadt Lukasstr. 30;30.10.2019;Mittwoch;2;0;2;0;0;4;17;94;69;51;39;25;36;53;48;39;43;52;42;19;14;13;5;10;10
540;10999;St.Gallen Stadt Lukasstr. 30;31.10.2019;Donnerstag;1;10;6;8;6;27;68;251;320;244;278;259;334;275;302;326;319;386;325;255;153;110;79;93;39
541;10999;St.Gallen Stadt Lukasstr. 30;31.10.2019;Donnerstag;2;1;1;1;0;4;14;77;85;31;37;46;41;50;60;33;39;40;37;20;19;9;13;15;6
542;10999;St.Gallen Stadt Lukasstr. 30;01.11.2019;Freitag;1;21;22;15;12;11;23;52;74;82;131;172;193;170;182;195;167;179;201;142;83;83;52;67;41
543;10999;St.Gallen Stadt Lukasstr. 30;01.11.2019;Freitag;2;3;2;3;2;3;3;10;9;4;13;13;21;18;22;22;15;13;20;8;4;10;8;6;3
544;10999;St.Gallen Stadt Lukasstr. 30;02.11.2019;Samstag;1;21;18;8;12;10;22;40;71;169;200;223;241;207;217;238;206;225;179;117;97;59;81;59;57
545;10999;St.Gallen Stadt Lukasstr. 30;02.11.2019;Samstag;2;4;3;1;2;2;2;2;2;9;15;13;17;22;17;20;18;22;23;13;12;9;10;9;9
546;10999;St.Gallen Stadt Lukasstr. 30;03.11.2019;Sonntag;1;29;26;16;16;16;12;26;29;49;98;98;163;150;164;191;207;213;159;99;73;78;49;34;15
547;10999;St.Gallen Stadt Lukasstr. 30;03.11.2019;Sonntag;2;1;7;4;0;3;2;0;3;1;8;10;11;24;23;17;24;21;15;13;6;12;4;8;2
548;10999;St.Gallen Stadt Lukasstr. 30;04.11.2019;Montag;1;5;11;4;1;23;64;237;347;276;229;233;291;234;305;290;266;374;369;218;165;80;69;48;25
549;10999;St.Gallen Stadt Lukasstr. 30;04.11.2019;Montag;2;1;4;1;0;5;18;98;76;37;31;31;31;54;47;47;128;47;38;25;21;10;8;5;4
550;10999;St.Gallen Stadt Lukasstr. 30;05.11.2019;Dienstag;1;8;5;5;3;18;67;257;318;255;234;236;282;216;283;259;280;377;356;242;164;89;73;52;30
551;10999;St.Gallen Stadt Lukasstr. 30;05.11.2019;Dienstag;2;0;2;0;0;5;18;92;69;61;37;31;39;56;53;35;49;37;43;24;24;8;8;5;6
552;10999;St.Gallen Stadt Lukasstr. 30;06.11.2019;Mittwoch;1;13;8;7;3;16;59;256;336;230;249;286;291;265;297;265;257;386;388;253;172;102;94;64;27
553;10999;St.Gallen Stadt Lukasstr. 30;06.11.2019;Mittwoch;2;6;1;1;0;2;19;78;67;42;27;36;32;58;41;46;43;49;27;19;15;10;4;6;4
554;10999;St.Gallen Stadt Lukasstr. 30;07.11.2019;Donnerstag;1;17;6;7;5;26;64;250;331;256;245;253;302;242;289;279;248;379;337;226;187;113;114;72;48
555;10999;St.Gallen Stadt Lukasstr. 30;07.11.2019;Donnerstag;2;5;1;0;1;4;19;87;78;47;27;34;41;51;56;31;39;45;36;17;18;13;6;7;3
556;10999;St.Gallen Stadt Lukasstr. 30;08.11.2019;Freitag;1;10;10;7;3;18;53;219;339;230;251;251;336;229;288;318;275;414;333;213;166;91;95;78;75
557;10999;St.Gallen Stadt Lukasstr. 30;08.11.2019;Freitag;2;0;1;0;0;6;14;84;74;39;31;19;33;36;52;37;35;40;22;27;17;20;19;5;7
558;10999;St.Gallen Stadt Lukasstr. 30;09.11.2019;Samstag;1;46;16;15;17;10;19;48;103;154;229;227;244;221;255;232;225;198;177;169;84;77;62;78;51
559;10999;St.Gallen Stadt Lukasstr. 30;09.11.2019;Samstag;2;2;3;4;3;1;2;6;9;9;16;11;16;25;15;19;19;12;16;27;12;14;3;9;9
560;10999;St.Gallen Stadt Lukasstr. 30;10.11.2019;Sonntag;1;37;29;23;12;13;13;21;24;77;97;116;172;118;157;185;155;199;184;125;86;87;51;26;20
561;10999;St.Gallen Stadt Lukasstr. 30;10.11.2019;Sonntag;2;5;6;4;2;1;1;3;0;2;4;6;8;12;11;15;21;14;23;16;10;7;4;6;4
562;10999;St.Gallen Stadt Lukasstr. 30;11.11.2019;Montag;1;5;7;2;3;23;58;252;348;247;214;235;278;232;284;243;249;354;379;192;126;103;62;53;27
563;10999;St.Gallen Stadt Lukasstr. 30;11.11.2019;Montag;2;3;1;2;2;2;17;84;80;48;29;65;39;52;57;37;40;38;40;16;13;9;6;6;5
564;10999;St.Gallen Stadt Lukasstr. 30;12.11.2019;Dienstag;1;6;4;4;6;27;60;266;331;239;224;228;302;240;267;256;262;375;370;211;148;82;66;78;22
565;10999;St.Gallen Stadt Lukasstr. 30;12.11.2019;Dienstag;2;3;0;1;0;5;12;76;85;35;30;35;32;49;51;46;49;42;39;14;10;4;10;5;2
566;10999;St.Gallen Stadt Lukasstr. 30;13.11.2019;Mittwoch;1;13;6;4;4;23;68;233;338;249;229;272;270;237;301;298;251;348;384;258;152;98;81;58;41
567;10999;St.Gallen Stadt Lukasstr. 30;13.11.2019;Mittwoch;2;2;0;1;2;3;15;88;62;49;33;34;44;46;53;46;34;49;42;22;17;8;8;6;7
568;10999;St.Gallen Stadt Lukasstr. 30;14.11.2019;Donnerstag;1;13;6;7;8;27;63;254;365;244;218;241;287;261;323;260;295;360;380;223;166;101;76;61;27
569;10999;St.Gallen Stadt Lukasstr. 30;14.11.2019;Donnerstag;2;3;2;1;1;7;23;76;78;38;51;29;35;46;52;35;37;40;27;24;15;7;8;3;5
570;10999;St.Gallen Stadt Lukasstr. 30;15.11.2019;Freitag;1;21;8;6;7;24;62;233;314;250;253;266;289;275;312;287;292;363;287;199;155;102;76;72;46
571;10999;St.Gallen Stadt Lukasstr. 30;15.11.2019;Freitag;2;5;1;1;0;4;11;81;75;39;44;42;31;44;46;19;40;30;34;18;12;13;7;10;4
572;10999;St.Gallen Stadt Lukasstr. 30;16.11.2019;Samstag;1;43;19;15;12;17;28;59;103;175;231;234;245;214;225;216;226;222;183;135;91;78;115;61;64
573;10999;St.Gallen Stadt Lukasstr. 30;16.11.2019;Samstag;2;5;2;2;1;1;1;7;11;26;21;17;23;18;23;16;17;29;23;20;9;5;8;6;9
574;10999;St.Gallen Stadt Lukasstr. 30;17.11.2019;Sonntag;1;40;25;20;11;6;9;37;21;70;77;109;153;127;140;159;190;179;178;85;94;83;54;35;22
575;10999;St.Gallen Stadt Lukasstr. 30;17.11.2019;Sonntag;2;4;3;3;1;1;3;3;2;9;9;12;14;15;15;22;17;12;12;16;6;8;5;7;3
576;10999;St.Gallen Stadt Lukasstr. 30;18.11.2019;Montag;1;9;9;3;6;21;61;271;328;268;206;215;261;234;300;225;267;345;360;200;141;103;80;65;37
577;10999;St.Gallen Stadt Lukasstr. 30;18.11.2019;Montag;2;3;4;0;0;4;13;98;95;49;29;43;36;44;51;29;40;40;51;10;11;14;6;11;3
578;10999;St.Gallen Stadt Lukasstr. 30;19.11.2019;Dienstag;1;11;2;6;5;20;61;250;356;233;213;222;282;213;278;255;246;390;363;215;158;100;74;90;28
579;10999;St.Gallen Stadt Lukasstr. 30;19.11.2019;Dienstag;2;4;1;2;0;4;17;74;78;42;47;29;91;139;165;162;207;218;216;134;125;75;39;53;32
580;10999;St.Gallen Stadt Lukasstr. 30;20.11.2019;Mittwoch;1;8;14;7;4;17;69;244;292;243;215;221;233;212;280;239;238;310;363;248;135;113;94;58;19
581;10999;St.Gallen Stadt Lukasstr. 30;20.11.2019;Mittwoch;2;7;5;10;6;10;39;163;224;168;166;161;187;187;216;177;199;247;304;199;134;75;70;76;34
582;10999;St.Gallen Stadt Lukasstr. 30;21.11.2019;Donnerstag;1;11;7;9;1;24;61;229;314;202;186;210;263;184;228;213;263;300;313;237;126;101;96;68;34
583;10999;St.Gallen Stadt Lukasstr. 30;21.11.2019;Donnerstag;2;15;11;7;2;15;50;166;255;181;171;145;174;191;218;199;222;254;284;153;163;91;77;66;40
584;10999;St.Gallen Stadt Lukasstr. 30;22.11.2019;Freitag;1;9;9;9;4;15;63;201;283;212;210;251;269;218;244;249;297;341;264;208;128;87;73;72;58
585;10999;St.Gallen Stadt Lukasstr. 30;22.11.2019;Freitag;2;18;12;5;9;15;53;179;235;162;162;194;212;182;193;203;239;282;334;251;126;97;67;59;53
586;10999;St.Gallen Stadt Lukasstr. 30;23.11.2019;Samstag;1;46;25;19;9;12;17;48;87;154;174;221;196;161;213;194;202;192;176;139;83;65;57;79;60
587;10999;St.Gallen Stadt Lukasstr. 30;23.11.2019;Samstag;2;38;23;10;7;13;15;31;51;91;145;189;180;161;164;166;159;221;154;131;83;68;62;66;69
588;10999;St.Gallen Stadt Lukasstr. 30;24.11.2019;Sonntag;1;41;23;20;8;12;15;19;28;56;99;127;166;160;157;174;179;145;152;120;103;88;50;48;25
589;10999;St.Gallen Stadt Lukasstr. 30;24.11.2019;Sonntag;2;42;23;19;12;12;6;25;18;40;83;92;140;119;142;150;159;171;140;128;109;72;56;41;18
590;10999;St.Gallen Stadt Lukasstr. 30;25.11.2019;Montag;1;16;6;1;6;21;55;238;302;261;197;200;285;202;243;258;253;315;301;208;137;95;61;68;35
591;10999;St.Gallen Stadt Lukasstr. 30;25.11.2019;Montag;2;5;7;3;7;18;42;202;262;217;170;154;207;267;291;217;222;255;306;192;124;86;54;78;33
592;10999;St.Gallen Stadt Lukasstr. 30;26.11.2019;Dienstag;1;15;10;5;8;20;66;233;311;238;203;232;251;222;242;237;244;301;345;233;154;114;100;94;42
593;10999;St.Gallen Stadt Lukasstr. 30;26.11.2019;Dienstag;2;18;6;7;7;12;46;219;271;203;182;198;219;188;225;219;217;283;300;213;147;107;69;54;25
594;10999;St.Gallen Stadt Lukasstr. 30;27.11.2019;Mittwoch;1;18;10;7;4;23;55;244;291;224;185;231;226;211;286;245;242;326;301;225;122;76;85;90;73
595;10999;St.Gallen Stadt Lukasstr. 30;27.11.2019;Mittwoch;2;13;9;5;6;10;57;218;244;200;188;194;217;198;222;223;222;303;326;241;124;91;59;69;34
596;10999;St.Gallen Stadt Lukasstr. 30;28.11.2019;Donnerstag;1;24;11;6;9;27;60;216;315;224;198;200;249;235;248;238;240;349;335;208;133;83;96;92;85
597;10999;St.Gallen Stadt Lukasstr. 30;28.11.2019;Donnerstag;2;21;8;2;8;11;57;185;272;223;187;209;203;200;239;216;215;259;360;268;135;78;79;48;44
598;10999;St.Gallen Stadt Lukasstr. 30;29.11.2019;Freitag;1;25;12;5;12;27;51;210;284;301;196;248;261;228;237;239;266;313;266;204;140;98;84;93;65
599;10999;St.Gallen Stadt Lukasstr. 30;29.11.2019;Freitag;2;17;8;8;7;14;50;207;253;161;180;195;215;217;237;220;280;286;299;225;132;86;88;72;64
600;10999;St.Gallen Stadt Lukasstr. 30;30.11.2019;Samstag;1;48;20;15;14;15;25;44;69;141;166;203;230;198;185;233;185;173;182;154;99;68;66;79;58
601;10999;St.Gallen Stadt Lukasstr. 30;30.11.2019;Samstag;2;36;30;8;8;11;27;37;56;99;143;178;216;169;205;182;212;193;203;153;96;82;75;63;60
602;10999;St.Gallen Stadt Lukasstr. 30;01.12.2019;Sonntag;1;60;40;21;11;13;8;28;35;39;83;123;154;152;131;149;136;156;142;123;89;80;51;38;25
603;10999;St.Gallen Stadt Lukasstr. 30;01.12.2019;Sonntag;2;31;27;17;9;7;8;18;21;45;72;82;140;131;128;159;159;190;148;104;95;89;38;34;28
604;10999;St.Gallen Stadt Lukasstr. 30;02.12.2019;Montag;1;14;7;3;7;13;68;221;309;260;208;207;272;200;294;264;246;326;357;211;116;106;47;50;28
605;10999;St.Gallen Stadt Lukasstr. 30;02.12.2019;Montag;2;9;7;4;10;13;54;222;274;196;168;156;199;169;225;197;236;265;303;211;138;100;54;47;26
606;10999;St.Gallen Stadt Lukasstr. 30;03.12.2019;Dienstag;1;7;6;6;2;24;53;213;299;256;208;224;231;219;265;263;238;325;374;214;155;115;83;67;35
607;10999;St.Gallen Stadt Lukasstr. 30;03.12.2019;Dienstag;2;11;6;7;3;12;54;198;262;182;162;195;188;195;231;209;215;320;302;221;130;86;83;55;34
608;10999;St.Gallen Stadt Lukasstr. 30;04.12.2019;Mittwoch;1;19;17;7;5;18;67;210;357;243;244;222;298;245;264;253;287;372;336;221;139;97;104;67;43
609;10999;St.Gallen Stadt Lukasstr. 30;04.12.2019;Mittwoch;2;11;4;6;8;16;49;193;253;212;179;205;212;209;235;213;210;284;318;206;129;101;71;45;36
610;10999;St.Gallen Stadt Lukasstr. 30;05.12.2019;Donnerstag;1;13;10;4;3;19;72;228;296;215;235;255;255;227;278;263;249;325;315;229;178;99;89;76;44
611;10999;St.Gallen Stadt Lukasstr. 30;05.12.2019;Donnerstag;2;15;9;3;6;12;57;192;271;200;177;185;213;187;233;220;223;265;311;203;141;103;85;63;38
612;10999;St.Gallen Stadt Lukasstr. 30;06.12.2019;Freitag;1;19;11;5;5;14;65;213;320;265;236;232;329;229;290;283;310;361;313;221;174;96;84;88;63
613;10999;St.Gallen Stadt Lukasstr. 30;06.12.2019;Freitag;2;16;2;7;6;19;49;169;265;197;177;188;204;187;243;236;260;331;258;207;142;88;79;62;53
614;10999;St.Gallen Stadt Lukasstr. 30;07.12.2019;Samstag;1;44;29;20;17;16;26;43;79;132;199;219;237;184;224;197;223;198;142;127;88;88;65;77;55
615;10999;St.Gallen Stadt Lukasstr. 30;07.12.2019;Samstag;2;33;22;20;13;6;25;33;57;107;135;173;212;178;180;165;167;197;177;123;78;79;52;69;56
616;10999;St.Gallen Stadt Lukasstr. 30;08.12.2019;Sonntag;1;49;24;22;11;16;15;23;25;73;103;102;166;178;162;173;150;163;160;146;107;80;46;30;24
617;10999;St.Gallen Stadt Lukasstr. 30;08.12.2019;Sonntag;2;40;27;17;16;10;9;23;19;43;85;96;144;91;154;178;177;169;151;110;109;92;63;34;26
618;10999;St.Gallen Stadt Lukasstr. 30;09.12.2019;Montag;1;10;6;7;4;25;49;211;345;289;237;225;301;231;272;253;253;343;375;223;142;105;75;86;58
619;10999;St.Gallen Stadt Lukasstr. 30;09.12.2019;Montag;2;14;12;3;4;18;49;216;268;183;170;196;232;175;237;226;237;299;318;186;142;93;64;72;38
620;10999;St.Gallen Stadt Lukasstr. 30;10.12.2019;Dienstag;1;19;5;8;4;30;61;228;314;208;214;252;306;202;256;266;272;305;365;208;131;96;65;65;29
621;10999;St.Gallen Stadt Lukasstr. 30;10.12.2019;Dienstag;2;13;8;5;6;17;52;196;265;192;159;191;233;189;238;219;218;284;296;190;133;84;79;65;28
622;10999;St.Gallen Stadt Lukasstr. 30;11.12.2019;Mittwoch;1;12;9;3;5;25;60;219;310;243;224;240;266;214;303;266;283;337;358;240;117;84;93;55;25
623;10999;St.Gallen Stadt Lukasstr. 30;11.12.2019;Mittwoch;2;11;8;7;7;16;49;199;278;200;189;187;241;209;255;195;208;299;319;240;145;93;78;56;23
624;10999;St.Gallen Stadt Lukasstr. 30;12.12.2019;Donnerstag;1;11;9;5;5;25;57;220;301;210;211;222;281;224;263;251;256;330;328;239;154;94;95;71;44
625;10999;St.Gallen Stadt Lukasstr. 30;12.12.2019;Donnerstag;2;14;10;5;6;17;45;180;264;227;160;195;200;226;269;195;220;269;270;220;157;91;101;63;43
626;10999;St.Gallen Stadt Lukasstr. 30;13.12.2019;Freitag;1;14;12;4;7;22;55;213;298;251;228;249;303;227;291;311;279;335;290;217;117;75;87;70;70
627;10999;St.Gallen Stadt Lukasstr. 30;13.12.2019;Freitag;2;14;16;5;8;15;52;184;278;193;196;217;217;199;249;233;233;286;288;248;119;75;67;64;74
628;10999;St.Gallen Stadt Lukasstr. 30;14.12.2019;Samstag;1;45;30;24;9;16;30;50;68;138;179;256;218;170;196;223;197;168;168;128;86;69;76;62;57
629;10999;St.Gallen Stadt Lukasstr. 30;14.12.2019;Samstag;2;40;31;17;15;15;15;34;45;90;162;188;198;160;170;208;193;218;194;141;87;60;72;61;54
630;10999;St.Gallen Stadt Lukasstr. 30;15.12.2019;Sonntag;1;52;22;16;11;8;8;21;32;45;96;110;159;149;163;135;164;160;138;103;98;78;55;40;26
631;10999;St.Gallen Stadt Lukasstr. 30;15.12.2019;Sonntag;2;40;21;14;8;7;6;24;23;43;65;96;98;124;117;142;175;192;169;130;93;71;58;44;21
632;10999;St.Gallen Stadt Lukasstr. 30;16.12.2019;Montag;1;8;5;4;2;21;50;212;314;231;201;232;280;249;277;267;292;365;308;215;149;76;78;75;30
633;10999;St.Gallen Stadt Lukasstr. 30;16.12.2019;Montag;2;4;6;4;2;13;45;217;284;194;192;221;200;215;244;240;251;296;285;201;146;96;56;45;21
634;10999;St.Gallen Stadt Lukasstr. 30;17.12.2019;Dienstag;1;11;5;5;4;22;54;201;345;216;232;244;303;224;270;241;288;356;337;247;160;87;83;78;30
635;10999;St.Gallen Stadt Lukasstr. 30;17.12.2019;Dienstag;2;9;6;9;5;15;49;206;289;186;199;192;223;234;243;209;247;311;315;222;146;114;93;61;28
636;10999;St.Gallen Stadt Lukasstr. 30;18.12.2019;Mittwoch;1;12;8;9;4;23;65;193;311;252;244;266;307;219;288;273;274;335;284;227;158;96;107;55;42
637;10999;St.Gallen Stadt Lukasstr. 30;18.12.2019;Mittwoch;2;8;18;4;7;15;42;191;278;205;202;204;221;222;249;225;260;315;322;210;164;103;99;66;33
638;10999;St.Gallen Stadt Lukasstr. 30;19.12.2019;Donnerstag;1;16;5;4;6;21;58;205;288;278;247;254;286;201;259;270;256;311;299;242;207;157;96;68;40
639;10999;St.Gallen Stadt Lukasstr. 30;19.12.2019;Donnerstag;2;15;11;8;9;14;47;199;300;226;223;208;229;185;259;245;305;331;319;204;157;131;85;62;25
640;10999;St.Gallen Stadt Lukasstr. 30;20.12.2019;Freitag;1;15;8;9;5;15;66;188;255;247;268;290;302;197;280;303;300;316;274;202;143;107;93;70;51
641;10999;St.Gallen Stadt Lukasstr. 30;20.12.2019;Freitag;2;20;16;7;7;14;44;160;243;235;202;256;272;214;268;273;333;303;296;209;145;88;64;71;50
642;10999;St.Gallen Stadt Lukasstr. 30;21.12.2019;Samstag;1;35;15;13;12;15;16;42;73;120;207;215;245;193;195;213;189;155;153;135;98;69;84;50;42
643;10999;St.Gallen Stadt Lukasstr. 30;21.12.2019;Samstag;2;31;18;12;7;14;23;31;44;113;167;199;242;181;182;190;206;210;171;115;92;65;59;50;52
644;10999;St.Gallen Stadt Lukasstr. 30;22.12.2019;Sonntag;1;39;15;12;12;10;14;16;33;56;97;102;182;168;153;151;142;167;145;100;73;74;57;49;22
645;10999;St.Gallen Stadt Lukasstr. 30;22.12.2019;Sonntag;2;31;15;12;8;14;9;13;27;37;73;95;137;136;158;160;176;157;149;109;94;74;47;40;34
646;10999;St.Gallen Stadt Lukasstr. 30;23.12.2019;Montag;1;10;12;1;3;8;29;89;155;194;257;272;257;224;237;284;254;245;188;142;102;77;63;32;38
647;10999;St.Gallen Stadt Lukasstr. 30;23.12.2019;Montag;2;14;8;9;7;9;30;79;123;154;212;251;233;223;232;279;238;270;252;175;109;69;61;44;37
648;10999;St.Gallen Stadt Lukasstr. 30;24.12.2019;Dienstag;1;19;9;4;1;11;20;62;106;159;189;244;243;168;211;219;215;198;172;100;41;56;89;93;97
649;10999;St.Gallen Stadt Lukasstr. 30;24.12.2019;Dienstag;2;25;10;8;5;14;24;54;66;113;153;214;231;223;191;223;240;238;207;86;46;48;90;105;78
650;10999;St.Gallen Stadt Lukasstr. 30;25.12.2019;Mittwoch;1;71;36;6;8;6;6;25;18;31;69;106;100;132;114;140;150;156;112;85;57;54;80;77;55
651;10999;St.Gallen Stadt Lukasstr. 30;25.12.2019;Mittwoch;2;67;47;11;8;8;8;22;5;32;36;101;130;96;94;96;168;143;123;84;66;62;84;58;51
652;10999;St.Gallen Stadt Lukasstr. 30;26.12.2019;Donnerstag;1;29;15;6;4;12;7;27;24;38;102;108;149;101;136;158;137;162;113;108;74;67;69;56;30
653;10999;St.Gallen Stadt Lukasstr. 30;26.12.2019;Donnerstag;2;30;18;6;5;8;7;20;16;31;54;97;106;118;102;144;149;179;141;99;98;86;80;41;33
654;10999;St.Gallen Stadt Lukasstr. 30;27.12.2019;Freitag;1;18;10;4;7;5;20;65;78;119;190;201;199;171;213;213;213;189;176;103;82;60;55;48;46
655;10999;St.Gallen Stadt Lukasstr. 30;27.12.2019;Freitag;2;22;11;9;10;10;25;49;53;98;153;187;230;173;190;202;205;232;194;139;88;64;66;41;38
656;10999;St.Gallen Stadt Lukasstr. 30;28.12.2019;Samstag;1;27;11;6;10;16;18;38;53;100;134;162;172;147;148;174;153;149;144;87;83;67;50;52;33
657;10999;St.Gallen Stadt Lukasstr. 30;28.12.2019;Samstag;2;29;10;15;16;14;15;21;27;60;100;140;142;143;149;169;161;162;165;111;75;64;59;58;49
658;10999;St.Gallen Stadt Lukasstr. 30;29.12.2019;Sonntag;1;23;15;12;6;13;14;30;41;43;82;87;130;105;116;136;122;121;111;80;80;59;41;47;29
659;10999;St.Gallen Stadt Lukasstr. 30;29.12.2019;Sonntag;2;20;18;17;12;9;10;21;23;36;53;86;98;76;116;137;153;184;150;111;80;69;51;37;26
660;10999;St.Gallen Stadt Lukasstr. 30;30.12.2019;Montag;1;9;8;8;2;13;19;79;136;160;157;196;229;167;235;229;218;192;182;107;86;80;51;41;30
661;10999;St.Gallen Stadt Lukasstr. 30;30.12.2019;Montag;2;20;12;4;4;11;15;57;96;106;146;167;178;185;213;239;240;234;225;150;98;68;53;43;27
662;10999;St.Gallen Stadt Lukasstr. 30;31.12.2019;Dienstag;1;11;7;6;4;12;16;63;92;108;171;188;212;190;207;191;176;123;139;111;59;44;31;33;22
663;10999;St.Gallen Stadt Lukasstr. 30;31.12.2019;Dienstag;2;18;8;4;3;12;12;45;67;66;126;148;191;185;177;199;180;169;130;113;76;52;40;34;31
