LNR	ORT-ID	BEZEICHNUNG	DATUM	WOCHENTAG	RI	1	2	3	4	5	6	7	8	9	10	11	12	13	14	15	16	17	18	19	20	21	22	23	24
0	10918	St.Gallen Gallusst./Webergasse	01.01.2019	Dienstag	1	10	27	16	7	8	8	7	12	15	11	16	11	34	22	19	18	19	19	16	27	16	12	7	4
1	10918	St.Gallen Gallusst./Webergasse	02.01.2019	Mittwoch	1	4	5	3	2	4	4	25	24	36	36	34	45	25	27	43	40	41	42	28	26	17	4	15	4
2	10918	St.Gallen Gallusst./Webergasse	03.01.2019	Donnerstag	1	3	2	2	3	10	14	39	62	61	63	72	68	44	65	46	58	70	53	50	24	19	12	10	9
3	10918	St.Gallen Gallusst./Webergasse	04.01.2019	Freitag	1	2	3	1	0	5	13	46	47	67	52	72	57	39	60	67	65	65	66	39	34	24	19	17	16
4	10918	St.Gallen Gallusst./Webergasse	05.01.2019	Samstag	1	5	9	6	1	2	6	19	19	33	40	40	51	33	43	38	42	33	34	45	20	15	13	23	18
5	10918	St.Gallen Gallusst./Webergasse	06.01.2019	Sonntag	1	13	11	6	4	8	10	8	20	16	16	23	29	18	30	15	23	13	25	17	23	18	6	4	3
6	10918	St.Gallen Gallusst./Webergasse	07.01.2019	Montag	1	0	1	3	1	4	23	67	74	86	60	65	56	55	61	52	78	70	67	45	31	21	25	11	5
7	10918	St.Gallen Gallusst./Webergasse	08.01.2019	Dienstag	1	4	3	1	3	10	9	56	72	80	86	92	83	62	99	86	79	69	53	54	29	27	17	14	15
8	10918	St.Gallen Gallusst./Webergasse	09.01.2019	Mittwoch	1	2	2	4	5	7	18	57	83	92	75	81	78	49	97	76	80	67	61	66	46	26	22	19	9
9	10918	St.Gallen Gallusst./Webergasse	10.01.2019	Donnerstag	1	3	4	3	7	6	29	57	78	82	96	84	91	49	71	71	75	60	69	56	44	20	17	14	5
10	10918	St.Gallen Gallusst./Webergasse	11.01.2019	Freitag	1	6	2	3	3	7	12	41	81	69	85	107	82	58	110	74	76	64	59	53	33	20	16	17	30
11	10918	St.Gallen Gallusst./Webergasse	12.01.2019	Samstag	1	13	6	6	1	3	22	20	27	59	40	41	37	35	34	33	30	40	48	29	16	24	18	23	11
12	10918	St.Gallen Gallusst./Webergasse	13.01.2019	Sonntag	1	9	12	4	3	5	11	5	11	14	20	28	28	34	36	27	28	26	6	26	26	16	13	7	3
13	10918	St.Gallen Gallusst./Webergasse	14.01.2019	Montag	1	3	1	2	0	2	19	44	78	68	70	72	83	56	88	86	88	74	77	43	34	24	26	8	8
14	10918	St.Gallen Gallusst./Webergasse	15.01.2019	Dienstag	1	2	3	1	1	6	10	53	88	87	97	96	77	51	88	62	75	69	62	56	43	29	20	13	8
15	10918	St.Gallen Gallusst./Webergasse	16.01.2019	Mittwoch	1	2	3	3	1	5	10	49	92	103	80	84	89	55	90	72	65	64	74	36	38	27	26	12	9
16	10918	St.Gallen Gallusst./Webergasse	17.01.2019	Donnerstag	1	4	5	3	1	5	12	43	87	76	103	93	77	54	81	69	54	69	82	64	46	23	14	10	13
17	10918	St.Gallen Gallusst./Webergasse	18.01.2019	Freitag	1	7	3	3	1	11	8	57	99	92	76	93	62	56	76	79	61	79	76	45	51	20	25	24	15
18	10918	St.Gallen Gallusst./Webergasse	19.01.2019	Samstag	1	11	9	1	6	6	8	20	19	44	51	54	39	29	56	38	43	39	47	43	18	27	18	16	8
19	10918	St.Gallen Gallusst./Webergasse	20.01.2019	Sonntag	1	12	9	4	3	3	4	5	7	13	15	33	26	34	20	26	28	31	22	29	28	20	15	10	3
20	10918	St.Gallen Gallusst./Webergasse	21.01.2019	Montag	1	2	3	1	2	4	9	51	79	75	55	66	53	44	76	75	67	54	71	51	23	14	20	6	8
21	10918	St.Gallen Gallusst./Webergasse	22.01.2019	Dienstag	1	0	3	3	2	3	10	56	86	76	90	89	78	41	61	51	52	69	85	40	26	12	18	17	10
22	10918	St.Gallen Gallusst./Webergasse	23.01.2019	Mittwoch	1	2	1	1	3	2	13	48	79	88	82	117	89	47	75	67	65	67	72	57	37	27	17	16	15
23	10918	St.Gallen Gallusst./Webergasse	24.01.2019	Donnerstag	1	1	3	2	0	2	11	52	84	66	72	92	84	51	74	57	49	64	96	52	41	16	15	20	15
24	10918	St.Gallen Gallusst./Webergasse	25.01.2019	Freitag	1	3	3	7	5	10	17	50	90	71	89	82	66	61	71	62	91	65	67	63	30	25	23	24	15
25	10918	St.Gallen Gallusst./Webergasse	26.01.2019	Samstag	1	19	6	7	6	4	4	20	16	46	49	53	47	38	26	28	32	39	36	28	24	13	15	19	16
26	10918	St.Gallen Gallusst./Webergasse	27.01.2019	Sonntag	1	10	9	8	3	3	6	6	6	12	15	15	23	16	10	23	17	18	13	18	30	13	11	2	2
27	10918	St.Gallen Gallusst./Webergasse	28.01.2019	Montag	1	5	1	1	2	5	13	43	56	57	64	61	65	36	53	56	63	63	52	41	40	21	15	4	5
28	10918	St.Gallen Gallusst./Webergasse	29.01.2019	Dienstag	1	3	2	3	1	6	15	47	95	66	76	60	88	33	75	65	48	68	55	42	31	24	18	9	13
29	10918	St.Gallen Gallusst./Webergasse	30.01.2019	Mittwoch	1	4	5	7	0	3	10	35	73	81	83	76	86	32	74	65	48	60	58	49	34	25	16	13	6
30	10918	St.Gallen Gallusst./Webergasse	31.01.2019	Donnerstag	1	2	4	1	0	3	11	40	68	66	76	84	77	45	70	64	66	85	63	53	27	29	12	7	10
31	10918	St.Gallen Gallusst./Webergasse	01.02.2019	Freitag	1	6	0	3	1	3	14	37	75	68	77	89	84	44	73	65	51	66	61	57	38	37	16	6	14
32	10918	St.Gallen Gallusst./Webergasse	02.02.2019	Samstag	1	9	6	1	7	2	10	15	16	40	49	48	44	38	33	37	37	40	53	39	29	17	19	20	16
33	10918	St.Gallen Gallusst./Webergasse	03.02.2019	Sonntag	1	13	5	12	7	10	13	18	10	12	17	24	36	26	19	25	30	16	21	25	23	13	9	3	2
34	10918	St.Gallen Gallusst./Webergasse	04.02.2019	Montag	1	3	1	1	4	9	9	54	78	67	76	62	69	51	65	75	63	62	58	44	24	14	18	10	5
35	10918	St.Gallen Gallusst./Webergasse	05.02.2019	Dienstag	1	3	3	1	2	7	12	55	91	81	64	91	83	59	64	50	62	68	63	51	51	17	17	12	5
36	10918	St.Gallen Gallusst./Webergasse	06.02.2019	Mittwoch	1	3	2	4	0	5	12	48	85	78	75	80	99	50	80	67	63	66	80	40	43	15	19	9	9
37	10918	St.Gallen Gallusst./Webergasse	07.02.2019	Donnerstag	1	4	0	4	1	6	8	49	92	80	97	94	88	40	79	53	57	69	88	54	36	23	29	9	8
38	10918	St.Gallen Gallusst./Webergasse	08.02.2019	Freitag	1	3	1	4	2	8	15	41	91	78	97	83	83	45	84	63	51	88	76	59	32	19	25	16	8
39	10918	St.Gallen Gallusst./Webergasse	09.02.2019	Samstag	1	15	5	4	4	3	6	10	30	40	50	43	45	31	28	45	28	35	38	46	24	20	22	10	10
40	10918	St.Gallen Gallusst./Webergasse	10.02.2019	Sonntag	1	7	7	8	3	3	6	10	6	13	10	17	34	14	22	28	15	31	21	24	20	14	12	3	4
41	10918	St.Gallen Gallusst./Webergasse	11.02.2019	Montag	1	3	2	1	0	1	8	35	81	58	81	86	74	46	90	77	67	66	74	43	37	21	26	12	6
42	10918	St.Gallen Gallusst./Webergasse	12.02.2019	Dienstag	1	1	1	1	0	6	13	53	80	90	88	84	80	51	63	55	56	63	78	51	39	20	20	13	11
43	10918	St.Gallen Gallusst./Webergasse	13.02.2019	Mittwoch	1	7	5	3	2	3	13	44	84	99	89	75	86	51	61	69	71	74	64	48	36	22	13	12	12
44	10918	St.Gallen Gallusst./Webergasse	14.02.2019	Donnerstag	1	2	5	3	5	2	7	42	90	88	105	87	77	41	74	68	64	76	71	70	35	38	28	11	13
45	10918	St.Gallen Gallusst./Webergasse	15.02.2019	Freitag	1	4	1	0	2	2	17	51	95	74	92	97	80	39	83	53	73	80	67	63	28	26	24	14	16
46	10918	St.Gallen Gallusst./Webergasse	16.02.2019	Samstag	1	8	5	5	9	4	4	11	21	34	44	38	48	45	37	35	35	32	36	29	17	24	15	16	10
47	10918	St.Gallen Gallusst./Webergasse	17.02.2019	Sonntag	1	16	6	4	2	4	2	7	7	11	11	20	37	16	25	21	17	26	28	34	23	18	21	5	3
48	10918	St.Gallen Gallusst./Webergasse	18.02.2019	Montag	1	3	2	2	0	4	7	42	64	83	68	125	91	51	78	66	60	65	67	52	29	23	15	11	10
49	10918	St.Gallen Gallusst./Webergasse	19.02.2019	Dienstag	1	1	2	3	1	2	12	51	97	79	73	87	79	41	75	60	61	68	84	54	33	19	28	13	7
50	10918	St.Gallen Gallusst./Webergasse	20.02.2019	Mittwoch	1	5	3	2	3	5	14	43	79	106	103	81	83	45	82	58	59	78	69	52	43	21	23	9	3
51	10918	St.Gallen Gallusst./Webergasse	21.02.2019	Donnerstag	1	2	2	3	5	6	11	36	93	83	77	96	84	55	72	61	65	64	74	61	41	24	19	4	7
52	10918	St.Gallen Gallusst./Webergasse	22.02.2019	Freitag	1	4	2	0	2	4	8	46	77	74	94	84	82	52	97	83	63	86	91	72	45	22	15	17	21
53	10918	St.Gallen Gallusst./Webergasse	23.02.2019	Samstag	1	9	9	8	2	5	12	11	32	42	49	47	48	45	39	35	26	37	45	25	31	22	16	12	14
54	10918	St.Gallen Gallusst./Webergasse	24.02.2019	Sonntag	1	9	5	7	5	4	4	6	19	11	31	29	26	35	26	26	23	21	25	28	15	16	13	4	7
55	10918	St.Gallen Gallusst./Webergasse	25.02.2019	Montag	1	2	2	1	0	1	10	32	72	75	69	94	67	38	77	70	60	65	76	59	38	17	12	11	8
56	10918	St.Gallen Gallusst./Webergasse	26.02.2019	Dienstag	1	1	3	2	0	4	14	61	76	86	101	97	88	53	85	69	68	93	68	51	44	14	19	16	10
57	10918	St.Gallen Gallusst./Webergasse	27.02.2019	Mittwoch	1	2	3	0	3	3	14	55	83	81	80	91	92	45	80	75	79	82	83	55	46	30	23	11	17
58	10918	St.Gallen Gallusst./Webergasse	28.02.2019	Donnerstag	1	2	2	4	0	6	7	47	85	84	86	79	84	47	67	52	63	98	69	83	38	19	22	20	11
59	10918	St.Gallen Gallusst./Webergasse	01.03.2019	Freitag	1	10	3	1	4	4	7	56	88	87	92	91	94	51	71	67	70	71	71	70	24	25	19	19	15
60	10918	St.Gallen Gallusst./Webergasse	02.03.2019	Samstag	1	18	11	11	2	3	9	13	16	31	45	45	45	36	29	42	36	45	44	51	30	22	20	12	23
61	10918	St.Gallen Gallusst./Webergasse	03.03.2019	Sonntag	1	18	21	6	8	6	8	10	8	13	28	21	35	18	23	61	41	20	29	25	28	20	11	10	0
62	10918	St.Gallen Gallusst./Webergasse	04.03.2019	Montag	1	1	5	3	0	0	8	44	68	75	69	74	79	62	74	88	61	81	80	49	39	30	15	10	12
63	10918	St.Gallen Gallusst./Webergasse	05.03.2019	Dienstag	1	3	2	6	1	1	12	51	112	80	75	80	78	48	88	76	65	60	69	61	31	22	17	26	14
64	10918	St.Gallen Gallusst./Webergasse	06.03.2019	Mittwoch	1	4	4	4	4	3	6	49	79	88	69	90	87	56	78	70	71	72	73	52	48	26	11	16	10
65	10918	St.Gallen Gallusst./Webergasse	07.03.2019	Donnerstag	1	5	2	3	1	4	11	54	80	91	94	98	107	57	86	68	66	84	84	57	44	33	28	12	17
66	10918	St.Gallen Gallusst./Webergasse	08.03.2019	Freitag	1	6	3	1	5	2	11	49	94	89	98	101	95	45	73	64	86	90	78	56	54	30	25	10	14
67	10918	St.Gallen Gallusst./Webergasse	09.03.2019	Samstag	1	11	8	5	5	5	9	15	25	34	44	41	36	27	34	35	41	42	60	37	27	32	19	15	11
68	10918	St.Gallen Gallusst./Webergasse	10.03.2019	Sonntag	1	15	4	10	7	4	2	13	15	26	22	28	43	33	22	27	37	39	34	27	22	31	8	4	3
69	10918	St.Gallen Gallusst./Webergasse	11.03.2019	Montag	1	3	1	2	0	1	6	37	74	78	80	76	72	47	51	59	54	53	72	54	29	19	19	15	5
70	10918	St.Gallen Gallusst./Webergasse	12.03.2019	Dienstag	1	3	5	2	0	4	15	42	86	85	99	77	86	50	75	55	86	82	79	53	33	31	17	22	14
71	10918	St.Gallen Gallusst./Webergasse	13.03.2019	Mittwoch	1	1	3	4	2	1	11	40	83	79	80	80	76	56	84	59	66	73	95	97	32	26	28	12	5
72	10918	St.Gallen Gallusst./Webergasse	14.03.2019	Donnerstag	1	9	3	3	2	2	12	40	72	108	76	90	91	55	85	71	81	95	79	65	47	27	32	19	15
73	10918	St.Gallen Gallusst./Webergasse	15.03.2019	Freitag	1	2	1	1	4	1	12	52	83	77	105	89	83	49	59	56	76	83	65	64	40	30	21	22	15
74	10918	St.Gallen Gallusst./Webergasse	16.03.2019	Samstag	1	14	9	2	2	3	10	12	34	40	42	47	51	47	49	33	24	52	48	29	29	16	26	14	15
75	10918	St.Gallen Gallusst./Webergasse	17.03.2019	Sonntag	1	15	9	5	4	5	5	7	4	7	22	17	18	24	18	20	22	31	28	24	16	12	11	3	2
76	10918	St.Gallen Gallusst./Webergasse	18.03.2019	Montag	1	1	3	2	1	2	12	39	71	84	65	74	60	49	86	86	65	66	77	48	35	11	15	7	5
77	10918	St.Gallen Gallusst./Webergasse	19.03.2019	Dienstag	1	2	1	3	0	2	13	49	67	83	87	78	73	46	67	61	66	80	57	62	43	34	17	17	7
78	10918	St.Gallen Gallusst./Webergasse	20.03.2019	Mittwoch	1	2	2	2	0	4	12	47	74	98	90	92	103	53	78	67	71	84	75	69	45	25	31	16	9
79	10918	St.Gallen Gallusst./Webergasse	21.03.2019	Donnerstag	1	2	5	3	2	7	10	48	83	78	92	91	81	42	70	63	67	69	80	73	56	32	34	18	9
80	10918	St.Gallen Gallusst./Webergasse	22.03.2019	Freitag	1	4	2	3	1	1	17	42	90	94	101	82	84	53	80	67	72	90	74	72	58	25	17	21	17
81	10918	St.Gallen Gallusst./Webergasse	23.03.2019	Samstag	1	3	5	3	0	4	9	16	22	54	53	43	58	42	37	45	41	45	52	42	24	18	14	16	11
82	10918	St.Gallen Gallusst./Webergasse	24.03.2019	Sonntag	1	13	4	5	5	2	5	11	6	18	23	33	25	38	26	31	32	19	29	27	21	21	11	8	3
83	10918	St.Gallen Gallusst./Webergasse	25.03.2019	Montag	1	3	0	1	0	2	9	40	69	64	70	91	71	52	67	69	56	69	82	56	39	32	23	9	2
84	10918	St.Gallen Gallusst./Webergasse	26.03.2019	Dienstag	1	2	6	5	2	4	10	42	72	87	91	101	85	48	71	57	69	76	75	56	40	16	18	9	20
85	10918	St.Gallen Gallusst./Webergasse	27.03.2019	Mittwoch	1	5	4	3	1	2	14	47	74	76	74	86	75	50	93	84	74	61	76	54	40	23	23	14	14
86	10918	St.Gallen Gallusst./Webergasse	28.03.2019	Donnerstag	1	5	7	4	7	4	14	40	87	93	92	85	87	44	71	73	70	66	78	87	44	48	27	12	10
87	10918	St.Gallen Gallusst./Webergasse	29.03.2019	Freitag	1	3	2	2	0	3	9	46	83	103	99	87	91	49	70	68	83	77	73	57	42	19	17	14	19
88	10918	St.Gallen Gallusst./Webergasse	30.03.2019	Samstag	1	10	8	5	3	5	9	19	20	55	50	52	47	54	37	40	46	47	39	40	27	23	19	13	11
89	10918	St.Gallen Gallusst./Webergasse	31.03.2019	Sonntag	1	10	0	9	3	4	11	8	13	25	14	24	32	35	23	22	25	34	25	22	26	24	12	8	6
90	10918	St.Gallen Gallusst./Webergasse	01.04.2019	Montag	1	1	4	2	1	2	13	28	70	86	76	86	72	63	67	63	75	78	109	89	36	33	22	15	9
91	10918	St.Gallen Gallusst./Webergasse	02.04.2019	Dienstag	1	9	0	4	1	5	14	49	87	92	97	106	103	63	67	66	70	73	78	66	36	26	21	15	8
92	10918	St.Gallen Gallusst./Webergasse	03.04.2019	Mittwoch	1	6	0	3	0	2	10	51	94	109	85	100	91	62	57	83	57	91	88	59	36	19	35	19	9
93	10918	St.Gallen Gallusst./Webergasse	04.04.2019	Donnerstag	1	9	11	4	3	3	11	46	84	95	86	110	97	52	87	73	64	83	71	66	33	40	24	22	8
94	10918	St.Gallen Gallusst./Webergasse	05.04.2019	Freitag	1	4	5	5	3	2	12	51	78	82	104	92	91	39	95	99	96	70	71	59	35	27	26	14	14
95	10918	St.Gallen Gallusst./Webergasse	06.04.2019	Samstag	1	11	2	6	2	3	36	74	42	62	45	59	33	35	40	45	58	72	79	31	28	25	15	8	5
96	10918	St.Gallen Gallusst./Webergasse	07.04.2019	Sonntag	1	12	7	2	5	2	5	10	7	17	16	15	18	19	14	25	24	14	27	31	24	21	12	3	4
97	10918	St.Gallen Gallusst./Webergasse	08.04.2019	Montag	1	0	0	1	2	5	7	40	72	88	61	87	83	54	65	88	61	76	64	39	35	23	19	6	5
98	10918	St.Gallen Gallusst./Webergasse	09.04.2019	Dienstag	1	7	2	5	2	5	10	42	83	76	80	57	82	54	80	67	68	79	58	43	42	18	21	19	14
99	10918	St.Gallen Gallusst./Webergasse	10.04.2019	Mittwoch	1	1	3	3	2	1	11	48	69	75	105	88	78	54	79	66	76	58	66	51	29	18	9	11	12
100	10918	St.Gallen Gallusst./Webergasse	11.04.2019	Donnerstag	1	11	1	5	4	2	12	43	78	83	73	78	97	43	65	77	73	62	57	53	48	22	16	10	18
101	10918	St.Gallen Gallusst./Webergasse	12.04.2019	Freitag	1	5	3	2	1	1	10	38	85	62	76	107	84	38	84	85	65	56	70	56	29	19	24	16	12
102	10918	St.Gallen Gallusst./Webergasse	13.04.2019	Samstag	1	11	4	4	2	3	6	13	14	48	59	49	40	43	56	41	43	40	41	48	23	14	19	14	17
103	10918	St.Gallen Gallusst./Webergasse	14.04.2019	Sonntag	1	10	10	11	2	4	5	10	10	31	19	51	32	33	16	16	23	36	35	11	20	23	9	6	1
104	10918	St.Gallen Gallusst./Webergasse	15.04.2019	Montag	1	2	2	3	1	3	6	41	87	65	78	68	63	41	62	64	51	81	69	50	33	19	23	15	6
105	10918	St.Gallen Gallusst./Webergasse	16.04.2019	Dienstag	1	1	1	4	2	3	15	45	77	79	83	77	69	53	79	65	83	71	80	60	33	26	19	15	10
106	10918	St.Gallen Gallusst./Webergasse	17.04.2019	Mittwoch	1	5	0	3	2	1	9	53	80	79	78	78	71	53	71	55	59	64	76	66	39	22	24	18	15
107	10918	St.Gallen Gallusst./Webergasse	18.04.2019	Donnerstag	1	6	4	4	2	3	12	45	85	93	92	86	107	71	69	67	64	72	66	51	31	21	27	12	8
108	10918	St.Gallen Gallusst./Webergasse	19.04.2019	Freitag	1	12	7	4	2	2	4	4	12	12	22	26	42	15	29	25	18	25	24	22	14	9	13	14	9
109	10918	St.Gallen Gallusst./Webergasse	20.04.2019	Samstag	1	2	4	5	0	5	7	19	22	52	50	49	52	40	48	45	35	42	41	23	22	17	18	22	15
110	10918	St.Gallen Gallusst./Webergasse	21.04.2019	Sonntag	1	12	13	2	2	2	5	5	10	28	23	42	38	17	14	18	12	21	23	16	16	14	16	11	10
111	10918	St.Gallen Gallusst./Webergasse	22.04.2019	Montag	1	4	4	3	2	1	1	2	4	13	23	28	33	24	20	18	37	31	29	24	27	14	7	7	8
112	10918	St.Gallen Gallusst./Webergasse	23.04.2019	Dienstag	1	3	1	3	0	3	6	45	89	71	101	71	83	59	84	68	69	82	83	73	37	27	14	18	9
113	10918	St.Gallen Gallusst./Webergasse	24.04.2019	Mittwoch	1	3	2	2	1	4	7	52	94	89	91	111	86	71	73	72	70	84	75	82	43	21	17	21	8
114	10918	St.Gallen Gallusst./Webergasse	25.04.2019	Donnerstag	1	9	4	2	0	0	12	46	93	82	81	86	108	58	81	66	79	72	103	72	43	29	37	19	8
115	10918	St.Gallen Gallusst./Webergasse	26.04.2019	Freitag	1	4	2	4	0	1	11	46	87	97	93	97	88	75	71	90	63	79	106	72	54	25	33	15	23
116	10918	St.Gallen Gallusst./Webergasse	27.04.2019	Samstag	1	7	11	7	3	9	4	19	24	41	46	56	56	52	42	39	30	66	51	45	26	17	23	21	15
117	10918	St.Gallen Gallusst./Webergasse	28.04.2019	Sonntag	1	15	11	4	3	2	2	7	6	20	34	35	28	30	27	27	27	36	26	26	26	27	18	9	1
118	10918	St.Gallen Gallusst./Webergasse	29.04.2019	Montag	1	6	0	1	1	3	9	41	72	67	82	77	68	57	80	87	60	76	76	73	31	20	20	34	16
119	10918	St.Gallen Gallusst./Webergasse	30.04.2019	Dienstag	1	8	3	1	1	2	15	42	95	96	95	112	70	55	77	70	85	65	80	61	48	35	16	25	25
120	10918	St.Gallen Gallusst./Webergasse	01.05.2019	Mittwoch	1	5	5	0	1	7	13	45	89	98	95	101	103	69	75	83	70	67	67	64	36	23	17	14	15
121	10918	St.Gallen Gallusst./Webergasse	02.05.2019	Donnerstag	1	4	1	6	0	3	16	41	97	86	101	101	89	44	86	60	78	66	75	61	56	33	24	20	9
122	10918	St.Gallen Gallusst./Webergasse	03.05.2019	Freitag	1	3	1	2	0	2	9	52	95	91	83	114	83	49	70	68	73	85	106	67	53	39	23	23	14
123	10918	St.Gallen Gallusst./Webergasse	04.05.2019	Samstag	1	14	9	8	3	3	28	30	41	53	45	47	52	49	75	56	54	33	52	40	26	31	18	19	21
124	10918	St.Gallen Gallusst./Webergasse	05.05.2019	Sonntag	1	10	13	6	2	2	2	14	27	42	53	79	30	35	20	24	12	20	26	29	17	24	19	9	1
125	10918	St.Gallen Gallusst./Webergasse	06.05.2019	Montag	1	4	1	4	0	3	7	44	78	96	71	75	76	50	86	61	63	66	86	48	51	24	24	11	13
126	10918	St.Gallen Gallusst./Webergasse	07.05.2019	Dienstag	1	3	3	3	0	3	16	51	97	94	84	91	91	38	73	50	72	82	86	81	37	21	16	17	10
127	10918	St.Gallen Gallusst./Webergasse	08.05.2019	Mittwoch	1	5	2	2	3	1	14	59	85	103	63	66	90	51	69	68	72	84	86	62	36	22	35	25	22
128	10918	St.Gallen Gallusst./Webergasse	09.05.2019	Donnerstag	1	5	3	2	1	2	14	48	86	93	87	102	99	47	91	95	67	85	95	85	32	24	37	11	13
129	10918	St.Gallen Gallusst./Webergasse	10.05.2019	Freitag	1	4	1	5	2	3	10	46	84	77	90	88	87	50	60	68	51	48	32	26	6	9	7	2	10
130	10918	St.Gallen Gallusst./Webergasse	11.05.2019	Samstag	1	12	9	1	6	4	10	12	21	37	40	40	34	27	18	32	18	19	16	9	12	8	6	13	13
131	10918	St.Gallen Gallusst./Webergasse	12.05.2019	Sonntag	1	14	12	5	8	3	12	14	5	19	33	33	42	22	28	20	32	28	23	18	26	21	8	13	8
132	10918	St.Gallen Gallusst./Webergasse	13.05.2019	Montag	1	4	1	1	1	5	15	36	101	100	90	73	80	57	72	74	86	66	93	44	36	23	19	20	10
133	10918	St.Gallen Gallusst./Webergasse	14.05.2019	Dienstag	1	3	1	3	2	4	14	49	92	89	104	80	79	53	78	77	63	79	76	64	34	25	18	29	10
134	10918	St.Gallen Gallusst./Webergasse	15.05.2019	Mittwoch	1	2	2	3	0	4	13	51	95	99	97	99	88	54	79	71	79	90	84	72	52	41	20	36	19
135	10918	St.Gallen Gallusst./Webergasse	16.05.2019	Donnerstag	1	6	7	6	0	2	17	51	86	112	88	88	103	44	82	68	71	92	82	68	50	33	26	31	11
136	10918	St.Gallen Gallusst./Webergasse	17.05.2019	Freitag	1	7	3	5	3	3	10	56	96	109	103	105	94	49	81	63	68	66	82	54	36	32	24	17	16
137	10918	St.Gallen Gallusst./Webergasse	18.05.2019	Samstag	1	8	9	5	5	4	7	20	28	47	53	50	43	38	42	30	36	43	44	42	39	21	17	20	18
138	10918	St.Gallen Gallusst./Webergasse	19.05.2019	Sonntag	1	12	10	10	7	2	4	5	15	13	20	40	27	33	27	20	32	12	20	12	30	17	20	8	2
139	10918	St.Gallen Gallusst./Webergasse	20.05.2019	Montag	1	3	1	1	1	2	17	45	79	77	60	81	75	43	86	79	71	87	85	49	34	30	13	19	14
140	10918	St.Gallen Gallusst./Webergasse	21.05.2019	Dienstag	1	6	3	3	1	3	15	55	104	94	96	81	89	62	77	79	75	69	68	69	34	22	28	16	20
141	10918	St.Gallen Gallusst./Webergasse	22.05.2019	Mittwoch	1	4	0	2	1	3	11	54	96	92	78	97	92	46	86	69	62	69	93	58	40	25	27	20	8
142	10918	St.Gallen Gallusst./Webergasse	23.05.2019	Donnerstag	1	4	7	3	2	2	17	57	93	89	79	99	99	52	80	71	78	68	81	61	38	27	38	27	17
143	10918	St.Gallen Gallusst./Webergasse	24.05.2019	Freitag	1	9	10	1	1	0	11	52	87	93	101	91	89	34	75	69	88	84	78	73	35	32	22	12	15
144	10918	St.Gallen Gallusst./Webergasse	25.05.2019	Samstag	1	7	3	6	4	5	8	12	21	55	46	41	55	37	43	36	30	59	39	34	31	19	16	23	15
145	10918	St.Gallen Gallusst./Webergasse	26.05.2019	Sonntag	1	12	8	6	4	3	7	8	9	10	31	16	23	27	16	24	14	34	27	16	33	21	17	9	7
146	10918	St.Gallen Gallusst./Webergasse	27.05.2019	Montag	1	2	1	2	0	4	10	52	88	79	92	62	69	53	75	59	54	76	76	59	48	24	27	13	5
147	10918	St.Gallen Gallusst./Webergasse	28.05.2019	Dienstag	1	5	3	1	3	3	18	59	98	80	107	97	81	64	65	73	73	94	88	61	36	20	28	25	5
148	10918	St.Gallen Gallusst./Webergasse	29.05.2019	Mittwoch	1	1	2	6	1	2	15	66	100	95	117	95	98	49	90	90	73	65	76	63	38	19	21	17	7
149	10918	St.Gallen Gallusst./Webergasse	30.05.2019	Donnerstag	1	6	3	5	3	3	4	6	10	22	20	33	22	22	25	12	19	10	19	13	3	25	22	15	6
150	10918	St.Gallen Gallusst./Webergasse	31.05.2019	Freitag	1	4	5	4	1	3	6	42	57	70	75	75	67	41	59	43	64	60	54	45	31	20	19	8	15
151	10918	St.Gallen Gallusst./Webergasse	01.06.2019	Samstag	1	4	3	1	5	5	32	62	37	47	46	60	37	33	41	45	36	81	40	35	24	21	21	15	17
152	10918	St.Gallen Gallusst./Webergasse	02.06.2019	Sonntag	1	9	7	5	5	5	2	6	10	11	25	27	23	26	22	13	10	24	16	19	22	13	22	12	6
153	10918	St.Gallen Gallusst./Webergasse	03.06.2019	Montag	1	2	4	2	2	2	11	42	93	82	67	83	71	59	79	65	67	78	79	59	42	13	16	18	5
154	10918	St.Gallen Gallusst./Webergasse	04.06.2019	Dienstag	1	3	0	3	1	2	23	52	107	92	92	67	74	56	80	63	54	74	106	63	38	22	25	25	14
155	10918	St.Gallen Gallusst./Webergasse	05.06.2019	Mittwoch	1	9	0	1	3	1	20	41	77	114	88	123	93	56	97	63	72	78	100	62	43	28	18	19	10
156	10918	St.Gallen Gallusst./Webergasse	06.06.2019	Donnerstag	1	4	4	2	0	0	23	39	100	79	90	115	106	55	83	73	95	86	90	56	44	27	21	17	7
157	10918	St.Gallen Gallusst./Webergasse	07.06.2019	Freitag	1	7	3	2	1	5	16	48	55	105	91	104	102	61	87	104	78	81	101	69	37	28	18	21	11
158	10918	St.Gallen Gallusst./Webergasse	08.06.2019	Samstag	1	3	4	5	6	3	7	14	34	44	45	44	47	29	39	46	37	30	47	30	20	23	16	21	21
159	10918	St.Gallen Gallusst./Webergasse	09.06.2019	Sonntag	1	7	8	4	2	4	5	4	8	16	17	24	29	18	22	16	20	32	26	19	10	17	19	6	9
160	10918	St.Gallen Gallusst./Webergasse	10.06.2019	Montag	1	3	2	1	1	2	1	6	4	8	26	25	41	18	22	26	22	27	58	32	23	26	10	9	2
161	10918	St.Gallen Gallusst./Webergasse	11.06.2019	Dienstag	1	2	3	3	0	3	16	53	96	93	88	92	92	45	84	66	77	90	81	73	53	24	24	14	8
162	10918	St.Gallen Gallusst./Webergasse	12.06.2019	Mittwoch	1	2	2	3	0	2	13	59	98	123	98	101	80	55	82	83	79	90	72	58	35	25	12	21	8
163	10918	St.Gallen Gallusst./Webergasse	13.06.2019	Donnerstag	1	6	3	4	1	3	16	62	87	114	114	86	99	49	87	80	75	68	93	85	48	29	29	17	10
164	10918	St.Gallen Gallusst./Webergasse	14.06.2019	Freitag	1	4	3	1	1	2	15	57	85	99	103	111	100	56	88	95	60	105	77	56	36	28	24	19	15
165	10918	St.Gallen Gallusst./Webergasse	15.06.2019	Samstag	1	13	10	5	2	5	10	14	28	59	57	32	45	42	39	49	36	47	53	29	20	27	30	14	18
166	10918	St.Gallen Gallusst./Webergasse	16.06.2019	Sonntag	1	14	11	5	6	3	10	9	10	16	22	35	20	25	24	22	27	33	25	23	28	22	14	9	5
167	10918	St.Gallen Gallusst./Webergasse	17.06.2019	Montag	1	1	0	2	2	3	7	39	95	92	78	73	75	43	81	74	87	74	86	56	47	11	24	22	7
168	10918	St.Gallen Gallusst./Webergasse	18.06.2019	Dienstag	1	0	2	2	1	2	21	63	109	111	120	98	97	67	84	72	77	71	89	54	26	34	18	16	20
169	10918	St.Gallen Gallusst./Webergasse	19.06.2019	Mittwoch	1	17	11	7	0	8	19	39	119	92	103	102	93	60	85	73	65	91	86	61	40	25	30	17	12
170	10918	St.Gallen Gallusst./Webergasse	20.06.2019	Donnerstag	1	6	3	6	0	9	19	50	104	78	87	96	112	51	88	76	83	88	109	69	41	32	23	16	9
171	10918	St.Gallen Gallusst./Webergasse	21.06.2019	Freitag	1	1	6	4	1	3	13	58	99	96	104	100	80	58	76	85	81	88	66	63	25	14	21	28	29
172	10918	St.Gallen Gallusst./Webergasse	22.06.2019	Samstag	1	17	17	8	7	3	7	16	22	50	46	47	66	42	54	50	44	46	30	38	27	17	13	14	19
173	10918	St.Gallen Gallusst./Webergasse	23.06.2019	Sonntag	1	15	8	9	15	5	7	8	21	23	30	29	26	32	26	28	27	37	24	23	22	17	20	11	6
174	10918	St.Gallen Gallusst./Webergasse	24.06.2019	Montag	1	5	6	3	1	3	11	45	84	82	71	78	89	54	65	70	69	85	94	44	44	26	27	18	12
175	10918	St.Gallen Gallusst./Webergasse	25.06.2019	Dienstag	1	2	1	2	1	5	15	54	86	98	98	104	108	44	66	79	92	102	95	63	39	33	28	24	11
176	10918	St.Gallen Gallusst./Webergasse	26.06.2019	Mittwoch	1	4	4	4	2	1	18	64	105	95	83	104	92	56	90	65	76	105	107	63	32	36	33	22	11
177	10918	St.Gallen Gallusst./Webergasse	27.06.2019	Donnerstag	1	5	7	3	1	1	24	48	96	76	108	110	116	68	79	69	66	86	97	59	29	28	28	16	15
178	10918	St.Gallen Gallusst./Webergasse	28.06.2019	Freitag	1	6	10	2	0	5	20	45	69	99	101	88	103	46	93	81	80	86	71	52	48	22	12	11	18
179	10918	St.Gallen Gallusst./Webergasse	29.06.2019	Samstag	1	14	13	13	6	9	8	17	33	54	49	52	51	43	35	42	46	47	27	40	28	20	14	16	17
180	10918	St.Gallen Gallusst./Webergasse	30.06.2019	Sonntag	1	11	13	5	6	6	7	9	11	15	21	24	36	21	12	20	12	32	19	19	15	16	19	17	7
181	10918	St.Gallen Gallusst./Webergasse	01.07.2019	Montag	1	6	1	3	1	10	12	47	76	80	70	81	83	44	74	73	64	70	97	54	27	28	15	19	9
182	10918	St.Gallen Gallusst./Webergasse	02.07.2019	Dienstag	1	4	4	1	2	3	14	45	107	92	86	97	72	60	88	64	87	81	97	84	42	21	16	14	19
183	10918	St.Gallen Gallusst./Webergasse	03.07.2019	Mittwoch	1	8	2	1	1	3	17	51	83	79	108	93	81	55	66	77	78	118	102	83	50	24	20	29	15
184	10918	St.Gallen Gallusst./Webergasse	04.07.2019	Donnerstag	1	4	5	3	0	2	14	52	97	93	98	91	87	47	103	69	65	74	82	63	42	27	26	20	18
185	10918	St.Gallen Gallusst./Webergasse	05.07.2019	Freitag	1	3	4	2	3	2	17	39	75	113	99	102	102	56	74	66	106	96	96	69	49	21	17	17	31
186	10918	St.Gallen Gallusst./Webergasse	06.07.2019	Samstag	1	15	14	7	1	10	40	68	65	58	60	67	48	37	62	54	65	68	42	28	19	14	11	14	18
187	10918	St.Gallen Gallusst./Webergasse	07.07.2019	Sonntag	1	8	4	7	2	7	3	5	7	13	9	23	30	21	17	14	25	43	17	19	10	19	21	5	6
188	10918	St.Gallen Gallusst./Webergasse	08.07.2019	Montag	1	7	2	1	4	3	12	38	77	79	87	67	70	39	60	54	68	54	79	60	26	21	21	14	10
189	10918	St.Gallen Gallusst./Webergasse	09.07.2019	Dienstag	1	2	2	4	5	1	20	55	78	100	75	109	80	38	68	71	81	121	113	74	30	17	21	11	9
190	10918	St.Gallen Gallusst./Webergasse	10.07.2019	Mittwoch	1	3	8	1	2	2	16	41	62	72	85	80	83	52	79	77	70	85	79	41	52	29	13	12	17
191	10918	St.Gallen Gallusst./Webergasse	11.07.2019	Donnerstag	1	3	7	1	1	3	17	48	67	77	89	83	97	50	73	68	71	65	66	51	44	27	18	16	15
192	10918	St.Gallen Gallusst./Webergasse	12.07.2019	Freitag	1	1	5	2	1	2	11	39	80	85	84	84	90	56	62	57	46	66	76	36	36	17	18	8	16
193	10918	St.Gallen Gallusst./Webergasse	13.07.2019	Samstag	1	15	8	7	1	4	9	16	34	32	40	29	49	36	40	43	35	45	32	20	15	11	12	10	11
194	10918	St.Gallen Gallusst./Webergasse	14.07.2019	Sonntag	1	8	7	4	5	5	1	5	10	12	19	21	24	27	14	23	25	21	19	20	16	13	9	7	2
195	10918	St.Gallen Gallusst./Webergasse	15.07.2019	Montag	1	6	4	5	2	5	7	39	74	65	60	61	72	49	87	71	73	66	64	36	26	23	10	10	5
196	10918	St.Gallen Gallusst./Webergasse	16.07.2019	Dienstag	1	3	3	0	0	6	9	62	93	71	72	71	85	49	63	52	51	72	67	53	31	23	15	13	9
197	10918	St.Gallen Gallusst./Webergasse	17.07.2019	Mittwoch	1	3	3	1	0	4	13	52	70	71	62	61	74	52	78	75	69	70	65	49	16	19	13	10	7
198	10918	St.Gallen Gallusst./Webergasse	18.07.2019	Donnerstag	1	9	4	1	1	2	15	45	90	77	82	87	71	47	69	57	64	64	72	35	29	16	15	11	7
199	10918	St.Gallen Gallusst./Webergasse	19.07.2019	Freitag	1	6	2	2	2	2	16	42	71	73	83	63	75	52	72	69	61	79	57	45	27	9	11	11	12
200	10918	St.Gallen Gallusst./Webergasse	20.07.2019	Samstag	1	6	9	5	3	3	5	20	20	36	40	49	42	42	36	43	33	36	32	31	14	17	14	6	13
201	10918	St.Gallen Gallusst./Webergasse	21.07.2019	Sonntag	1	8	5	4	3	1	5	16	15	18	27	41	22	30	18	26	19	32	34	31	15	21	28	10	4
202	10918	St.Gallen Gallusst./Webergasse	22.07.2019	Montag	1	2	3	1	2	1	9	38	56	57	75	65	70	36	63	65	44	59	53	32	19	15	17	15	8
203	10918	St.Gallen Gallusst./Webergasse	23.07.2019	Dienstag	1	5	2	1	1	4	16	39	57	69	54	59	61	46	65	54	53	67	70	31	29	22	13	14	4
204	10918	St.Gallen Gallusst./Webergasse	24.07.2019	Mittwoch	1	2	2	3	2	3	15	46	71	56	56	64	48	32	79	48	69	55	58	45	37	24	18	11	5
205	10918	St.Gallen Gallusst./Webergasse	25.07.2019	Donnerstag	1	4	1	1	0	2	17	34	60	53	62	57	64	40	73	48	52	61	61	34	28	21	13	15	15
206	10918	St.Gallen Gallusst./Webergasse	26.07.2019	Freitag	1	6	4	2	1	1	10	40	52	60	68	73	74	46	62	51	64	55	52	37	30	17	10	4	11
207	10918	St.Gallen Gallusst./Webergasse	27.07.2019	Samstag	1	5	3	3	4	8	3	16	30	43	42	38	20	20	39	32	35	38	23	19	25	14	20	9	9
208	10918	St.Gallen Gallusst./Webergasse	28.07.2019	Sonntag	1	8	11	2	3	2	1	10	8	10	32	22	32	30	19	29	27	27	26	17	19	21	7	5	2
209	10918	St.Gallen Gallusst./Webergasse	29.07.2019	Montag	1	1	2	1	0	2	13	29	49	59	58	62	60	36	57	56	48	62	53	37	35	13	16	7	7
210	10918	St.Gallen Gallusst./Webergasse	30.07.2019	Dienstag	1	0	0	2	1	2	11	40	74	60	58	65	64	52	64	49	55	57	59	37	26	19	12	13	8
211	10918	St.Gallen Gallusst./Webergasse	31.07.2019	Mittwoch	1	6	5	5	1	3	20	37	65	65	62	67	79	39	60	53	68	45	54	45	39	15	10	13	5
212	10918	St.Gallen Gallusst./Webergasse	01.08.2019	Donnerstag	1	11	8	6	4	0	4	6	16	18	29	13	27	22	16	17	17	14	19	16	13	9	18	8	11
213	10918	St.Gallen Gallusst./Webergasse	02.08.2019	Freitag	1	8	4	3	3	1	9	27	51	65	65	62	75	48	53	40	48	51	45	29	19	17	17	4	12
214	10918	St.Gallen Gallusst./Webergasse	03.08.2019	Samstag	1	5	4	7	4	5	35	56	52	37	37	34	40	29	34	39	46	58	80	35	14	11	14	9	10
215	10918	St.Gallen Gallusst./Webergasse	04.08.2019	Sonntag	1	9	9	9	3	5	4	7	9	11	19	21	24	27	12	25	15	18	22	20	22	24	20	11	10
216	10918	St.Gallen Gallusst./Webergasse	05.08.2019	Montag	1	1	1	5	2	3	5	39	87	58	73	73	52	50	68	61	56	66	71	46	43	21	19	16	10
217	10918	St.Gallen Gallusst./Webergasse	06.08.2019	Dienstag	1	3	1	2	3	1	11	40	78	76	85	69	65	46	73	52	52	72	73	44	33	24	18	13	8
218	10918	St.Gallen Gallusst./Webergasse	07.08.2019	Mittwoch	1	3	0	2	2	1	12	43	78	76	81	78	75	56	88	46	70	86	87	59	41	22	21	15	4
219	10918	St.Gallen Gallusst./Webergasse	08.08.2019	Donnerstag	1	5	3	4	1	3	15	47	81	81	76	87	83	46	69	62	69	78	73	60	35	20	20	11	15
220	10918	St.Gallen Gallusst./Webergasse	09.08.2019	Freitag	1	9	4	4	2	1	5	42	78	74	91	109	79	45	78	61	65	64	77	52	26	28	29	15	14
221	10918	St.Gallen Gallusst./Webergasse	10.08.2019	Samstag	1	22	12	5	1	4	9	13	23	36	37	42	48	28	34	39	27	50	50	31	17	23	22	9	7
222	10918	St.Gallen Gallusst./Webergasse	11.08.2019	Sonntag	1	19	11	5	1	3	8	6	10	10	15	27	30	20	19	23	10	18	21	22	29	28	13	4	6
223	10918	St.Gallen Gallusst./Webergasse	12.08.2019	Montag	1	2	2	0	1	1	8	33	76	92	63	89	66	64	71	65	60	73	60	48	32	23	19	7	8
224	10918	St.Gallen Gallusst./Webergasse	13.08.2019	Dienstag	1	3	3	2	0	3	11	54	88	85	76	93	76	41	81	64	73	73	85	57	31	22	18	10	5
225	10918	St.Gallen Gallusst./Webergasse	14.08.2019	Mittwoch	1	3	3	2	0	0	10	54	86	69	95	84	79	55	94	62	77	76	88	48	27	26	16	14	11
226	10918	St.Gallen Gallusst./Webergasse	15.08.2019	Donnerstag	1	5	5	7	2	3	15	49	89	99	88	85	96	49	63	73	74	77	94	73	49	24	21	24	7
227	10918	St.Gallen Gallusst./Webergasse	16.08.2019	Freitag	1	8	1	1	0	2	7	55	91	96	92	77	83	59	66	72	68	87	60	52	25	24	13	10	8
228	10918	St.Gallen Gallusst./Webergasse	17.08.2019	Samstag	1	18	20	13	9	7	12	18	22	50	39	50	38	41	21	23	39	31	33	21	21	14	20	6	14
229	10918	St.Gallen Gallusst./Webergasse	18.08.2019	Sonntag	1	20	18	31	27	18	20	13	9	28	29	34	42	30	21	14	22	21	29	20	20	21	16	6	3
230	10918	St.Gallen Gallusst./Webergasse	19.08.2019	Montag	1	1	1	0	0	5	12	33	93	92	77	101	72	61	64	77	74	60	75	41	40	21	20	6	11
231	10918	St.Gallen Gallusst./Webergasse	20.08.2019	Dienstag	1	0	1	0	1	3	15	42	79	86	86	109	82	61	72	66	71	85	89	77	57	22	17	12	8
232	10918	St.Gallen Gallusst./Webergasse	21.08.2019	Mittwoch	1	3	1	2	2	2	10	52	79	95	89	82	91	57	78	67	68	100	85	48	37	20	17	13	11
233	10918	St.Gallen Gallusst./Webergasse	22.08.2019	Donnerstag	1	1	2	3	1	5	13	36	86	89	70	88	81	59	74	65	61	86	85	77	33	19	34	17	15
234	10918	St.Gallen Gallusst./Webergasse	23.08.2019	Freitag	1	2	4	0	0	5	5	45	91	102	112	85	85	50	87	74	75	74	72	68	32	27	24	18	15
235	10918	St.Gallen Gallusst./Webergasse	24.08.2019	Samstag	1	8	4	6	5	5	4	18	23	49	51	49	63	41	41	39	38	29	39	32	21	32	15	11	10
236	10918	St.Gallen Gallusst./Webergasse	25.08.2019	Sonntag	1	5	8	6	6	3	4	5	12	20	29	45	30	32	27	17	20	23	25	28	19	26	7	6	3
237	10918	St.Gallen Gallusst./Webergasse	26.08.2019	Montag	1	3	1	1	3	1	6	48	100	61	86	80	65	60	72	74	71	80	73	49	37	30	24	14	10
238	10918	St.Gallen Gallusst./Webergasse	27.08.2019	Dienstag	1	2	1	2	3	5	14	36	110	87	95	74	81	48	69	85	65	89	101	67	48	40	25	16	11
239	10918	St.Gallen Gallusst./Webergasse	28.08.2019	Mittwoch	1	2	0	0	4	4	11	58	99	96	86	107	89	53	86	59	61	69	88	79	33	33	22	16	11
240	10918	St.Gallen Gallusst./Webergasse	29.08.2019	Donnerstag	1	2	1	1	5	3	17	52	92	84	90	94	85	48	68	63	70	86	82	76	43	29	20	25	11
241	10918	St.Gallen Gallusst./Webergasse	30.08.2019	Freitag	1	8	1	0	1	5	13	42	95	98	117	102	75	61	76	67	80	101	95	70	45	24	26	20	13
242	10918	St.Gallen Gallusst./Webergasse	31.08.2019	Samstag	1	3	7	9	9	8	3	35	36	64	60	65	55	49	49	35	52	45	66	28	25	19	19	13	9
243	10918	St.Gallen Gallusst./Webergasse	01.09.2019	Sonntag	1	4	9	6	3	5	3	5	6	15	24	33	38	26	30	29	22	28	29	24	42	29	10	8	1
244	10918	St.Gallen Gallusst./Webergasse	02.09.2019	Montag	1	3	1	2	1	5	7	47	85	71	75	74	85	51	62	75	74	60	73	59	36	20	21	11	9
245	10918	St.Gallen Gallusst./Webergasse	03.09.2019	Dienstag	1	1	0	0	2	4	10	48	112	85	89	105	71	57	86	73	71	85	90	42	43	29	21	17	13
246	10918	St.Gallen Gallusst./Webergasse	04.09.2019	Mittwoch	1	4	1	1	2	4	11	56	97	91	104	77	77	58	64	80	75	75	93	81	44	18	24	14	5
247	10918	St.Gallen Gallusst./Webergasse	05.09.2019	Donnerstag	1	4	1	1	2	4	10	45	98	101	86	90	88	69	68	70	62	75	113	72	41	41	21	21	8
248	10918	St.Gallen Gallusst./Webergasse	06.09.2019	Freitag	1	3	7	3	2	5	8	59	87	112	86	95	93	54	85	89	84	90	73	78	39	27	27	26	21
249	10918	St.Gallen Gallusst./Webergasse	07.09.2019	Samstag	1	11	9	5	7	7	20	43	42	48	54	46	55	44	43	57	60	59	63	48	37	34	36	30	34
250	10918	St.Gallen Gallusst./Webergasse	08.09.2019	Sonntag	1	22	13	8	3	4	7	7	6	18	25	21	26	23	27	12	28	30	24	25	12	14	8	9	2
251	10918	St.Gallen Gallusst./Webergasse	09.09.2019	Montag	1	5	3	1	1	4	7	39	95	80	61	68	78	58	64	61	93	81	94	56	33	22	12	10	5
252	10918	St.Gallen Gallusst./Webergasse	10.09.2019	Dienstag	1	6	3	2	3	2	10	49	101	91	91	89	75	45	82	75	61	81	99	61	43	24	14	23	13
253	10918	St.Gallen Gallusst./Webergasse	11.09.2019	Mittwoch	1	7	0	1	1	3	14	46	98	74	73	88	82	55	75	59	83	75	96	56	36	24	23	14	4
254	10918	St.Gallen Gallusst./Webergasse	12.09.2019	Donnerstag	1	4	3	3	3	6	17	41	105	90	93	108	93	50	77	50	81	87	101	84	67	31	20	19	18
255	10918	St.Gallen Gallusst./Webergasse	13.09.2019	Freitag	1	3	6	2	2	4	11	57	90	103	97	87	69	44	55	77	79	95	65	57	37	23	21	29	17
256	10918	St.Gallen Gallusst./Webergasse	14.09.2019	Samstag	1	20	10	4	4	4	7	23	32	53	48	53	42	43	44	44	38	63	56	41	21	22	13	21	12
257	10918	St.Gallen Gallusst./Webergasse	15.09.2019	Sonntag	1	13	13	2	7	3	8	3	11	19	22	35	32	27	22	31	24	35	25	20	33	19	15	12	4
258	10918	St.Gallen Gallusst./Webergasse	16.09.2019	Montag	1	1	2	1	1	2	11	41	92	86	76	86	80	42	91	81	59	65	79	61	37	17	18	14	11
259	10918	St.Gallen Gallusst./Webergasse	17.09.2019	Dienstag	1	2	3	2	0	1	18	50	93	81	95	100	87	68	73	72	74	82	82	64	41	19	29	13	9
260	10918	St.Gallen Gallusst./Webergasse	18.09.2019	Mittwoch	1	2	0	3	0	3	12	59	88	96	87	98	78	54	91	55	76	83	99	54	41	29	17	11	11
261	10918	St.Gallen Gallusst./Webergasse	19.09.2019	Donnerstag	1	5	4	2	4	2	10	40	97	79	98	97	103	54	84	59	83	79	75	69	39	32	29	21	12
262	10918	St.Gallen Gallusst./Webergasse	20.09.2019	Freitag	1	3	3	2	2	3	14	59	105	88	104	112	100	56	78	83	73	85	87	53	35	23	15	17	14
263	10918	St.Gallen Gallusst./Webergasse	21.09.2019	Samstag	1	6	6	9	8	5	7	17	29	44	45	46	52	33	42	38	44	39	40	37	24	20	15	15	14
264	10918	St.Gallen Gallusst./Webergasse	22.09.2019	Sonntag	1	5	11	5	3	6	4	2	8	11	21	32	22	26	36	20	31	21	21	13	24	22	11	17	4
265	10918	St.Gallen Gallusst./Webergasse	23.09.2019	Montag	1	3	0	4	1	5	14	41	91	85	70	82	72	61	72	65	64	65	55	52	32	23	22	35	5
266	10918	St.Gallen Gallusst./Webergasse	24.09.2019	Dienstag	1	1	1	0	6	5	13	40	86	85	101	104	99	58	91	52	69	76	86	76	32	38	18	29	7
267	10918	St.Gallen Gallusst./Webergasse	25.09.2019	Mittwoch	1	7	1	2	6	2	17	59	88	82	80	97	87	51	84	88	100	88	76	56	35	24	18	22	24
268	10918	St.Gallen Gallusst./Webergasse	26.09.2019	Donnerstag	1	1	4	2	7	4	12	55	96	91	94	83	96	48	86	61	87	89	95	74	35	20	33	17	5
269	10918	St.Gallen Gallusst./Webergasse	27.09.2019	Freitag	1	3	2	3	4	1	10	53	92	88	97	102	90	59	90	75	82	73	69	57	38	20	21	30	11
270	10918	St.Gallen Gallusst./Webergasse	28.09.2019	Samstag	1	11	8	13	5	6	7	13	19	31	46	40	44	37	47	43	46	48	26	37	21	18	15	14	7
271	10918	St.Gallen Gallusst./Webergasse	29.09.2019	Sonntag	1	13	4	3	2	3	2	5	16	6	22	23	28	12	13	20	20	26	20	18	22	24	6	7	4
272	10918	St.Gallen Gallusst./Webergasse	30.09.2019	Montag	1	0	2	1	4	3	12	46	74	68	81	67	81	58	67	71	67	76	65	37	41	30	15	12	10
273	10918	St.Gallen Gallusst./Webergasse	01.10.2019	Dienstag	1	4	4	1	4	2	8	44	92	77	89	86	75	55	82	57	71	63	69	48	38	22	17	26	9
274	10918	St.Gallen Gallusst./Webergasse	02.10.2019	Mittwoch	1	7	6	6	1	5	11	44	79	67	88	98	71	49	67	50	76	76	74	64	27	20	20	18	3
275	10918	St.Gallen Gallusst./Webergasse	03.10.2019	Donnerstag	1	3	3	4	5	4	11	38	82	91	77	89	69	55	71	78	70	62	80	50	43	19	24	20	7
276	10918	St.Gallen Gallusst./Webergasse	04.10.2019	Freitag	1	2	2	4	4	2	7	47	79	105	101	91	85	55	85	80	81	54	69	51	33	17	13	14	12
277	10918	St.Gallen Gallusst./Webergasse	05.10.2019	Samstag	1	12	8	3	4	3	19	31	53	48	56	45	53	57	38	67	40	60	42	30	29	24	22	14	10
278	10918	St.Gallen Gallusst./Webergasse	06.10.2019	Sonntag	1	13	13	8	4	4	5	8	8	8	11	27	27	21	31	21	21	21	20	26	14	26	23	13	3
279	10918	St.Gallen Gallusst./Webergasse	07.10.2019	Montag	1	0	0	4	3	3	7	32	74	60	75	73	84	58	58	56	50	55	67	52	24	17	11	8	7
280	10918	St.Gallen Gallusst./Webergasse	08.10.2019	Dienstag	1	1	2	4	3	1	10	50	87	94	90	93	81	57	87	61	71	59	82	53	34	22	18	6	4
281	10918	St.Gallen Gallusst./Webergasse	09.10.2019	Mittwoch	1	6	1	1	7	0	3	43	89	88	95	92	71	55	75	70	79	78	82	56	33	28	11	16	13
282	10918	St.Gallen Gallusst./Webergasse	10.10.2019	Donnerstag	1	2	3	3	3	4	8	40	84	82	78	84	69	47	62	59	65	68	69	51	46	28	19	16	16
283	10918	St.Gallen Gallusst./Webergasse	11.10.2019	Freitag	1	12	2	3	1	4	9	44	66	88	93	79	96	56	64	67	62	70	66	60	42	29	14	12	16
284	10918	St.Gallen Gallusst./Webergasse	12.10.2019	Samstag	1	5	8	10	7	5	5	10	25	40	50	65	56	35	36	32	35	35	33	42	25	25	13	18	19
285	10918	St.Gallen Gallusst./Webergasse	13.10.2019	Sonntag	1	8	9	5	10	6	7	6	6	5	19	19	24	27	26	22	28	37	29	17	25	22	21	8	4
286	10918	St.Gallen Gallusst./Webergasse	14.10.2019	Montag	1	3	3	2	3	3	5	31	70	65	71	67	74	49	70	62	54	60	63	44	35	24	21	9	11
287	10918	St.Gallen Gallusst./Webergasse	15.10.2019	Dienstag	1	1	3	4	5	1	7	37	88	84	108	94	74	49	63	60	78	72	85	53	28	26	19	12	9
288	10918	St.Gallen Gallusst./Webergasse	16.10.2019	Mittwoch	1	7	4	3	2	1	6	37	86	74	93	81	77	63	80	79	67	68	80	52	24	36	25	12	10
289	10918	St.Gallen Gallusst./Webergasse	17.10.2019	Donnerstag	1	6	5	1	2	3	6	39	81	72	84	76	90	46	78	76	68	75	91	72	41	37	23	21	7
290	10918	St.Gallen Gallusst./Webergasse	18.10.2019	Freitag	1	8	3	3	0	4	9	38	80	83	99	73	112	84	70	72	72	76	77	64	36	22	13	21	13
291	10918	St.Gallen Gallusst./Webergasse	19.10.2019	Samstag	1	12	11	4	7	4	7	13	18	40	39	49	54	38	43	36	38	35	46	40	21	16	14	17	11
292	10918	St.Gallen Gallusst./Webergasse	20.10.2019	Sonntag	1	5	6	4	9	5	2	4	4	20	17	27	39	25	29	37	33	30	39	38	23	17	22	4	4
293	10918	St.Gallen Gallusst./Webergasse	21.10.2019	Montag	1	5	2	0	3	2	15	31	78	93	79	76	78	54	65	71	63	76	84	50	36	26	13	10	4
294	10918	St.Gallen Gallusst./Webergasse	22.10.2019	Dienstag	1	1	0	0	3	3	15	37	98	104	96	90	95	59	109	76	66	58	88	71	39	26	18	19	7
295	10918	St.Gallen Gallusst./Webergasse	23.10.2019	Mittwoch	1	3	5	1	2	1	12	36	89	94	91	87	90	50	89	71	90	73	103	72	43	22	16	13	7
296	10918	St.Gallen Gallusst./Webergasse	24.10.2019	Donnerstag	1	3	1	4	5	5	9	37	92	96	85	86	88	55	79	77	75	68	91	63	42	23	23	13	11
297	10918	St.Gallen Gallusst./Webergasse	25.10.2019	Freitag	1	1	3	1	0	2	12	50	76	108	94	102	87	55	73	73	77	72	73	58	44	31	18	22	13
298	10918	St.Gallen Gallusst./Webergasse	26.10.2019	Samstag	1	10	10	10	2	1	5	14	25	44	50	62	61	47	58	50	48	42	57	35	25	28	18	10	16
299	10918	St.Gallen Gallusst./Webergasse	27.10.2019	Sonntag	1	12	12	7	3	5	6	11	10	24	26	39	25	27	26	22	25	21	33	22	21	21	15	11	2
300	10918	St.Gallen Gallusst./Webergasse	28.10.2019	Montag	1	2	2	5	5	4	7	37	91	107	76	77	67	62	78	89	64	75	83	68	36	20	16	13	7
301	10918	St.Gallen Gallusst./Webergasse	29.10.2019	Dienstag	1	3	3	4	4	2	13	50	95	100	105	104	84	60	96	69	75	72	92	69	44	24	23	21	14
302	10918	St.Gallen Gallusst./Webergasse	30.10.2019	Mittwoch	1	5	5	3	1	3	12	48	90	93	108	114	100	58	87	91	83	92	111	85	55	41	20	18	9
303	10918	St.Gallen Gallusst./Webergasse	31.10.2019	Donnerstag	1	2	2	2	1	1	9	42	101	90	117	111	104	55	73	73	97	92	97	77	35	19	37	22	11
304	10918	St.Gallen Gallusst./Webergasse	01.11.2019	Freitag	1	14	11	4	1	4	4	4	17	27	17	39	24	35	18	36	25	33	26	35	27	15	5	15	9
305	10918	St.Gallen Gallusst./Webergasse	02.11.2019	Samstag	1	3	1	0	2	3	14	29	49	56	54	50	48	53	48	32	56	41	61	35	19	17	15	13	17
306	10918	St.Gallen Gallusst./Webergasse	03.11.2019	Sonntag	1	7	8	4	5	1	5	7	12	13	23	24	24	17	28	20	20	27	30	23	14	16	6	2	4
307	10918	St.Gallen Gallusst./Webergasse	04.11.2019	Montag	1	1	1	1	3	2	3	33	103	84	71	92	72	55	68	57	76	71	90	63	39	15	12	11	4
308	10918	St.Gallen Gallusst./Webergasse	05.11.2019	Dienstag	1	2	1	0	2	4	13	42	102	80	94	107	91	48	84	80	76	104	84	68	41	28	18	15	12
309	10918	St.Gallen Gallusst./Webergasse	06.11.2019	Mittwoch	1	8	2	3	4	5	7	38	91	79	83	95	76	65	68	62	82	86	89	58	27	26	21	18	10
310	10918	St.Gallen Gallusst./Webergasse	07.11.2019	Donnerstag	1	8	1	2	4	4	11	44	92	66	77	110	92	57	73	76	63	78	74	80	34	27	28	16	13
311	10918	St.Gallen Gallusst./Webergasse	08.11.2019	Freitag	1	4	2	2	1	4	12	41	92	85	100	102	98	50	73	85	89	66	66	59	36	22	29	13	13
312	10918	St.Gallen Gallusst./Webergasse	09.11.2019	Samstag	1	15	13	3	7	5	5	14	18	64	44	48	48	47	49	72	64	43	41	44	37	23	18	18	14
313	10918	St.Gallen Gallusst./Webergasse	10.11.2019	Sonntag	1	6	12	4	3	9	4	3	5	15	19	42	23	18	22	19	27	24	37	36	32	25	11	8	5
314	10918	St.Gallen Gallusst./Webergasse	11.11.2019	Montag	1	3	1	1	2	3	6	39	91	98	85	106	83	70	93	84	97	67	77	51	41	25	13	14	4
315	10918	St.Gallen Gallusst./Webergasse	12.11.2019	Dienstag	1	5	2	0	2	2	13	41	105	89	72	93	79	58	74	81	66	69	92	66	39	25	19	20	10
316	10918	St.Gallen Gallusst./Webergasse	13.11.2019	Mittwoch	1	12	1	0	2	5	13	47	97	95	94	91	89	54	68	73	90	84	77	64	38	25	26	18	10
317	10918	St.Gallen Gallusst./Webergasse	14.11.2019	Donnerstag	1	5	6	2	4	3	10	46	87	101	103	102	82	56	93	78	79	80	83	79	44	28	31	28	31
318	10918	St.Gallen Gallusst./Webergasse	15.11.2019	Freitag	1	9	7	3	3	2	10	47	89	85	109	99	103	69	89	80	80	83	65	66	37	15	15	25	23
319	10918	St.Gallen Gallusst./Webergasse	16.11.2019	Samstag	1	10	2	5	6	3	7	21	35	34	52	53	62	41	42	45	46	39	45	46	35	18	14	18	14
320	10918	St.Gallen Gallusst./Webergasse	17.11.2019	Sonntag	1	6	12	6	7	1	6	7	4	12	20	22	34	15	29	31	32	30	31	27	30	18	15	11	2
321	10918	St.Gallen Gallusst./Webergasse	18.11.2019	Montag	1	4	2	2	3	5	6	34	88	75	66	65	80	45	71	87	71	69	75	57	46	27	23	18	13
322	10918	St.Gallen Gallusst./Webergasse	19.11.2019	Dienstag	1	4	1	1	4	1	13	33	91	84	85	109	89	56	78	85	70	90	92	56	46	27	19	18	9
323	10918	St.Gallen Gallusst./Webergasse	20.11.2019	Mittwoch	1	7	1	6	2	5	8	35	86	92	91	90	78	62	83	84	72	63	93	64	46	24	35	26	9
324	10918	St.Gallen Gallusst./Webergasse	21.11.2019	Donnerstag	1	6	5	1	5	6	13	33	85	100	101	117	110	65	89	85	80	75	77	80	47	39	23	22	12
325	10918	St.Gallen Gallusst./Webergasse	22.11.2019	Freitag	1	5	4	2	1	3	10	37	86	89	83	107	108	65	86	61	84	81	93	74	37	25	25	21	27
326	10918	St.Gallen Gallusst./Webergasse	23.11.2019	Samstag	1	17	14	5	6	5	5	20	26	52	57	45	52	49	44	41	46	43	51	30	30	23	13	19	19
327	10918	St.Gallen Gallusst./Webergasse	24.11.2019	Sonntag	1	11	13	5	5	3	4	6	9	17	20	25	25	30	19	24	41	33	25	31	24	29	11	3	4
328	10918	St.Gallen Gallusst./Webergasse	25.11.2019	Montag	1	4	4	1	2	5	8	35	88	78	83	90	105	56	90	87	62	81	106	64	27	22	22	23	8
329	10918	St.Gallen Gallusst./Webergasse	26.11.2019	Dienstag	1	5	2	1	4	5	13	44	93	104	89	120	95	64	85	80	66	88	102	77	45	28	19	22	14
330	10918	St.Gallen Gallusst./Webergasse	27.11.2019	Mittwoch	1	6	5	0	1	2	8	44	99	94	100	111	91	58	77	83	64	97	77	62	34	29	22	44	20
331	10918	St.Gallen Gallusst./Webergasse	28.11.2019	Donnerstag	1	9	6	1	2	4	13	42	93	99	111	105	96	54	87	75	87	105	99	86	42	36	35	31	27
332	10918	St.Gallen Gallusst./Webergasse	29.11.2019	Freitag	1	9	2	2	2	3	11	55	96	107	127	129	125	72	76	92	76	90	95	72	55	41	21	20	21
333	10918	St.Gallen Gallusst./Webergasse	30.11.2019	Samstag	1	9	8	10	9	5	15	74	82	88	57	29	26	21	18	16	31	45	120	68	25	15	14	15	12
334	10918	St.Gallen Gallusst./Webergasse	01.12.2019	Sonntag	1	6	8	8	3	6	5	4	8	21	24	25	22	23	23	23	31	26	41	27	22	27	12	6	2
335	10918	St.Gallen Gallusst./Webergasse	02.12.2019	Montag	1	4	3	3	0	2	7	35	81	96	72	79	89	53	78	68	93	70	82	62	46	21	22	16	12
336	10918	St.Gallen Gallusst./Webergasse	03.12.2019	Dienstag	1	2	1	3	3	2	21	51	98	81	88	132	97	64	73	74	78	91	100	64	63	36	35	14	17
337	10918	St.Gallen Gallusst./Webergasse	04.12.2019	Mittwoch	1	4	4	4	3	4	11	44	110	93	93	94	85	59	80	71	91	81	111	61	45	31	33	22	18
338	10918	St.Gallen Gallusst./Webergasse	05.12.2019	Donnerstag	1	7	3	1	0	5	14	44	100	86	87	99	90	52	86	80	79	77	94	65	48	29	31	25	12
339	10918	St.Gallen Gallusst./Webergasse	06.12.2019	Freitag	1	8	3	0	2	1	6	49	77	97	87	111	90	58	76	65	76	89	74	49	50	25	29	19	19
340	10918	St.Gallen Gallusst./Webergasse	07.12.2019	Samstag	1	15	6	8	7	2	11	43	78	74	57	43	28	29	27	26	35	62	107	58	41	31	20	15	21
341	10918	St.Gallen Gallusst./Webergasse	08.12.2019	Sonntag	1	11	6	5	6	6	9	7	6	13	24	22	28	24	21	27	20	19	30	26	31	18	13	11	0
342	10918	St.Gallen Gallusst./Webergasse	09.12.2019	Montag	1	2	0	3	1	0	10	44	80	75	76	85	94	57	72	87	62	70	94	49	49	12	16	36	9
343	10918	St.Gallen Gallusst./Webergasse	10.12.2019	Dienstag	1	6	3	0	2	3	19	46	83	97	99	97	94	39	68	63	64	79	61	74	42	29	27	11	13
344	10918	St.Gallen Gallusst./Webergasse	11.12.2019	Mittwoch	1	2	2	0	3	1	9	54	75	93	81	88	74	48	76	64	84	93	84	56	50	23	20	19	11
345	10918	St.Gallen Gallusst./Webergasse	12.12.2019	Donnerstag	1	3	6	7	3	3	17	45	83	97	104	99	92	46	69	82	62	73	92	62	53	22	26	11	19
346	10918	St.Gallen Gallusst./Webergasse	13.12.2019	Freitag	1	2	5	0	0	1	13	40	86	87	104	130	103	49	77	91	88	77	75	53	44	23	22	30	16
347	10918	St.Gallen Gallusst./Webergasse	14.12.2019	Samstag	1	15	11	11	4	2	8	17	25	54	56	47	61	39	45	53	53	55	47	37	32	29	21	16	10
348	10918	St.Gallen Gallusst./Webergasse	15.12.2019	Sonntag	1	17	11	5	3	6	6	5	11	11	16	31	46	32	25	23	18	20	45	35	27	21	10	13	4
349	10918	St.Gallen Gallusst./Webergasse	16.12.2019	Montag	1	2	4	2	2	2	6	33	69	81	95	98	77	66	67	62	70	91	91	72	37	35	25	22	8
350	10918	St.Gallen Gallusst./Webergasse	17.12.2019	Dienstag	1	3	3	0	1	1	20	39	98	99	107	102	106	65	80	71	97	84	88	64	35	29	19	29	18
351	10918	St.Gallen Gallusst./Webergasse	18.12.2019	Mittwoch	1	4	8	2	3	1	7	51	69	95	91	86	103	56	86	73	72	91	78	69	38	29	15	19	10
352	10918	St.Gallen Gallusst./Webergasse	19.12.2019	Donnerstag	1	12	4	3	2	1	14	44	83	74	96	104	102	70	94	80	83	96	88	84	51	32	30	18	27
353	10918	St.Gallen Gallusst./Webergasse	20.12.2019	Freitag	1	13	5	7	3	1	10	47	77	95	97	91	97	63	80	94	83	94	95	62	49	31	31	40	41
354	10918	St.Gallen Gallusst./Webergasse	21.12.2019	Samstag	1	12	16	7	4	4	7	20	28	54	60	60	56	56	46	51	83	37	47	43	29	15	19	8	10
355	10918	St.Gallen Gallusst./Webergasse	22.12.2019	Sonntag	1	9	8	5	8	7	4	6	5	12	32	31	37	33	34	35	34	29	45	22	31	23	11	7	4
356	10918	St.Gallen Gallusst./Webergasse	23.12.2019	Montag	1	5	7	2	4	1	14	28	67	85	69	100	76	71	78	75	80	71	63	55	43	28	15	8	7
357	10918	St.Gallen Gallusst./Webergasse	24.12.2019	Dienstag	1	5	5	3	2	1	7	26	36	57	93	70	88	69	59	59	70	90	44	34	15	16	25	35	28
358	10918	St.Gallen Gallusst./Webergasse	25.12.2019	Mittwoch	1	25	7	3	4	6	1	2	4	5	15	40	21	30	27	24	33	29	31	18	18	16	9	8	15
359	10918	St.Gallen Gallusst./Webergasse	26.12.2019	Donnerstag	1	8	3	10	1	2	0	5	1	4	9	33	31	15	26	25	26	25	24	27	22	17	13	8	6
360	10918	St.Gallen Gallusst./Webergasse	27.12.2019	Freitag	1	11	1	2	4	2	7	17	43	41	78	63	45	37	49	68	74	51	52	46	28	14	17	18	21
361	10918	St.Gallen Gallusst./Webergasse	28.12.2019	Samstag	1	6	5	5	8	5	4	9	12	39	36	31	27	45	30	34	39	38	40	41	18	32	13	9	13
362	10918	St.Gallen Gallusst./Webergasse	29.12.2019	Sonntag	1	8	7	4	5	3	5	4	5	6	11	28	22	26	22	22	27	22	35	19	24	22	8	7	3
363	10918	St.Gallen Gallusst./Webergasse	30.12.2019	Montag	1	4	5	1	2	1	4	25	40	50	47	73	56	43	58	41	54	48	63	41	28	11	13	13	10
364	10918	St.Gallen Gallusst./Webergasse	31.12.2019	Dienstag	1	5	5	2	4	0	11	29	51	56	55	50	87	57	54	50	47	45	48	40	28	21	10	24	11
