LNR;ORT-ID;BEZEICHNUNG;DATUM;WOCHENTAG;RI;1;2;3;4;5;6;7;8;9;10;11;12;13;14;15;16;17;18;19;20;21;22;23;24
0;10905;St.Gallen Stadt Moosbruggst. 2;01.01.2019;Dienstag;1;16;41;29;24;11;14;14;12;14;20;40;35;50;49;55;47;60;57;53;47;27;25;15;5
1;10905;St.Gallen Stadt Moosbruggst. 2;01.01.2019;Dienstag;2;14;14;18;4;2;3;5;7;6;10;19;11;31;25;23;17;24;28;13;15;12;7;6;1
2;10905;St.Gallen Stadt Moosbruggst. 2;02.01.2019;Mittwoch;1;4;2;4;5;3;9;20;32;39;52;57;82;69;84;84;95;97;94;74;68;42;21;43;11
3;10905;St.Gallen Stadt Moosbruggst. 2;02.01.2019;Mittwoch;2;1;1;2;1;3;2;14;13;23;23;33;30;43;36;38;40;50;26;20;23;21;9;21;6
4;10905;St.Gallen Stadt Moosbruggst. 2;03.01.2019;Donnerstag;1;4;2;4;4;7;17;43;79;88;78;104;106;77;108;109;101;132;152;107;77;35;20;20;11
5;10905;St.Gallen Stadt Moosbruggst. 2;03.01.2019;Donnerstag;2;1;0;5;2;4;5;30;34;40;33;45;64;39;47;53;48;64;67;46;33;21;15;18;7
6;10905;St.Gallen Stadt Moosbruggst. 2;04.01.2019;Freitag;1;7;5;7;3;4;13;54;89;72;102;88;130;99;89;127;117;143;140;109;95;57;40;36;35
7;10905;St.Gallen Stadt Moosbruggst. 2;04.01.2019;Freitag;2;4;1;2;1;2;3;24;28;52;44;54;60;51;53;67;61;70;87;35;52;25;16;22;24
8;10905;St.Gallen Stadt Moosbruggst. 2;05.01.2019;Samstag;1;22;15;6;2;3;8;13;20;59;76;68;84;62;52;78;62;62;57;66;31;32;35;38;35
9;10905;St.Gallen Stadt Moosbruggst. 2;05.01.2019;Samstag;2;14;11;2;1;1;4;5;7;22;32;24;30;26;38;37;33;28;44;35;27;20;16;26;31
10;10905;St.Gallen Stadt Moosbruggst. 2;06.01.2019;Sonntag;1;26;16;11;13;7;12;30;12;23;49;33;46;50;34;45;52;44;39;44;42;32;13;8;10
11;10905;St.Gallen Stadt Moosbruggst. 2;06.01.2019;Sonntag;2;27;16;12;13;5;3;3;5;9;22;30;25;30;23;24;35;27;35;34;32;29;13;6;9
12;10905;St.Gallen Stadt Moosbruggst. 2;07.01.2019;Montag;1;0;2;4;3;5;22;86;143;143;80;98;122;95;113;96;114;139;215;131;70;46;35;34;14
13;10905;St.Gallen Stadt Moosbruggst. 2;07.01.2019;Montag;2;2;4;6;2;3;18;42;45;63;45;39;69;59;42;50;53;85;89;47;30;15;15;12;3
14;10905;St.Gallen Stadt Moosbruggst. 2;08.01.2019;Dienstag;1;7;1;4;5;9;16;83;159;176;125;101;137;124;154;128;98;121;185;138;90;58;31;27;17
15;10905;St.Gallen Stadt Moosbruggst. 2;08.01.2019;Dienstag;2;1;0;2;1;2;6;24;49;51;72;66;71;41;73;61;54;69;83;57;51;27;15;21;16
16;10905;St.Gallen Stadt Moosbruggst. 2;09.01.2019;Mittwoch;1;5;2;4;0;9;22;71;114;136;88;114;109;95;128;94;102;143;195;105;88;59;46;24;22
17;10905;St.Gallen Stadt Moosbruggst. 2;09.01.2019;Mittwoch;2;2;1;3;1;1;7;21;42;51;53;40;61;43;51;54;64;72;71;57;39;23;25;9;12
18;10905;St.Gallen Stadt Moosbruggst. 2;10.01.2019;Donnerstag;1;3;4;4;6;7;32;86;133;121;84;67;98;62;76;99;85;117;155;96;52;35;39;18;9
19;10905;St.Gallen Stadt Moosbruggst. 2;10.01.2019;Donnerstag;2;1;2;2;3;5;10;20;44;45;41;51;64;42;39;59;44;80;66;55;46;20;24;18;8
20;10905;St.Gallen Stadt Moosbruggst. 2;11.01.2019;Freitag;1;4;3;2;7;5;42;86;130;90;83;73;108;105;168;107;93;158;123;102;61;34;24;21;23
21;10905;St.Gallen Stadt Moosbruggst. 2;11.01.2019;Freitag;2;4;3;3;6;5;37;53;108;89;80;91;91;124;142;107;93;115;136;101;54;38;33;36;40
22;10905;St.Gallen Stadt Moosbruggst. 2;12.01.2019;Samstag;1;10;16;5;8;5;19;15;33;41;59;65;80;79;66;89;87;87;82;44;46;31;39;43;26
23;10905;St.Gallen Stadt Moosbruggst. 2;12.01.2019;Samstag;2;28;21;7;12;7;15;20;25;37;52;56;74;71;65;85;97;92;98;58;50;47;45;46;31
24;10905;St.Gallen Stadt Moosbruggst. 2;13.01.2019;Sonntag;1;22;9;6;4;8;3;4;8;18;28;44;42;37;56;38;48;52;25;50;38;26;13;11;7
25;10905;St.Gallen Stadt Moosbruggst. 2;13.01.2019;Sonntag;2;25;22;10;6;8;10;8;8;22;45;55;46;53;56;51;61;73;42;42;64;45;25;11;7
26;10905;St.Gallen Stadt Moosbruggst. 2;14.01.2019;Montag;1;3;0;4;1;2;10;91;153;118;69;83;113;69;126;90;109;125;213;115;77;42;28;22;12
27;10905;St.Gallen Stadt Moosbruggst. 2;14.01.2019;Montag;2;3;1;8;2;3;13;47;100;90;79;97;101;82;99;94;129;129;134;102;63;42;30;18;14
28;10905;St.Gallen Stadt Moosbruggst. 2;15.01.2019;Dienstag;1;2;2;2;1;6;15;78;148;137;102;124;113;110;121;97;90;120;201;148;94;49;28;23;15
29;10905;St.Gallen Stadt Moosbruggst. 2;15.01.2019;Dienstag;2;3;3;4;1;7;15;55;95;95;80;97;99;80;88;80;83;85;81;65;42;25;17;13;8
30;10905;St.Gallen Stadt Moosbruggst. 2;16.01.2019;Mittwoch;1;6;2;3;0;2;14;91;175;122;124;114;128;87;143;132;103;133;201;129;80;65;53;34;17
31;10905;St.Gallen Stadt Moosbruggst. 2;16.01.2019;Mittwoch;2;4;2;1;2;1;7;27;49;86;63;74;75;46;63;78;60;93;90;71;32;31;35;18;15
32;10905;St.Gallen Stadt Moosbruggst. 2;17.01.2019;Donnerstag;1;7;5;2;0;5;13;80;176;110;92;100;102;116;123;86;110;142;213;152;86;61;43;29;17
33;10905;St.Gallen Stadt Moosbruggst. 2;17.01.2019;Donnerstag;2;8;5;3;0;1;7;31;59;64;60;65;68;61;74;52;58;93;86;68;40;32;14;14;14
34;10905;St.Gallen Stadt Moosbruggst. 2;18.01.2019;Freitag;1;3;3;6;6;2;24;59;108;124;104;121;132;80;118;107;97;152;184;144;78;70;37;44;39
35;10905;St.Gallen Stadt Moosbruggst. 2;18.01.2019;Freitag;2;4;1;4;2;0;12;36;62;64;52;62;70;48;65;71;56;76;76;52;35;29;15;26;25
36;10905;St.Gallen Stadt Moosbruggst. 2;19.01.2019;Samstag;1;26;22;11;13;6;5;17;35;59;87;91;93;100;107;118;109;104;90;84;36;36;34;56;21
37;10905;St.Gallen Stadt Moosbruggst. 2;19.01.2019;Samstag;2;17;8;8;5;3;2;10;14;26;36;45;39;46;45;56;51;59;44;23;26;14;9;33;13
38;10905;St.Gallen Stadt Moosbruggst. 2;20.01.2019;Sonntag;1;25;13;10;13;8;10;7;14;22;35;50;65;68;73;60;74;73;76;54;50;34;27;27;7
39;10905;St.Gallen Stadt Moosbruggst. 2;20.01.2019;Sonntag;2;11;15;4;5;2;1;5;6;12;20;18;20;41;37;22;32;34;31;30;32;15;11;5;2
40;10905;St.Gallen Stadt Moosbruggst. 2;21.01.2019;Montag;1;2;2;2;0;7;6;76;178;116;88;101;121;95;131;112;111;123;210;131;76;52;36;32;20
41;10905;St.Gallen Stadt Moosbruggst. 2;21.01.2019;Montag;2;4;0;1;0;3;4;30;44;40;53;47;73;36;57;71;67;76;93;51;36;20;21;13;9
42;10905;St.Gallen Stadt Moosbruggst. 2;22.01.2019;Dienstag;1;3;4;2;0;3;11;108;169;138;99;102;113;81;132;93;95;119;222;150;83;41;41;35;20
43;10905;St.Gallen Stadt Moosbruggst. 2;22.01.2019;Dienstag;2;1;2;2;0;0;8;27;54;55;55;58;62;39;53;61;52;77;96;77;38;26;18;22;14
44;10905;St.Gallen Stadt Moosbruggst. 2;23.01.2019;Mittwoch;1;5;3;3;1;1;10;89;175;125;117;121;124;86;147;110;117;130;190;154;122;76;43;34;20
45;10905;St.Gallen Stadt Moosbruggst. 2;23.01.2019;Mittwoch;2;5;1;2;1;1;5;34;49;59;50;70;85;41;62;67;64;75;87;70;45;30;21;26;17
46;10905;St.Gallen Stadt Moosbruggst. 2;24.01.2019;Donnerstag;1;6;3;1;1;3;12;93;167;111;80;100;120;100;155;117;137;126;188;141;80;47;45;37;15
47;10905;St.Gallen Stadt Moosbruggst. 2;24.01.2019;Donnerstag;2;1;1;2;1;0;4;36;43;47;37;52;65;47;72;50;63;77;108;56;35;22;22;18;11
48;10905;St.Gallen Stadt Moosbruggst. 2;25.01.2019;Freitag;1;11;2;4;7;4;13;86;156;114;97;107;111;103;127;123;127;151;168;143;105;57;49;43;36
49;10905;St.Gallen Stadt Moosbruggst. 2;25.01.2019;Freitag;2;4;1;1;3;2;5;33;55;44;56;59;63;59;59;62;70;91;73;54;46;26;31;18;22
50;10905;St.Gallen Stadt Moosbruggst. 2;26.01.2019;Samstag;1;34;30;13;14;14;14;19;33;64;77;79;100;84;95;93;104;98;80;67;53;40;59;44;42
51;10905;St.Gallen Stadt Moosbruggst. 2;26.01.2019;Samstag;2;21;23;8;4;2;5;12;15;24;29;34;47;37;38;40;52;50;36;25;24;17;22;30;19
52;10905;St.Gallen Stadt Moosbruggst. 2;27.01.2019;Sonntag;1;26;25;9;9;13;5;7;20;16;41;61;63;40;35;44;50;55;55;58;48;43;27;10;5
53;10905;St.Gallen Stadt Moosbruggst. 2;27.01.2019;Sonntag;2;15;11;8;6;4;1;6;9;10;22;33;28;19;16;12;27;21;25;34;25;18;13;3;5
54;10905;St.Gallen Stadt Moosbruggst. 2;28.01.2019;Montag;1;5;5;3;3;2;20;72;144;106;79;80;89;80;105;88;84;102;156;83;63;36;26;27;12
55;10905;St.Gallen Stadt Moosbruggst. 2;28.01.2019;Montag;2;3;3;1;0;3;8;30;44;53;39;72;51;40;34;35;47;68;64;45;35;13;10;10;6
56;10905;St.Gallen Stadt Moosbruggst. 2;29.01.2019;Dienstag;1;3;3;6;4;5;43;74;129;86;86;86;105;70;99;73;91;96;160;120;60;36;34;21;13
57;10905;St.Gallen Stadt Moosbruggst. 2;29.01.2019;Dienstag;2;2;3;3;1;0;7;31;39;49;63;57;68;31;47;56;51;66;78;43;26;12;19;10;7
58;10905;St.Gallen Stadt Moosbruggst. 2;30.01.2019;Mittwoch;1;6;4;10;2;4;13;69;148;98;92;83;101;90;112;89;84;114;164;117;80;55;42;33;20
59;10905;St.Gallen Stadt Moosbruggst. 2;30.01.2019;Mittwoch;2;2;3;4;1;0;5;22;40;40;48;45;50;50;41;49;51;78;100;45;40;18;14;18;6
60;10905;St.Gallen Stadt Moosbruggst. 2;31.01.2019;Donnerstag;1;6;1;1;0;3;12;74;137;132;92;111;84;67;106;92;94;112;163;106;78;57;44;26;14
61;10905;St.Gallen Stadt Moosbruggst. 2;31.01.2019;Donnerstag;2;8;0;2;0;2;6;25;42;43;55;51;52;41;48;72;47;68;78;51;28;23;12;14;12
62;10905;St.Gallen Stadt Moosbruggst. 2;01.02.2019;Freitag;1;8;7;3;2;2;19;70;129;92;101;90;92;95;117;102;109;154;133;128;82;60;53;38;36
63;10905;St.Gallen Stadt Moosbruggst. 2;01.02.2019;Freitag;2;3;2;2;2;0;6;23;31;56;50;47;64;44;56;51;63;71;68;53;29;24;27;18;23
64;10905;St.Gallen Stadt Moosbruggst. 2;02.02.2019;Samstag;1;22;20;12;11;7;8;18;31;46;68;98;102;75;88;100;112;121;80;76;51;42;42;54;31
65;10905;St.Gallen Stadt Moosbruggst. 2;02.02.2019;Samstag;2;15;19;6;9;5;2;10;14;19;34;31;40;34;54;43;48;45;49;30;19;19;21;23;16
66;10905;St.Gallen Stadt Moosbruggst. 2;03.02.2019;Sonntag;1;17;11;10;16;14;23;11;8;43;44;49;73;63;47;54;76;54;45;67;41;44;41;14;12
67;10905;St.Gallen Stadt Moosbruggst. 2;03.02.2019;Sonntag;2;12;6;12;7;8;24;4;5;12;15;17;27;21;26;14;13;15;12;22;11;14;14;4;4
68;10905;St.Gallen Stadt Moosbruggst. 2;04.02.2019;Montag;1;3;1;5;5;6;20;69;150;142;93;112;141;120;138;120;149;144;202;136;78;37;46;34;13
69;10905;St.Gallen Stadt Moosbruggst. 2;04.02.2019;Montag;2;0;1;0;2;5;19;27;34;38;32;35;53;30;22;39;45;56;66;42;20;11;13;12;3
70;10905;St.Gallen Stadt Moosbruggst. 2;05.02.2019;Dienstag;1;5;2;5;5;10;17;93;178;154;132;113;151;108;141;132;115;155;210;166;98;56;44;32;18
71;10905;St.Gallen Stadt Moosbruggst. 2;05.02.2019;Dienstag;2;3;0;2;0;1;8;24;52;50;53;38;68;36;42;89;50;69;92;63;34;14;13;15;7
72;10905;St.Gallen Stadt Moosbruggst. 2;06.02.2019;Mittwoch;1;6;3;9;2;8;11;92;183;142;121;144;168;103;141;115;120;136;203;133;76;62;30;44;13
73;10905;St.Gallen Stadt Moosbruggst. 2;06.02.2019;Mittwoch;2;1;0;2;2;3;1;26;46;50;57;48;66;40;60;50;49;70;86;55;34;21;17;24;6
74;10905;St.Gallen Stadt Moosbruggst. 2;07.02.2019;Donnerstag;1;11;2;2;3;5;11;81;161;110;96;131;96;109;139;110;92;134;168;173;110;59;56;35;20
75;10905;St.Gallen Stadt Moosbruggst. 2;07.02.2019;Donnerstag;2;2;0;2;3;2;6;29;40;53;47;62;64;39;79;54;42;75;92;70;42;29;27;28;11
76;10905;St.Gallen Stadt Moosbruggst. 2;08.02.2019;Freitag;1;5;4;1;2;9;9;87;169;104;131;103;123;110;133;148;122;155;164;131;82;46;49;40;36
77;10905;St.Gallen Stadt Moosbruggst. 2;08.02.2019;Freitag;2;7;1;2;4;4;8;34;64;90;53;62;59;45;47;48;65;79;82;51;39;25;29;23;24
78;10905;St.Gallen Stadt Moosbruggst. 2;09.02.2019;Samstag;1;19;11;8;8;2;5;21;39;63;58;103;127;84;101;113;118;85;102;104;65;46;55;50;28
79;10905;St.Gallen Stadt Moosbruggst. 2;09.02.2019;Samstag;2;9;5;1;2;0;1;11;13;28;35;36;42;43;29;36;48;44;35;35;14;19;23;29;16
80;10905;St.Gallen Stadt Moosbruggst. 2;10.02.2019;Sonntag;1;21;24;12;16;10;8;11;13;24;37;60;78;56;51;68;78;83;87;64;77;25;30;15;5
81;10905;St.Gallen Stadt Moosbruggst. 2;10.02.2019;Sonntag;2;11;11;9;6;1;3;10;5;7;9;26;27;34;21;22;21;24;31;20;41;11;12;4;2
82;10905;St.Gallen Stadt Moosbruggst. 2;11.02.2019;Montag;1;4;1;2;5;4;11;65;164;119;89;89;127;78;138;97;86;114;204;131;97;45;38;30;14
83;10905;St.Gallen Stadt Moosbruggst. 2;11.02.2019;Montag;2;0;2;2;3;0;2;22;44;53;44;51;81;33;64;46;53;65;86;45;42;24;17;5;12
84;10905;St.Gallen Stadt Moosbruggst. 2;12.02.2019;Dienstag;1;6;1;2;2;4;14;82;167;113;111;101;131;111;122;108;113;113;171;185;83;47;51;22;15
85;10905;St.Gallen Stadt Moosbruggst. 2;12.02.2019;Dienstag;2;3;1;2;0;2;5;29;42;62;59;85;90;44;60;58;74;64;93;88;38;20;17;14;5
86;10905;St.Gallen Stadt Moosbruggst. 2;13.02.2019;Mittwoch;1;4;3;5;4;4;11;75;183;138;115;105;137;104;146;115;120;147;192;169;107;75;40;29;28
87;10905;St.Gallen Stadt Moosbruggst. 2;13.02.2019;Mittwoch;2;3;2;3;3;1;8;29;62;65;61;64;67;49;67;67;69;92;99;52;42;35;20;17;10
88;10905;St.Gallen Stadt Moosbruggst. 2;14.02.2019;Donnerstag;1;10;1;3;2;3;6;82;158;141;118;134;126;92;145;98;123;135;222;196;99;72;49;38;29
89;10905;St.Gallen Stadt Moosbruggst. 2;14.02.2019;Donnerstag;2;7;1;2;2;1;4;21;50;66;46;55;79;40;57;53;62;75;92;100;43;30;23;18;15
90;10905;St.Gallen Stadt Moosbruggst. 2;15.02.2019;Freitag;1;8;5;3;2;5;13;81;172;124;98;110;132;107;136;123;121;156;172;193;109;54;57;50;40
91;10905;St.Gallen Stadt Moosbruggst. 2;15.02.2019;Freitag;2;5;3;0;1;2;4;29;49;66;51;53;79;51;60;84;60;86;79;60;35;26;30;19;20
92;10905;St.Gallen Stadt Moosbruggst. 2;16.02.2019;Samstag;1;33;24;13;15;12;6;17;36;56;88;82;111;109;120;114;87;103;122;82;49;55;39;54;29
93;10905;St.Gallen Stadt Moosbruggst. 2;16.02.2019;Samstag;2;11;10;6;11;2;2;7;9;30;42;38;30;38;48;52;43;38;44;33;21;37;15;27;13
94;10905;St.Gallen Stadt Moosbruggst. 2;17.02.2019;Sonntag;1;38;14;15;11;13;11;11;14;29;43;66;65;63;56;78;74;72;89;89;59;44;36;17;7
95;10905;St.Gallen Stadt Moosbruggst. 2;17.02.2019;Sonntag;2;26;10;9;6;3;2;11;3;11;17;28;26;37;32;22;22;22;25;32;22;19;15;2;1
96;10905;St.Gallen Stadt Moosbruggst. 2;18.02.2019;Montag;1;5;1;3;1;5;12;86;169;123;94;112;111;116;126;87;109;146;218;142;80;45;28;42;17
97;10905;St.Gallen Stadt Moosbruggst. 2;18.02.2019;Montag;2;2;0;5;1;3;5;26;44;52;39;66;84;35;54;57;60;82;92;54;35;16;13;12;5
98;10905;St.Gallen Stadt Moosbruggst. 2;19.02.2019;Dienstag;1;5;3;2;2;2;15;88;166;129;100;128;126;115;126;117;110;125;187;162;105;50;50;31;32
99;10905;St.Gallen Stadt Moosbruggst. 2;19.02.2019;Dienstag;2;2;2;3;1;0;6;29;48;56;50;67;72;46;57;60;68;53;89;80;43;22;27;13;9
100;10905;St.Gallen Stadt Moosbruggst. 2;20.02.2019;Mittwoch;1;11;1;5;4;6;12;83;149;140;121;96;129;108;125;123;100;164;204;178;128;68;61;38;24
101;10905;St.Gallen Stadt Moosbruggst. 2;20.02.2019;Mittwoch;2;6;1;2;0;4;7;35;53;62;52;54;73;44;60;66;54;86;82;71;45;38;31;12;13
102;10905;St.Gallen Stadt Moosbruggst. 2;21.02.2019;Donnerstag;1;12;5;2;1;5;15;87;158;130;116;132;151;98;131;128;100;141;242;198;102;56;61;34;16
103;10905;St.Gallen Stadt Moosbruggst. 2;21.02.2019;Donnerstag;2;9;3;2;0;2;4;29;42;54;53;77;81;67;55;68;58;74;114;74;50;29;23;14;11
104;10905;St.Gallen Stadt Moosbruggst. 2;22.02.2019;Freitag;1;11;2;1;2;6;14;73;147;137;109;147;154;137;159;140;127;165;199;148;103;77;49;59;42
105;10905;St.Gallen Stadt Moosbruggst. 2;22.02.2019;Freitag;2;6;3;2;1;3;3;24;43;67;63;83;80;54;63;59;68;85;100;62;43;44;22;30;18
106;10905;St.Gallen Stadt Moosbruggst. 2;23.02.2019;Samstag;1;34;15;18;13;6;10;17;45;72;91;119;147;135;123;124;103;112;104;85;76;49;54;48;38
107;10905;St.Gallen Stadt Moosbruggst. 2;23.02.2019;Samstag;2;22;11;6;0;3;4;7;18;31;36;45;64;58;57;47;46;43;43;31;29;21;24;29;30
108;10905;St.Gallen Stadt Moosbruggst. 2;24.02.2019;Sonntag;1;37;29;16;14;5;9;15;25;23;53;67;73;75;64;70;100;70;97;86;50;41;26;12;11
109;10905;St.Gallen Stadt Moosbruggst. 2;24.02.2019;Sonntag;2;13;9;5;3;2;0;3;14;8;21;39;28;37;26;24;17;35;30;29;23;21;8;2;2
110;10905;St.Gallen Stadt Moosbruggst. 2;25.02.2019;Montag;1;4;3;1;0;3;10;72;164;129;91;71;118;101;113;99;109;121;213;121;96;55;46;36;22
111;10905;St.Gallen Stadt Moosbruggst. 2;25.02.2019;Montag;2;2;2;1;0;0;2;29;40;68;33;49;59;43;41;51;53;61;104;44;45;27;11;10;6
112;10905;St.Gallen Stadt Moosbruggst. 2;26.02.2019;Dienstag;1;5;6;1;0;4;11;87;170;138;101;103;131;114;134;109;102;140;206;161;86;64;42;37;20
113;10905;St.Gallen Stadt Moosbruggst. 2;26.02.2019;Dienstag;2;1;1;1;0;2;5;28;59;53;55;49;76;41;51;49;74;92;115;64;46;19;22;19;9
114;10905;St.Gallen Stadt Moosbruggst. 2;27.02.2019;Mittwoch;1;9;2;1;3;3;10;70;197;136;113;112;146;113;130;127;117;148;221;161;97;83;69;49;27
115;10905;St.Gallen Stadt Moosbruggst. 2;27.02.2019;Mittwoch;2;9;2;0;0;1;2;23;51;55;73;48;77;49;38;57;56;75;100;66;46;45;31;27;13
116;10905;St.Gallen Stadt Moosbruggst. 2;28.02.2019;Donnerstag;1;8;4;2;1;2;15;70;193;133;111;106;129;96;133;112;114;174;196;171;128;57;41;38;26
117;10905;St.Gallen Stadt Moosbruggst. 2;28.02.2019;Donnerstag;2;4;1;5;0;0;5;34;49;41;45;54;54;46;54;52;70;84;104;73;71;34;23;24;15
118;10905;St.Gallen Stadt Moosbruggst. 2;01.03.2019;Freitag;1;12;9;1;4;4;10;63;165;150;126;122;137;112;131;138;116;150;176;147;95;66;55;63;44
119;10905;St.Gallen Stadt Moosbruggst. 2;01.03.2019;Freitag;2;7;7;2;2;1;3;34;58;55;52;73;80;49;59;70;71;62;80;54;44;21;22;34;22
120;10905;St.Gallen Stadt Moosbruggst. 2;02.03.2019;Samstag;1;34;28;11;6;7;8;13;28;58;84;101;104;106;98;85;100;107;108;84;68;49;35;58;29
121;10905;St.Gallen Stadt Moosbruggst. 2;02.03.2019;Samstag;2;27;14;10;4;3;1;7;13;24;40;34;50;38;42;43;47;45;50;39;30;25;16;26;27
122;10905;St.Gallen Stadt Moosbruggst. 2;03.03.2019;Sonntag;1;25;27;13;6;3;15;13;15;23;42;57;52;69;88;178;109;86;88;74;65;45;37;33;8
123;10905;St.Gallen Stadt Moosbruggst. 2;03.03.2019;Sonntag;2;18;18;16;12;7;9;3;5;13;20;24;32;32;31;87;57;35;43;30;27;20;12;4;0
124;10905;St.Gallen Stadt Moosbruggst. 2;04.03.2019;Montag;1;3;3;2;2;3;10;76;175;128;86;98;122;101;162;120;99;134;213;131;121;46;35;30;11
125;10905;St.Gallen Stadt Moosbruggst. 2;04.03.2019;Montag;2;2;3;1;1;2;4;30;54;66;42;52;76;41;62;68;57;81;91;63;61;28;17;10;5
126;10905;St.Gallen Stadt Moosbruggst. 2;05.03.2019;Dienstag;1;10;5;1;1;2;14;85;201;117;120;128;136;114;116;103;105;125;209;150;83;61;39;38;20
127;10905;St.Gallen Stadt Moosbruggst. 2;05.03.2019;Dienstag;2;2;4;1;1;0;8;41;53;52;65;67;70;46;55;64;61;72;100;71;38;28;14;22;18
128;10905;St.Gallen Stadt Moosbruggst. 2;06.03.2019;Mittwoch;1;6;6;2;1;1;11;90;167;128;114;127;115;100;125;126;113;143;227;160;109;71;39;33;22
129;10905;St.Gallen Stadt Moosbruggst. 2;06.03.2019;Mittwoch;2;9;6;3;1;1;3;35;57;58;45;61;79;38;62;75;61;86;103;69;44;36;26;18;17
130;10905;St.Gallen Stadt Moosbruggst. 2;07.03.2019;Donnerstag;1;8;5;8;5;5;9;88;187;151;123;115;139;109;149;108;116;153;227;212;149;57;49;41;17
131;10905;St.Gallen Stadt Moosbruggst. 2;07.03.2019;Donnerstag;2;4;3;4;1;2;3;32;54;62;52;61;83;54;56;56;64;74;121;77;57;35;21;26;9
132;10905;St.Gallen Stadt Moosbruggst. 2;08.03.2019;Freitag;1;11;3;5;2;2;14;86;175;142;116;132;126;109;136;143;131;178;175;153;131;70;50;38;39
133;10905;St.Gallen Stadt Moosbruggst. 2;08.03.2019;Freitag;2;10;2;1;0;0;3;30;54;62;51;54;84;55;65;67;86;98;89;72;47;30;28;27;21
134;10905;St.Gallen Stadt Moosbruggst. 2;09.03.2019;Samstag;1;30;20;11;5;4;6;16;39;84;86;80;113;95;100;136;94;116;97;84;65;82;65;49;49
135;10905;St.Gallen Stadt Moosbruggst. 2;09.03.2019;Samstag;2;14;10;10;1;2;5;8;11;30;44;32;35;50;39;62;46;44;48;33;25;34;39;28;20
136;10905;St.Gallen Stadt Moosbruggst. 2;10.03.2019;Sonntag;1;25;21;9;10;6;5;11;16;26;39;95;77;64;56;75;63;95;78;77;53;39;22;19;12
137;10905;St.Gallen Stadt Moosbruggst. 2;10.03.2019;Sonntag;2;17;13;7;6;1;0;7;2;15;24;43;32;46;19;25;17;42;31;26;34;16;10;5;2
138;10905;St.Gallen Stadt Moosbruggst. 2;11.03.2019;Montag;1;6;2;2;0;3;11;87;176;118;94;112;130;102;131;89;107;104;207;140;104;49;39;31;13
139;10905;St.Gallen Stadt Moosbruggst. 2;11.03.2019;Montag;2;2;1;1;0;1;1;24;71;57;37;43;70;39;53;49;58;71;76;59;41;15;18;20;7
140;10905;St.Gallen Stadt Moosbruggst. 2;12.03.2019;Dienstag;1;4;3;5;2;6;11;87;178;147;98;117;129;96;138;109;102;149;237;169;90;58;41;42;18
141;10905;St.Gallen Stadt Moosbruggst. 2;12.03.2019;Dienstag;2;1;1;4;1;1;5;33;52;49;42;55;62;39;61;66;49;82;108;70;34;30;19;15;16
142;10905;St.Gallen Stadt Moosbruggst. 2;13.03.2019;Mittwoch;1;8;5;3;2;3;14;92;181;143;90;134;126;89;119;121;132;179;227;210;105;73;48;42;18
143;10905;St.Gallen Stadt Moosbruggst. 2;13.03.2019;Mittwoch;2;4;2;2;1;1;4;30;47;52;51;58;67;45;49;65;72;74;91;90;44;30;27;27;10
144;10905;St.Gallen Stadt Moosbruggst. 2;14.03.2019;Donnerstag;1;4;4;4;3;3;11;90;184;144;110;104;124;112;149;99;127;143;206;167;125;69;61;35;16
145;10905;St.Gallen Stadt Moosbruggst. 2;14.03.2019;Donnerstag;2;3;1;2;2;1;5;31;50;65;40;67;65;59;62;64;89;60;107;77;61;26;30;13;17
146;10905;St.Gallen Stadt Moosbruggst. 2;15.03.2019;Freitag;1;5;7;5;3;2;10;79;167;136;127;116;138;122;137;115;143;153;198;162;105;75;73;46;40
147;10905;St.Gallen Stadt Moosbruggst. 2;15.03.2019;Freitag;2;5;1;1;1;0;2;27;53;65;62;58;79;60;55;70;75;90;133;70;44;33;37;23;16
148;10905;St.Gallen Stadt Moosbruggst. 2;16.03.2019;Samstag;1;32;17;2;5;6;7;13;49;63;82;101;104;114;101;129;110;121;105;82;65;59;56;39;38
149;10905;St.Gallen Stadt Moosbruggst. 2;16.03.2019;Samstag;2;16;13;3;3;2;3;10;18;31;34;45;42;43;44;55;42;49;46;27;24;25;21;25;26
150;10905;St.Gallen Stadt Moosbruggst. 2;17.03.2019;Sonntag;1;33;26;21;27;8;12;14;14;28;43;57;68;61;58;75;66;90;69;64;51;35;36;14;8
151;10905;St.Gallen Stadt Moosbruggst. 2;17.03.2019;Sonntag;2;24;20;8;9;6;2;6;4;14;19;19;19;29;27;17;24;34;23;28;30;19;15;3;2
152;10905;St.Gallen Stadt Moosbruggst. 2;18.03.2019;Montag;1;3;0;4;6;1;14;76;189;135;108;90;121;90;146;115;103;119;222;137;88;61;42;34;22
153;10905;St.Gallen Stadt Moosbruggst. 2;18.03.2019;Montag;2;3;2;1;4;1;2;23;53;53;53;99;64;42;51;47;57;71;96;64;47;20;18;7;5
154;10905;St.Gallen Stadt Moosbruggst. 2;19.03.2019;Dienstag;1;2;5;2;1;1;8;94;166;124;117;105;132;99;133;124;105;147;197;177;103;61;54;27;20
155;10905;St.Gallen Stadt Moosbruggst. 2;19.03.2019;Dienstag;2;0;2;2;1;0;4;35;56;62;49;56;77;51;50;73;54;84;87;86;34;36;15;18;6
156;10905;St.Gallen Stadt Moosbruggst. 2;20.03.2019;Mittwoch;1;8;2;3;1;5;10;74;177;173;118;108;138;105;143;122;103;156;179;195;105;43;50;43;22
157;10905;St.Gallen Stadt Moosbruggst. 2;20.03.2019;Mittwoch;2;5;1;3;0;2;7;32;51;48;60;55;81;58;56;77;68;92;86;76;45;19;21;18;12
158;10905;St.Gallen Stadt Moosbruggst. 2;21.03.2019;Donnerstag;1;5;5;3;2;1;14;77;174;139;120;119;133;126;123;104;118;149;213;164;108;59;56;38;21
159;10905;St.Gallen Stadt Moosbruggst. 2;21.03.2019;Donnerstag;2;6;3;3;4;1;7;31;50;47;56;62;64;36;53;66;64;69;111;71;53;29;25;18;15
160;10905;St.Gallen Stadt Moosbruggst. 2;22.03.2019;Freitag;1;12;7;4;4;0;13;65;174;134;135;120;132;99;139;102;127;151;198;149;117;86;46;50;30
161;10905;St.Gallen Stadt Moosbruggst. 2;22.03.2019;Freitag;2;4;3;1;3;2;4;29;48;58;61;59;68;46;59;57;74;87;86;67;50;37;17;29;15
162;10905;St.Gallen Stadt Moosbruggst. 2;23.03.2019;Samstag;1;13;18;10;8;13;8;16;43;64;106;92;92;122;120;121;99;118;110;98;72;50;58;64;38
163;10905;St.Gallen Stadt Moosbruggst. 2;23.03.2019;Samstag;2;10;9;1;2;0;3;7;11;34;44;35;42;51;57;41;38;66;46;38;43;28;20;27;21
164;10905;St.Gallen Stadt Moosbruggst. 2;24.03.2019;Sonntag;1;33;22;13;16;11;7;14;16;29;57;78;64;68;76;78;91;90;95;93;74;52;19;25;9
165;10905;St.Gallen Stadt Moosbruggst. 2;24.03.2019;Sonntag;2;16;11;9;6;3;0;9;8;13;25;27;25;38;36;19;27;27;35;40;39;29;8;10;4
166;10905;St.Gallen Stadt Moosbruggst. 2;25.03.2019;Montag;1;3;1;1;2;2;17;72;205;131;98;98;124;124;132;107;112;137;211;143;89;52;43;18;14
167;10905;St.Gallen Stadt Moosbruggst. 2;25.03.2019;Montag;2;1;3;3;1;1;5;23;61;52;57;53;61;54;48;55;59;81;109;69;45;28;23;12;5
168;10905;St.Gallen Stadt Moosbruggst. 2;26.03.2019;Dienstag;1;8;0;2;0;0;3;11;92;179;140;115;118;146;111;136;101;87;148;222;166;123;70;37;41
169;10905;St.Gallen Stadt Moosbruggst. 2;26.03.2019;Dienstag;2;3;0;3;1;1;2;6;41;61;66;62;59;52;65;65;57;56;91;122;83;64;42;20;22
170;10905;St.Gallen Stadt Moosbruggst. 2;27.03.2019;Mittwoch;1;34;8;2;5;2;2;12;80;179;131;126;118;137;111;145;135;129;158;210;162;111;79;51;47
171;10905;St.Gallen Stadt Moosbruggst. 2;27.03.2019;Mittwoch;2;16;10;2;3;1;0;8;46;62;54;46;50;80;44;54;68;71;94;92;81;36;27;24;29
172;10905;St.Gallen Stadt Moosbruggst. 2;28.03.2019;Donnerstag;1;30;8;4;5;4;7;11;89;210;143;121;111;140;96;137;99;120;153;236;150;105;77;55;32
173;10905;St.Gallen Stadt Moosbruggst. 2;28.03.2019;Donnerstag;2;20;8;4;5;5;1;5;31;59;70;59;64;100;49;48;46;50;86;111;77;50;40;21;22
174;10905;St.Gallen Stadt Moosbruggst. 2;29.03.2019;Freitag;1;18;8;3;0;2;5;12;75;175;145;135;122;135;111;117;154;163;155;176;163;139;82;49;59
175;10905;St.Gallen Stadt Moosbruggst. 2;29.03.2019;Freitag;2;9;7;1;1;0;1;6;34;58;62;61;70;85;50;62;65;80;94;79;76;59;47;22;31
176;10905;St.Gallen Stadt Moosbruggst. 2;30.03.2019;Samstag;1;40;33;21;11;7;14;8;31;41;77;99;97;120;103;130;131;94;119;100;116;82;60;67;48
177;10905;St.Gallen Stadt Moosbruggst. 2;30.03.2019;Samstag;2;19;15;14;5;2;1;3;9;22;31;52;48;51;63;47;60;47;52;49;39;35;18;23;31
178;10905;St.Gallen Stadt Moosbruggst. 2;31.03.2019;Sonntag;1;35;32;21;16;7;12;18;19;34;45;64;103;65;62;64;84;101;85;76;89;59;48;19;6
179;10905;St.Gallen Stadt Moosbruggst. 2;31.03.2019;Sonntag;2;33;13;13;4;4;5;7;8;11;19;27;38;33;30;21;27;40;29;38;31;30;22;5;6
180;10905;St.Gallen Stadt Moosbruggst. 2;01.04.2019;Montag;1;3;4;1;3;3;16;91;196;128;120;125;130;101;141;111;111;126;221;175;101;50;55;41;18
181;10905;St.Gallen Stadt Moosbruggst. 2;01.04.2019;Montag;2;3;2;1;2;0;5;32;55;59;60;58;80;52;53;58;53;92;117;95;62;40;20;17;11
182;10905;St.Gallen Stadt Moosbruggst. 2;02.04.2019;Dienstag;1;11;4;4;3;6;15;74;219;148;103;119;143;109;124;109;118;165;209;180;115;72;43;49;15
183;10905;St.Gallen Stadt Moosbruggst. 2;02.04.2019;Dienstag;2;6;4;6;0;1;5;38;71;74;54;71;72;45;44;59;67;94;102;84;54;22;26;21;11
184;10905;St.Gallen Stadt Moosbruggst. 2;03.04.2019;Mittwoch;1;6;3;2;0;5;14;83;202;156;100;118;143;111;127;132;118;162;224;180;99;62;58;56;22
185;10905;St.Gallen Stadt Moosbruggst. 2;03.04.2019;Mittwoch;2;9;2;2;0;1;7;23;67;61;52;57;68;60;46;79;71;89;98;79;42;27;19;21;13
186;10905;St.Gallen Stadt Moosbruggst. 2;04.04.2019;Donnerstag;1;12;8;6;1;4;16;98;181;124;120;111;142;122;157;133;125;148;200;177;146;83;42;41;12
187;10905;St.Gallen Stadt Moosbruggst. 2;04.04.2019;Donnerstag;2;9;5;4;2;2;7;24;52;52;47;71;65;51;53;61;63;72;105;89;50;30;15;18;12
188;10905;St.Gallen Stadt Moosbruggst. 2;05.04.2019;Freitag;1;16;5;4;6;4;12;91;172;155;129;117;148;102;130;174;212;154;216;153;96;59;62;46;40
189;10905;St.Gallen Stadt Moosbruggst. 2;05.04.2019;Freitag;2;11;2;3;3;1;4;32;63;62;72;67;87;56;49;54;68;69;90;62;47;27;29;20;19
190;10905;St.Gallen Stadt Moosbruggst. 2;06.04.2019;Samstag;1;19;19;11;10;13;22;51;70;95;107;127;115;119;135;145;109;121;132;84;71;45;53;51;43
191;10905;St.Gallen Stadt Moosbruggst. 2;06.04.2019;Samstag;2;12;9;5;3;1;4;21;44;44;39;58;56;54;56;59;53;59;58;39;22;18;36;25;22
192;10905;St.Gallen Stadt Moosbruggst. 2;07.04.2019;Sonntag;1;38;24;12;10;6;12;15;16;26;48;57;50;62;58;45;72;85;80;62;56;41;31;22;11
193;10905;St.Gallen Stadt Moosbruggst. 2;07.04.2019;Sonntag;2;17;12;7;2;2;5;1;8;12;20;21;30;23;23;21;24;34;36;27;29;30;12;7;6
194;10905;St.Gallen Stadt Moosbruggst. 2;08.04.2019;Montag;1;5;3;2;2;1;13;75;149;120;106;115;118;103;132;104;126;122;192;170;81;48;30;23;15
195;10905;St.Gallen Stadt Moosbruggst. 2;08.04.2019;Montag;2;0;3;3;3;2;7;27;46;43;46;58;59;42;47;54;62;71;96;66;28;23;12;13;6
196;10905;St.Gallen Stadt Moosbruggst. 2;09.04.2019;Dienstag;1;9;4;5;1;1;14;89;158;117;109;97;108;108;141;103;111;129;187;122;91;54;42;67;22
197;10905;St.Gallen Stadt Moosbruggst. 2;09.04.2019;Dienstag;2;2;4;5;2;1;6;31;29;45;46;40;62;49;63;66;52;71;79;44;40;16;18;17;16
198;10905;St.Gallen Stadt Moosbruggst. 2;10.04.2019;Mittwoch;1;12;4;3;1;1;10;78;143;126;110;104;122;99;140;129;116;128;175;146;81;54;36;25;24
199;10905;St.Gallen Stadt Moosbruggst. 2;10.04.2019;Mittwoch;2;6;1;3;0;2;5;32;44;61;55;57;62;45;60;81;70;60;78;52;45;22;13;10;19
200;10905;St.Gallen Stadt Moosbruggst. 2;11.04.2019;Donnerstag;1;12;4;3;1;3;14;75;163;112;128;112;120;123;132;123;112;154;178;131;95;72;49;42;32
201;10905;St.Gallen Stadt Moosbruggst. 2;11.04.2019;Donnerstag;2;4;2;1;1;3;10;26;50;60;57;62;74;46;67;86;66;65;102;61;52;37;24;17;15
202;10905;St.Gallen Stadt Moosbruggst. 2;12.04.2019;Freitag;1;11;13;4;2;3;17;74;133;92;110;130;141;112;148;137;135;122;161;127;84;57;48;60;36
203;10905;St.Gallen Stadt Moosbruggst. 2;12.04.2019;Freitag;2;7;3;3;1;1;12;21;53;39;57;70;75;46;58;76;90;75;69;79;36;26;18;34;20
204;10905;St.Gallen Stadt Moosbruggst. 2;13.04.2019;Samstag;1;31;21;10;2;8;11;31;35;77;87;126;147;161;127;156;122;106;96;99;77;56;54;60;36
205;10905;St.Gallen Stadt Moosbruggst. 2;13.04.2019;Samstag;2;17;8;6;1;1;2;14;10;24;46;32;53;53;70;71;46;52;51;42;34;23;27;34;26
206;10905;St.Gallen Stadt Moosbruggst. 2;14.04.2019;Sonntag;1;33;19;28;16;10;8;15;17;34;47;74;67;71;52;64;57;105;79;81;79;43;37;21;8
207;10905;St.Gallen Stadt Moosbruggst. 2;14.04.2019;Sonntag;2;16;8;14;10;3;1;6;10;7;19;31;36;46;27;24;34;45;36;26;27;24;10;3;3
208;10905;St.Gallen Stadt Moosbruggst. 2;15.04.2019;Montag;1;6;2;3;2;1;11;70;131;95;105;123;117;102;117;117;96;117;193;134;66;51;45;25;13
209;10905;St.Gallen Stadt Moosbruggst. 2;15.04.2019;Montag;2;1;3;2;1;0;6;31;48;46;48;65;48;59;45;64;51;69;78;57;39;16;15;12;5
210;10905;St.Gallen Stadt Moosbruggst. 2;16.04.2019;Dienstag;1;7;3;2;2;2;19;97;144;121;104;129;115;92;135;90;108;118;193;148;95;50;40;37;21
211;10905;St.Gallen Stadt Moosbruggst. 2;16.04.2019;Dienstag;2;1;2;2;2;0;8;35;57;56;51;68;56;42;63;51;56;80;87;62;47;24;20;16;11
212;10905;St.Gallen Stadt Moosbruggst. 2;17.04.2019;Mittwoch;1;5;3;3;0;3;11;73;164;132;105;121;133;101;118;80;89;139;187;148;96;64;52;39;21
213;10905;St.Gallen Stadt Moosbruggst. 2;17.04.2019;Mittwoch;2;0;0;2;0;1;7;27;42;68;52;68;80;49;61;52;46;86;93;73;40;35;21;17;11
214;10905;St.Gallen Stadt Moosbruggst. 2;18.04.2019;Donnerstag;1;9;2;4;7;1;14;90;161;120;114;137;139;114;127;107;141;154;156;101;80;62;60;35;32
215;10905;St.Gallen Stadt Moosbruggst. 2;18.04.2019;Donnerstag;2;10;1;3;3;2;7;33;62;49;61;77;68;53;65;71;69;88;96;46;33;21;19;21;19
216;10905;St.Gallen Stadt Moosbruggst. 2;19.04.2019;Freitag;1;28;17;17;5;6;6;11;14;29;31;39;61;69;55;63;78;75;67;62;54;40;39;26;25
217;10905;St.Gallen Stadt Moosbruggst. 2;19.04.2019;Freitag;2;12;10;8;3;2;0;7;6;9;21;25;23;19;29;28;25;34;30;21;20;12;11;10;8
218;10905;St.Gallen Stadt Moosbruggst. 2;20.04.2019;Samstag;1;14;15;4;6;5;6;15;29;66;89;120;116;89;116;103;107;97;84;65;57;60;59;55;29
219;10905;St.Gallen Stadt Moosbruggst. 2;20.04.2019;Samstag;2;8;9;1;1;3;2;10;11;23;35;52;53;37;47;41;47;39;43;34;19;19;27;33;20
220;10905;St.Gallen Stadt Moosbruggst. 2;21.04.2019;Sonntag;1;15;20;8;4;9;7;5;19;73;65;111;67;63;57;62;54;75;77;67;56;50;61;33;13
221;10905;St.Gallen Stadt Moosbruggst. 2;21.04.2019;Sonntag;2;6;7;3;2;2;2;5;8;27;24;51;26;45;24;27;17;24;20;27;17;18;26;14;5
222;10905;St.Gallen Stadt Moosbruggst. 2;22.04.2019;Montag;1;21;8;5;4;5;7;10;6;18;39;64;67;47;67;75;85;86;86;65;57;45;22;19;9
223;10905;St.Gallen Stadt Moosbruggst. 2;22.04.2019;Montag;2;14;4;2;2;1;2;8;3;10;17;31;37;22;21;21;36;30;39;20;15;24;5;6;2
224;10905;St.Gallen Stadt Moosbruggst. 2;23.04.2019;Dienstag;1;10;2;4;1;4;16;92;186;150;119;117;142;123;158;135;109;127;206;156;111;56;52;33;12
225;10905;St.Gallen Stadt Moosbruggst. 2;23.04.2019;Dienstag;2;3;0;3;0;2;5;31;69;52;58;61;81;67;68;62;62;81;126;79;45;26;18;18;10
226;10905;St.Gallen Stadt Moosbruggst. 2;24.04.2019;Mittwoch;1;8;1;5;2;4;8;99;199;157;108;136;148;121;113;131;130;156;221;188;120;79;51;57;13
227;10905;St.Gallen Stadt Moosbruggst. 2;24.04.2019;Mittwoch;2;3;0;4;2;3;3;34;86;87;44;49;94;68;54;71;60;87;114;89;54;30;25;29;12
228;10905;St.Gallen Stadt Moosbruggst. 2;25.04.2019;Donnerstag;1;8;2;0;2;3;10;99;208;166;127;131;141;113;146;96;131;167;281;251;137;84;65;42;29
229;10905;St.Gallen Stadt Moosbruggst. 2;25.04.2019;Donnerstag;2;5;1;2;1;1;5;29;73;57;60;64;88;45;65;57;83;78;122;99;67;46;28;23;14
230;10905;St.Gallen Stadt Moosbruggst. 2;26.04.2019;Freitag;1;9;9;0;2;2;10;79;183;151;141;146;155;149;134;173;112;192;210;159;161;102;87;73;41
231;10905;St.Gallen Stadt Moosbruggst. 2;26.04.2019;Freitag;2;5;3;0;0;0;8;33;79;72;90;71;75;52;63;85;71;106;118;63;70;49;44;34;29
232;10905;St.Gallen Stadt Moosbruggst. 2;27.04.2019;Samstag;1;27;19;15;12;13;7;24;59;98;117;144;163;167;195;166;118;148;125;111;120;84;89;50;53
233;10905;St.Gallen Stadt Moosbruggst. 2;27.04.2019;Samstag;2;12;12;6;5;8;4;16;27;45;58;66;54;67;76;67;45;46;58;49;54;34;36;30;26
234;10905;St.Gallen Stadt Moosbruggst. 2;28.04.2019;Sonntag;1;36;32;16;12;10;11;15;12;26;68;72;87;66;70;72;68;99;83;84;91;53;33;25;7
235;10905;St.Gallen Stadt Moosbruggst. 2;28.04.2019;Sonntag;2;11;17;7;7;4;3;8;5;12;20;26;40;35;29;34;28;36;29;38;39;25;13;9;5
236;10905;St.Gallen Stadt Moosbruggst. 2;29.04.2019;Montag;1;6;2;3;2;3;9;77;169;149;107;114;133;102;145;130;108;141;211;150;110;57;49;89;45
237;10905;St.Gallen Stadt Moosbruggst. 2;29.04.2019;Montag;2;2;0;3;1;2;2;31;51;59;48;61;92;40;69;62;64;85;97;60;50;31;22;27;14
238;10905;St.Gallen Stadt Moosbruggst. 2;30.04.2019;Dienstag;1;11;0;1;3;4;11;103;193;171;118;103;140;123;159;111;115;141;245;184;119;73;60;40;30
239;10905;St.Gallen Stadt Moosbruggst. 2;30.04.2019;Dienstag;2;3;1;1;1;1;3;32;61;65;66;45;64;49;56;66;62;90;115;77;64;31;22;25;33
240;10905;St.Gallen Stadt Moosbruggst. 2;01.05.2019;Mittwoch;1;12;5;2;1;4;13;79;178;158;132;192;197;180;186;226;189;165;195;164;125;83;52;30;18
241;10905;St.Gallen Stadt Moosbruggst. 2;01.05.2019;Mittwoch;2;10;5;0;0;2;6;33;55;65;64;87;94;93;82;89;64;76;78;62;41;37;23;18;12
242;10905;St.Gallen Stadt Moosbruggst. 2;02.05.2019;Donnerstag;1;11;4;8;3;4;14;95;187;162;126;118;133;105;169;122;135;154;244;181;98;67;51;37;29
243;10905;St.Gallen Stadt Moosbruggst. 2;02.05.2019;Donnerstag;2;1;1;6;1;0;9;29;70;55;66;60;82;52;67;60;72;90;103;83;49;23;24;22;16
244;10905;St.Gallen Stadt Moosbruggst. 2;03.05.2019;Freitag;1;17;8;6;3;3;4;86;157;165;141;156;166;127;150;136;125;179;247;155;97;71;75;58;40
245;10905;St.Gallen Stadt Moosbruggst. 2;03.05.2019;Freitag;2;6;4;5;2;0;2;27;53;78;62;67;73;57;79;60;73;91;103;74;44;33;31;35;17
246;10905;St.Gallen Stadt Moosbruggst. 2;04.05.2019;Samstag;1;33;26;9;8;14;19;33;51;96;105;129;113;103;135;127;109;113;111;87;59;57;33;47;31
247;10905;St.Gallen Stadt Moosbruggst. 2;04.05.2019;Samstag;2;15;16;5;1;4;3;14;27;33;44;64;38;52;73;72;53;51;53;44;33;32;21;22;16
248;10905;St.Gallen Stadt Moosbruggst. 2;05.05.2019;Sonntag;1;31;22;15;8;6;7;18;29;39;60;82;65;69;74;71;64;79;72;69;51;52;34;14;5
249;10905;St.Gallen Stadt Moosbruggst. 2;05.05.2019;Sonntag;2;17;9;5;2;1;5;4;10;15;28;33;28;36;19;23;14;21;22;29;27;21;15;3;3
250;10905;St.Gallen Stadt Moosbruggst. 2;06.05.2019;Montag;1;4;6;4;0;4;12;74;161;211;112;97;135;95;142;96;126;135;212;155;103;59;54;29;20
251;10905;St.Gallen Stadt Moosbruggst. 2;06.05.2019;Montag;2;3;4;3;2;1;8;30;45;70;49;50;70;38;55;54;60;70;94;71;40;20;28;8;5
252;10905;St.Gallen Stadt Moosbruggst. 2;07.05.2019;Dienstag;1;9;3;5;0;1;10;89;204;138;120;104;130;108;144;105;123;134;232;178;104;74;53;46;33
253;10905;St.Gallen Stadt Moosbruggst. 2;07.05.2019;Dienstag;2;6;2;2;0;1;5;36;59;59;51;51;75;53;57;60;50;87;108;76;41;31;16;24;18
254;10905;St.Gallen Stadt Moosbruggst. 2;08.05.2019;Mittwoch;1;14;2;3;4;4;21;96;205;172;128;125;140;118;106;135;131;163;242;171;92;78;63;39;23
255;10905;St.Gallen Stadt Moosbruggst. 2;08.05.2019;Mittwoch;2;6;1;3;3;1;9;37;79;63;39;52;77;48;59;65;69;98;107;83;47;28;37;29;20
256;10905;St.Gallen Stadt Moosbruggst. 2;09.05.2019;Donnerstag;1;6;9;2;1;1;18;92;205;156;143;142;154;101;145;133;120;178;266;199;136;79;80;38;24
257;10905;St.Gallen Stadt Moosbruggst. 2;09.05.2019;Donnerstag;2;7;13;3;0;2;9;23;57;64;57;70;93;59;69;78;61;100;119;93;61;50;31;18;14
258;10905;St.Gallen Stadt Moosbruggst. 2;10.05.2019;Freitag;1;5;6;5;1;5;8;81;191;153;114;147;153;121;151;141;138;174;180;130;136;76;67;74;48
259;10905;St.Gallen Stadt Moosbruggst. 2;10.05.2019;Freitag;2;3;1;2;0;3;3;20;52;51;43;63;77;57;40;63;50;57;70;38;46;30;33;30;17
260;10905;St.Gallen Stadt Moosbruggst. 2;11.05.2019;Samstag;1;32;17;7;9;9;8;42;38;77;98;107;120;127;110;141;128;119;97;94;78;45;42;65;43
261;10905;St.Gallen Stadt Moosbruggst. 2;11.05.2019;Samstag;2;18;10;2;5;1;6;18;19;24;38;39;56;49;31;58;53;44;34;38;35;16;16;28;19
262;10905;St.Gallen Stadt Moosbruggst. 2;12.05.2019;Sonntag;1;42;24;22;14;10;8;16;16;30;61;76;83;76;77;73;68;81;72;60;60;42;36;60;25
263;10905;St.Gallen Stadt Moosbruggst. 2;12.05.2019;Sonntag;2;29;18;10;4;5;3;7;8;18;25;35;39;38;22;32;28;32;35;37;34;30;15;9;6
264;10905;St.Gallen Stadt Moosbruggst. 2;13.05.2019;Montag;1;6;3;1;3;2;17;82;194;180;120;98;146;104;119;126;120;135;244;160;86;68;50;37;21
265;10905;St.Gallen Stadt Moosbruggst. 2;13.05.2019;Montag;2;1;1;3;2;2;5;40;67;80;59;66;65;49;47;65;51;79;110;66;48;23;19;23;12
266;10905;St.Gallen Stadt Moosbruggst. 2;14.05.2019;Dienstag;1;4;3;2;1;4;18;90;163;156;121;107;131;82;133;99;128;175;237;170;98;60;49;42;22
267;10905;St.Gallen Stadt Moosbruggst. 2;14.05.2019;Dienstag;2;4;3;4;1;0;7;41;63;66;60;67;83;51;56;65;59;94;106;79;34;23;26;28;19
268;10905;St.Gallen Stadt Moosbruggst. 2;15.05.2019;Mittwoch;1;6;3;4;1;2;11;85;178;158;104;139;153;100;116;126;110;141;207;171;140;64;58;76;40
269;10905;St.Gallen Stadt Moosbruggst. 2;15.05.2019;Mittwoch;2;2;1;3;0;2;7;37;72;65;73;58;70;51;67;88;58;84;96;84;84;22;31;21;25
270;10905;St.Gallen Stadt Moosbruggst. 2;16.05.2019;Donnerstag;1;10;5;6;1;3;13;90;198;190;121;152;136;105;155;112;127;176;195;169;144;103;63;75;37
271;10905;St.Gallen Stadt Moosbruggst. 2;16.05.2019;Donnerstag;2;6;2;4;1;1;10;44;64;74;60;58;85;66;67;50;60;77;105;80;72;54;27;33;23
272;10905;St.Gallen Stadt Moosbruggst. 2;17.05.2019;Freitag;1;12;4;3;8;5;15;86;179;139;107;134;140;119;135;135;135;166;190;119;98;80;72;60;64
273;10905;St.Gallen Stadt Moosbruggst. 2;17.05.2019;Freitag;2;7;2;1;2;2;6;38;47;61;62;75;91;48;67;58;57;79;92;61;58;42;37;21;31
274;10905;St.Gallen Stadt Moosbruggst. 2;18.05.2019;Samstag;1;43;20;10;7;8;9;23;56;71;88;97;102;95;91;102;121;120;102;100;89;49;51;50;52
275;10905;St.Gallen Stadt Moosbruggst. 2;18.05.2019;Samstag;2;21;9;3;5;2;4;12;17;26;42;37;43;48;42;40;59;47;49;43;42;23;23;21;27
276;10905;St.Gallen Stadt Moosbruggst. 2;19.05.2019;Sonntag;1;19;29;14;10;7;1;13;22;27;44;75;81;67;80;72;82;71;78;89;60;51;32;24;16
277;10905;St.Gallen Stadt Moosbruggst. 2;19.05.2019;Sonntag;2;14;16;6;7;1;1;8;12;7;17;30;46;42;31;27;42;25;31;41;24;15;6;6;5
278;10905;St.Gallen Stadt Moosbruggst. 2;20.05.2019;Montag;1;1;1;2;0;4;15;78;186;194;113;114;142;108;145;116;114;132;210;156;91;68;36;44;22
279;10905;St.Gallen Stadt Moosbruggst. 2;20.05.2019;Montag;2;1;1;2;0;1;7;31;56;89;58;64;84;54;56;54;68;74;102;67;41;21;12;10;12
280;10905;St.Gallen Stadt Moosbruggst. 2;21.05.2019;Dienstag;1;13;2;1;0;3;17;94;208;152;126;133;152;122;154;117;109;135;209;172;98;64;51;35;26
281;10905;St.Gallen Stadt Moosbruggst. 2;21.05.2019;Dienstag;2;5;1;2;0;0;6;30;62;66;56;54;70;52;61;66;66;86;97;67;41;27;19;20;13
282;10905;St.Gallen Stadt Moosbruggst. 2;22.05.2019;Mittwoch;1;11;3;1;1;1;14;101;190;157;109;113;135;97;131;127;106;141;223;188;93;76;57;49;23
283;10905;St.Gallen Stadt Moosbruggst. 2;22.05.2019;Mittwoch;2;7;1;2;1;2;9;37;69;73;69;69;77;53;55;77;57;79;101;69;63;27;20;24;15
284;10905;St.Gallen Stadt Moosbruggst. 2;23.05.2019;Donnerstag;1;14;5;4;7;8;7;95;175;149;118;106;121;99;141;120;110;151;217;170;109;86;76;53;33
285;10905;St.Gallen Stadt Moosbruggst. 2;23.05.2019;Donnerstag;2;7;4;4;6;0;8;50;60;47;66;52;72;51;53;60;70;88;103;67;40;41;32;30;20
286;10905;St.Gallen Stadt Moosbruggst. 2;24.05.2019;Freitag;1;26;6;1;1;3;20;77;174;156;136;109;160;122;144;135;152;153;203;160;120;75;71;53;43
287;10905;St.Gallen Stadt Moosbruggst. 2;24.05.2019;Freitag;2;12;5;1;0;2;9;34;60;55;42;71;86;64;68;79;83;91;78;80;51;45;28;33;18
288;10905;St.Gallen Stadt Moosbruggst. 2;25.05.2019;Samstag;1;23;20;11;11;5;10;16;58;78;111;104;121;135;58;70;95;117;136;106;75;47;54;60;61
289;10905;St.Gallen Stadt Moosbruggst. 2;25.05.2019;Samstag;2;15;10;7;3;4;2;11;21;28;48;37;45;116;115;124;45;55;46;48;42;31;29;34;33
290;10905;St.Gallen Stadt Moosbruggst. 2;26.05.2019;Sonntag;1;28;10;12;17;9;11;11;17;31;67;82;65;54;55;72;60;83;65;81;68;54;38;28;10
291;10905;St.Gallen Stadt Moosbruggst. 2;26.05.2019;Sonntag;2;17;8;10;7;3;5;11;6;13;27;28;66;47;24;28;27;34;23;33;24;21;16;11;1
292;10905;St.Gallen Stadt Moosbruggst. 2;27.05.2019;Montag;1;5;2;3;0;3;18;86;205;135;120;114;132;103;146;115;84;131;217;144;107;56;39;42;25
293;10905;St.Gallen Stadt Moosbruggst. 2;27.05.2019;Montag;2;0;0;2;0;0;10;29;56;82;48;48;80;52;67;60;47;83;112;68;51;26;23;16;12
294;10905;St.Gallen Stadt Moosbruggst. 2;28.05.2019;Dienstag;1;11;6;3;1;2;19;87;192;154;124;145;145;125;125;113;132;164;206;188;108;67;52;36;20
295;10905;St.Gallen Stadt Moosbruggst. 2;28.05.2019;Dienstag;2;3;4;2;1;1;9;35;70;63;61;67;84;54;61;71;56;80;113;77;49;25;29;22;10
296;10905;St.Gallen Stadt Moosbruggst. 2;29.05.2019;Mittwoch;1;9;2;6;0;3;17;89;196;162;131;134;168;103;160;164;158;158;179;130;106;76;52;33;32
297;10905;St.Gallen Stadt Moosbruggst. 2;29.05.2019;Mittwoch;2;6;1;3;0;1;13;39;55;62;78;67;76;52;70;76;85;77;99;68;37;31;25;18;22
298;10905;St.Gallen Stadt Moosbruggst. 2;30.05.2019;Donnerstag;1;20;16;17;8;5;11;7;17;32;43;62;54;64;64;81;68;77;79;84;127;54;36;26;26
299;10905;St.Gallen Stadt Moosbruggst. 2;30.05.2019;Donnerstag;2;10;2;9;0;1;4;7;8;14;15;31;29;40;27;27;19;34;32;33;42;26;17;11;3
300;10905;St.Gallen Stadt Moosbruggst. 2;31.05.2019;Freitag;1;14;11;8;1;3;16;55;95;109;69;119;128;108;103;99;115;131;112;98;84;57;51;39;30
301;10905;St.Gallen Stadt Moosbruggst. 2;31.05.2019;Freitag;2;7;3;3;0;3;8;21;36;55;39;53;59;59;46;44;51;65;60;40;34;27;23;19;13
302;10905;St.Gallen Stadt Moosbruggst. 2;01.06.2019;Samstag;1;24;19;11;4;12;27;53;50;68;89;115;108;93;97;99;84;98;109;82;64;64;69;54;46
303;10905;St.Gallen Stadt Moosbruggst. 2;01.06.2019;Samstag;2;11;8;4;1;5;6;27;40;30;49;57;40;62;49;47;39;65;56;32;23;20;24;36;25
304;10905;St.Gallen Stadt Moosbruggst. 2;02.06.2019;Sonntag;1;34;18;12;11;6;3;12;12;22;42;51;70;68;57;61;65;88;85;67;61;60;46;24;10
305;10905;St.Gallen Stadt Moosbruggst. 2;02.06.2019;Sonntag;2;18;9;3;4;5;0;8;5;5;22;20;19;35;19;27;26;30;24;21;23;17;25;6;3
306;10905;St.Gallen Stadt Moosbruggst. 2;03.06.2019;Montag;1;10;10;3;1;2;10;92;197;142;101;121;140;113;155;100;103;118;215;167;95;47;47;38;20
307;10905;St.Gallen Stadt Moosbruggst. 2;03.06.2019;Montag;2;3;3;1;0;1;6;35;61;86;52;63;78;55;60;49;59;81;97;84;36;21;27;16;12
308;10905;St.Gallen Stadt Moosbruggst. 2;04.06.2019;Dienstag;1;7;1;2;0;3;17;108;175;161;138;113;126;94;135;103;96;135;232;186;104;66;55;42;16
309;10905;St.Gallen Stadt Moosbruggst. 2;04.06.2019;Dienstag;2;2;1;2;0;1;9;44;59;59;74;73;67;52;67;66;56;95;108;78;60;26;19;24;11
310;10905;St.Gallen Stadt Moosbruggst. 2;05.06.2019;Mittwoch;1;14;1;3;2;1;12;99;194;186;127;143;156;100;130;128;122;136;199;141;106;70;62;43;20
311;10905;St.Gallen Stadt Moosbruggst. 2;05.06.2019;Mittwoch;2;9;1;3;0;1;8;25;64;62;52;67;78;52;55;67;71;84;98;74;50;37;27;24;12
312;10905;St.Gallen Stadt Moosbruggst. 2;06.06.2019;Donnerstag;1;16;6;4;0;1;13;90;180;145;106;125;163;116;138;128;120;170;232;162;100;61;45;43;32
313;10905;St.Gallen Stadt Moosbruggst. 2;06.06.2019;Donnerstag;2;7;1;2;0;1;10;24;61;66;58;80;95;62;81;63;67;77;121;76;46;26;26;28;19
314;10905;St.Gallen Stadt Moosbruggst. 2;07.06.2019;Freitag;1;11;1;4;1;7;12;83;168;170;153;185;167;121;121;150;134;162;167;148;109;74;61;52;43
315;10905;St.Gallen Stadt Moosbruggst. 2;07.06.2019;Freitag;2;3;3;3;0;2;8;26;52;70;65;77;78;56;69;80;65;88;92;75;59;29;27;31;23
316;10905;St.Gallen Stadt Moosbruggst. 2;08.06.2019;Samstag;1;21;20;6;10;11;9;21;47;57;113;107;131;109;106;102;100;101;111;87;56;64;53;52;50
317;10905;St.Gallen Stadt Moosbruggst. 2;08.06.2019;Samstag;2;13;16;3;0;5;8;11;24;30;50;51;56;49;49;44;46;43;50;30;26;24;24;28;27
318;10905;St.Gallen Stadt Moosbruggst. 2;09.06.2019;Sonntag;1;37;18;18;9;6;9;10;10;33;40;74;91;59;59;66;65;85;63;64;58;58;54;31;23
319;10905;St.Gallen Stadt Moosbruggst. 2;09.06.2019;Sonntag;2;22;7;7;7;1;3;6;4;14;22;32;35;32;19;33;29;28;28;34;32;20;17;15;9
320;10905;St.Gallen Stadt Moosbruggst. 2;10.06.2019;Montag;1;12;18;9;2;4;7;15;8;25;33;57;67;79;59;75;73;99;184;75;39;41;28;21;4
321;10905;St.Gallen Stadt Moosbruggst. 2;10.06.2019;Montag;2;7;7;7;0;2;1;5;2;13;15;20;30;25;30;32;21;36;46;38;26;14;11;12;3
322;10905;St.Gallen Stadt Moosbruggst. 2;11.06.2019;Dienstag;1;2;4;3;0;3;19;87;180;186;129;121;136;89;179;146;129;158;213;166;89;54;39;32;20
323;10905;St.Gallen Stadt Moosbruggst. 2;11.06.2019;Dienstag;2;2;3;4;0;1;5;33;73;60;61;60;71;37;86;65;74;90;118;98;53;38;15;18;13
324;10905;St.Gallen Stadt Moosbruggst. 2;12.06.2019;Mittwoch;1;10;1;2;2;2;19;102;194;200;137;119;162;114;161;156;128;152;251;190;98;69;58;52;20
325;10905;St.Gallen Stadt Moosbruggst. 2;12.06.2019;Mittwoch;2;7;1;3;1;2;5;24;58;62;72;60;92;54;73;67;74;85;104;93;62;33;22;29;11
326;10905;St.Gallen Stadt Moosbruggst. 2;13.06.2019;Donnerstag;1;5;4;2;3;3;19;97;197;173;126;127;135;93;145;122;109;153;194;182;122;68;47;34;23
327;10905;St.Gallen Stadt Moosbruggst. 2;13.06.2019;Donnerstag;2;6;4;1;3;1;8;36;66;72;56;64;79;54;68;60;53;88;117;96;65;33;26;21;16
328;10905;St.Gallen Stadt Moosbruggst. 2;14.06.2019;Freitag;1;8;6;4;3;3;15;87;177;143;131;116;130;107;150;136;112;164;196;161;99;87;53;45;37
329;10905;St.Gallen Stadt Moosbruggst. 2;14.06.2019;Freitag;2;4;4;2;1;0;8;31;64;71;57;83;78;44;75;63;58;101;86;63;47;38;32;20;22
330;10905;St.Gallen Stadt Moosbruggst. 2;15.06.2019;Samstag;1;28;22;9;13;6;9;28;38;86;103;97;112;104;123;129;112;126;115;92;56;54;45;65;51
331;10905;St.Gallen Stadt Moosbruggst. 2;15.06.2019;Samstag;2;17;11;7;5;3;4;10;21;34;46;42;40;50;54;46;44;52;55;45;19;20;20;33;26
332;10905;St.Gallen Stadt Moosbruggst. 2;16.06.2019;Sonntag;1;40;21;13;10;5;9;23;14;29;47;69;76;68;72;65;69;86;83;65;77;47;45;28;16
333;10905;St.Gallen Stadt Moosbruggst. 2;16.06.2019;Sonntag;2;15;13;8;6;1;0;12;8;10;26;31;29;34;24;27;23;36;34;23;25;25;16;15;7
334;10905;St.Gallen Stadt Moosbruggst. 2;17.06.2019;Montag;1;2;3;0;1;3;19;91;198;200;98;103;141;118;167;100;125;134;240;157;99;52;53;33;17
335;10905;St.Gallen Stadt Moosbruggst. 2;17.06.2019;Montag;2;4;1;2;0;4;9;27;71;65;55;69;62;47;57;75;72;89;162;84;50;31;17;18;10
336;10905;St.Gallen Stadt Moosbruggst. 2;18.06.2019;Dienstag;1;2;1;0;2;0;22;101;190;182;119;104;114;81;143;134;112;165;213;191;135;84;46;35;28
337;10905;St.Gallen Stadt Moosbruggst. 2;18.06.2019;Dienstag;2;5;1;1;0;0;8;39;73;61;56;93;97;65;68;64;81;95;116;103;78;40;28;22;18
338;10905;St.Gallen Stadt Moosbruggst. 2;19.06.2019;Mittwoch;1;14;11;3;2;6;23;94;217;192;124;145;178;120;124;128;130;134;230;178;83;81;56;52;27
339;10905;St.Gallen Stadt Moosbruggst. 2;19.06.2019;Mittwoch;2;11;4;2;0;3;5;40;72;81;70;81;77;61;51;71;50;85;126;70;55;36;53;23;16
340;10905;St.Gallen Stadt Moosbruggst. 2;20.06.2019;Donnerstag;1;11;8;2;5;1;18;96;207;156;93;134;170;129;171;154;131;181;233;170;111;66;45;58;25
341;10905;St.Gallen Stadt Moosbruggst. 2;20.06.2019;Donnerstag;2;5;8;4;4;2;8;30;70;59;51;72;100;75;69;64;61;108;135;63;58;40;26;28;19
342;10905;St.Gallen Stadt Moosbruggst. 2;21.06.2019;Freitag;1;6;5;4;4;4;19;88;175;162;147;173;142;142;135;135;130;188;191;156;137;74;70;63;43
343;10905;St.Gallen Stadt Moosbruggst. 2;21.06.2019;Freitag;2;5;4;5;0;1;7;30;70;76;78;79;85;55;80;53;73;96;109;76;57;31;22;32;27
344;10905;St.Gallen Stadt Moosbruggst. 2;22.06.2019;Samstag;1;30;25;14;19;7;14;19;58;72;101;112;114;109;118;111;107;114;107;115;71;55;51;51;47
345;10905;St.Gallen Stadt Moosbruggst. 2;22.06.2019;Samstag;2;21;15;13;3;1;5;10;23;32;47;46;55;61;52;62;55;65;57;43;33;25;24;21;30
346;10905;St.Gallen Stadt Moosbruggst. 2;23.06.2019;Sonntag;1;30;15;15;10;5;8;24;27;39;55;76;65;70;62;57;71;75;80;63;73;63;51;30;12
347;10905;St.Gallen Stadt Moosbruggst. 2;23.06.2019;Sonntag;2;19;12;6;7;2;1;11;8;16;23;32;29;33;32;29;33;22;34;21;27;22;12;12;5
348;10905;St.Gallen Stadt Moosbruggst. 2;24.06.2019;Montag;1;4;9;2;0;1;14;108;211;153;114;125;121;101;145;119;150;139;217;141;98;87;70;48;19
349;10905;St.Gallen Stadt Moosbruggst. 2;24.06.2019;Montag;2;1;4;3;2;1;8;30;66;58;56;69;83;47;57;60;64;78;122;67;75;35;28;20;11
350;10905;St.Gallen Stadt Moosbruggst. 2;25.06.2019;Dienstag;1;5;3;2;2;1;16;104;220;158;122;143;150;123;143;130;136;195;235;186;117;86;57;45;29
351;10905;St.Gallen Stadt Moosbruggst. 2;25.06.2019;Dienstag;2;5;2;4;2;1;8;31;74;72;69;81;89;52;60;57;68;101;129;91;47;28;24;18;25
352;10905;St.Gallen Stadt Moosbruggst. 2;26.06.2019;Mittwoch;1;9;3;8;1;5;20;93;222;196;142;129;159;90;127;143;132;162;215;169;131;100;72;51;33
353;10905;St.Gallen Stadt Moosbruggst. 2;26.06.2019;Mittwoch;2;11;1;8;1;2;11;37;80;74;46;51;92;66;57;60;73;100;97;80;56;55;21;30;16
354;10905;St.Gallen Stadt Moosbruggst. 2;27.06.2019;Donnerstag;1;13;12;4;0;6;20;101;212;179;138;139;149;114;134;128;125;180;197;117;105;75;51;40;30
355;10905;St.Gallen Stadt Moosbruggst. 2;27.06.2019;Donnerstag;2;15;6;3;2;4;10;36;68;75;54;76;89;63;67;56;64;103;122;64;43;33;22;21;21
356;10905;St.Gallen Stadt Moosbruggst. 2;28.06.2019;Freitag;1;8;8;6;1;3;20;86;176;163;143;137;155;136;139;130;161;128;168;130;112;64;57;47;49
357;10905;St.Gallen Stadt Moosbruggst. 2;28.06.2019;Freitag;2;3;5;7;0;2;8;29;47;63;79;54;79;48;53;62;74;78;98;50;46;32;31;22;28
358;10905;St.Gallen Stadt Moosbruggst. 2;29.06.2019;Samstag;1;27;22;9;5;12;9;31;44;67;102;113;110;118;110;95;86;94;77;70;62;55;49;58;53
359;10905;St.Gallen Stadt Moosbruggst. 2;29.06.2019;Samstag;2;17;13;5;2;7;1;16;19;35;34;40;33;40;47;37;33;43;49;37;37;28;20;29;43
360;10905;St.Gallen Stadt Moosbruggst. 2;30.06.2019;Sonntag;1;25;22;14;13;7;7;18;20;41;66;61;86;42;43;63;44;82;57;73;78;45;42;32;18
361;10905;St.Gallen Stadt Moosbruggst. 2;30.06.2019;Sonntag;2;18;7;5;6;7;4;3;4;10;26;30;21;26;13;29;14;23;24;29;30;20;16;12;9
362;10905;St.Gallen Stadt Moosbruggst. 2;01.07.2019;Montag;1;19;4;6;2;7;20;100;221;125;129;113;146;112;188;134;98;122;214;153;74;85;55;38;13
363;10905;St.Gallen Stadt Moosbruggst. 2;01.07.2019;Montag;2;11;3;1;1;5;8;36;80;94;64;64;79;53;60;65;54;102;146;64;40;37;25;20;9
364;10905;St.Gallen Stadt Moosbruggst. 2;02.07.2019;Dienstag;1;6;3;4;3;4;13;90;210;159;143;112;120;117;156;132;101;154;239;253;138;77;54;55;31
365;10905;St.Gallen Stadt Moosbruggst. 2;02.07.2019;Dienstag;2;9;4;2;3;2;3;40;64;72;64;57;71;57;69;63;66;90;128;86;70;35;35;27;15
366;10905;St.Gallen Stadt Moosbruggst. 2;03.07.2019;Mittwoch;1;9;9;2;2;2;18;103;210;164;151;146;148;104;172;156;142;190;239;196;95;72;53;48;42
367;10905;St.Gallen Stadt Moosbruggst. 2;03.07.2019;Mittwoch;2;10;4;3;2;0;7;41;60;57;51;59;79;51;50;53;81;72;113;91;49;43;25;26;19
368;10905;St.Gallen Stadt Moosbruggst. 2;04.07.2019;Donnerstag;1;13;9;5;3;2;21;93;204;182;123;112;137;118;131;135;111;188;211;221;104;74;53;59;25
369;10905;St.Gallen Stadt Moosbruggst. 2;04.07.2019;Donnerstag;2;10;2;1;1;0;9;25;70;74;46;61;78;53;59;64;68;106;107;91;49;25;46;25;15
370;10905;St.Gallen Stadt Moosbruggst. 2;05.07.2019;Freitag;1;22;10;5;6;0;23;104;187;165;167;181;146;141;142;106;135;145;163;206;121;80;54;48;56
371;10905;St.Gallen Stadt Moosbruggst. 2;05.07.2019;Freitag;2;9;1;4;3;0;8;26;53;66;76;81;118;54;56;81;72;96;92;84;62;35;29;32;34
372;10905;St.Gallen Stadt Moosbruggst. 2;06.07.2019;Samstag;1;41;10;17;10;16;50;55;68;85;101;121;129;114;93;123;98;127;94;82;58;49;47;48;28
373;10905;St.Gallen Stadt Moosbruggst. 2;06.07.2019;Samstag;2;14;6;10;3;5;11;32;47;36;46;45;54;59;45;54;57;70;51;26;27;28;21;24;26
374;10905;St.Gallen Stadt Moosbruggst. 2;07.07.2019;Sonntag;1;31;22;19;8;10;9;16;9;20;50;48;63;76;45;71;76;83;81;80;50;52;45;17;15
375;10905;St.Gallen Stadt Moosbruggst. 2;07.07.2019;Sonntag;2;15;11;3;2;6;4;5;7;12;16;36;34;41;36;21;26;33;34;31;20;21;15;5;4
376;10905;St.Gallen Stadt Moosbruggst. 2;08.07.2019;Montag;1;8;2;6;0;0;24;81;159;129;101;104;130;109;127;119;123;140;191;143;78;59;47;29;16
377;10905;St.Gallen Stadt Moosbruggst. 2;08.07.2019;Montag;2;3;0;5;0;1;7;33;60;44;56;64;61;48;46;65;74;88;87;56;30;20;20;20;7
378;10905;St.Gallen Stadt Moosbruggst. 2;09.07.2019;Dienstag;1;3;5;1;6;1;18;95;207;155;117;132;148;126;141;130;152;263;267;201;81;75;53;41;28
379;10905;St.Gallen Stadt Moosbruggst. 2;09.07.2019;Dienstag;2;4;4;1;1;1;8;34;56;56;49;57;81;59;58;66;50;102;119;70;29;21;21;21;11
380;10905;St.Gallen Stadt Moosbruggst. 2;10.07.2019;Mittwoch;1;16;5;3;1;2;19;104;182;147;118;105;150;98;113;131;122;157;171;183;108;79;74;50;34
381;10905;St.Gallen Stadt Moosbruggst. 2;10.07.2019;Mittwoch;2;4;2;2;4;0;7;33;61;59;41;58;71;48;50;58;58;72;98;59;45;35;25;16;28
382;10905;St.Gallen Stadt Moosbruggst. 2;11.07.2019;Donnerstag;1;14;8;4;1;1;22;103;173;115;102;136;150;112;127;94;129;119;204;147;102;57;34;48;29
383;10905;St.Gallen Stadt Moosbruggst. 2;11.07.2019;Donnerstag;2;13;2;4;0;2;14;29;47;60;57;67;73;62;57;68;58;83;122;67;50;25;23;14;18
384;10905;St.Gallen Stadt Moosbruggst. 2;12.07.2019;Freitag;1;9;7;7;3;1;19;88;175;147;108;153;160;126;140;129;123;157;169;147;86;73;59;33;36
385;10905;St.Gallen Stadt Moosbruggst. 2;12.07.2019;Freitag;2;5;3;1;1;0;6;19;66;48;60;76;83;62;49;59;45;88;72;45;52;37;19;20;30
386;10905;St.Gallen Stadt Moosbruggst. 2;13.07.2019;Samstag;1;29;17;12;5;10;9;35;43;58;80;114;115;97;104;80;89;95;78;72;44;44;44;39;25
387;10905;St.Gallen Stadt Moosbruggst. 2;13.07.2019;Samstag;2;20;9;4;1;1;4;9;15;24;35;46;40;46;37;39;40;37;38;32;19;19;11;25;12
388;10905;St.Gallen Stadt Moosbruggst. 2;14.07.2019;Sonntag;1;26;18;8;8;9;9;13;17;23;39;61;67;52;52;75;43;79;71;56;48;56;25;24;10
389;10905;St.Gallen Stadt Moosbruggst. 2;14.07.2019;Sonntag;2;13;10;9;4;3;3;7;5;12;15;13;31;33;16;23;17;36;24;20;17;19;12;7;2
390;10905;St.Gallen Stadt Moosbruggst. 2;15.07.2019;Montag;1;10;3;5;1;2;15;101;145;115;104;111;118;115;147;120;124;129;166;142;82;47;40;27;19
391;10905;St.Gallen Stadt Moosbruggst. 2;15.07.2019;Montag;2;4;0;2;0;0;4;37;58;52;44;65;69;50;44;57;71;83;79;59;34;20;13;16;11
392;10905;St.Gallen Stadt Moosbruggst. 2;16.07.2019;Dienstag;1;3;5;2;1;1;17;103;169;108;99;120;108;104;113;105;115;138;152;134;80;64;48;39;17
393;10905;St.Gallen Stadt Moosbruggst. 2;16.07.2019;Dienstag;2;1;1;1;1;3;5;42;44;57;46;62;63;46;49;57;65;81;91;81;44;24;20;15;6
394;10905;St.Gallen Stadt Moosbruggst. 2;17.07.2019;Mittwoch;1;3;5;3;1;3;18;103;130;140;110;112;117;97;118;94;98;122;182;144;63;57;47;37;23
395;10905;St.Gallen Stadt Moosbruggst. 2;17.07.2019;Mittwoch;2;1;2;2;0;2;4;33;37;36;51;51;70;54;48;48;52;92;91;43;27;19;23;17;9
396;10905;St.Gallen Stadt Moosbruggst. 2;18.07.2019;Donnerstag;1;9;5;3;3;4;14;99;158;126;112;128;127;108;116;107;106;151;168;123;92;57;44;39;24
397;10905;St.Gallen Stadt Moosbruggst. 2;18.07.2019;Donnerstag;2;2;1;3;3;2;9;35;46;47;41;64;61;37;52;51;48;75;77;52;31;33;25;15;9
398;10905;St.Gallen Stadt Moosbruggst. 2;19.07.2019;Freitag;1;10;3;6;4;3;15;71;130;118;130;112;130;105;126;132;129;128;127;104;76;35;51;43;32
399;10905;St.Gallen Stadt Moosbruggst. 2;19.07.2019;Freitag;2;7;2;2;1;3;10;29;47;42;69;51;66;47;47;55;64;78;64;35;32;21;18;20;18
400;10905;St.Gallen Stadt Moosbruggst. 2;20.07.2019;Samstag;1;25;13;12;7;7;10;15;42;67;84;95;87;87;89;116;83;79;80;61;40;42;38;42;29
401;10905;St.Gallen Stadt Moosbruggst. 2;20.07.2019;Samstag;2;17;5;3;1;4;3;4;15;26;29;37;58;40;38;41;33;31;23;28;19;18;18;16;11
402;10905;St.Gallen Stadt Moosbruggst. 2;21.07.2019;Sonntag;1;25;25;17;17;9;12;18;9;35;35;60;52;56;50;75;59;65;94;73;55;56;44;30;17
403;10905;St.Gallen Stadt Moosbruggst. 2;21.07.2019;Sonntag;2;11;11;11;6;3;2;10;8;10;17;18;20;48;16;16;15;23;26;27;24;27;10;12;3
404;10905;St.Gallen Stadt Moosbruggst. 2;22.07.2019;Montag;1;7;8;2;0;2;11;65;145;92;88;101;93;95;109;96;105;115;148;115;66;55;37;35;15
405;10905;St.Gallen Stadt Moosbruggst. 2;22.07.2019;Montag;2;1;3;2;0;0;8;20;37;30;35;50;41;43;44;49;51;75;77;35;24;25;14;12;5
406;10905;St.Gallen Stadt Moosbruggst. 2;23.07.2019;Dienstag;1;11;5;3;1;3;12;71;145;98;96;92;97;89;90;89;106;115;156;114;69;52;47;43;20
407;10905;St.Gallen Stadt Moosbruggst. 2;23.07.2019;Dienstag;2;5;2;3;0;1;7;25;38;40;51;43;57;43;39;52;48;76;76;44;28;29;13;14;8
408;10905;St.Gallen Stadt Moosbruggst. 2;24.07.2019;Mittwoch;1;7;1;4;0;1;19;74;134;116;106;119;105;92;95;96;90;94;146;86;80;64;54;41;21
409;10905;St.Gallen Stadt Moosbruggst. 2;24.07.2019;Mittwoch;2;4;0;2;0;1;7;23;51;42;51;42;60;41;49;51;47;87;78;37;28;25;20;20;10
410;10905;St.Gallen Stadt Moosbruggst. 2;25.07.2019;Donnerstag;1;18;3;3;0;1;17;77;133;95;106;112;95;106;101;98;97;135;135;113;72;63;62;43;24
411;10905;St.Gallen Stadt Moosbruggst. 2;25.07.2019;Donnerstag;2;7;2;0;0;1;9;29;33;46;49;55;49;42;54;46;40;95;73;31;29;21;22;17;10
412;10905;St.Gallen Stadt Moosbruggst. 2;26.07.2019;Freitag;1;16;9;5;4;1;14;84;124;115;100;117;120;94;125;106;99;111;112;84;66;54;42;48;27
413;10905;St.Gallen Stadt Moosbruggst. 2;26.07.2019;Freitag;2;10;1;2;1;0;7;19;49;59;42;53;65;38;47;55;53;57;52;37;21;19;20;22;14
414;10905;St.Gallen Stadt Moosbruggst. 2;27.07.2019;Samstag;1;26;19;8;5;12;4;15;45;49;71;91;82;88;104;82;78;87;73;69;32;38;41;41;21
415;10905;St.Gallen Stadt Moosbruggst. 2;27.07.2019;Samstag;2;8;6;2;4;6;1;7;15;25;29;43;30;35;34;43;33;41;43;27;17;13;12;21;4
416;10905;St.Gallen Stadt Moosbruggst. 2;28.07.2019;Sonntag;1;24;13;8;12;4;5;13;8;16;43;69;69;55;83;61;47;53;47;66;48;33;22;10;14
417;10905;St.Gallen Stadt Moosbruggst. 2;28.07.2019;Sonntag;2;14;5;3;0;2;1;5;7;6;19;23;27;27;25;23;17;24;21;19;20;19;9;8;4
418;10905;St.Gallen Stadt Moosbruggst. 2;29.07.2019;Montag;1;5;6;4;2;3;10;70;136;115;80;86;101;77;128;101;106;111;137;102;66;42;36;31;24
419;10905;St.Gallen Stadt Moosbruggst. 2;29.07.2019;Montag;2;1;1;3;1;1;6;18;37;55;50;45;55;29;35;40;64;76;93;53;26;16;13;11;7
420;10905;St.Gallen Stadt Moosbruggst. 2;30.07.2019;Dienstag;1;10;5;7;1;5;15;71;151;93;102;98;110;98;116;107;107;116;142;106;64;47;48;37;24
421;10905;St.Gallen Stadt Moosbruggst. 2;30.07.2019;Dienstag;2;5;1;3;1;2;5;22;48;45;40;54;56;50;51;34;50;72;90;45;25;17;20;16;9
422;10905;St.Gallen Stadt Moosbruggst. 2;31.07.2019;Mittwoch;1;11;3;7;2;1;13;70;113;95;84;118;131;97;120;104;119;147;134;98;61;39;47;32;35
423;10905;St.Gallen Stadt Moosbruggst. 2;31.07.2019;Mittwoch;2;9;2;3;2;1;5;35;28;39;38;56;61;49;47;65;74;92;65;41;23;17;24;21;15
424;10905;St.Gallen Stadt Moosbruggst. 2;01.08.2019;Donnerstag;1;21;11;15;5;4;8;17;22;25;49;46;51;43;40;49;49;61;55;53;41;31;41;72;29
425;10905;St.Gallen Stadt Moosbruggst. 2;01.08.2019;Donnerstag;2;15;11;4;1;0;1;10;10;6;21;12;21;19;14;23;19;17;20;17;16;8;14;19;7
426;10905;St.Gallen Stadt Moosbruggst. 2;02.08.2019;Freitag;1;21;10;3;3;2;8;41;77;94;73;128;109;101;95;98;114;104;124;102;38;48;43;31;25
427;10905;St.Gallen Stadt Moosbruggst. 2;02.08.2019;Freitag;2;10;6;3;1;1;5;20;34;34;41;47;49;49;38;44;62;56;52;39;39;16;21;12;14
428;10905;St.Gallen Stadt Moosbruggst. 2;03.08.2019;Samstag;1;21;9;6;6;8;37;41;47;65;90;112;126;81;81;88;97;95;82;76;41;36;42;34;30
429;10905;St.Gallen Stadt Moosbruggst. 2;03.08.2019;Samstag;2;9;5;2;3;3;10;30;23;28;27;48;60;37;27;38;48;58;56;35;13;13;19;12;14
430;10905;St.Gallen Stadt Moosbruggst. 2;04.08.2019;Sonntag;1;16;21;11;7;10;9;14;6;19;36;61;58;64;68;58;50;73;78;64;70;63;52;26;23
431;10905;St.Gallen Stadt Moosbruggst. 2;04.08.2019;Sonntag;2;8;8;5;9;5;3;7;3;9;13;24;24;28;19;19;23;20;23;34;9;24;16;8;7
432;10905;St.Gallen Stadt Moosbruggst. 2;05.08.2019;Montag;1;7;6;4;2;2;17;79;145;98;100;116;102;108;136;91;106;134;170;121;90;53;46;29;21
433;10905;St.Gallen Stadt Moosbruggst. 2;05.08.2019;Montag;2;0;3;2;1;0;7;28;45;49;39;59;49;39;55;41;41;72;87;48;43;14;10;15;3
434;10905;St.Gallen Stadt Moosbruggst. 2;06.08.2019;Dienstag;1;5;3;4;3;3;15;85;163;100;124;131;112;124;134;108;132;120;189;145;70;60;34;28;30
435;10905;St.Gallen Stadt Moosbruggst. 2;06.08.2019;Dienstag;2;2;2;2;2;0;6;36;60;35;57;63;69;40;60;50;47;79;106;47;36;21;18;14;11
436;10905;St.Gallen Stadt Moosbruggst. 2;07.08.2019;Mittwoch;1;5;2;3;3;3;20;84;169;142;122;141;131;131;174;151;123;150;196;158;94;52;40;32;22
437;10905;St.Gallen Stadt Moosbruggst. 2;07.08.2019;Mittwoch;2;2;2;2;1;2;7;43;57;66;62;61;56;56;72;56;64;79;110;58;37;22;14;18;15
438;10905;St.Gallen Stadt Moosbruggst. 2;08.08.2019;Donnerstag;1;8;4;7;0;2;14;88;186;124;115;137;125;115;145;100;130;125;194;130;86;71;66;46;26
439;10905;St.Gallen Stadt Moosbruggst. 2;08.08.2019;Donnerstag;2;2;3;2;0;5;9;31;52;44;54;50;42;46;50;46;62;87;90;50;42;27;25;20;15
440;10905;St.Gallen Stadt Moosbruggst. 2;09.08.2019;Freitag;1;9;7;9;0;3;15;79;153;117;139;142;152;104;121;99;114;125;186;119;86;87;61;63;42
441;10905;St.Gallen Stadt Moosbruggst. 2;09.08.2019;Freitag;2;4;6;2;0;1;9;28;45;41;55;65;68;49;58;43;67;70;88;55;39;33;26;31;17
442;10905;St.Gallen Stadt Moosbruggst. 2;10.08.2019;Samstag;1;42;27;15;6;9;8;16;31;53;90;113;104;96;113;114;122;84;104;73;52;50;61;51;37
443;10905;St.Gallen Stadt Moosbruggst. 2;10.08.2019;Samstag;2;13;10;4;2;3;0;9;11;27;23;38;50;49;53;44;53;46;53;26;26;19;18;26;16
444;10905;St.Gallen Stadt Moosbruggst. 2;11.08.2019;Sonntag;1;28;24;11;7;10;12;9;13;28;47;71;83;65;72;59;83;79;81;68;87;69;38;13;10
445;10905;St.Gallen Stadt Moosbruggst. 2;11.08.2019;Sonntag;2;18;14;6;1;0;3;10;6;11;19;28;34;25;30;21;25;21;35;32;33;25;17;4;1
446;10905;St.Gallen Stadt Moosbruggst. 2;12.08.2019;Montag;1;10;5;3;2;2;14;91;176;166;123;116;124;118;142;132;132;137;225;155;106;55;50;34;11
447;10905;St.Gallen Stadt Moosbruggst. 2;12.08.2019;Montag;2;6;1;3;0;0;6;33;54;84;53;49;84;43;58;49;56;79;127;61;44;23;14;11;7
448;10905;St.Gallen Stadt Moosbruggst. 2;13.08.2019;Dienstag;1;10;1;3;0;2;20;113;196;148;123;136;133;145;165;118;125;146;236;150;79;60;46;35;27
449;10905;St.Gallen Stadt Moosbruggst. 2;13.08.2019;Dienstag;2;4;2;2;0;1;6;40;68;52;50;104;99;50;75;68;58;91;122;73;40;24;18;19;11
450;10905;St.Gallen Stadt Moosbruggst. 2;14.08.2019;Mittwoch;1;9;3;1;1;0;22;105;224;137;145;118;170;104;124;116;103;162;193;163;99;77;56;49;21
451;10905;St.Gallen Stadt Moosbruggst. 2;14.08.2019;Mittwoch;2;3;2;2;0;1;10;42;78;57;50;68;81;49;94;73;50;90;96;67;39;27;21;27;10
452;10905;St.Gallen Stadt Moosbruggst. 2;15.08.2019;Donnerstag;1;8;4;7;2;1;13;99;233;157;147;136;165;117;167;126;134;162;249;156;128;78;49;51;18
453;10905;St.Gallen Stadt Moosbruggst. 2;15.08.2019;Donnerstag;2;2;5;3;0;2;8;37;64;70;72;59;97;48;65;51;61;85;112;85;49;29;23;25;11
454;10905;St.Gallen Stadt Moosbruggst. 2;16.08.2019;Freitag;1;11;5;7;1;2;20;105;206;144;134;141;185;152;149;126;168;162;201;138;109;65;110;69;62
455;10905;St.Gallen Stadt Moosbruggst. 2;16.08.2019;Freitag;2;6;3;5;0;0;4;29;42;50;50;62;93;59;66;64;65;107;104;50;45;34;57;42;34
456;10905;St.Gallen Stadt Moosbruggst. 2;17.08.2019;Samstag;1;40;33;13;9;11;9;18;44;56;95;126;141;127;90;108;96;119;94;103;70;119;148;132;65
457;10905;St.Gallen Stadt Moosbruggst. 2;17.08.2019;Samstag;2;24;22;8;1;5;2;8;29;47;27;44;57;57;32;47;46;46;35;36;39;47;63;73;35
458;10905;St.Gallen Stadt Moosbruggst. 2;18.08.2019;Sonntag;1;44;45;41;43;20;22;13;27;38;55;67;73;70;72;77;76;80;86;98;78;78;39;16;17
459;10905;St.Gallen Stadt Moosbruggst. 2;18.08.2019;Sonntag;2;26;19;27;28;15;16;10;11;14;15;30;33;42;35;26;42;32;31;30;24;22;15;6;0
460;10905;St.Gallen Stadt Moosbruggst. 2;19.08.2019;Montag;1;6;6;3;1;1;14;92;182;190;110;130;136;123;134;109;121;141;232;165;105;64;46;34;17
461;10905;St.Gallen Stadt Moosbruggst. 2;19.08.2019;Montag;2;1;1;1;1;0;3;28;61;97;53;66;76;57;49;64;55;101;102;65;48;23;17;7;11
462;10905;St.Gallen Stadt Moosbruggst. 2;20.08.2019;Dienstag;1;5;3;4;1;3;22;106;207;172;115;125;188;131;169;150;127;153;218;181;99;66;47;32;24
463;10905;St.Gallen Stadt Moosbruggst. 2;20.08.2019;Dienstag;2;1;0;3;1;1;3;34;60;49;57;61;68;62;48;72;62;89;119;72;37;30;26;13;19
464;10905;St.Gallen Stadt Moosbruggst. 2;21.08.2019;Mittwoch;1;5;1;2;0;4;14;110;192;162;146;117;160;130;147;140;140;149;220;167;98;72;46;44;22
465;10905;St.Gallen Stadt Moosbruggst. 2;21.08.2019;Mittwoch;2;1;0;4;0;2;3;34;73;80;58;63;64;61;53;69;65;101;99;72;35;23;23;17;11
466;10905;St.Gallen Stadt Moosbruggst. 2;22.08.2019;Donnerstag;1;8;3;4;1;3;19;111;205;161;132;141;131;139;171;109;143;140;219;168;123;87;62;38;22
467;10905;St.Gallen Stadt Moosbruggst. 2;22.08.2019;Donnerstag;2;3;2;3;1;0;4;36;61;66;66;67;72;60;78;69;73;87;103;73;39;31;30;17;11
468;10905;St.Gallen Stadt Moosbruggst. 2;23.08.2019;Freitag;1;11;7;4;1;7;17;90;182;165;113;136;155;108;159;127;142;167;165;146;99;63;61;47;49
469;10905;St.Gallen Stadt Moosbruggst. 2;23.08.2019;Freitag;2;7;7;4;0;2;2;34;65;61;66;76;78;61;58;72;66;88;92;73;37;21;20;24;23
470;10905;St.Gallen Stadt Moosbruggst. 2;24.08.2019;Samstag;1;33;27;20;13;12;8;24;45;73;86;109;108;138;133;106;125;101;88;74;57;58;69;53;36
471;10905;St.Gallen Stadt Moosbruggst. 2;24.08.2019;Samstag;2;14;8;8;11;3;2;11;19;24;40;50;45;56;47;41;53;44;42;23;14;25;33;36;17
472;10905;St.Gallen Stadt Moosbruggst. 2;25.08.2019;Sonntag;1;32;46;15;9;8;15;14;16;32;60;89;53;82;84;62;71;73;80;99;78;71;35;12;7
473;10905;St.Gallen Stadt Moosbruggst. 2;25.08.2019;Sonntag;2;14;15;10;6;1;8;5;4;13;17;30;21;39;20;21;25;25;27;36;23;17;16;2;2
474;10905;St.Gallen Stadt Moosbruggst. 2;26.08.2019;Montag;1;9;5;4;2;3;20;102;208;131;107;104;127;108;137;113;112;173;197;149;107;78;45;40;16
475;10905;St.Gallen Stadt Moosbruggst. 2;26.08.2019;Montag;2;4;2;4;2;1;6;34;60;59;49;70;84;50;46;52;54;101;115;50;40;37;26;20;5
476;10905;St.Gallen Stadt Moosbruggst. 2;27.08.2019;Dienstag;1;8;1;2;0;2;14;110;215;169;150;132;140;131;152;117;101;145;223;157;107;69;52;45;16
477;10905;St.Gallen Stadt Moosbruggst. 2;27.08.2019;Dienstag;2;4;0;3;3;0;1;39;52;55;63;66;56;49;64;54;53;93;122;66;38;30;21;20;7
478;10905;St.Gallen Stadt Moosbruggst. 2;28.08.2019;Mittwoch;1;7;2;5;2;4;11;114;228;170;137;151;149;134;141;129;113;171;200;180;92;87;51;48;20
479;10905;St.Gallen Stadt Moosbruggst. 2;28.08.2019;Mittwoch;2;5;1;2;2;1;4;36;70;61;55;61;82;49;61;56;57;94;87;80;42;46;21;20;13
480;10905;St.Gallen Stadt Moosbruggst. 2;29.08.2019;Donnerstag;1;5;3;4;2;4;16;99;215;177;129;136;147;123;148;116;116;171;254;173;122;74;68;44;23
481;10905;St.Gallen Stadt Moosbruggst. 2;29.08.2019;Donnerstag;2;4;2;1;2;1;6;32;68;58;53;75;75;53;58;144;84;90;105;87;38;43;35;17;11
482;10905;St.Gallen Stadt Moosbruggst. 2;30.08.2019;Freitag;1;10;12;5;1;4;19;90;209;180;154;149;149;134;162;148;145;197;186;158;155;94;77;56;46
483;10905;St.Gallen Stadt Moosbruggst. 2;30.08.2019;Freitag;2;7;3;2;1;1;4;37;69;64;68;88;91;51;72;89;75;81;109;81;57;38;29;25;25
484;10905;St.Gallen Stadt Moosbruggst. 2;31.08.2019;Samstag;1;30;19;15;8;14;8;24;49;92;131;111;142;133;123;106;105;122;116;105;78;57;55;54;42
485;10905;St.Gallen Stadt Moosbruggst. 2;31.08.2019;Samstag;2;10;12;8;5;5;4;10;19;41;60;33;32;71;41;33;45;52;55;49;28;21;27;27;19
486;10905;St.Gallen Stadt Moosbruggst. 2;01.09.2019;Sonntag;1;35;24;11;5;10;8;17;23;45;68;93;75;66;65;59;73;93;106;91;64;54;37;16;17
487;10905;St.Gallen Stadt Moosbruggst. 2;01.09.2019;Sonntag;2;13;12;7;3;4;1;5;7;17;27;36;35;25;23;21;21;37;40;33;27;28;13;5;2
488;10905;St.Gallen Stadt Moosbruggst. 2;02.09.2019;Montag;1;4;1;5;0;5;12;99;202;150;104;108;146;124;140;132;117;130;234;179;96;79;49;27;11
489;10905;St.Gallen Stadt Moosbruggst. 2;02.09.2019;Montag;2;2;0;1;1;1;5;34;49;60;54;56;90;48;60;65;63;77;104;63;50;28;13;11;9
490;10905;St.Gallen Stadt Moosbruggst. 2;03.09.2019;Dienstag;1;4;1;2;1;3;17;115;219;154;120;114;122;124;111;104;111;160;233;150;87;80;43;30;22
491;10905;St.Gallen Stadt Moosbruggst. 2;03.09.2019;Dienstag;2;2;0;2;1;1;5;39;83;60;51;79;69;55;71;43;47;102;113;80;74;37;18;12;15
492;10905;St.Gallen Stadt Moosbruggst. 2;04.09.2019;Mittwoch;1;3;1;6;1;2;15;100;221;155;128;121;136;148;142;119;127;170;183;223;133;89;60;35;19
493;10905;St.Gallen Stadt Moosbruggst. 2;04.09.2019;Mittwoch;2;0;0;2;3;0;7;40;68;75;81;69;69;60;73;51;71;108;112;99;54;36;31;19;6
494;10905;St.Gallen Stadt Moosbruggst. 2;05.09.2019;Donnerstag;1;7;3;4;0;4;18;98;220;159;128;129;148;129;173;111;131;139;237;202;115;67;70;30;25
495;10905;St.Gallen Stadt Moosbruggst. 2;05.09.2019;Donnerstag;2;5;0;2;2;1;3;32;68;75;59;53;88;63;57;64;53;72;102;97;49;42;33;23;20
496;10905;St.Gallen Stadt Moosbruggst. 2;06.09.2019;Freitag;1;11;7;5;3;2;16;91;203;140;112;124;151;131;141;132;154;182;173;168;106;85;65;52;41
497;10905;St.Gallen Stadt Moosbruggst. 2;06.09.2019;Freitag;2;6;4;3;1;0;6;31;73;58;72;71;92;58;80;65;68;83;103;78;52;42;25;31;24
498;10905;St.Gallen Stadt Moosbruggst. 2;07.09.2019;Samstag;1;30;24;8;8;10;24;39;58;91;116;129;133;123;130;116;129;129;126;111;81;69;72;70;56
499;10905;St.Gallen Stadt Moosbruggst. 2;07.09.2019;Samstag;2;13;12;5;2;3;5;16;27;45;67;50;39;65;59;49;49;55;61;44;42;34;43;40;28
500;10905;St.Gallen Stadt Moosbruggst. 2;08.09.2019;Sonntag;1;34;18;9;18;10;14;15;14;27;37;75;85;72;60;64;70;82;65;71;63;54;27;22;12
501;10905;St.Gallen Stadt Moosbruggst. 2;08.09.2019;Sonntag;2;24;11;6;4;4;3;6;5;6;10;37;31;39;29;34;30;38;19;29;26;20;12;8;3
502;10905;St.Gallen Stadt Moosbruggst. 2;09.09.2019;Montag;1;7;2;4;1;5;9;97;198;164;107;117;140;107;124;127;140;119;212;182;105;65;53;32;13
503;10905;St.Gallen Stadt Moosbruggst. 2;09.09.2019;Montag;2;3;1;3;0;4;2;23;66;70;63;68;90;48;72;63;86;103;130;72;56;32;26;12;6
504;10905;St.Gallen Stadt Moosbruggst. 2;10.09.2019;Dienstag;1;7;6;3;4;3;14;95;222;148;117;129;147;102;145;121;120;146;212;164;122;58;45;35;20
505;10905;St.Gallen Stadt Moosbruggst. 2;10.09.2019;Dienstag;2;4;2;1;3;2;3;46;57;76;57;70;87;45;72;65;71;103;111;84;45;24;13;27;11
506;10905;St.Gallen Stadt Moosbruggst. 2;11.09.2019;Mittwoch;1;10;5;6;4;3;21;109;176;207;124;133;129;145;160;121;137;143;207;177;112;73;44;44;17
507;10905;St.Gallen Stadt Moosbruggst. 2;11.09.2019;Mittwoch;2;8;2;2;4;1;9;44;67;68;52;84;66;62;66;66;47;100;113;74;41;24;19;20;10
508;10905;St.Gallen Stadt Moosbruggst. 2;12.09.2019;Donnerstag;1;12;4;3;2;6;20;94;214;199;126;115;130;112;141;128;134;160;260;219;120;74;52;46;28
509;10905;St.Gallen Stadt Moosbruggst. 2;12.09.2019;Donnerstag;2;8;0;3;1;8;9;30;75;73;64;64;87;42;75;54;79;92;139;78;70;36;28;25;18
510;10905;St.Gallen Stadt Moosbruggst. 2;13.09.2019;Freitag;1;16;6;6;1;4;13;104;182;159;136;125;156;116;134;131;131;164;184;144;107;74;66;58;63
511;10905;St.Gallen Stadt Moosbruggst. 2;13.09.2019;Freitag;2;10;5;3;1;2;8;34;63;71;52;83;92;61;55;60;65;94;93;52;44;31;30;28;40
512;10905;St.Gallen Stadt Moosbruggst. 2;14.09.2019;Samstag;1;35;15;12;11;9;6;23;56;72;105;101;112;109;107;115;114;89;120;68;68;76;47;66;40
513;10905;St.Gallen Stadt Moosbruggst. 2;14.09.2019;Samstag;2;22;12;9;7;2;4;9;21;33;79;59;50;67;40;54;48;42;58;33;32;28;25;35;28
514;10905;St.Gallen Stadt Moosbruggst. 2;15.09.2019;Sonntag;1;37;25;14;15;6;9;16;18;38;59;74;72;59;56;83;66;89;84;108;94;55;37;19;13
515;10905;St.Gallen Stadt Moosbruggst. 2;15.09.2019;Sonntag;2;19;16;8;11;2;5;7;9;20;22;26;37;36;25;41;31;33;47;51;40;21;23;7;5
516;10905;St.Gallen Stadt Moosbruggst. 2;16.09.2019;Montag;1;2;2;1;2;2;12;82;204;181;100;134;138;89;144;109;107;146;197;150;125;67;38;19;14
517;10905;St.Gallen Stadt Moosbruggst. 2;16.09.2019;Montag;2;1;0;1;2;2;4;27;65;68;61;56;82;36;65;51;53;73;103;68;57;22;20;9;9
518;10905;St.Gallen Stadt Moosbruggst. 2;17.09.2019;Dienstag;1;2;2;2;3;3;18;91;190;182;127;123;135;122;130;135;128;140;195;184;100;68;44;27;23
519;10905;St.Gallen Stadt Moosbruggst. 2;17.09.2019;Dienstag;2;2;1;1;2;2;9;27;58;68;62;58;92;42;44;58;59;93;103;70;48;30;31;18;13
520;10905;St.Gallen Stadt Moosbruggst. 2;18.09.2019;Mittwoch;1;6;2;0;0;3;15;105;206;176;160;126;155;127;157;111;135;171;237;182;94;77;64;48;26
521;10905;St.Gallen Stadt Moosbruggst. 2;18.09.2019;Mittwoch;2;3;0;3;0;2;11;27;69;79;61;73;93;57;52;110;67;99;105;69;41;27;30;18;10
522;10905;St.Gallen Stadt Moosbruggst. 2;19.09.2019;Donnerstag;1;4;6;6;2;2;58;92;224;163;131;140;165;108;146;94;126;164;196;185;133;93;51;44;19
523;10905;St.Gallen Stadt Moosbruggst. 2;19.09.2019;Donnerstag;2;3;1;3;4;0;8;32;73;53;58;70;98;57;58;113;70;89;100;71;57;35;22;20;10
524;10905;St.Gallen Stadt Moosbruggst. 2;20.09.2019;Freitag;1;15;4;3;4;0;17;87;181;156;129;120;179;115;147;131;136;169;200;159;95;81;50;47;41
525;10905;St.Gallen Stadt Moosbruggst. 2;20.09.2019;Freitag;2;9;1;4;3;2;6;25;63;66;71;63;94;41;50;67;81;94;119;60;39;28;18;24;13
526;10905;St.Gallen Stadt Moosbruggst. 2;21.09.2019;Samstag;1;20;20;11;11;4;15;19;53;87;94;93;109;128;96;104;127;110;114;91;67;69;63;70;33
527;10905;St.Gallen Stadt Moosbruggst. 2;21.09.2019;Samstag;2;10;11;3;5;4;5;13;17;30;43;40;41;45;57;35;37;52;43;36;22;20;25;34;14
528;10905;St.Gallen Stadt Moosbruggst. 2;22.09.2019;Sonntag;1;31;36;21;10;12;7;10;12;30;69;91;72;71;69;75;79;75;101;98;77;55;44;46;12
529;10905;St.Gallen Stadt Moosbruggst. 2;22.09.2019;Sonntag;2;13;15;9;4;8;2;4;5;8;28;45;35;42;24;43;29;22;44;30;25;31;12;8;3
530;10905;St.Gallen Stadt Moosbruggst. 2;23.09.2019;Montag;1;11;1;2;1;4;16;90;188;165;116;135;109;111;156;101;144;132;230;155;137;66;26;4;3
531;10905;St.Gallen Stadt Moosbruggst. 2;23.09.2019;Montag;2;3;2;3;1;2;6;23;53;68;50;58;72;51;53;71;70;78;112;69;65;20;54;66;19
532;10905;St.Gallen Stadt Moosbruggst. 2;24.09.2019;Dienstag;1;0;6;2;2;7;18;129;203;150;124;119;123;114;153;91;119;170;211;193;93;81;53;40;23
533;10905;St.Gallen Stadt Moosbruggst. 2;24.09.2019;Dienstag;2;8;7;2;3;1;6;40;76;57;49;61;86;54;57;62;76;87;117;78;37;36;17;28;16
534;10905;St.Gallen Stadt Moosbruggst. 2;25.09.2019;Mittwoch;1;2;5;3;1;4;13;106;211;199;123;152;157;111;164;150;234;161;205;216;106;68;61;87;24
535;10905;St.Gallen Stadt Moosbruggst. 2;25.09.2019;Mittwoch;2;2;2;3;2;2;8;31;47;80;73;68;72;77;58;69;82;101;106;80;49;23;35;24;15
536;10905;St.Gallen Stadt Moosbruggst. 2;26.09.2019;Donnerstag;1;11;3;5;6;5;14;94;227;162;134;130;142;130;136;111;129;144;264;195;223;76;77;61;26
537;10905;St.Gallen Stadt Moosbruggst. 2;26.09.2019;Donnerstag;2;6;1;2;4;0;7;36;69;81;66;84;75;52;98;83;50;79;126;96;76;34;40;30;13
538;10905;St.Gallen Stadt Moosbruggst. 2;27.09.2019;Freitag;1;9;5;5;7;6;13;89;199;172;130;115;134;148;142;139;159;152;172;174;106;73;65;51;52
539;10905;St.Gallen Stadt Moosbruggst. 2;27.09.2019;Freitag;2;6;4;4;4;6;3;28;60;71;65;69;78;67;69;65;76;96;100;70;44;28;30;32;21
540;10905;St.Gallen Stadt Moosbruggst. 2;28.09.2019;Samstag;1;32;18;7;7;11;9;18;30;71;112;108;99;136;139;141;121;113;97;76;59;60;56;59;42
541;10905;St.Gallen Stadt Moosbruggst. 2;28.09.2019;Samstag;2;10;9;6;2;4;4;12;16;27;43;49;52;65;56;60;45;50;47;27;20;23;23;23;27
542;10905;St.Gallen Stadt Moosbruggst. 2;29.09.2019;Sonntag;1;43;19;16;8;11;9;14;17;22;62;62;65;71;57;77;76;93;97;87;53;37;24;18;16
543;10905;St.Gallen Stadt Moosbruggst. 2;29.09.2019;Sonntag;2;16;8;8;4;6;3;4;13;9;27;31;32;34;30;28;25;30;17;32;19;21;5;4;5
544;10905;St.Gallen Stadt Moosbruggst. 2;30.09.2019;Montag;1;4;3;3;2;2;16;80;147;108;101;85;127;112;118;114;97;141;186;131;71;54;33;30;23
545;10905;St.Gallen Stadt Moosbruggst. 2;30.09.2019;Montag;2;1;1;2;1;3;11;31;50;67;66;58;63;42;50;54;45;73;85;53;35;25;24;12;7
546;10905;St.Gallen Stadt Moosbruggst. 2;01.10.2019;Dienstag;1;3;5;2;5;1;17;84;190;122;121;119;114;123;141;88;103;155;185;142;82;47;40;45;11
547;10905;St.Gallen Stadt Moosbruggst. 2;01.10.2019;Dienstag;2;1;3;0;3;0;7;29;53;47;55;58;63;45;53;47;46;70;104;62;25;17;15;22;6
548;10905;St.Gallen Stadt Moosbruggst. 2;02.10.2019;Mittwoch;1;4;3;3;3;3;23;81;185;127;109;117;103;104;138;122;128;142;173;143;75;71;46;37;18
549;10905;St.Gallen Stadt Moosbruggst. 2;02.10.2019;Mittwoch;2;2;1;1;3;3;11;23;59;53;60;49;66;55;59;64;57;74;100;52;26;25;21;17;22
550;10905;St.Gallen Stadt Moosbruggst. 2;03.10.2019;Donnerstag;1;12;6;5;0;5;16;75;174;171;122;113;127;115;135;148;143;158;187;148;136;59;40;35;29
551;10905;St.Gallen Stadt Moosbruggst. 2;03.10.2019;Donnerstag;2;11;4;1;1;3;8;26;50;60;62;80;70;52;89;56;58;79;98;62;54;28;20;13;14
552;10905;St.Gallen Stadt Moosbruggst. 2;04.10.2019;Freitag;1;6;9;4;7;2;13;86;174;155;129;122;168;149;150;120;117;136;157;131;99;61;51;58;33
553;10905;St.Gallen Stadt Moosbruggst. 2;04.10.2019;Freitag;2;2;5;4;2;1;5;29;57;55;73;57;96;67;59;69;53;73;90;67;50;30;25;28;24
554;10905;St.Gallen Stadt Moosbruggst. 2;05.10.2019;Samstag;1;19;13;6;7;16;15;37;54;86;104;112;123;139;130;180;119;131;114;83;77;57;51;51;49
555;10905;St.Gallen Stadt Moosbruggst. 2;05.10.2019;Samstag;2;9;5;2;4;8;6;15;32;35;55;53;42;50;60;76;51;61;52;36;25;28;16;34;21
556;10905;St.Gallen Stadt Moosbruggst. 2;06.10.2019;Sonntag;1;23;32;13;10;11;6;18;17;32;41;54;64;53;78;73;54;71;69;66;64;47;33;14;10
557;10905;St.Gallen Stadt Moosbruggst. 2;06.10.2019;Sonntag;2;19;18;12;5;2;1;6;10;9;15;24;24;24;31;14;15;32;29;27;22;19;14;6;3
558;10905;St.Gallen Stadt Moosbruggst. 2;07.10.2019;Montag;1;1;8;1;2;4;12;77;153;129;112;113;111;113;138;100;122;139;162;126;97;45;31;29;13
559;10905;St.Gallen Stadt Moosbruggst. 2;07.10.2019;Montag;2;3;1;1;3;4;6;26;37;46;46;62;60;44;53;50;58;75;99;51;26;17;11;11;8
560;10905;St.Gallen Stadt Moosbruggst. 2;08.10.2019;Dienstag;1;2;7;4;2;4;9;104;165;111;115;118;131;98;123;103;103;106;162;148;75;35;44;21;25
561;10905;St.Gallen Stadt Moosbruggst. 2;08.10.2019;Dienstag;2;2;0;3;5;3;4;34;63;48;44;67;66;45;64;55;56;78;80;64;26;17;18;14;7
562;10905;St.Gallen Stadt Moosbruggst. 2;09.10.2019;Mittwoch;1;11;4;8;3;1;12;76;161;130;114;138;115;125;143;130;136;164;216;149;91;52;46;41;16
563;10905;St.Gallen Stadt Moosbruggst. 2;09.10.2019;Mittwoch;2;5;0;3;5;0;6;23;52;53;56;64;61;52;52;55;55;107;96;77;47;28;18;21;8
564;10905;St.Gallen Stadt Moosbruggst. 2;10.10.2019;Donnerstag;1;15;10;4;5;4;11;80;168;142;116;129;141;142;131;126;175;125;141;166;82;67;40;36;32
565;10905;St.Gallen Stadt Moosbruggst. 2;10.10.2019;Donnerstag;2;14;3;1;5;3;9;33;50;58;45;70;75;61;51;48;78;72;86;72;35;27;29;19;15
566;10905;St.Gallen Stadt Moosbruggst. 2;11.10.2019;Freitag;1;14;10;11;5;5;10;81;136;116;121;152;152;147;147;137;115;110;154;88;93;69;55;38;39
567;10905;St.Gallen Stadt Moosbruggst. 2;11.10.2019;Freitag;2;4;5;3;5;2;6;27;31;55;45;59;81;63;56;65;49;66;53;48;41;20;36;23;13
568;10905;St.Gallen Stadt Moosbruggst. 2;12.10.2019;Samstag;1;21;15;15;6;13;6;14;42;71;123;184;141;114;102;136;133;155;110;122;76;94;71;46;43
569;10905;St.Gallen Stadt Moosbruggst. 2;12.10.2019;Samstag;2;12;8;9;3;4;3;9;12;31;47;59;52;36;43;60;49;59;60;58;31;49;34;29;28
570;10905;St.Gallen Stadt Moosbruggst. 2;13.10.2019;Sonntag;1;19;26;15;15;12;14;13;20;39;37;83;116;130;130;163;212;134;82;60;76;61;43;20;9
571;10905;St.Gallen Stadt Moosbruggst. 2;13.10.2019;Sonntag;2;13;15;4;13;6;3;8;7;13;12;38;35;46;62;48;55;46;37;18;30;21;17;7;8
572;10905;St.Gallen Stadt Moosbruggst. 2;14.10.2019;Montag;1;3;1;3;1;1;13;75;163;142;106;127;159;131;151;139;133;145;154;113;78;53;30;36;21
573;10905;St.Gallen Stadt Moosbruggst. 2;14.10.2019;Montag;2;9;2;1;1;0;8;30;48;58;53;49;71;60;58;60;61;81;99;52;31;19;20;15;9
574;10905;St.Gallen Stadt Moosbruggst. 2;15.10.2019;Dienstag;1;15;8;6;5;4;16;85;166;138;123;160;151;142;170;115;126;129;158;137;88;57;37;28;28
575;10905;St.Gallen Stadt Moosbruggst. 2;15.10.2019;Dienstag;2;4;4;2;2;0;6;24;57;49;61;77;75;66;73;53;56;85;105;73;32;10;16;21;11
576;10905;St.Gallen Stadt Moosbruggst. 2;16.10.2019;Mittwoch;1;12;5;2;2;1;13;98;162;136;149;150;172;136;155;200;145;146;141;163;98;78;48;28;21
577;10905;St.Gallen Stadt Moosbruggst. 2;16.10.2019;Mittwoch;2;3;5;1;1;0;7;34;56;54;61;82;86;63;75;78;78;86;99;61;36;32;31;24;11
578;10905;St.Gallen Stadt Moosbruggst. 2;17.10.2019;Donnerstag;1;8;7;9;2;2;17;85;178;155;119;147;158;165;158;154;152;143;189;164;95;75;61;43;38
579;10905;St.Gallen Stadt Moosbruggst. 2;17.10.2019;Donnerstag;2;6;4;3;2;0;8;29;77;55;60;72;88;63;70;84;63;83;102;65;33;40;27;16;13
580;10905;St.Gallen Stadt Moosbruggst. 2;18.10.2019;Freitag;1;22;4;12;4;4;13;68;155;134;126;132;150;139;170;186;159;123;140;130;101;48;43;58;43
581;10905;St.Gallen Stadt Moosbruggst. 2;18.10.2019;Freitag;2;6;4;2;1;2;3;24;45;52;49;65;71;73;65;84;64;75;82;58;38;25;35;31;24
582;10905;St.Gallen Stadt Moosbruggst. 2;19.10.2019;Samstag;1;32;23;9;8;8;12;20;31;68;85;107;135;125;127;138;147;103;1;50;97;63;67;37;44
583;10905;St.Gallen Stadt Moosbruggst. 2;19.10.2019;Samstag;2;20;6;7;6;6;4;14;17;40;45;46;59;31;43;48;59;42;142;86;29;26;42;17;27
584;10905;St.Gallen Stadt Moosbruggst. 2;20.10.2019;Sonntag;1;26;18;11;13;11;7;9;16;42;63;102;147;111;55;167;143;103;93;88;82;54;31;19;16
585;10905;St.Gallen Stadt Moosbruggst. 2;20.10.2019;Sonntag;2;14;14;5;9;5;3;4;5;17;26;40;44;69;144;54;51;54;46;49;28;22;13;6;6
586;10905;St.Gallen Stadt Moosbruggst. 2;21.10.2019;Montag;1;5;6;3;1;3;13;103;207;194;92;116;134;115;130;131;135;146;212;148;108;50;43;36;20
587;10905;St.Gallen Stadt Moosbruggst. 2;21.10.2019;Montag;2;3;1;2;2;0;5;36;62;73;47;52;84;48;63;63;61;78;93;58;53;29;19;16;7
588;10905;St.Gallen Stadt Moosbruggst. 2;22.10.2019;Dienstag;1;2;3;4;0;3;17;89;195;206;137;129;147;110;143;119;132;150;215;183;131;54;47;33;24
589;10905;St.Gallen Stadt Moosbruggst. 2;22.10.2019;Dienstag;2;3;2;2;2;1;6;30;72;62;65;71;79;49;71;58;66;77;106;61;52;25;24;25;18
590;10905;St.Gallen Stadt Moosbruggst. 2;23.10.2019;Mittwoch;1;9;8;4;2;3;16;105;222;176;163;113;176;104;156;151;117;154;224;188;123;61;53;35;16
591;10905;St.Gallen Stadt Moosbruggst. 2;23.10.2019;Mittwoch;2;8;4;2;2;0;6;28;74;73;68;64;81;62;82;73;74;67;115;87;51;19;32;20;8
592;10905;St.Gallen Stadt Moosbruggst. 2;24.10.2019;Donnerstag;1;9;4;4;8;3;19;88;207;173;157;127;146;124;155;135;114;153;217;161;104;55;53;32;20
593;10905;St.Gallen Stadt Moosbruggst. 2;24.10.2019;Donnerstag;2;2;2;0;4;1;6;22;66;57;88;60;101;56;59;70;55;81;109;81;40;29;17;17;10
594;10905;St.Gallen Stadt Moosbruggst. 2;25.10.2019;Freitag;1;8;8;3;2;5;13;79;197;188;167;155;134;110;123;122;121;172;168;156;124;69;44;45;31
595;10905;St.Gallen Stadt Moosbruggst. 2;25.10.2019;Freitag;2;7;2;2;1;2;3;26;52;64;70;90;97;82;54;64;54;79;93;87;53;32;20;20;11
596;10905;St.Gallen Stadt Moosbruggst. 2;26.10.2019;Samstag;1;36;16;15;1;5;15;20;57;100;152;142;136;178;164;223;143;161;124;88;72;60;42;55;33
597;10905;St.Gallen Stadt Moosbruggst. 2;26.10.2019;Samstag;2;20;10;6;1;3;2;11;20;48;65;55;56;75;69;77;62;55;70;30;41;35;18;23;21
598;10905;St.Gallen Stadt Moosbruggst. 2;27.10.2019;Sonntag;1;44;31;20;12;12;2;11;14;17;38;68;74;100;72;93;72;81;87;96;65;51;50;35;24
599;10905;St.Gallen Stadt Moosbruggst. 2;27.10.2019;Sonntag;2;21;19;1;6;6;6;5;5;6;10;25;30;33;34;29;19;21;33;39;30;28;20;7;7
600;10905;St.Gallen Stadt Moosbruggst. 2;28.10.2019;Montag;1;11;8;5;7;4;4;14;89;216;152;97;116;159;119;171;103;129;130;282;152;79;75;36;36
601;10905;St.Gallen Stadt Moosbruggst. 2;28.10.2019;Montag;2;4;3;1;4;6;3;3;26;61;63;52;64;80;45;71;63;68;80;89;70;53;27;17;12
602;10905;St.Gallen Stadt Moosbruggst. 2;29.10.2019;Dienstag;1;28;14;5;4;7;12;98;217;168;131;208;139;121;168;134;138;151;235;167;94;60;59;53;36
603;10905;St.Gallen Stadt Moosbruggst. 2;29.10.2019;Dienstag;2;14;8;2;5;1;5;42;71;75;77;75;88;57;73;74;78;58;106;79;44;27;17;20;16
604;10905;St.Gallen Stadt Moosbruggst. 2;30.10.2019;Mittwoch;1;9;3;3;2;5;15;87;212;172;121;157;144;131;135;106;133;151;246;171;93;87;46;54;36
605;10905;St.Gallen Stadt Moosbruggst. 2;30.10.2019;Mittwoch;2;6;1;3;2;2;3;30;54;80;60;70;83;58;69;57;76;87;99;72;47;28;29;21;12
606;10905;St.Gallen Stadt Moosbruggst. 2;31.10.2019;Donnerstag;1;11;4;2;4;7;13;92;235;172;139;147;169;149;160;137;157;255;224;148;98;75;57;43;43
607;10905;St.Gallen Stadt Moosbruggst. 2;31.10.2019;Donnerstag;2;3;1;1;2;0;3;41;70;64;61;82;94;61;56;64;74;100;98;73;35;26;27;18;24
608;10905;St.Gallen Stadt Moosbruggst. 2;01.11.2019;Freitag;1;19;24;11;9;8;10;19;40;34;51;66;61;67;64;74;70;88;73;76;79;64;39;49;19
609;10905;St.Gallen Stadt Moosbruggst. 2;01.11.2019;Freitag;2;11;14;5;5;2;5;10;13;19;19;29;26;33;16;42;20;39;27;21;42;21;23;21;7
610;10905;St.Gallen Stadt Moosbruggst. 2;02.11.2019;Samstag;1;20;17;5;8;11;19;36;71;90;116;125;129;152;123;124;123;108;114;98;63;54;56;51;38
611;10905;St.Gallen Stadt Moosbruggst. 2;02.11.2019;Samstag;2;10;7;3;5;4;2;17;39;49;50;48;50;53;47;67;49;63;67;33;35;22;28;27;21
612;10905;St.Gallen Stadt Moosbruggst. 2;03.11.2019;Sonntag;1;16;20;19;12;8;4;13;14;44;46;68;82;82;65;76;85;81;82;62;55;60;32;11;10
613;10905;St.Gallen Stadt Moosbruggst. 2;03.11.2019;Sonntag;2;9;7;8;6;2;1;7;4;12;18;29;29;39;22;26;28;26;28;25;20;24;9;4;0
614;10905;St.Gallen Stadt Moosbruggst. 2;04.11.2019;Montag;1;1;5;3;1;2;7;95;201;172;122;121;144;105;162;118;128;157;230;157;106;65;48;46;23
615;10905;St.Gallen Stadt Moosbruggst. 2;04.11.2019;Montag;2;0;2;1;6;1;6;24;69;71;65;69;77;58;68;63;55;81;95;60;52;34;17;12;6
616;10905;St.Gallen Stadt Moosbruggst. 2;05.11.2019;Dienstag;1;6;1;1;0;9;11;86;204;192;135;135;134;114;161;122;107;157;220;192;100;56;64;28;23
617;10905;St.Gallen Stadt Moosbruggst. 2;05.11.2019;Dienstag;2;3;2;0;1;4;6;30;114;145;57;73;70;49;54;61;50;87;104;88;41;29;35;19;13
618;10905;St.Gallen Stadt Moosbruggst. 2;06.11.2019;Mittwoch;1;8;3;3;5;1;15;82;210;191;136;153;133;106;142;135;129;149;225;165;117;77;59;42;25
619;10905;St.Gallen Stadt Moosbruggst. 2;06.11.2019;Mittwoch;2;2;2;5;4;0;6;27;59;66;73;79;72;51;54;67;75;80;105;78;43;29;38;27;19
620;10905;St.Gallen Stadt Moosbruggst. 2;07.11.2019;Donnerstag;1;10;4;4;5;1;14;104;214;160;139;148;159;123;163;108;134;152;241;205;123;76;56;46;20
621;10905;St.Gallen Stadt Moosbruggst. 2;07.11.2019;Donnerstag;2;8;1;2;3;1;9;27;77;69;63;77;80;65;64;58;60;99;117;84;62;28;23;26;12
622;10905;St.Gallen Stadt Moosbruggst. 2;08.11.2019;Freitag;1;12;6;2;1;3;11;86;189;152;130;143;182;143;159;146;162;186;195;172;101;73;65;87;44
623;10905;St.Gallen Stadt Moosbruggst. 2;08.11.2019;Freitag;2;10;3;4;1;2;4;27;54;73;59;78;105;70;64;73;68;120;103;79;44;28;31;52;33
624;10905;St.Gallen Stadt Moosbruggst. 2;09.11.2019;Samstag;1;37;20;10;9;10;8;13;41;107;128;111;114;159;136;159;131;144;130;105;86;76;51;44;48
625;10905;St.Gallen Stadt Moosbruggst. 2;09.11.2019;Samstag;2;17;14;6;8;4;4;13;11;36;46;43;45;40;46;42;62;50;59;46;29;35;19;23;22
626;10905;St.Gallen Stadt Moosbruggst. 2;10.11.2019;Sonntag;1;31;27;18;7;7;12;11;7;29;56;78;66;78;82;94;70;87;83;72;92;40;25;16;17
627;10905;St.Gallen Stadt Moosbruggst. 2;10.11.2019;Sonntag;2;15;16;10;4;1;4;1;5;11;21;29;23;38;27;37;25;40;36;22;29;26;11;5;7
628;10905;St.Gallen Stadt Moosbruggst. 2;11.11.2019;Montag;1;3;3;1;2;4;10;90;178;193;101;119;128;130;135;122;133;142;217;174;133;59;46;46;19
629;10905;St.Gallen Stadt Moosbruggst. 2;11.11.2019;Montag;2;0;0;1;3;0;7;36;48;58;61;66;77;39;56;60;77;80;106;67;68;26;19;19;11
630;10905;St.Gallen Stadt Moosbruggst. 2;12.11.2019;Dienstag;1;8;1;2;0;2;13;93;205;167;149;110;123;131;164;123;122;142;231;170;104;66;39;37;20
631;10905;St.Gallen Stadt Moosbruggst. 2;12.11.2019;Dienstag;2;5;1;2;3;0;5;33;65;70;68;60;82;46;66;72;56;80;104;79;53;31;23;21;14
632;10905;St.Gallen Stadt Moosbruggst. 2;13.11.2019;Mittwoch;1;8;2;3;4;4;13;95;197;169;133;133;169;128;146;138;137;152;215;163;94;64;47;41;17
633;10905;St.Gallen Stadt Moosbruggst. 2;13.11.2019;Mittwoch;2;1;2;0;4;1;6;32;56;60;81;65;82;72;56;66;68;87;83;59;61;26;22;17;10
634;10905;St.Gallen Stadt Moosbruggst. 2;14.11.2019;Donnerstag;1;10;4;4;1;4;14;84;206;173;136;172;138;114;187;109;135;174;218;203;114;53;44;50;23
635;10905;St.Gallen Stadt Moosbruggst. 2;14.11.2019;Donnerstag;2;9;0;0;2;2;5;35;57;72;48;60;99;48;53;54;58;95;102;86;51;33;32;27;14
636;10905;St.Gallen Stadt Moosbruggst. 2;15.11.2019;Freitag;1;11;4;3;2;4;11;91;200;138;138;127;138;130;138;122;147;176;204;160;94;72;54;54;40
637;10905;St.Gallen Stadt Moosbruggst. 2;15.11.2019;Freitag;2;7;2;2;0;1;4;33;49;65;59;63;70;67;66;68;68;91;81;64;49;36;26;30;28
638;10905;St.Gallen Stadt Moosbruggst. 2;16.11.2019;Samstag;1;25;21;10;13;10;6;17;52;81;96;102;141;116;117;149;118;105;117;120;86;57;65;51;42
639;10905;St.Gallen Stadt Moosbruggst. 2;16.11.2019;Samstag;2;9;12;8;4;1;3;11;25;31;41;39;44;46;48;53;41;48;53;48;30;20;32;23;22
640;10905;St.Gallen Stadt Moosbruggst. 2;17.11.2019;Sonntag;1;15;26;12;13;11;12;7;12;35;43;68;92;57;95;103;68;97;87;75;59;57;29;21;6
641;10905;St.Gallen Stadt Moosbruggst. 2;17.11.2019;Sonntag;2;8;16;7;4;5;5;6;9;12;11;35;37;30;39;44;32;39;43;33;29;22;16;8;0
642;10905;St.Gallen Stadt Moosbruggst. 2;18.11.2019;Montag;1;7;1;2;2;5;13;79;182;148;103;87;117;124;168;145;154;149;224;174;131;66;50;27;18
643;10905;St.Gallen Stadt Moosbruggst. 2;18.11.2019;Montag;2;4;1;2;3;3;5;20;53;61;46;56;69;57;76;63;54;81;100;82;74;31;21;9;4
644;10905;St.Gallen Stadt Moosbruggst. 2;19.11.2019;Dienstag;1;8;7;4;1;1;15;93;215;165;143;133;166;95;157;123;151;150;217;166;101;69;53;40;26
645;10905;St.Gallen Stadt Moosbruggst. 2;19.11.2019;Dienstag;2;4;5;3;1;1;6;37;52;70;58;71;73;41;71;57;56;95;104;70;46;19;23;25;17
646;10905;St.Gallen Stadt Moosbruggst. 2;20.11.2019;Mittwoch;1;5;4;7;2;1;10;91;191;179;133;137;151;125;184;159;131;188;211;182;113;81;48;47;12
647;10905;St.Gallen Stadt Moosbruggst. 2;20.11.2019;Mittwoch;2;1;1;5;3;1;4;17;58;62;58;64;95;67;73;76;73;74;102;83;63;34;28;26;13
648;10905;St.Gallen Stadt Moosbruggst. 2;27.11.2019;Mittwoch;1;7;4;5;0;2;6;98;201;177;119;140;160;116;145;29;158;143;234;230;113;76;54;66;27
649;10905;St.Gallen Stadt Moosbruggst. 2;27.11.2019;Mittwoch;2;4;1;1;2;2;4;29;58;70;57;64;84;54;59;20;72;95;96;85;50;30;32;45;19
650;10905;St.Gallen Stadt Moosbruggst. 2;28.11.2019;Donnerstag;1;9;5;5;3;4;16;84;220;160;172;127;142;95;171;138;142;179;310;252;143;72;55;47;34
651;10905;St.Gallen Stadt Moosbruggst. 2;28.11.2019;Donnerstag;2;5;5;2;3;2;7;16;57;67;74;83;69;59;63;67;62;87;124;107;71;46;26;34;40
652;10905;St.Gallen Stadt Moosbruggst. 2;29.11.2019;Freitag;1;18;6;6;2;9;16;76;214;182;134;152;154;137;181;147;157;185;177;172;97;71;56;59;44
653;10905;St.Gallen Stadt Moosbruggst. 2;29.11.2019;Freitag;2;11;2;3;3;4;8;25;57;60;62;80;80;63;73;73;75;92;78;71;41;31;20;23;11
654;10905;St.Gallen Stadt Moosbruggst. 2;30.11.2019;Samstag;1;36;19;5;12;9;21;41;59;77;102;148;158;167;165;187;160;133;130;105;71;71;65;53;56
655;10905;St.Gallen Stadt Moosbruggst. 2;30.11.2019;Samstag;2;16;10;5;8;2;6;16;26;42;36;48;41;49;54;53;55;45;79;44;32;18;20;26;27
656;10905;St.Gallen Stadt Moosbruggst. 2;01.12.2019;Sonntag;1;40;34;16;6;9;9;19;21;31;41;93;76;68;68;90;75;135;108;92;54;47;34;27;13
657;10905;St.Gallen Stadt Moosbruggst. 2;01.12.2019;Sonntag;2;21;20;6;3;4;1;11;7;10;22;30;27;33;25;35;38;57;51;39;29;25;13;19;6
658;10905;St.Gallen Stadt Moosbruggst. 2;02.12.2019;Montag;1;8;0;3;1;1;13;101;187;166;97;151;152;114;176;115;159;141;231;178;111;61;46;50;25
659;10905;St.Gallen Stadt Moosbruggst. 2;02.12.2019;Montag;2;4;2;4;0;0;3;22;55;56;51;63;82;60;49;59;70;75;98;65;51;26;18;17;9
660;10905;St.Gallen Stadt Moosbruggst. 2;03.12.2019;Dienstag;1;7;3;1;4;4;15;115;216;140;139;130;141;117;135;107;122;162;268;177;124;56;55;34;17
661;10905;St.Gallen Stadt Moosbruggst. 2;03.12.2019;Dienstag;2;5;3;0;3;0;10;39;60;52;58;58;73;66;63;50;52;94;117;75;54;36;32;26;14
662;10905;St.Gallen Stadt Moosbruggst. 2;04.12.2019;Mittwoch;1;10;3;4;1;1;23;99;213;170;130;148;144;122;150;154;158;187;219;150;98;64;47;49;28
663;10905;St.Gallen Stadt Moosbruggst. 2;04.12.2019;Mittwoch;2;4;2;4;2;2;7;27;46;81;63;65;75;52;52;83;75;83;117;82;48;26;24;18;16
664;10905;St.Gallen Stadt Moosbruggst. 2;05.12.2019;Donnerstag;1;10;4;2;4;3;24;107;211;182;132;147;149;134;166;108;141;169;239;190;142;80;57;50;29
665;10905;St.Gallen Stadt Moosbruggst. 2;05.12.2019;Donnerstag;2;7;1;0;2;2;7;32;57;78;63;71;82;54;56;66;55;56;114;79;60;48;37;27;13
666;10905;St.Gallen Stadt Moosbruggst. 2;06.12.2019;Freitag;1;11;6;4;2;3;15;107;174;174;131;118;162;119;148;125;130;173;220;149;95;47;54;51;41
667;10905;St.Gallen Stadt Moosbruggst. 2;06.12.2019;Freitag;2;18;5;1;3;1;5;27;59;71;72;62;71;48;50;58;67;79;94;70;43;30;31;19;18
668;10905;St.Gallen Stadt Moosbruggst. 2;07.12.2019;Samstag;1;34;14;7;9;6;14;33;64;69;94;101;138;115;149;135;119;113;122;86;63;51;46;51;46
669;10905;St.Gallen Stadt Moosbruggst. 2;07.12.2019;Samstag;2;21;8;11;7;3;4;11;25;29;40;31;29;50;45;49;61;60;74;48;34;24;20;19;28
670;10905;St.Gallen Stadt Moosbruggst. 2;08.12.2019;Sonntag;1;36;18;19;16;10;11;14;17;27;67;66;83;84;82;85;91;73;80;59;57;32;23;16;3
671;10905;St.Gallen Stadt Moosbruggst. 2;08.12.2019;Sonntag;2;21;14;9;6;3;1;4;2;8;14;19;27;32;32;25;38;38;28;30;20;13;12;8;1
672;10905;St.Gallen Stadt Moosbruggst. 2;09.12.2019;Montag;1;4;1;7;2;4;11;85;205;140;111;116;137;114;143;127;128;152;218;176;95;39;45;54;24
673;10905;St.Gallen Stadt Moosbruggst. 2;09.12.2019;Montag;2;3;0;5;0;2;2;31;52;57;53;70;72;44;59;60;51;97;94;66;56;15;18;22;13
674;10905;St.Gallen Stadt Moosbruggst. 2;10.12.2019;Dienstag;1;6;3;0;0;6;19;103;206;153;143;114;143;117;161;114;131;166;254;161;123;58;45;31;30
675;10905;St.Gallen Stadt Moosbruggst. 2;10.12.2019;Dienstag;2;0;2;1;1;2;10;32;51;75;59;52;54;48;61;64;75;73;79;90;56;24;12;21;14
676;10905;St.Gallen Stadt Moosbruggst. 2;11.12.2019;Mittwoch;1;8;3;2;3;7;10;99;218;170;166;150;154;115;156;115;130;158;228;162;109;65;58;60;26
677;10905;St.Gallen Stadt Moosbruggst. 2;11.12.2019;Mittwoch;2;8;1;3;1;2;2;28;64;69;53;65;69;71;65;57;53;90;94;75;48;20;30;31;10
678;10905;St.Gallen Stadt Moosbruggst. 2;12.12.2019;Donnerstag;1;6;12;4;7;4;23;87;201;140;142;125;117;125;130;130;115;182;256;209;127;57;62;42;22
679;10905;St.Gallen Stadt Moosbruggst. 2;12.12.2019;Donnerstag;2;4;3;0;3;0;11;21;59;47;63;75;67;53;47;40;63;74;102;82;63;22;34;23;16
680;10905;St.Gallen Stadt Moosbruggst. 2;13.12.2019;Freitag;1;13;8;6;1;4;11;89;199;153;131;128;159;118;165;131;136;184;177;136;111;52;51;49;48
681;10905;St.Gallen Stadt Moosbruggst. 2;13.12.2019;Freitag;2;9;3;2;1;2;3;23;59;68;67;60;82;49;63;69;77;76;93;61;41;18;34;22;24
682;10905;St.Gallen Stadt Moosbruggst. 2;14.12.2019;Samstag;1;44;21;12;2;6;5;29;56;76;104;120;134;140;157;151;159;130;124;114;66;64;48;49;58
683;10905;St.Gallen Stadt Moosbruggst. 2;14.12.2019;Samstag;2;23;8;4;6;1;5;9;26;36;42;47;50;47;66;65;69;72;73;37;31;27;20;27;33
684;10905;St.Gallen Stadt Moosbruggst. 2;15.12.2019;Sonntag;1;32;25;14;9;13;12;14;14;30;46;83;104;101;102;114;109;106;107;74;67;56;30;29;9
685;10905;St.Gallen Stadt Moosbruggst. 2;15.12.2019;Sonntag;2;14;16;5;2;4;4;7;7;13;21;26;43;49;30;37;45;48;46;32;32;29;18;8;5
686;10905;St.Gallen Stadt Moosbruggst. 2;16.12.2019;Montag;1;6;5;4;1;3;13;72;222;163;120;123;130;115;168;124;142;147;228;143;98;60;44;40;20
687;10905;St.Gallen Stadt Moosbruggst. 2;16.12.2019;Montag;2;7;1;1;2;0;5;29;50;63;57;51;87;54;64;59;61;81;105;53;53;20;24;17;12
688;10905;St.Gallen Stadt Moosbruggst. 2;17.12.2019;Dienstag;1;10;4;2;2;6;18;90;222;188;138;134;134;121;161;118;149;161;269;181;98;50;44;75;36
689;10905;St.Gallen Stadt Moosbruggst. 2;17.12.2019;Dienstag;2;3;4;2;1;1;5;28;53;73;54;61;71;49;62;66;78;91;115;74;41;31;19;27;22
690;10905;St.Gallen Stadt Moosbruggst. 2;18.12.2019;Mittwoch;1;14;2;10;2;4;14;107;206;177;140;139;149;118;177;148;142;165;227;181;102;86;52;41;22
691;10905;St.Gallen Stadt Moosbruggst. 2;18.12.2019;Mittwoch;2;2;2;9;1;1;5;41;57;76;57;70;77;67;66;80;66;80;94;75;61;35;34;17;11
692;10905;St.Gallen Stadt Moosbruggst. 2;19.12.2019;Donnerstag;1;11;3;3;1;4;21;102;222;151;132;137;133;122;153;150;145;189;206;202;179;85;62;47;33
693;10905;St.Gallen Stadt Moosbruggst. 2;19.12.2019;Donnerstag;2;3;2;3;2;1;8;39;60;71;45;55;80;57;63;67;57;73;87;94;62;41;37;25;19
694;10905;St.Gallen Stadt Moosbruggst. 2;20.12.2019;Freitag;1;17;7;6;3;2;20;94;175;140;144;144;136;135;167;154;152;172;203;168;109;74;54;56;41
695;10905;St.Gallen Stadt Moosbruggst. 2;20.12.2019;Freitag;2;13;2;6;1;1;9;31;59;73;57;77;74;67;65;75;68;83;88;71;42;36;18;25;24
696;10905;St.Gallen Stadt Moosbruggst. 2;21.12.2019;Samstag;1;21;19;12;9;8;6;27;36;70;89;89;128;106;126;161;126;103;100;96;56;42;49;52;35
697;10905;St.Gallen Stadt Moosbruggst. 2;21.12.2019;Samstag;2;15;10;8;2;2;3;11;12;24;31;41;53;34;48;62;58;42;47;41;30;18;16;25;18
698;10905;St.Gallen Stadt Moosbruggst. 2;22.12.2019;Sonntag;1;23;17;7;17;11;12;14;14;29;64;86;86;77;107;86;83;90;94;60;84;34;26;21;7
699;10905;St.Gallen Stadt Moosbruggst. 2;22.12.2019;Sonntag;2;11;9;2;5;5;1;5;7;7;21;37;44;40;41;39;38;36;43;25;23;16;7;11;7
700;10905;St.Gallen Stadt Moosbruggst. 2;23.12.2019;Montag;1;3;3;4;2;1;12;52;104;110;110;132;146;134;147;150;162;159;147;120;84;49;36;28;17
701;10905;St.Gallen Stadt Moosbruggst. 2;23.12.2019;Montag;2;2;2;2;2;0;4;22;26;40;42;71;79;52;53;78;69;75;72;52;31;32;20;9;4
702;10905;St.Gallen Stadt Moosbruggst. 2;24.12.2019;Dienstag;1;10;12;7;4;2;10;60;81;85;112;128;138;155;95;132;116;136;65;68;33;34;66;107;58
703;10905;St.Gallen Stadt Moosbruggst. 2;24.12.2019;Dienstag;2;4;5;1;3;0;2;23;33;39;50;63;76;72;42;63;62;61;32;40;19;12;21;46;21
704;10905;St.Gallen Stadt Moosbruggst. 2;25.12.2019;Mittwoch;1;55;16;10;7;3;5;14;16;9;35;65;51;67;45;54;74;54;87;49;47;48;27;30;23
705;10905;St.Gallen Stadt Moosbruggst. 2;25.12.2019;Mittwoch;2;50;15;3;1;4;2;6;5;3;14;29;30;40;20;18;29;17;29;16;17;25;9;11;5
706;10905;St.Gallen Stadt Moosbruggst. 2;26.12.2019;Donnerstag;1;14;8;11;3;7;8;8;10;9;30;60;59;43;52;64;63;87;76;51;39;43;34;42;26
707;10905;St.Gallen Stadt Moosbruggst. 2;26.12.2019;Donnerstag;2;9;6;5;0;3;3;4;3;3;9;19;26;23;22;22;25;34;24;27;17;9;11;6;11
708;10905;St.Gallen Stadt Moosbruggst. 2;27.12.2019;Freitag;1;17;10;3;3;3;6;23;64;58;98;105;92;91;99;113;129;98;95;94;54;45;30;36;33
709;10905;St.Gallen Stadt Moosbruggst. 2;27.12.2019;Freitag;2;9;4;5;1;2;0;14;19;22;35;51;39;47;40;67;56;45;45;46;32;21;20;16;11
710;10905;St.Gallen Stadt Moosbruggst. 2;28.12.2019;Samstag;1;16;20;13;11;6;9;21;32;57;70;81;83;84;95;83;102;93;93;75;47;42;30;41;29
711;10905;St.Gallen Stadt Moosbruggst. 2;28.12.2019;Samstag;2;5;8;7;4;3;3;7;17;23;27;29;41;28;40;23;44;48;50;29;23;29;12;9;19
712;10905;St.Gallen Stadt Moosbruggst. 2;29.12.2019;Sonntag;1;19;16;10;4;5;10;10;8;21;27;46;67;58;53;57;73;65;76;65;64;39;30;27;16
713;10905;St.Gallen Stadt Moosbruggst. 2;29.12.2019;Sonntag;2;8;7;3;2;0;3;4;5;8;7;15;27;30;33;25;25;26;26;17;24;13;17;11;2
714;10905;St.Gallen Stadt Moosbruggst. 2;30.12.2019;Montag;1;6;8;9;4;4;8;45;85;67;81;88;110;99;97;102;142;121;115;89;73;41;19;27;22
715;10905;St.Gallen Stadt Moosbruggst. 2;30.12.2019;Montag;2;2;4;3;4;0;2;22;34;29;34;41;54;41;45;45;56;67;66;41;26;22;9;9;5
716;10905;St.Gallen Stadt Moosbruggst. 2;31.12.2019;Dienstag;1;13;9;4;5;0;8;42;61;77;78;90;120;103;92;93;88;96;78;91;51;33;44;38;38
717;10905;St.Gallen Stadt Moosbruggst. 2;31.12.2019;Dienstag;2;5;5;3;4;0;2;17;22;28;31;34;64;61;47;39;33;44;42;29;20;7;17;11;19
