LNR;ORT-ID;BEZEICHNUNG;DATUM;WOCHENTAG;RI;1;2;3;4;5;6;7;8;9;10;11;12;13;14;15;16;17;18;19;20;21;22;23;24
0;11050;St.Gallen Stadt Lerchental;01.02.2019;Freitag;1;0;0;2;2;1;7;12;16;42;78;69;81;74;71;66;75;89;83;34;10;25;2;1;1
1;11050;St.Gallen Stadt Lerchental;01.02.2019;Freitag;2;0;0;2;1;2;10;70;139;87;98;75;79;81;105;82;79;84;49;18;4;3;1;2;0
2;11050;St.Gallen Stadt Lerchental;02.02.2019;Samstag;1;0;0;1;0;2;3;0;9;15;56;64;63;52;61;44;57;52;18;5;3;2;2;7;2
3;11050;St.Gallen Stadt Lerchental;02.02.2019;Samstag;2;2;3;2;0;2;4;1;18;27;67;67;60;62;54;55;60;47;7;3;2;0;4;7;3
4;11050;St.Gallen Stadt Lerchental;03.02.2019;Sonntag;1;0;0;2;0;1;1;19;2;3;4;7;6;10;8;7;16;6;4;6;5;4;3;0;0
5;11050;St.Gallen Stadt Lerchental;03.02.2019;Sonntag;2;0;1;1;0;1;4;12;1;2;2;5;12;6;14;3;10;3;5;1;4;2;3;1;0
6;11050;St.Gallen Stadt Lerchental;04.02.2019;Montag;1;0;0;2;1;1;7;13;17;46;85;66;87;68;75;69;79;117;116;52;17;4;2;3;1
7;11050;St.Gallen Stadt Lerchental;04.02.2019;Montag;2;0;0;4;1;2;11;66;144;96;92;70;74;80;109;82;87;99;59;27;5;6;6;0;0
8;11050;St.Gallen Stadt Lerchental;05.02.2019;Dienstag;1;0;0;3;0;3;4;11;33;51;66;75;86;56;49;72;77;91;110;69;13;6;3;0;2
9;11050;St.Gallen Stadt Lerchental;05.02.2019;Dienstag;2;0;0;3;0;6;10;61;154;96;81;85;55;53;110;100;78;73;61;31;3;4;1;2;0
10;11050;St.Gallen Stadt Lerchental;06.02.2019;Mittwoch;1;1;0;0;1;0;3;13;37;48;56;75;91;70;48;69;63;90;128;62;14;3;3;4;1
11;11050;St.Gallen Stadt Lerchental;06.02.2019;Mittwoch;2;0;0;3;0;2;8;62;170;86;70;90;65;75;90;85;71;83;72;21;2;4;2;3;0
12;11050;St.Gallen Stadt Lerchental;07.02.2019;Donnerstag;1;3;0;2;0;1;3;9;37;54;69;88;99;71;58;87;88;84;105;66;28;5;4;4;0
13;11050;St.Gallen Stadt Lerchental;07.02.2019;Donnerstag;2;1;1;2;0;1;7;61;158;106;99;91;71;69;123;116;83;86;48;38;15;4;2;0;1
14;11050;St.Gallen Stadt Lerchental;08.02.2019;Freitag;1;1;0;3;0;0;5;15;29;53;95;75;101;64;58;71;87;107;77;51;24;6;3;0;1
15;11050;St.Gallen Stadt Lerchental;08.02.2019;Freitag;2;0;0;2;1;2;8;63;156;81;81;97;71;64;110;82;75;79;54;41;3;3;1;2;0
16;11050;St.Gallen Stadt Lerchental;09.02.2019;Samstag;1;0;0;0;1;1;2;1;14;15;41;73;88;59;62;48;53;64;19;7;3;7;2;4;7
17;11050;St.Gallen Stadt Lerchental;09.02.2019;Samstag;2;0;0;3;0;0;3;4;25;29;64;74;88;53;55;55;61;47;8;9;3;1;6;2;3
18;11050;St.Gallen Stadt Lerchental;10.02.2019;Sonntag;1;1;1;0;1;0;0;1;0;3;6;11;4;9;5;9;12;8;6;4;2;3;2;3;0
19;11050;St.Gallen Stadt Lerchental;10.02.2019;Sonntag;2;2;0;1;0;0;2;2;0;3;5;5;6;7;10;4;7;5;2;5;3;1;1;1;1
20;11050;St.Gallen Stadt Lerchental;11.02.2019;Montag;1;1;0;2;0;1;3;10;38;64;66;77;100;70;56;79;81;114;97;62;25;6;0;1;0
21;11050;St.Gallen Stadt Lerchental;11.02.2019;Montag;2;1;0;3;0;2;8;60;175;108;91;79;70;87;127;85;81;83;55;27;10;3;0;0;0
22;11050;St.Gallen Stadt Lerchental;12.02.2019;Dienstag;1;1;0;2;1;3;1;15;39;48;75;76;98;70;50;64;73;75;94;57;31;19;9;4;0
23;11050;St.Gallen Stadt Lerchental;12.02.2019;Dienstag;2;0;0;2;1;4;8;67;159;82;89;97;66;75;100;78;74;74;79;33;4;3;3;3;0
24;11050;St.Gallen Stadt Lerchental;13.02.2019;Mittwoch;1;0;0;1;1;0;1;11;36;53;76;78;92;62;60;90;69;95;119;62;24;5;5;2;0
25;11050;St.Gallen Stadt Lerchental;13.02.2019;Mittwoch;2;0;0;3;0;1;6;65;146;93;95;89;59;58;120;81;86;81;64;30;14;5;2;0;0
26;11050;St.Gallen Stadt Lerchental;14.02.2019;Donnerstag;1;0;0;0;4;0;1;11;37;58;95;95;101;81;71;71;73;101;121;56;28;9;4;1;1
27;11050;St.Gallen Stadt Lerchental;14.02.2019;Donnerstag;2;0;0;2;1;3;8;71;161;116;95;92;86;75;106;81;97;93;62;39;22;4;2;1;1
28;11050;St.Gallen Stadt Lerchental;15.02.2019;Freitag;1;1;1;2;0;0;2;9;45;42;66;79;97;70;56;68;84;96;97;47;11;5;3;0;4
29;11050;St.Gallen Stadt Lerchental;15.02.2019;Freitag;2;2;1;3;1;2;8;60;143;93;79;91;75;74;95;86;75;79;58;38;6;4;3;1;2
30;11050;St.Gallen Stadt Lerchental;16.02.2019;Samstag;1;0;1;0;1;0;1;3;8;21;39;60;68;55;57;52;59;43;26;12;1;2;2;1;3
31;11050;St.Gallen Stadt Lerchental;16.02.2019;Samstag;2;1;0;2;1;1;5;5;24;43;45;61;59;50;54;55;51;41;13;5;4;2;2;1;2
32;11050;St.Gallen Stadt Lerchental;17.02.2019;Sonntag;1;0;0;0;0;1;0;3;0;2;5;5;4;10;8;7;12;21;16;5;2;0;3;0;0
33;11050;St.Gallen Stadt Lerchental;17.02.2019;Sonntag;2;0;0;1;0;1;0;1;0;3;3;6;5;8;6;7;11;10;12;4;3;1;3;0;0
34;11050;St.Gallen Stadt Lerchental;18.02.2019;Montag;1;0;0;1;0;0;1;6;40;62;82;87;93;83;72;83;83;112;113;58;14;4;4;1;6
35;11050;St.Gallen Stadt Lerchental;18.02.2019;Montag;2;0;0;2;0;3;5;63;170;115;99;94;80;71;126;102;81;101;51;24;12;3;1;2;2
36;11050;St.Gallen Stadt Lerchental;19.02.2019;Dienstag;1;0;0;2;1;0;3;11;75;53;71;85;110;51;56;70;85;114;102;57;18;1;4;1;3
37;11050;St.Gallen Stadt Lerchental;19.02.2019;Dienstag;2;0;0;2;0;2;7;70;145;110;98;102;72;57;110;81;76;104;56;26;3;2;1;2;2
38;11050;St.Gallen Stadt Lerchental;20.02.2019;Mittwoch;1;0;1;1;0;1;1;11;44;45;61;73;78;77;62;65;74;123;99;64;9;7;4;1;2
39;11050;St.Gallen Stadt Lerchental;20.02.2019;Mittwoch;2;0;0;2;0;2;10;63;146;93;81;74;64;61;110;79;79;83;70;32;5;7;3;1;1
40;11050;St.Gallen Stadt Lerchental;21.02.2019;Donnerstag;1;1;0;1;0;1;2;7;25;64;77;90;98;81;64;73;72;104;109;67;32;9;3;0;1
41;11050;St.Gallen Stadt Lerchental;21.02.2019;Donnerstag;2;1;2;2;0;2;10;61;166;137;109;92;79;72;127;83;85;64;58;30;20;6;1;4;1
42;11050;St.Gallen Stadt Lerchental;22.02.2019;Freitag;1;0;0;1;2;1;2;11;40;49;61;71;113;59;71;92;93;111;110;51;6;2;3;3;0
43;11050;St.Gallen Stadt Lerchental;22.02.2019;Freitag;2;0;2;1;0;2;7;55;159;87;76;93;77;66;117;117;92;81;54;29;5;3;2;4;1
44;11050;St.Gallen Stadt Lerchental;23.02.2019;Samstag;1;1;1;2;2;0;0;3;14;23;49;59;82;80;66;51;58;53;21;1;5;1;5;1;0
45;11050;St.Gallen Stadt Lerchental;23.02.2019;Samstag;2;0;1;1;4;0;2;3;27;44;49;65;75;89;52;51;51;39;9;3;5;1;3;1;3
46;11050;St.Gallen Stadt Lerchental;24.02.2019;Sonntag;1;0;1;1;3;0;0;4;0;4;6;6;5;7;11;3;15;12;5;2;4;0;2;0;1
47;11050;St.Gallen Stadt Lerchental;24.02.2019;Sonntag;2;0;2;0;1;0;1;2;1;4;6;12;4;8;6;9;12;8;4;3;2;1;2;0;1
48;11050;St.Gallen Stadt Lerchental;25.02.2019;Montag;1;0;0;1;0;0;3;95;30;65;74;82;98;66;57;81;93;110;117;63;29;5;3;3;0
49;11050;St.Gallen Stadt Lerchental;25.02.2019;Montag;2;0;1;1;0;2;8;64;160;101;98;85;64;83;121;91;113;79;62;36;5;2;0;4;1
50;11050;St.Gallen Stadt Lerchental;26.02.2019;Dienstag;1;1;0;2;0;0;5;10;38;49;62;82;105;72;73;74;79;103;116;55;20;4;3;5;0
51;11050;St.Gallen Stadt Lerchental;26.02.2019;Dienstag;2;0;1;2;0;2;11;64;179;96;95;87;71;75;139;67;95;83;56;23;2;1;6;3;1
52;11050;St.Gallen Stadt Lerchental;27.02.2019;Mittwoch;1;0;1;1;0;1;2;9;56;51;46;78;80;90;60;63;86;86;116;69;13;7;4;2;2
53;11050;St.Gallen Stadt Lerchental;27.02.2019;Mittwoch;2;1;1;1;0;2;7;66;167;84;71;96;60;83;128;86;95;73;67;32;9;2;3;0;2
54;11050;St.Gallen Stadt Lerchental;28.02.2019;Donnerstag;1;1;0;2;7;0;1;7;44;62;73;84;99;80;65;82;73;99;104;69;32;14;2;4;0
55;11050;St.Gallen Stadt Lerchental;28.02.2019;Donnerstag;2;3;3;3;6;1;6;70;180;91;98;86;81;82;116;91;86;72;67;38;19;5;3;5;0
56;11050;St.Gallen Stadt Lerchental;01.03.2019;Freitag;1;0;0;1;3;1;5;8;43;64;69;81;107;71;87;88;84;121;107;42;10;7;4;4;3
57;11050;St.Gallen Stadt Lerchental;01.03.2019;Freitag;2;0;1;1;4;1;9;68;147;108;85;95;70;72;125;94;100;87;63;21;5;4;5;2;1
58;11050;St.Gallen Stadt Lerchental;02.03.2019;Samstag;1;0;0;0;1;0;1;2;9;26;40;63;61;74;41;60;51;61;19;9;0;2;3;0;1
59;11050;St.Gallen Stadt Lerchental;02.03.2019;Samstag;2;1;0;3;1;2;2;2;18;38;34;67;71;59;45;50;51;42;16;3;1;2;2;2;0
60;11050;St.Gallen Stadt Lerchental;03.03.2019;Sonntag;1;3;1;0;0;1;12;2;1;3;3;10;5;6;7;5;16;9;9;11;2;0;4;2;2
61;11050;St.Gallen Stadt Lerchental;03.03.2019;Sonntag;2;1;0;0;0;1;5;0;1;2;5;11;4;5;5;10;9;7;7;3;2;2;3;2;3
62;11050;St.Gallen Stadt Lerchental;04.03.2019;Montag;1;1;0;3;3;3;3;8;49;57;74;105;93;67;60;79;97;118;114;78;14;1;1;0;2
63;11050;St.Gallen Stadt Lerchental;04.03.2019;Montag;2;1;0;4;4;0;7;63;174;99;103;87;64;71;114;116;108;78;63;33;3;4;0;1;1
64;11050;St.Gallen Stadt Lerchental;05.03.2019;Dienstag;1;1;0;0;0;2;3;10;54;56;63;76;109;67;63;80;70;97;112;69;13;7;7;2;0
65;11050;St.Gallen Stadt Lerchental;05.03.2019;Dienstag;2;0;1;1;0;3;12;66;173;115;69;104;89;75;109;103;71;88;64;51;3;10;4;1;1
66;11050;St.Gallen Stadt Lerchental;06.03.2019;Mittwoch;1;0;0;0;1;1;1;10;44;41;53;83;95;60;77;59;95;169;127;55;14;6;0;4;0
67;11050;St.Gallen Stadt Lerchental;06.03.2019;Mittwoch;2;3;1;7;1;1;10;67;152;101;68;97;68;68;117;99;99;93;70;27;9;2;2;3;1
68;11050;St.Gallen Stadt Lerchental;07.03.2019;Donnerstag;1;0;0;0;1;0;3;9;46;79;84;80;120;75;66;82;82;116;114;70;29;17;2;2;2
69;11050;St.Gallen Stadt Lerchental;07.03.2019;Donnerstag;2;0;0;1;0;0;11;73;171;117;106;104;92;86;140;96;91;110;53;43;26;4;2;2;1
70;11050;St.Gallen Stadt Lerchental;08.03.2019;Freitag;1;0;0;1;1;0;3;7;37;61;83;79;86;68;59;80;91;115;104;51;13;10;9;2;3
71;11050;St.Gallen Stadt Lerchental;08.03.2019;Freitag;2;0;0;2;1;2;8;67;150;89;98;77;61;67;115;100;96;73;67;36;6;8;4;3;5
72;11050;St.Gallen Stadt Lerchental;09.03.2019;Samstag;1;2;1;1;3;0;5;3;10;33;45;67;74;65;62;72;69;65;16;3;3;2;2;3;0
73;11050;St.Gallen Stadt Lerchental;09.03.2019;Samstag;2;0;2;3;0;2;2;9;23;53;58;94;78;73;71;79;75;56;4;4;2;1;2;1;4
74;11050;St.Gallen Stadt Lerchental;10.03.2019;Sonntag;1;1;1;1;0;1;0;1;0;7;4;3;10;9;4;7;10;16;3;1;2;2;3;1;0
75;11050;St.Gallen Stadt Lerchental;10.03.2019;Sonntag;2;0;0;0;0;1;1;0;2;5;5;7;7;7;4;13;4;9;8;5;1;4;3;2;1
76;11050;St.Gallen Stadt Lerchental;11.03.2019;Montag;1;3;0;1;0;1;2;8;60;63;81;71;82;70;63;73;86;115;119;58;22;3;0;4;0
77;11050;St.Gallen Stadt Lerchental;11.03.2019;Montag;2;1;1;1;1;2;9;74;182;105;108;78;62;86;124;91;93;103;60;33;6;2;1;2;0
78;11050;St.Gallen Stadt Lerchental;12.03.2019;Dienstag;1;0;0;1;2;1;1;10;55;63;83;65;102;63;69;64;66;107;111;72;19;5;5;1;1
79;11050;St.Gallen Stadt Lerchental;12.03.2019;Dienstag;2;0;0;2;1;3;7;76;196;112;101;73;66;74;107;70;95;85;65;37;7;3;4;2;1
80;11050;St.Gallen Stadt Lerchental;13.03.2019;Mittwoch;1;1;0;0;2;0;2;11;49;61;52;65;101;73;55;60;63;85;135;45;11;9;10;1;1
81;11050;St.Gallen Stadt Lerchental;13.03.2019;Mittwoch;2;0;0;1;1;0;9;58;172;113;74;90;75;76;113;69;78;72;48;35;3;7;3;3;0
82;11050;St.Gallen Stadt Lerchental;14.03.2019;Donnerstag;1;2;0;0;1;1;2;6;64;73;95;93;96;78;58;72;99;99;97;60;29;11;1;1;3
83;11050;St.Gallen Stadt Lerchental;14.03.2019;Donnerstag;2;1;1;1;2;2;6;68;182;134;112;99;87;70;120;85;104;77;65;42;18;4;0;5;3
84;11050;St.Gallen Stadt Lerchental;15.03.2019;Freitag;1;0;0;1;0;0;0;10;39;66;66;92;114;65;60;88;92;128;135;91;34;32;2;1;1
85;11050;St.Gallen Stadt Lerchental;15.03.2019;Freitag;2;0;0;5;1;4;5;65;172;134;103;119;83;93;132;127;140;143;128;59;11;12;1;1;5
86;11050;St.Gallen Stadt Lerchental;16.03.2019;Samstag;1;3;3;3;0;1;1;4;10;29;50;65;81;58;88;63;82;93;52;18;3;1;0;1;4
87;11050;St.Gallen Stadt Lerchental;16.03.2019;Samstag;2;2;3;3;0;1;3;8;30;48;86;89;111;109;92;114;89;70;24;11;4;1;3;5;4
88;11050;St.Gallen Stadt Lerchental;17.03.2019;Sonntag;1;4;0;0;0;0;2;3;3;4;9;6;7;4;8;12;13;13;8;2;2;3;3;0;0
89;11050;St.Gallen Stadt Lerchental;17.03.2019;Sonntag;2;2;0;0;1;2;1;1;2;9;12;7;5;13;12;16;8;7;7;6;1;3;3;0;1
90;11050;St.Gallen Stadt Lerchental;18.03.2019;Montag;1;0;2;0;0;1;2;11;39;64;71;98;110;80;57;75;97;116;128;61;38;3;16;3;0
91;11050;St.Gallen Stadt Lerchental;18.03.2019;Montag;2;0;1;0;1;1;13;64;204;141;100;116;95;97;134;119;126;124;84;36;16;4;8;2;1
92;11050;St.Gallen Stadt Lerchental;19.03.2019;Dienstag;1;1;0;2;0;2;0;12;44;61;66;79;89;73;71;71;80;118;124;57;27;7;8;5;1
93;11050;St.Gallen Stadt Lerchental;19.03.2019;Dienstag;2;0;0;6;3;2;8;82;213;121;109;105;91;89;150;109;107;117;80;58;9;4;4;2;1
94;11050;St.Gallen Stadt Lerchental;20.03.2019;Mittwoch;1;1;2;2;0;1;1;16;35;47;56;81;115;72;60;77;86;109;128;76;15;4;2;1;3
95;11050;St.Gallen Stadt Lerchental;20.03.2019;Mittwoch;2;1;4;2;4;4;9;70;189;134;115;109;101;90;140;111;113;111;89;53;18;3;2;1;1
96;11050;St.Gallen Stadt Lerchental;21.03.2019;Donnerstag;1;0;2;1;1;0;3;8;58;88;90;90;125;90;75;85;86;118;121;82;28;11;5;2;0
97;11050;St.Gallen Stadt Lerchental;21.03.2019;Donnerstag;2;0;3;2;0;5;12;72;237;159;134;122;92;111;132;148;119;113;87;49;36;4;6;0;1
98;11050;St.Gallen Stadt Lerchental;22.03.2019;Freitag;1;0;4;0;1;0;2;9;35;68;79;81;112;78;53;93;89;107;80;60;21;15;9;2;2
99;11050;St.Gallen Stadt Lerchental;22.03.2019;Freitag;2;0;2;4;2;1;6;65;177;126;120;130;93;76;134;116;103;104;63;64;13;4;3;1;2
100;11050;St.Gallen Stadt Lerchental;23.03.2019;Samstag;1;0;0;3;1;0;0;4;14;33;47;80;92;73;73;82;85;59;38;9;11;3;4;4;3
101;11050;St.Gallen Stadt Lerchental;23.03.2019;Samstag;2;0;1;3;2;1;2;11;41;66;95;113;111;90;91;89;89;62;5;9;11;7;4;6;2
102;11050;St.Gallen Stadt Lerchental;24.03.2019;Sonntag;1;1;4;1;0;0;0;2;3;1;3;10;23;33;29;23;36;33;19;17;7;2;4;2;1
103;11050;St.Gallen Stadt Lerchental;24.03.2019;Sonntag;2;1;3;2;0;0;1;2;5;12;15;27;28;23;32;36;31;19;10;8;6;3;6;2;3
104;11050;St.Gallen Stadt Lerchental;25.03.2019;Montag;1;0;0;0;1;1;3;10;41;72;78;80;109;72;62;98;108;122;139;61;8;3;6;4;0
105;11050;St.Gallen Stadt Lerchental;25.03.2019;Montag;2;1;0;4;3;3;8;72;195;124;124;115;87;99;141;147;137;120;95;38;15;8;6;6;0
106;11050;St.Gallen Stadt Lerchental;26.03.2019;Dienstag;1;1;1;0;1;0;1;13;44;75;64;69;102;70;69;70;81;107;112;65;24;9;4;6;2
107;11050;St.Gallen Stadt Lerchental;26.03.2019;Dienstag;2;4;0;11;3;1;6;60;184;110;95;96;77;73;116;89;90;80;62;49;16;7;6;8;5
108;11050;St.Gallen Stadt Lerchental;27.03.2019;Mittwoch;1;2;1;1;0;1;3;14;45;61;73;91;98;72;60;72;70;107;125;70;36;4;10;2;0
109;11050;St.Gallen Stadt Lerchental;27.03.2019;Mittwoch;2;2;1;3;0;3;6;71;168;90;93;96;75;55;105;84;96;102;70;36;17;5;7;5;0
110;11050;St.Gallen Stadt Lerchental;28.03.2019;Donnerstag;1;2;0;1;2;3;0;10;45;58;69;83;104;81;68;68;82;108;127;81;23;8;3;2;2
111;11050;St.Gallen Stadt Lerchental;28.03.2019;Donnerstag;2;4;0;4;1;6;3;64;173;112;103;97;95;86;140;83;82;107;64;50;29;4;5;1;1
112;11050;St.Gallen Stadt Lerchental;29.03.2019;Freitag;1;0;2;1;0;1;1;11;44;61;73;89;110;56;74;92;108;112;87;64;23;9;2;6;2
113;11050;St.Gallen Stadt Lerchental;29.03.2019;Freitag;2;1;1;5;0;3;5;61;157;112;98;104;86;58;125;110;97;72;43;43;21;4;2;1;1
114;11050;St.Gallen Stadt Lerchental;30.03.2019;Samstag;1;0;2;1;2;0;1;4;17;24;63;74;87;61;57;48;58;55;15;10;18;0;2;7;4
115;11050;St.Gallen Stadt Lerchental;30.03.2019;Samstag;2;0;2;3;2;2;2;9;36;58;68;85;73;59;62;48;57;46;3;7;5;2;0;9;8
116;11050;St.Gallen Stadt Lerchental;31.03.2019;Sonntag;1;3;0;1;5;6;3;2;2;3;4;14;5;8;8;5;11;16;14;9;12;2;8;1;0
117;11050;St.Gallen Stadt Lerchental;31.03.2019;Sonntag;2;1;0;6;2;1;1;2;0;5;2;8;5;5;11;7;6;9;11;2;12;4;2;3;0
118;11050;St.Gallen Stadt Lerchental;01.04.2019;Montag;1;0;0;0;1;1;1;12;46;75;80;74;127;81;71;83;82;93;117;70;21;6;12;2;0
119;11050;St.Gallen Stadt Lerchental;01.04.2019;Montag;2;3;2;5;0;2;9;68;184;122;95;113;100;78;140;98;87;88;83;34;10;5;10;0;0
120;11050;St.Gallen Stadt Lerchental;02.04.2019;Dienstag;1;0;2;0;1;1;3;14;36;52;67;73;108;76;57;72;93;100;233;71;31;12;11;2;3
121;11050;St.Gallen Stadt Lerchental;02.04.2019;Dienstag;2;0;0;2;2;2;8;68;158;108;89;96;71;74;127;90;92;100;73;49;13;5;4;1;0
122;11050;St.Gallen Stadt Lerchental;03.04.2019;Mittwoch;1;0;4;0;0;0;4;12;42;77;61;73;95;75;62;72;65;101;130;72;16;15;3;2;2
123;11050;St.Gallen Stadt Lerchental;03.04.2019;Mittwoch;2;2;0;1;0;1;7;70;167;116;93;78;83;82;103;91;83;99;52;51;18;2;3;2;0
124;11050;St.Gallen Stadt Lerchental;04.04.2019;Donnerstag;1;1;2;1;2;0;2;17;48;81;80;87;99;60;77;74;85;114;110;68;32;7;2;3;0
125;11050;St.Gallen Stadt Lerchental;04.04.2019;Donnerstag;2;1;1;2;5;1;4;82;170;139;115;96;86;85;130;103;92;96;61;48;25;4;4;2;0
126;11050;St.Gallen Stadt Lerchental;05.04.2019;Freitag;1;1;4;1;0;0;1;15;48;59;69;95;104;93;77;96;94;106;110;68;18;9;5;1;4
127;11050;St.Gallen Stadt Lerchental;05.04.2019;Freitag;2;0;3;6;1;1;4;71;164;128;93;91;95;80;118;113;114;104;60;49;15;4;1;1;2
128;11050;St.Gallen Stadt Lerchental;06.04.2019;Samstag;1;2;0;3;2;0;2;4;7;18;52;82;76;73;48;55;52;52;16;17;16;6;4;0;1
129;11050;St.Gallen Stadt Lerchental;06.04.2019;Samstag;2;1;0;2;0;0;2;2;25;38;48;75;64;52;46;57;48;37;9;7;8;4;3;0;6
130;11050;St.Gallen Stadt Lerchental;07.04.2019;Sonntag;1;2;3;0;0;0;1;2;0;3;9;7;13;12;11;14;15;6;13;8;8;0;0;1;1
131;11050;St.Gallen Stadt Lerchental;07.04.2019;Sonntag;2;3;0;1;0;0;1;1;2;8;11;11;16;12;8;7;9;12;7;2;9;0;1;2;2
132;11050;St.Gallen Stadt Lerchental;08.04.2019;Montag;1;0;0;1;0;4;3;7;45;57;73;98;110;91;69;82;84;110;123;85;55;7;4;3;1
133;11050;St.Gallen Stadt Lerchental;08.04.2019;Montag;2;0;0;2;6;2;9;66;157;100;95;100;93;80;116;97;91;100;89;41;16;6;3;2;1
134;11050;St.Gallen Stadt Lerchental;09.04.2019;Dienstag;1;0;1;1;2;0;1;16;54;56;55;67;100;68;63;62;80;121;106;60;20;10;6;4;0
135;11050;St.Gallen Stadt Lerchental;09.04.2019;Dienstag;2;0;1;3;0;0;7;68;171;94;93;87;80;70;113;80;88;86;48;49;15;3;3;1;1
136;11050;St.Gallen Stadt Lerchental;10.04.2019;Mittwoch;1;1;2;5;1;1;1;12;39;58;61;71;73;91;62;67;78;93;110;65;13;6;7;5;0
137;11050;St.Gallen Stadt Lerchental;10.04.2019;Mittwoch;2;0;2;7;0;2;5;67;164;85;78;75;75;58;110;81;80;61;67;32;21;1;0;2;3
138;11050;St.Gallen Stadt Lerchental;11.04.2019;Donnerstag;1;3;0;0;0;1;3;8;51;67;61;103;99;88;55;74;84;92;116;69;27;13;10;0;0
139;11050;St.Gallen Stadt Lerchental;11.04.2019;Donnerstag;2;0;0;2;5;1;7;63;179;105;94;98;85;70;110;79;73;72;61;42;34;6;3;2;0
140;11050;St.Gallen Stadt Lerchental;12.04.2019;Freitag;1;1;0;0;2;0;3;12;32;60;70;79;98;60;63;67;77;91;77;47;17;7;7;3;1
141;11050;St.Gallen Stadt Lerchental;12.04.2019;Freitag;2;1;0;8;1;1;4;62;140;95;96;95;75;63;103;96;76;65;45;26;12;7;0;1;1
142;11050;St.Gallen Stadt Lerchental;13.04.2019;Samstag;1;3;0;2;2;0;4;2;8;21;40;57;69;62;48;48;54;50;27;9;9;7;4;0;0
143;11050;St.Gallen Stadt Lerchental;13.04.2019;Samstag;2;2;5;1;0;1;1;9;23;36;47;59;69;54;39;50;51;37;7;5;8;1;0;1;1
144;11050;St.Gallen Stadt Lerchental;14.04.2019;Sonntag;1;0;0;1;1;2;0;0;4;2;5;4;8;5;4;9;6;15;6;7;2;4;2;0;2
145;11050;St.Gallen Stadt Lerchental;14.04.2019;Sonntag;2;0;2;0;2;0;0;1;2;2;4;11;7;5;7;10;7;3;9;1;9;3;6;0;3
146;11050;St.Gallen Stadt Lerchental;15.04.2019;Montag;1;1;1;2;0;2;3;12;50;53;73;104;92;84;101;79;93;112;127;56;22;4;5;1;0
147;11050;St.Gallen Stadt Lerchental;15.04.2019;Montag;2;2;1;3;2;1;6;77;155;114;94;107;83;93;129;78;96;92;79;48;8;1;5;1;0
148;11050;St.Gallen Stadt Lerchental;16.04.2019;Dienstag;1;0;2;0;1;0;0;15;56;52;73;61;99;68;52;80;69;105;118;64;16;6;2;3;1
149;11050;St.Gallen Stadt Lerchental;16.04.2019;Dienstag;2;1;3;3;4;1;3;76;153;100;82;70;86;66;103;84;68;86;62;43;9;4;2;5;0
150;11050;St.Gallen Stadt Lerchental;17.04.2019;Mittwoch;1;0;1;0;0;1;2;9;38;48;56;66;113;61;62;89;76;102;107;63;15;10;6;1;0
151;11050;St.Gallen Stadt Lerchental;17.04.2019;Mittwoch;2;2;3;0;2;3;5;75;135;88;86;93;75;76;104;88;105;79;56;32;12;1;7;1;4
152;11050;St.Gallen Stadt Lerchental;18.04.2019;Donnerstag;1;1;0;1;1;1;4;9;49;80;101;105;119;108;84;94;114;143;78;36;15;5;5;2;3
153;11050;St.Gallen Stadt Lerchental;18.04.2019;Donnerstag;2;3;0;0;2;2;6;72;166;139;117;112;111;86;142;103;121;77;44;26;10;1;3;3;2
154;11050;St.Gallen Stadt Lerchental;19.04.2019;Freitag;1;0;1;1;0;1;0;2;0;5;7;8;5;11;9;5;10;14;9;5;6;5;2;3;5
155;11050;St.Gallen Stadt Lerchental;19.04.2019;Freitag;2;1;0;1;1;1;0;2;4;6;9;13;7;7;12;8;5;7;5;1;3;4;0;1;3
156;11050;St.Gallen Stadt Lerchental;20.04.2019;Samstag;1;0;0;0;2;0;0;3;13;48;57;85;83;65;56;50;54;62;27;14;3;7;3;2;3
157;11050;St.Gallen Stadt Lerchental;20.04.2019;Samstag;2;0;0;2;0;0;3;4;32;62;78;82;84;57;50;55;54;62;12;3;4;1;4;2;1
158;11050;St.Gallen Stadt Lerchental;21.04.2019;Sonntag;1;2;0;0;0;0;0;4;1;2;6;6;4;5;9;5;15;7;10;8;6;3;2;1;4
159;11050;St.Gallen Stadt Lerchental;21.04.2019;Sonntag;2;0;1;0;0;0;0;2;2;4;7;7;6;5;6;4;11;6;3;6;2;2;1;1;3
160;11050;St.Gallen Stadt Lerchental;22.04.2019;Montag;1;1;0;0;0;0;0;2;2;9;3;6;6;6;15;5;6;5;12;8;6;3;2;2;0
161;11050;St.Gallen Stadt Lerchental;22.04.2019;Montag;2;1;0;0;0;0;0;4;6;6;7;4;4;6;10;6;5;8;3;7;2;3;3;0;0
162;11050;St.Gallen Stadt Lerchental;23.04.2019;Dienstag;1;0;1;1;0;0;3;17;50;77;78;112;116;81;80;81;85;119;114;87;33;8;6;1;0
163;11050;St.Gallen Stadt Lerchental;23.04.2019;Dienstag;2;0;1;1;0;0;10;74;211;139;94;122;92;93;125;92;105;99;68;49;12;1;0;0;0
164;11050;St.Gallen Stadt Lerchental;24.04.2019;Mittwoch;1;0;0;0;1;0;2;10;49;63;66;71;113;70;68;75;84;110;126;80;26;10;7;1;2
165;11050;St.Gallen Stadt Lerchental;24.04.2019;Mittwoch;2;0;0;1;0;1;8;75;166;104;92;87;87;87;120;97;97;96;67;36;13;6;5;3;1
166;11050;St.Gallen Stadt Lerchental;25.04.2019;Donnerstag;1;2;0;2;0;1;2;9;59;86;78;107;118;95;73;86;91;126;149;61;40;14;8;3;0
167;11050;St.Gallen Stadt Lerchental;25.04.2019;Donnerstag;2;2;0;2;0;0;6;76;175;138;105;113;87;80;130;113;92;99;66;37;25;13;1;4;0
168;11050;St.Gallen Stadt Lerchental;26.04.2019;Freitag;1;1;0;1;0;0;2;13;32;65;80;100;108;72;65;86;100;99;95;52;16;3;5;2;2
169;11050;St.Gallen Stadt Lerchental;26.04.2019;Freitag;2;0;0;1;0;1;3;85;147;119;97;94;84;57;119;100;91;91;62;27;7;5;1;2;0
170;11050;St.Gallen Stadt Lerchental;27.04.2019;Samstag;1;4;2;1;2;0;0;2;10;24;40;56;74;62;68;62;48;68;24;9;2;1;7;3;2
171;11050;St.Gallen Stadt Lerchental;27.04.2019;Samstag;2;1;1;1;0;0;0;12;24;36;49;65;76;53;76;62;55;43;6;3;0;2;8;1;1
172;11050;St.Gallen Stadt Lerchental;28.04.2019;Sonntag;1;2;0;0;2;0;0;0;2;5;8;4;3;9;6;5;14;4;12;6;6;4;3;4;0
173;11050;St.Gallen Stadt Lerchental;28.04.2019;Sonntag;2;2;0;2;0;1;0;0;2;4;5;6;9;7;6;5;4;4;6;7;10;6;3;1;3
174;11050;St.Gallen Stadt Lerchental;29.04.2019;Montag;1;0;0;0;3;1;0;12;42;71;74;91;103;77;56;82;96;117;132;83;22;11;2;0;4
175;11050;St.Gallen Stadt Lerchental;29.04.2019;Montag;2;1;0;1;3;5;5;77;162;110;90;108;73;68;116;89;94;103;78;45;12;12;4;1;5
176;11050;St.Gallen Stadt Lerchental;30.04.2019;Dienstag;1;1;1;3;2;1;3;14;40;64;68;75;116;63;56;82;86;121;123;54;23;10;13;3;2
177;11050;St.Gallen Stadt Lerchental;30.04.2019;Dienstag;2;1;2;3;2;7;7;69;193;106;109;87;81;65;109;109;119;82;60;37;10;11;9;3;3
178;11050;St.Gallen Stadt Lerchental;01.05.2019;Mittwoch;1;3;0;0;5;2;1;10;31;72;82;88;124;85;73;84;94;118;138;79;22;13;11;6;1
179;11050;St.Gallen Stadt Lerchental;01.05.2019;Mittwoch;2;6;3;3;6;1;7;77;167;106;108;93;87;80;138;98;115;96;86;62;5;7;6;2;6
180;11050;St.Gallen Stadt Lerchental;02.05.2019;Donnerstag;1;2;0;4;0;0;2;9;38;74;82;83;111;84;73;74;73;102;152;77;45;7;5;2;1
181;11050;St.Gallen Stadt Lerchental;02.05.2019;Donnerstag;2;0;2;2;3;6;2;100;158;142;106;95;86;73;119;87;98;77;66;41;21;7;2;3;3
182;11050;St.Gallen Stadt Lerchental;03.05.2019;Freitag;1;1;0;1;3;0;0;15;36;66;69;76;118;122;84;89;79;120;107;51;26;6;3;4;8
183;11050;St.Gallen Stadt Lerchental;03.05.2019;Freitag;2;0;2;2;4;7;5;83;152;102;99;87;94;68;144;113;109;82;67;40;4;6;2;4;6
184;11050;St.Gallen Stadt Lerchental;04.05.2019;Samstag;1;1;3;2;0;2;1;3;18;30;49;63;89;55;78;69;61;61;35;10;2;7;2;8;10
185;11050;St.Gallen Stadt Lerchental;04.05.2019;Samstag;2;0;1;0;0;1;3;15;44;46;68;79;71;69;70;65;70;55;5;5;2;5;4;3;1
186;11050;St.Gallen Stadt Lerchental;05.05.2019;Sonntag;1;3;0;0;0;0;1;1;2;3;1;5;5;7;8;7;8;3;10;2;5;1;5;3;0
187;11050;St.Gallen Stadt Lerchental;05.05.2019;Sonntag;2;1;0;2;0;0;2;0;1;2;4;5;6;7;6;7;3;5;4;1;1;4;3;1;0
188;11050;St.Gallen Stadt Lerchental;06.05.2019;Montag;1;0;1;1;0;2;3;14;46;56;76;86;120;80;56;92;70;119;120;80;22;4;4;0;0
189;11050;St.Gallen Stadt Lerchental;06.05.2019;Montag;2;1;1;2;0;1;7;88;146;134;122;83;87;100;122;102;82;104;79;40;6;4;0;3;0
190;11050;St.Gallen Stadt Lerchental;07.05.2019;Dienstag;1;0;0;2;0;0;4;10;45;66;65;77;116;79;68;82;78;241;112;89;34;6;3;1;1
191;11050;St.Gallen Stadt Lerchental;07.05.2019;Dienstag;2;0;0;1;0;1;12;88;186;105;86;94;81;88;134;79;93;95;62;41;10;3;3;3;0
192;11050;St.Gallen Stadt Lerchental;08.05.2019;Mittwoch;1;2;1;2;3;0;2;15;32;73;65;84;107;61;64;77;84;111;104;79;71;10;4;1;0
193;11050;St.Gallen Stadt Lerchental;08.05.2019;Mittwoch;2;4;1;1;4;2;5;79;188;124;89;93;81;62;120;105;99;74;66;40;6;5;3;1;0
194;11050;St.Gallen Stadt Lerchental;09.05.2019;Donnerstag;1;0;3;1;0;0;0;14;42;72;93;83;102;84;67;79;83;113;110;81;33;19;3;7;3
195;11050;St.Gallen Stadt Lerchental;09.05.2019;Donnerstag;2;0;4;3;0;1;6;99;182;128;102;105;85;87;127;93;96;84;99;42;29;16;2;1;0
196;11050;St.Gallen Stadt Lerchental;10.05.2019;Freitag;1;0;1;0;2;2;3;10;47;68;86;79;105;75;65;80;99;111;109;51;17;8;6;4;4
197;11050;St.Gallen Stadt Lerchental;10.05.2019;Freitag;2;1;2;1;2;1;10;68;182;130;86;91;80;84;112;112;105;83;67;29;6;3;3;2;0
198;11050;St.Gallen Stadt Lerchental;11.05.2019;Samstag;1;2;0;2;0;0;2;3;10;14;48;67;73;66;66;66;44;67;27;13;4;1;3;3;1
199;11050;St.Gallen Stadt Lerchental;11.05.2019;Samstag;2;2;0;3;0;0;5;14;37;31;51;70;81;48;73;60;59;41;11;10;2;2;4;3;0
200;11050;St.Gallen Stadt Lerchental;12.05.2019;Sonntag;1;5;2;0;0;0;1;4;2;1;4;5;8;10;8;19;5;7;7;6;5;14;3;1;0
201;11050;St.Gallen Stadt Lerchental;12.05.2019;Sonntag;2;1;1;0;0;1;2;3;3;4;4;4;10;7;5;11;7;10;2;1;7;3;2;1;0
202;11050;St.Gallen Stadt Lerchental;13.05.2019;Montag;1;0;1;3;3;0;1;17;40;69;66;80;95;72;54;88;94;117;125;71;29;10;8;1;0
203;11050;St.Gallen Stadt Lerchental;13.05.2019;Montag;2;0;2;2;3;0;5;91;189;117;102;83;74;73;118;116;100;84;72;32;17;4;4;0;1
204;11050;St.Gallen Stadt Lerchental;14.05.2019;Dienstag;1;0;1;2;0;0;3;10;46;67;74;72;99;79;68;74;76;95;111;61;21;17;7;5;2
205;11050;St.Gallen Stadt Lerchental;14.05.2019;Dienstag;2;0;3;4;0;1;8;87;207;125;84;83;76;76;138;85;84;77;59;43;11;6;11;1;1
206;11050;St.Gallen Stadt Lerchental;15.05.2019;Mittwoch;1;0;1;0;1;2;1;8;54;46;48;72;102;69;68;66;75;103;115;69;32;14;10;4;3
207;11050;St.Gallen Stadt Lerchental;15.05.2019;Mittwoch;2;0;1;3;3;3;3;78;199;106;80;82;76;67;127;90;85;84;61;42;18;6;5;2;1
208;11050;St.Gallen Stadt Lerchental;16.05.2019;Donnerstag;1;1;0;2;1;1;3;15;39;69;67;81;99;71;52;79;86;109;105;80;38;27;6;4;0
209;11050;St.Gallen Stadt Lerchental;16.05.2019;Donnerstag;2;1;0;3;4;2;3;76;185;102;85;90;80;68;110;97;103;66;57;57;28;15;2;6;0
210;11050;St.Gallen Stadt Lerchental;17.05.2019;Freitag;1;0;0;0;1;0;2;11;46;57;75;88;107;76;58;81;89;121;111;56;31;10;5;11;1
211;11050;St.Gallen Stadt Lerchental;17.05.2019;Freitag;2;0;0;1;0;1;7;63;161;118;80;81;68;56;129;94;116;82;68;35;3;5;4;7;3
212;11050;St.Gallen Stadt Lerchental;18.05.2019;Samstag;1;3;2;4;4;1;1;3;7;25;50;71;77;62;60;50;53;61;31;9;5;6;4;6;5
213;11050;St.Gallen Stadt Lerchental;18.05.2019;Samstag;2;0;0;2;3;2;1;8;25;46;55;77;62;39;54;53;57;57;12;8;5;6;2;6;0
214;11050;St.Gallen Stadt Lerchental;19.05.2019;Sonntag;1;0;0;0;1;2;0;5;3;5;5;10;10;9;8;5;9;5;5;9;9;10;0;2;2
215;11050;St.Gallen Stadt Lerchental;19.05.2019;Sonntag;2;0;1;0;3;0;1;4;0;2;5;3;10;5;4;9;6;7;3;3;14;4;1;1;1
216;11050;St.Gallen Stadt Lerchental;20.05.2019;Montag;1;1;2;2;0;1;2;9;41;64;76;76;110;81;70;88;88;101;112;79;30;13;1;1;1
217;11050;St.Gallen Stadt Lerchental;20.05.2019;Montag;2;1;7;1;0;6;6;80;176;129;109;106;88;72;131;124;82;86;53;42;26;5;3;1;1
218;11050;St.Gallen Stadt Lerchental;21.05.2019;Dienstag;1;0;4;1;3;3;2;17;43;59;62;87;95;60;67;78;99;119;132;79;19;15;4;1;1
219;11050;St.Gallen Stadt Lerchental;21.05.2019;Dienstag;2;2;2;0;3;3;7;78;184;118;85;106;70;71;119;99;109;94;66;29;17;3;3;2;3
220;11050;St.Gallen Stadt Lerchental;22.05.2019;Mittwoch;1;0;2;0;2;0;0;8;45;63;68;84;105;72;48;88;74;99;122;65;23;15;6;2;8
221;11050;St.Gallen Stadt Lerchental;22.05.2019;Mittwoch;2;0;3;0;5;2;6;75;177;120;96;102;75;69;127;95;103;86;69;37;9;6;4;3;5
222;11050;St.Gallen Stadt Lerchental;23.05.2019;Donnerstag;1;0;0;4;1;1;2;13;54;78;79;100;106;114;69;80;113;97;132;69;32;19;8;2;3
223;11050;St.Gallen Stadt Lerchental;23.05.2019;Donnerstag;2;0;1;2;8;1;6;72;165;145;119;101;72;80;132;98;102;94;85;38;29;12;5;5;3
224;11050;St.Gallen Stadt Lerchental;24.05.2019;Freitag;1;0;0;4;2;1;0;7;46;84;59;91;106;71;67;96;87;96;101;64;15;7;1;4;2
225;11050;St.Gallen Stadt Lerchental;24.05.2019;Freitag;2;0;1;2;1;1;1;82;151;126;92;126;97;82;115;89;94;86;50;42;10;5;3;1;2
226;11050;St.Gallen Stadt Lerchental;25.05.2019;Samstag;1;1;4;1;2;1;2;3;19;31;58;59;72;68;62;59;70;53;24;6;5;5;2;3;4
227;11050;St.Gallen Stadt Lerchental;25.05.2019;Samstag;2;1;9;0;0;1;3;11;54;44;69;75;74;72;57;61;65;46;5;3;2;1;1;3;2
228;11050;St.Gallen Stadt Lerchental;26.05.2019;Sonntag;1;1;0;0;0;0;0;2;3;2;4;11;10;11;13;18;10;5;23;9;9;9;4;4;2
229;11050;St.Gallen Stadt Lerchental;26.05.2019;Sonntag;2;1;0;1;0;0;2;0;6;6;6;5;14;8;9;13;4;6;5;8;9;9;7;2;2
230;11050;St.Gallen Stadt Lerchental;27.05.2019;Montag;1;2;1;0;0;3;4;12;44;51;83;91;97;85;65;80;85;119;133;87;28;12;3;2;6
231;11050;St.Gallen Stadt Lerchental;27.05.2019;Montag;2;3;2;0;8;2;8;74;190;112;94;101;89;92;139;98;99;98;70;40;16;14;6;4;10
232;11050;St.Gallen Stadt Lerchental;28.05.2019;Dienstag;1;1;0;1;3;3;2;10;49;65;66;83;119;83;69;83;85;103;121;65;30;23;2;3;4
233;11050;St.Gallen Stadt Lerchental;28.05.2019;Dienstag;2;0;2;1;6;4;5;81;176;109;102;93;84;66;136;100;95;67;62;49;12;13;6;2;0
234;11050;St.Gallen Stadt Lerchental;29.05.2019;Mittwoch;1;0;1;0;1;1;3;21;42;73;74;106;119;77;75;89;111;119;104;52;21;14;8;1;2
235;11050;St.Gallen Stadt Lerchental;29.05.2019;Mittwoch;2;3;1;5;1;3;12;68;150;114;113;119;71;77;125;114;112;85;57;40;9;3;6;1;2
236;11050;St.Gallen Stadt Lerchental;30.05.2019;Donnerstag;1;0;2;2;1;1;1;2;2;2;5;9;6;10;5;9;12;8;7;8;5;1;6;0;0
237;11050;St.Gallen Stadt Lerchental;30.05.2019;Donnerstag;2;1;1;1;1;0;2;2;3;7;7;6;3;10;6;7;9;4;4;4;0;2;0;3;1
238;11050;St.Gallen Stadt Lerchental;31.05.2019;Freitag;1;0;3;1;0;0;3;9;11;35;53;79;80;71;46;71;84;84;57;58;17;6;25;2;0
239;11050;St.Gallen Stadt Lerchental;31.05.2019;Freitag;2;1;2;1;0;0;7;24;59;53;73;89;73;55;64;83;82;63;52;37;3;4;2;1;1
240;11050;St.Gallen Stadt Lerchental;01.06.2019;Samstag;1;1;3;0;0;0;1;2;13;24;40;48;51;55;41;53;43;43;19;6;2;4;0;6;2
241;11050;St.Gallen Stadt Lerchental;01.06.2019;Samstag;2;3;2;0;0;1;2;1;22;31;38;52;66;50;46;40;47;33;8;3;1;3;1;5;3
242;11050;St.Gallen Stadt Lerchental;02.06.2019;Sonntag;1;3;1;0;0;0;0;0;0;0;5;6;6;2;7;17;5;6;10;6;3;7;3;3;0
243;11050;St.Gallen Stadt Lerchental;02.06.2019;Sonntag;2;2;1;0;0;1;2;1;3;3;6;9;9;7;4;6;6;3;1;4;2;6;1;1;0
244;11050;St.Gallen Stadt Lerchental;03.06.2019;Montag;1;0;0;0;0;0;5;10;39;69;81;88;114;94;57;93;98;117;126;68;16;7;12;2;1
245;11050;St.Gallen Stadt Lerchental;03.06.2019;Montag;2;1;0;0;1;2;7;70;162;119;101;102;87;70;112;107;106;93;71;45;8;8;6;3;1
246;11050;St.Gallen Stadt Lerchental;04.06.2019;Dienstag;1;0;0;1;0;0;3;10;55;68;86;83;112;98;62;84;85;94;117;67;24;7;15;4;0
247;11050;St.Gallen Stadt Lerchental;04.06.2019;Dienstag;2;0;0;1;0;0;8;63;171;121;99;107;72;56;142;96;93;84;69;40;6;2;1;2;0
248;11050;St.Gallen Stadt Lerchental;05.06.2019;Mittwoch;1;0;1;1;1;1;4;12;37;72;61;84;88;84;58;81;80;97;119;85;25;8;10;3;0
249;11050;St.Gallen Stadt Lerchental;05.06.2019;Mittwoch;2;0;0;1;0;2;8;79;156;102;89;88;87;66;99;109;92;89;68;55;16;5;4;1;2
250;11050;St.Gallen Stadt Lerchental;06.06.2019;Donnerstag;1;2;0;0;1;0;2;19;46;75;99;72;107;99;82;94;84;103;123;79;41;40;29;8;3
251;11050;St.Gallen Stadt Lerchental;06.06.2019;Donnerstag;2;0;0;2;0;1;13;78;169;138;115;115;83;78;114;90;98;76;80;84;27;8;7;4;1
252;11050;St.Gallen Stadt Lerchental;07.06.2019;Freitag;1;1;0;1;0;0;5;11;43;56;80;92;104;71;59;69;99;110;103;58;24;8;6;2;3
253;11050;St.Gallen Stadt Lerchental;07.06.2019;Freitag;2;0;0;1;0;2;10;69;146;97;76;90;83;57;97;94;84;82;49;28;11;3;4;2;0
254;11050;St.Gallen Stadt Lerchental;08.06.2019;Samstag;1;2;1;4;0;0;2;1;9;25;50;64;92;71;51;55;64;64;51;18;19;4;8;5;3
255;11050;St.Gallen Stadt Lerchental;08.06.2019;Samstag;2;4;1;2;1;0;3;4;26;38;58;65;98;65;44;57;89;73;17;7;2;2;1;3;1
256;11050;St.Gallen Stadt Lerchental;09.06.2019;Sonntag;1;2;1;3;2;0;0;1;5;1;8;4;4;13;8;9;11;8;13;6;4;2;3;2;1
257;11050;St.Gallen Stadt Lerchental;09.06.2019;Sonntag;2;1;0;2;2;1;1;1;4;5;4;3;9;10;5;11;7;5;0;6;3;3;1;2;2
258;11050;St.Gallen Stadt Lerchental;10.06.2019;Montag;1;1;1;1;0;0;0;0;3;3;5;3;5;9;9;7;24;16;12;5;5;5;1;3;0
259;11050;St.Gallen Stadt Lerchental;10.06.2019;Montag;2;0;0;0;0;0;0;0;7;4;6;5;11;7;8;12;14;10;8;4;2;2;4;2;0
260;11050;St.Gallen Stadt Lerchental;11.06.2019;Dienstag;1;0;0;0;0;0;3;13;49;72;83;93;120;85;81;95;85;108;131;72;26;9;1;3;1
261;11050;St.Gallen Stadt Lerchental;11.06.2019;Dienstag;2;0;1;0;0;1;18;82;212;129;113;93;101;74;135;98;75;103;73;39;5;8;2;1;1
262;11050;St.Gallen Stadt Lerchental;12.06.2019;Mittwoch;1;1;0;0;0;0;0;11;46;64;69;83;107;69;71;84;72;115;120;71;25;7;8;5;1
263;11050;St.Gallen Stadt Lerchental;12.06.2019;Mittwoch;2;1;3;0;0;3;7;89;201;122;90;90;64;71;119;89;97;85;68;32;9;2;7;2;1
264;11050;St.Gallen Stadt Lerchental;13.06.2019;Donnerstag;1;0;2;0;0;0;0;12;61;65;73;74;110;86;68;92;84;97;115;68;50;21;2;1;0
265;11050;St.Gallen Stadt Lerchental;13.06.2019;Donnerstag;2;0;1;0;0;2;9;79;152;107;111;98;94;82;122;109;86;74;62;46;28;12;3;1;1
266;11050;St.Gallen Stadt Lerchental;14.06.2019;Freitag;1;1;1;0;0;1;5;16;50;70;76;79;80;72;64;75;97;116;107;73;18;8;5;6;3
267;11050;St.Gallen Stadt Lerchental;14.06.2019;Freitag;2;1;1;0;0;1;13;85;142;110;82;81;82;69;95;91;99;84;70;42;8;10;2;1;1
268;11050;St.Gallen Stadt Lerchental;15.06.2019;Samstag;1;2;1;3;5;2;0;6;14;29;37;56;65;70;50;67;61;60;30;14;5;5;2;7;2
269;11050;St.Gallen Stadt Lerchental;15.06.2019;Samstag;2;3;1;1;5;2;0;10;28;40;45;75;75;69;58;70;54;42;11;7;5;4;1;5;3
270;11050;St.Gallen Stadt Lerchental;16.06.2019;Sonntag;1;2;0;2;1;0;0;3;2;3;2;7;5;13;6;7;13;12;14;5;8;3;6;5;3
271;11050;St.Gallen Stadt Lerchental;16.06.2019;Sonntag;2;1;0;3;0;0;0;1;2;7;8;8;11;6;10;13;6;4;9;2;6;4;0;2;3
272;11050;St.Gallen Stadt Lerchental;17.06.2019;Montag;1;1;0;1;1;0;2;14;99;99;123;107;144;149;112;108;140;161;259;113;30;24;10;4;1
273;11050;St.Gallen Stadt Lerchental;17.06.2019;Montag;2;1;0;1;0;0;10;87;201;156;110;104;106;88;178;107;118;97;99;47;9;9;3;3;1
274;11050;St.Gallen Stadt Lerchental;18.06.2019;Dienstag;1;1;1;4;1;1;6;32;68;69;70;90;109;92;68;80;96;117;145;84;24;10;4;2;1
275;11050;St.Gallen Stadt Lerchental;18.06.2019;Dienstag;2;1;1;2;0;3;19;93;175;102;98;104;85;73;130;104;92;108;61;32;9;6;2;4;0
276;11050;St.Gallen Stadt Lerchental;19.06.2019;Mittwoch;1;0;0;0;1;3;2;12;52;68;76;83;100;75;61;81;63;94;126;51;29;8;5;4;1
277;11050;St.Gallen Stadt Lerchental;19.06.2019;Mittwoch;2;0;1;1;1;2;7;85;176;131;106;81;81;70;103;93;80;64;60;39;9;6;3;4;0
278;11050;St.Gallen Stadt Lerchental;20.06.2019;Donnerstag;1;0;0;1;2;0;5;14;54;87;89;86;130;82;82;81;99;133;131;81;38;9;4;2;0
279;11050;St.Gallen Stadt Lerchental;20.06.2019;Donnerstag;2;0;0;1;1;1;9;78;165;127;99;112;105;70;134;118;112;99;56;51;29;7;1;1;0
280;11050;St.Gallen Stadt Lerchental;21.06.2019;Freitag;1;0;0;0;1;2;2;10;46;75;66;91;123;80;72;73;87;88;96;50;14;6;4;4;1
281;11050;St.Gallen Stadt Lerchental;21.06.2019;Freitag;2;0;0;1;0;1;6;70;177;104;107;94;93;79;105;120;83;64;50;38;5;5;4;1;1
282;11050;St.Gallen Stadt Lerchental;22.06.2019;Samstag;1;0;0;0;0;1;2;4;12;27;38;62;71;59;70;70;57;58;32;4;3;8;3;4;2
283;11050;St.Gallen Stadt Lerchental;22.06.2019;Samstag;2;0;0;0;1;1;3;5;33;34;46;71;49;67;62;75;43;63;13;5;2;8;2;2;0
284;11050;St.Gallen Stadt Lerchental;23.06.2019;Sonntag;1;0;2;0;1;0;0;3;2;5;3;6;10;8;22;13;13;15;14;7;9;8;1;5;1
285;11050;St.Gallen Stadt Lerchental;23.06.2019;Sonntag;2;1;1;0;1;0;0;1;5;9;8;10;16;8;9;14;9;9;6;2;4;4;3;3;0
286;11050;St.Gallen Stadt Lerchental;24.06.2019;Montag;1;1;1;0;0;0;2;9;44;75;101;72;115;86;69;72;89;129;126;84;22;5;2;0;1
287;11050;St.Gallen Stadt Lerchental;24.06.2019;Montag;2;1;0;0;1;1;10;71;157;128;111;102;75;72;131;91;100;92;72;46;9;3;0;1;1
288;11050;St.Gallen Stadt Lerchental;25.06.2019;Dienstag;1;0;0;1;0;0;0;16;38;77;75;69;97;74;64;71;76;112;119;65;27;6;4;5;2
289;11050;St.Gallen Stadt Lerchental;25.06.2019;Dienstag;2;0;1;1;0;0;11;82;183;115;81;86;80;74;127;88;99;92;65;43;6;7;4;5;2
290;11050;St.Gallen Stadt Lerchental;26.06.2019;Mittwoch;1;3;1;0;1;2;2;14;49;51;63;79;97;76;61;65;68;96;111;69;25;11;5;5;1
291;11050;St.Gallen Stadt Lerchental;26.06.2019;Mittwoch;2;4;0;2;0;4;9;70;170;106;73;90;75;55;132;90;75;66;55;30;15;7;5;2;0
292;11050;St.Gallen Stadt Lerchental;27.06.2019;Donnerstag;1;1;0;1;1;0;4;14;37;60;78;77;107;72;62;85;81;108;139;59;35;12;6;1;2
293;11050;St.Gallen Stadt Lerchental;27.06.2019;Donnerstag;2;1;0;2;1;4;16;68;141;111;98;88;88;62;131;95;98;75;72;32;28;7;5;0;0
294;11050;St.Gallen Stadt Lerchental;28.06.2019;Freitag;1;0;0;0;2;2;4;15;45;52;66;85;105;67;67;86;85;93;92;51;22;12;16;9;15
295;11050;St.Gallen Stadt Lerchental;28.06.2019;Freitag;2;1;1;0;1;5;12;68;136;113;98;96;91;52;125;90;93;95;46;34;9;7;6;2;4
296;11050;St.Gallen Stadt Lerchental;29.06.2019;Samstag;1;9;2;0;3;0;1;4;12;45;60;77;86;60;59;54;55;40;25;8;8;7;10;8;7
297;11050;St.Gallen Stadt Lerchental;29.06.2019;Samstag;2;2;0;1;2;0;3;9;47;42;65;68;74;54;51;54;59;39;13;4;2;4;6;2;3
298;11050;St.Gallen Stadt Lerchental;30.06.2019;Sonntag;1;1;0;0;0;1;0;0;4;3;6;8;5;9;9;11;5;8;8;6;13;10;5;6;2
299;11050;St.Gallen Stadt Lerchental;30.06.2019;Sonntag;2;1;0;0;0;0;0;0;3;4;8;6;6;6;8;6;9;5;3;6;4;10;3;5;1
300;11050;St.Gallen Stadt Lerchental;01.07.2019;Montag;1;0;2;0;1;2;1;15;47;80;68;96;110;73;63;76;69;114;145;85;25;10;8;1;4
301;11050;St.Gallen Stadt Lerchental;01.07.2019;Montag;2;3;3;1;2;1;10;64;175;111;98;101;69;75;138;82;80;90;72;46;10;12;3;1;2
302;11050;St.Gallen Stadt Lerchental;02.07.2019;Dienstag;1;1;0;1;4;2;2;15;41;78;74;91;103;75;70;66;79;107;121;71;33;4;10;7;4
303;11050;St.Gallen Stadt Lerchental;02.07.2019;Dienstag;2;2;0;0;6;2;7;80;183;109;121;101;78;75;128;83;84;86;69;33;6;7;6;3;1
304;11050;St.Gallen Stadt Lerchental;03.07.2019;Mittwoch;1;3;1;2;1;3;1;15;41;54;60;80;98;79;60;104;80;87;126;75;21;8;9;7;1
305;11050;St.Gallen Stadt Lerchental;03.07.2019;Mittwoch;2;0;1;0;1;5;5;65;166;103;94;104;79;64;125;93;77;65;73;36;10;5;7;4;0
306;11050;St.Gallen Stadt Lerchental;04.07.2019;Donnerstag;1;0;0;1;4;3;1;8;39;66;83;77;100;78;55;65;81;102;131;65;40;14;5;4;1
307;11050;St.Gallen Stadt Lerchental;04.07.2019;Donnerstag;2;0;1;0;5;3;10;70;194;123;88;93;83;78;100;73;87;75;51;43;26;5;3;4;2
308;11050;St.Gallen Stadt Lerchental;05.07.2019;Freitag;1;0;0;0;4;0;1;14;51;60;61;85;109;72;50;72;82;101;98;47;15;5;6;3;1
309;11050;St.Gallen Stadt Lerchental;05.07.2019;Freitag;2;1;0;0;1;4;7;66;177;91;100;95;85;72;103;86;100;68;54;30;8;5;2;0;2
310;11050;St.Gallen Stadt Lerchental;06.07.2019;Samstag;1;2;1;1;0;0;0;2;11;39;35;61;71;74;44;46;55;132;31;8;6;3;5;4;1
311;11050;St.Gallen Stadt Lerchental;06.07.2019;Samstag;2;2;2;0;2;0;3;10;43;37;59;73;66;59;46;59;59;42;6;7;4;1;3;1;2
312;11050;St.Gallen Stadt Lerchental;07.07.2019;Sonntag;1;0;0;1;0;1;1;0;4;1;2;5;4;10;8;10;9;12;12;4;9;4;4;3;2
313;11050;St.Gallen Stadt Lerchental;07.07.2019;Sonntag;2;0;1;1;1;0;1;0;3;1;4;7;9;8;10;6;10;12;4;4;2;3;3;2;1
314;11050;St.Gallen Stadt Lerchental;08.07.2019;Montag;1;0;1;0;0;0;1;12;71;55;83;84;101;80;66;69;96;107;139;73;33;8;10;4;2
315;11050;St.Gallen Stadt Lerchental;08.07.2019;Montag;2;1;0;0;2;2;7;67;145;103;82;90;63;84;110;100;103;95;60;35;12;4;8;0;2
316;11050;St.Gallen Stadt Lerchental;09.07.2019;Dienstag;1;1;1;3;1;0;3;16;46;64;69;64;112;70;57;70;76;105;132;80;38;8;4;2;1
317;11050;St.Gallen Stadt Lerchental;09.07.2019;Dienstag;2;1;1;2;1;2;5;73;153;116;92;84;78;59;130;85;80;76;92;55;11;1;3;5;1
318;11050;St.Gallen Stadt Lerchental;10.07.2019;Mittwoch;1;0;0;0;2;1;4;8;45;41;56;70;87;71;58;56;71;88;103;68;27;7;4;0;3
319;11050;St.Gallen Stadt Lerchental;10.07.2019;Mittwoch;2;2;0;0;1;1;9;59;163;96;74;79;77;61;117;78;80;76;58;35;14;4;5;2;3
320;11050;St.Gallen Stadt Lerchental;11.07.2019;Donnerstag;1;0;0;1;0;0;0;13;44;51;80;82;91;74;76;80;78;77;104;56;41;12;6;7;0
321;11050;St.Gallen Stadt Lerchental;11.07.2019;Donnerstag;2;0;0;1;0;1;9;57;148;101;88;95;92;58;112;107;80;77;60;35;31;5;5;4;0
322;11050;St.Gallen Stadt Lerchental;12.07.2019;Freitag;1;0;0;0;1;1;1;12;49;46;60;80;86;65;69;85;171;97;100;54;19;4;8;5;3
323;11050;St.Gallen Stadt Lerchental;12.07.2019;Freitag;2;1;0;1;1;1;8;57;140;96;69;77;84;65;106;102;93;82;56;26;8;4;6;4;3
324;11050;St.Gallen Stadt Lerchental;13.07.2019;Samstag;1;2;1;1;4;0;2;2;9;22;33;65;61;54;52;55;45;56;12;11;5;2;1;3;1
325;11050;St.Gallen Stadt Lerchental;13.07.2019;Samstag;2;1;0;2;2;1;2;5;23;28;45;68;59;58;41;46;37;29;6;4;2;1;0;3;2
326;11050;St.Gallen Stadt Lerchental;14.07.2019;Sonntag;1;2;0;0;1;1;1;1;1;5;6;5;7;6;10;6;8;7;3;12;7;0;6;2;1
327;11050;St.Gallen Stadt Lerchental;14.07.2019;Sonntag;2;3;0;0;0;2;1;2;2;3;5;6;6;5;4;3;7;5;4;4;5;1;2;2;1
328;11050;St.Gallen Stadt Lerchental;15.07.2019;Montag;1;0;0;0;1;0;0;9;36;57;64;72;95;91;59;71;71;100;106;57;32;3;5;1;2
329;11050;St.Gallen Stadt Lerchental;15.07.2019;Montag;2;0;0;0;1;2;4;55;134;99;72;91;82;72;120;114;85;83;56;23;5;4;7;2;2
330;11050;St.Gallen Stadt Lerchental;16.07.2019;Dienstag;1;0;0;0;3;2;2;8;45;57;51;55;92;78;75;62;75;89;103;56;19;8;12;3;0
331;11050;St.Gallen Stadt Lerchental;16.07.2019;Dienstag;2;0;0;2;0;3;2;56;143;95;77;71;68;67;122;86;73;69;64;29;7;7;8;2;0
332;11050;St.Gallen Stadt Lerchental;17.07.2019;Mittwoch;1;0;1;1;2;0;0;7;43;42;52;71;80;75;45;64;61;95;108;56;15;9;3;2;1
333;11050;St.Gallen Stadt Lerchental;17.07.2019;Mittwoch;2;0;0;1;0;1;3;57;141;87;74;86;62;58;90;103;68;67;62;25;6;6;2;2;1
334;11050;St.Gallen Stadt Lerchental;18.07.2019;Donnerstag;1;0;0;1;1;0;2;10;35;63;71;89;96;73;46;85;74;92;126;66;31;16;2;2;0
335;11050;St.Gallen Stadt Lerchental;18.07.2019;Donnerstag;2;1;0;3;1;0;5;57;126;97;114;101;81;53;112;77;94;73;94;30;22;4;2;2;0
336;11050;St.Gallen Stadt Lerchental;19.07.2019;Freitag;1;0;0;3;1;0;1;11;28;46;59;70;77;71;65;56;61;123;79;49;15;7;4;5;3
337;11050;St.Gallen Stadt Lerchental;19.07.2019;Freitag;2;0;0;0;1;0;3;64;120;103;66;90;76;61;84;64;74;66;54;26;8;2;1;3;1
338;11050;St.Gallen Stadt Lerchental;20.07.2019;Samstag;1;1;0;0;2;0;0;4;8;30;40;55;49;46;51;43;40;49;19;7;3;4;3;1;2
339;11050;St.Gallen Stadt Lerchental;20.07.2019;Samstag;2;2;0;0;2;0;2;6;28;43;47;66;50;48;64;41;45;37;6;6;4;0;5;1;2
340;11050;St.Gallen Stadt Lerchental;21.07.2019;Sonntag;1;0;1;0;0;1;0;3;5;2;1;2;4;3;6;11;10;11;8;8;5;5;3;2;1
341;11050;St.Gallen Stadt Lerchental;21.07.2019;Sonntag;2;0;1;0;0;1;0;2;5;1;1;1;6;12;5;3;5;8;8;4;2;8;0;1;1
342;11050;St.Gallen Stadt Lerchental;22.07.2019;Montag;1;1;1;1;0;0;2;11;38;52;83;63;92;55;48;57;62;86;91;58;14;10;2;3;1
343;11050;St.Gallen Stadt Lerchental;22.07.2019;Montag;2;1;1;0;0;1;7;45;128;88;89;73;67;65;86;74;72;79;54;29;7;4;1;2;2
344;11050;St.Gallen Stadt Lerchental;23.07.2019;Dienstag;1;1;1;3;0;1;0;9;28;50;48;71;76;53;51;62;52;79;97;46;14;6;4;1;4
345;11050;St.Gallen Stadt Lerchental;23.07.2019;Dienstag;2;1;1;1;0;2;7;50;107;92;66;71;49;54;94;59;70;48;47;33;10;4;0;0;1
346;11050;St.Gallen Stadt Lerchental;24.07.2019;Mittwoch;1;0;1;1;0;1;0;16;22;36;76;70;73;40;40;55;45;75;67;39;20;2;2;2;1
347;11050;St.Gallen Stadt Lerchental;24.07.2019;Mittwoch;2;0;1;1;0;3;4;51;97;72;83;66;66;52;78;67;51;60;47;32;5;3;2;0;0
348;11050;St.Gallen Stadt Lerchental;25.07.2019;Donnerstag;1;0;4;1;0;1;0;9;38;58;70;57;75;63;44;62;61;82;95;51;31;12;4;0;0
349;11050;St.Gallen Stadt Lerchental;25.07.2019;Donnerstag;2;2;2;1;1;0;5;49;115;78;79;79;68;60;83;83;65;79;45;24;19;13;2;0;0
350;11050;St.Gallen Stadt Lerchental;26.07.2019;Freitag;1;0;3;2;1;1;2;16;26;42;44;60;97;53;51;67;56;79;72;44;15;6;5;3;6
351;11050;St.Gallen Stadt Lerchental;26.07.2019;Freitag;2;0;2;1;1;2;9;51;99;59;64;76;68;49;76;89;62;53;69;27;10;4;1;2;2
352;11050;St.Gallen Stadt Lerchental;27.07.2019;Samstag;1;1;3;0;1;0;1;1;11;18;33;39;46;48;49;30;45;38;22;8;6;0;2;2;0
353;11050;St.Gallen Stadt Lerchental;27.07.2019;Samstag;2;0;2;0;1;1;4;2;26;18;35;49;57;51;44;45;48;36;5;2;3;0;3;1;1
354;11050;St.Gallen Stadt Lerchental;28.07.2019;Sonntag;1;0;0;0;0;0;0;3;3;2;6;3;2;7;8;5;10;12;5;2;5;1;3;3;0
355;11050;St.Gallen Stadt Lerchental;28.07.2019;Sonntag;2;0;0;1;0;1;0;3;5;2;5;3;9;7;6;4;8;5;3;2;1;5;2;0;1
356;11050;St.Gallen Stadt Lerchental;29.07.2019;Montag;1;0;0;1;3;1;0;11;28;45;56;60;93;76;46;69;51;89;100;44;11;5;1;1;4
357;11050;St.Gallen Stadt Lerchental;29.07.2019;Montag;2;0;0;1;0;0;9;50;116;73;78;75;82;51;94;70;68;87;55;28;5;1;2;1;1
358;11050;St.Gallen Stadt Lerchental;30.07.2019;Dienstag;1;1;0;2;2;0;3;6;26;55;66;63;79;57;55;62;63;87;83;45;11;4;3;4;2
359;11050;St.Gallen Stadt Lerchental;30.07.2019;Dienstag;2;0;0;1;3;0;8;45;100;90;77;83;81;48;81;81;77;70;60;26;9;2;0;3;1
360;11050;St.Gallen Stadt Lerchental;31.07.2019;Mittwoch;1;1;0;0;3;0;2;9;39;57;58;71;89;69;64;83;86;99;72;57;17;1;5;2;2
361;11050;St.Gallen Stadt Lerchental;31.07.2019;Mittwoch;2;1;0;1;2;2;11;48;120;82;73;79;80;83;101;100;84;59;63;31;3;3;2;0;3
362;11050;St.Gallen Stadt Lerchental;01.08.2019;Donnerstag;1;1;0;0;1;2;7;2;3;3;10;4;9;7;7;8;14;9;13;5;3;3;1;6;1
363;11050;St.Gallen Stadt Lerchental;01.08.2019;Donnerstag;2;2;0;0;1;3;3;5;10;3;14;5;16;10;10;6;10;5;6;5;5;0;0;1;1
364;11050;St.Gallen Stadt Lerchental;02.08.2019;Freitag;1;2;0;0;4;0;1;3;12;30;36;57;57;52;48;49;68;71;52;47;13;4;7;2;3
365;11050;St.Gallen Stadt Lerchental;02.08.2019;Freitag;2;0;1;1;2;2;3;17;54;40;58;68;48;46;59;83;50;61;42;29;5;1;2;1;3
366;11050;St.Gallen Stadt Lerchental;03.08.2019;Samstag;1;0;1;1;0;0;1;0;7;23;32;43;48;29;39;45;48;33;21;7;8;4;3;1;5
367;11050;St.Gallen Stadt Lerchental;03.08.2019;Samstag;2;0;1;0;1;0;2;2;24;28;44;54;36;36;37;47;32;41;11;7;4;3;2;2;2
368;11050;St.Gallen Stadt Lerchental;04.08.2019;Sonntag;1;1;1;0;0;1;1;2;1;2;4;6;4;6;7;15;9;12;9;5;8;2;3;1;1
369;11050;St.Gallen Stadt Lerchental;04.08.2019;Sonntag;2;1;1;0;0;2;1;2;2;4;7;6;12;9;10;9;6;4;3;2;5;1;1;0;2
370;11050;St.Gallen Stadt Lerchental;05.08.2019;Montag;1;0;0;0;0;0;0;7;36;55;58;74;77;70;46;67;70;99;97;57;16;4;4;2;0
371;11050;St.Gallen Stadt Lerchental;05.08.2019;Montag;2;0;2;0;0;1;7;56;171;63;87;79;65;52;104;68;76;74;52;35;6;4;1;0;0
372;11050;St.Gallen Stadt Lerchental;06.08.2019;Dienstag;1;0;0;0;0;0;1;9;32;52;65;60;87;66;52;77;65;95;108;58;25;7;1;2;0
373;11050;St.Gallen Stadt Lerchental;06.08.2019;Dienstag;2;0;1;1;0;2;8;61;135;76;69;71;72;51;113;86;90;66;50;33;6;7;3;0;0
374;11050;St.Gallen Stadt Lerchental;07.08.2019;Mittwoch;1;1;0;1;0;1;1;13;34;40;48;57;100;71;47;66;74;96;109;63;20;7;1;1;0
375;11050;St.Gallen Stadt Lerchental;07.08.2019;Mittwoch;2;0;1;1;0;2;9;61;143;72;68;70;89;60;104;86;94;93;45;37;10;0;1;1;0
376;11050;St.Gallen Stadt Lerchental;08.08.2019;Donnerstag;1;0;0;1;0;0;2;14;37;55;68;74;95;72;62;62;77;74;100;89;36;13;4;0;0
377;11050;St.Gallen Stadt Lerchental;08.08.2019;Donnerstag;2;0;1;1;0;0;10;60;142;101;78;88;85;52;99;66;83;78;51;50;26;3;1;0;1
378;11050;St.Gallen Stadt Lerchental;09.08.2019;Freitag;1;0;1;0;0;0;3;8;39;49;47;68;89;59;78;66;86;101;86;49;13;7;7;3;3
379;11050;St.Gallen Stadt Lerchental;09.08.2019;Freitag;2;0;2;0;0;2;11;57;145;75;76;89;66;72;97;85;95;68;48;32;6;4;5;2;3
380;11050;St.Gallen Stadt Lerchental;10.08.2019;Samstag;1;1;0;3;1;0;2;0;3;15;26;70;71;61;54;52;79;74;32;11;13;5;0;3;0
381;11050;St.Gallen Stadt Lerchental;10.08.2019;Samstag;2;1;0;4;2;0;4;1;17;23;38;69;86;57;55;64;85;45;19;3;1;2;2;2;0
382;11050;St.Gallen Stadt Lerchental;11.08.2019;Sonntag;1;3;1;2;0;4;0;1;3;4;1;9;9;9;7;14;8;11;10;17;10;3;8;2;0
383;11050;St.Gallen Stadt Lerchental;11.08.2019;Sonntag;2;2;1;1;1;3;0;1;4;3;5;9;10;10;6;8;7;9;4;4;4;4;4;4;0
384;11050;St.Gallen Stadt Lerchental;12.08.2019;Montag;1;0;0;0;1;0;4;12;33;54;62;77;99;73;60;83;84;90;123;70;12;10;6;1;0
385;11050;St.Gallen Stadt Lerchental;12.08.2019;Montag;2;0;0;1;0;0;7;62;164;105;94;92;62;64;116;103;106;86;65;61;7;5;1;1;0
386;11050;St.Gallen Stadt Lerchental;13.08.2019;Dienstag;1;0;0;2;0;2;1;9;47;44;60;70;83;68;52;87;70;97;111;68;22;6;4;2;3
387;11050;St.Gallen Stadt Lerchental;13.08.2019;Dienstag;2;0;0;2;0;2;9;68;175;95;83;77;71;58;125;90;81;65;58;37;7;5;5;4;1
388;11050;St.Gallen Stadt Lerchental;14.08.2019;Mittwoch;1;0;0;2;1;1;1;10;44;59;52;69;99;77;56;58;77;87;111;71;23;7;4;7;0
389;11050;St.Gallen Stadt Lerchental;14.08.2019;Mittwoch;2;1;2;0;0;2;4;64;169;113;64;102;93;52;99;84;60;77;59;46;4;3;3;5;0
390;11050;St.Gallen Stadt Lerchental;15.08.2019;Donnerstag;1;1;0;1;1;1;4;11;43;61;86;81;95;81;56;69;69;97;161;64;42;14;4;4;1
391;11050;St.Gallen Stadt Lerchental;15.08.2019;Donnerstag;2;1;0;1;0;1;10;74;179;99;109;79;83;73;113;93;91;78;53;46;26;2;6;5;0
392;11050;St.Gallen Stadt Lerchental;16.08.2019;Freitag;1;0;0;2;2;0;3;10;32;63;70;88;89;59;50;77;77;95;80;47;24;8;3;2;2
393;11050;St.Gallen Stadt Lerchental;16.08.2019;Freitag;2;0;0;1;0;1;9;72;160;90;109;78;81;56;107;79;77;67;59;28;13;7;3;3;2
394;11050;St.Gallen Stadt Lerchental;17.08.2019;Samstag;1;7;0;4;0;0;1;4;14;20;35;48;80;47;39;49;51;36;19;10;5;6;5;4;0
395;11050;St.Gallen Stadt Lerchental;17.08.2019;Samstag;2;2;3;2;0;0;2;8;27;36;39;76;62;44;43;41;49;34;4;3;3;2;2;4;0
396;11050;St.Gallen Stadt Lerchental;18.08.2019;Sonntag;1;0;1;1;1;2;0;1;2;2;7;4;11;10;5;7;7;6;8;11;5;9;2;0;1
397;11050;St.Gallen Stadt Lerchental;18.08.2019;Sonntag;2;0;1;2;1;0;0;1;3;5;8;7;9;6;6;4;8;9;4;8;5;8;2;2;0
398;11050;St.Gallen Stadt Lerchental;19.08.2019;Montag;1;0;1;0;0;0;3;8;24;59;87;64;132;65;64;89;73;104;129;64;25;9;5;3;0
399;11050;St.Gallen Stadt Lerchental;19.08.2019;Montag;2;0;1;0;0;2;12;67;137;133;104;87;65;52;126;112;83;105;61;46;6;4;5;3;0
400;11050;St.Gallen Stadt Lerchental;20.08.2019;Dienstag;1;1;0;0;0;3;2;12;49;65;64;69;98;65;45;67;80;102;123;65;27;6;2;1;0
401;11050;St.Gallen Stadt Lerchental;20.08.2019;Dienstag;2;0;1;0;0;3;9;75;178;116;94;75;72;56;98;97;82;93;57;37;11;1;2;1;0
402;11050;St.Gallen Stadt Lerchental;21.08.2019;Mittwoch;1;0;0;1;0;0;1;9;40;59;73;78;68;66;53;57;70;97;265;67;26;8;3;4;1
403;11050;St.Gallen Stadt Lerchental;21.08.2019;Mittwoch;2;0;1;0;0;1;12;65;164;108;91;73;85;52;124;71;81;81;72;50;9;4;2;1;1
404;11050;St.Gallen Stadt Lerchental;22.08.2019;Donnerstag;1;0;0;0;0;0;3;8;59;72;79;78;106;79;64;54;69;106;127;51;41;17;4;1;0
405;11050;St.Gallen Stadt Lerchental;22.08.2019;Donnerstag;2;0;1;0;0;0;8;69;182;115;92;88;76;81;111;86;84;76;71;37;25;11;7;2;0
406;11050;St.Gallen Stadt Lerchental;23.08.2019;Freitag;1;0;0;1;0;0;1;12;51;48;75;89;97;62;55;95;96;101;97;54;17;8;7;2;0
407;11050;St.Gallen Stadt Lerchental;23.08.2019;Freitag;2;0;1;2;1;1;9;64;162;98;102;98;71;50;111;101;99;68;56;30;9;4;5;4;1
408;11050;St.Gallen Stadt Lerchental;24.08.2019;Samstag;1;2;4;0;0;0;1;5;13;24;41;65;57;51;51;36;45;46;21;14;7;3;2;5;1
409;11050;St.Gallen Stadt Lerchental;24.08.2019;Samstag;2;3;0;1;1;1;3;1;30;41;64;56;52;50;43;55;50;38;6;6;4;4;0;6;2
410;11050;St.Gallen Stadt Lerchental;25.08.2019;Sonntag;1;2;1;0;0;0;2;4;2;2;4;6;9;9;10;7;5;3;10;16;7;4;3;1;0
411;11050;St.Gallen Stadt Lerchental;25.08.2019;Sonntag;2;1;1;0;0;2;0;1;2;4;5;8;6;3;11;5;6;5;5;10;5;4;2;1;0
412;11050;St.Gallen Stadt Lerchental;26.08.2019;Montag;1;0;0;1;1;0;1;9;33;66;69;97;97;71;64;61;120;91;129;55;17;6;2;2;4
413;11050;St.Gallen Stadt Lerchental;26.08.2019;Montag;2;0;0;2;3;2;5;62;179;107;90;102;76;56;135;78;72;91;54;38;6;5;2;3;0
414;11050;St.Gallen Stadt Lerchental;27.08.2019;Dienstag;1;0;0;2;0;3;1;11;55;70;79;89;83;70;56;66;88;102;106;77;27;8;2;9;1
415;11050;St.Gallen Stadt Lerchental;27.08.2019;Dienstag;2;0;2;2;0;1;5;64;188;115;95;82;65;80;109;78;92;74;54;50;8;5;4;1;0
416;11050;St.Gallen Stadt Lerchental;28.08.2019;Mittwoch;1;0;2;1;0;0;3;7;61;56;71;63;93;66;55;67;77;129;109;55;17;11;3;3;0
417;11050;St.Gallen Stadt Lerchental;28.08.2019;Mittwoch;2;0;4;1;0;1;14;62;172;110;79;88;68;49;113;88;76;77;73;42;8;4;3;2;0
418;11050;St.Gallen Stadt Lerchental;29.08.2019;Donnerstag;1;0;1;1;0;0;1;14;50;66;78;78;97;68;54;69;93;109;120;67;33;20;13;5;1
419;11050;St.Gallen Stadt Lerchental;29.08.2019;Donnerstag;2;0;2;0;0;0;12;71;178;93;98;91;92;76;114;85;93;86;69;52;28;12;5;2;0
420;11050;St.Gallen Stadt Lerchental;30.08.2019;Freitag;1;0;0;2;0;0;2;8;45;51;75;81;97;78;56;66;74;89;94;62;18;13;6;2;0
421;11050;St.Gallen Stadt Lerchental;30.08.2019;Freitag;2;1;2;1;1;2;8;66;153;101;108;99;81;65;92;86;67;65;45;34;11;6;3;2;1
422;11050;St.Gallen Stadt Lerchental;31.08.2019;Samstag;1;0;1;2;0;1;1;0;8;20;40;58;51;49;52;51;64;34;26;11;4;4;2;2;3
423;11050;St.Gallen Stadt Lerchental;31.08.2019;Samstag;2;0;2;2;0;2;2;1;30;33;45;58;62;52;44;60;46;35;3;7;5;3;0;1;2
424;11050;St.Gallen Stadt Lerchental;01.09.2019;Sonntag;1;1;1;0;1;0;0;5;1;2;5;2;8;7;8;10;10;7;19;9;10;4;1;1;2
425;11050;St.Gallen Stadt Lerchental;01.09.2019;Sonntag;2;0;1;3;0;2;1;1;4;5;4;8;11;8;3;4;10;9;7;1;1;2;0;1;0
426;11050;St.Gallen Stadt Lerchental;02.09.2019;Montag;1;2;0;0;0;1;1;12;30;67;64;109;118;73;67;75;74;89;117;63;25;4;3;5;4
427;11050;St.Gallen Stadt Lerchental;02.09.2019;Montag;2;1;1;0;0;1;4;60;160;135;88;108;86;60;134;98;69;82;66;34;6;5;3;0;1
428;11050;St.Gallen Stadt Lerchental;03.09.2019;Dienstag;1;1;0;1;0;1;0;9;38;59;92;62;66;74;55;54;76;81;135;65;23;8;7;0;1
429;11050;St.Gallen Stadt Lerchental;03.09.2019;Dienstag;2;2;1;2;0;2;8;72;171;101;84;62;67;53;128;72;82;67;70;35;12;5;7;1;3
430;11050;St.Gallen Stadt Lerchental;04.09.2019;Mittwoch;1;1;0;1;0;2;2;11;44;63;66;60;89;73;58;57;65;71;135;61;19;8;4;2;1
431;11050;St.Gallen Stadt Lerchental;04.09.2019;Mittwoch;2;0;1;1;0;4;8;85;148;104;79;79;71;58;105;89;78;75;49;33;10;1;3;0;1
432;11050;St.Gallen Stadt Lerchental;05.09.2019;Donnerstag;1;2;1;0;0;1;1;15;53;87;72;80;87;72;71;54;86;84;109;66;43;14;4;4;17
433;11050;St.Gallen Stadt Lerchental;05.09.2019;Donnerstag;2;1;1;0;1;2;12;96;159;110;96;74;85;76;105;90;84;79;56;42;30;5;2;3;126
434;11050;St.Gallen Stadt Lerchental;06.09.2019;Freitag;1;0;1;0;0;1;3;26;46;52;65;76;102;67;57;70;73;110;91;51;14;7;5;4;2
435;11050;St.Gallen Stadt Lerchental;06.09.2019;Freitag;2;0;1;0;0;1;10;80;153;85;102;91;64;63;110;85;81;65;67;19;3;5;2;2;2
436;11050;St.Gallen Stadt Lerchental;07.09.2019;Samstag;1;2;1;1;0;1;0;3;5;28;42;67;58;55;43;62;50;49;18;3;5;5;0;2;4
437;11050;St.Gallen Stadt Lerchental;07.09.2019;Samstag;2;3;1;2;1;1;1;6;43;32;54;58;50;55;51;60;48;35;9;3;4;1;0;3;3
438;11050;St.Gallen Stadt Lerchental;08.09.2019;Sonntag;1;1;0;1;0;0;0;0;2;1;3;0;5;7;10;11;8;10;8;7;5;9;3;3;0
439;11050;St.Gallen Stadt Lerchental;08.09.2019;Sonntag;2;2;0;1;0;1;0;0;1;2;3;5;16;19;5;9;9;7;4;7;1;3;3;1;0
440;11050;St.Gallen Stadt Lerchental;09.09.2019;Montag;1;0;0;2;0;0;0;9;48;76;74;86;117;73;61;91;98;107;120;65;28;10;3;1;0
441;11050;St.Gallen Stadt Lerchental;09.09.2019;Montag;2;0;0;1;0;1;12;79;161;102;93;98;101;64;121;96;108;87;74;45;10;9;3;2;0
442;11050;St.Gallen Stadt Lerchental;10.09.2019;Dienstag;1;0;0;1;0;1;4;17;61;48;53;61;100;71;69;76;71;92;114;68;23;9;0;0;2
443;11050;St.Gallen Stadt Lerchental;10.09.2019;Dienstag;2;0;0;1;0;4;9;84;190;99;60;79;71;86;112;76;90;86;50;33;10;3;2;1;1
444;11050;St.Gallen Stadt Lerchental;11.09.2019;Mittwoch;1;1;0;1;1;2;1;14;54;60;64;84;87;69;51;71;59;88;121;64;20;2;2;3;0
445;11050;St.Gallen Stadt Lerchental;11.09.2019;Mittwoch;2;0;1;1;1;5;9;76;198;93;102;80;79;67;102;86;82;73;59;28;7;4;2;2;0
446;11050;St.Gallen Stadt Lerchental;12.09.2019;Donnerstag;1;1;1;1;0;0;2;16;58;71;91;62;107;61;64;78;86;115;103;74;32;15;1;1;2
447;11050;St.Gallen Stadt Lerchental;12.09.2019;Donnerstag;2;1;1;2;0;0;14;79;194;118;65;84;76;82;105;87;89;92;54;36;17;9;3;3;1
448;11050;St.Gallen Stadt Lerchental;13.09.2019;Freitag;1;1;0;1;0;0;1;11;41;96;73;63;101;54;60;72;80;108;102;66;33;32;5;6;4
449;11050;St.Gallen Stadt Lerchental;13.09.2019;Freitag;2;0;0;1;0;0;10;71;177;118;80;83;66;65;109;94;85;95;72;56;21;6;3;5;4
450;11050;St.Gallen Stadt Lerchental;14.09.2019;Samstag;1;1;1;0;0;1;2;6;11;24;46;56;57;54;62;69;81;69;40;20;6;4;1;4;2
451;11050;St.Gallen Stadt Lerchental;14.09.2019;Samstag;2;1;2;0;0;3;3;6;28;36;66;99;79;75;81;83;61;50;5;6;1;3;4;4;4
452;11050;St.Gallen Stadt Lerchental;15.09.2019;Sonntag;1;3;0;0;0;0;0;3;2;2;3;4;7;4;7;6;9;5;13;8;4;5;1;0;0
453;11050;St.Gallen Stadt Lerchental;15.09.2019;Sonntag;2;0;0;1;0;0;0;5;2;1;5;4;8;5;9;5;3;8;5;8;3;3;1;2;0
454;11050;St.Gallen Stadt Lerchental;16.09.2019;Montag;1;1;0;0;0;0;2;14;53;75;75;85;115;76;78;78;90;109;123;72;15;6;2;2;2
455;11050;St.Gallen Stadt Lerchental;16.09.2019;Montag;2;0;1;0;0;1;11;78;189;141;92;84;72;65;124;90;82;91;57;31;5;4;3;1;1
456;11050;St.Gallen Stadt Lerchental;17.09.2019;Dienstag;1;1;0;1;0;0;3;17;68;56;81;80;116;64;51;67;86;95;119;62;21;7;6;3;2
457;11050;St.Gallen Stadt Lerchental;17.09.2019;Dienstag;2;0;1;1;0;0;10;77;202;102;85;80;78;67;111;87;73;83;57;31;7;3;6;0;1
458;11050;St.Gallen Stadt Lerchental;18.09.2019;Mittwoch;1;1;0;2;1;2;0;11;46;59;63;71;86;65;61;71;78;98;119;42;14;12;3;2;0
459;11050;St.Gallen Stadt Lerchental;18.09.2019;Mittwoch;2;0;1;1;0;2;10;77;176;105;81;80;57;53;129;80;75;77;62;25;5;6;2;0;0
460;11050;St.Gallen Stadt Lerchental;19.09.2019;Donnerstag;1;1;0;0;0;0;3;18;58;70;71;79;106;76;63;53;84;106;151;79;29;15;19;2;1
461;11050;St.Gallen Stadt Lerchental;19.09.2019;Donnerstag;2;1;2;1;0;0;15;77;208;103;81;85;91;76;116;79;87;99;80;66;23;5;5;1;0
462;11050;St.Gallen Stadt Lerchental;20.09.2019;Freitag;1;1;0;1;0;1;2;11;71;57;61;76;81;58;79;81;80;101;90;47;23;3;7;5;1
463;11050;St.Gallen Stadt Lerchental;20.09.2019;Freitag;2;0;1;1;2;1;9;90;173;102;78;80;74;69;101;82;84;69;46;26;9;2;4;4;0
464;11050;St.Gallen Stadt Lerchental;21.09.2019;Samstag;1;0;1;2;0;2;1;1;6;26;47;73;66;44;42;55;44;56;24;6;9;3;7;5;3
465;11050;St.Gallen Stadt Lerchental;21.09.2019;Samstag;2;1;0;2;1;1;2;2;21;43;54;59;53;49;53;43;35;35;15;8;7;3;4;2;1
466;11050;St.Gallen Stadt Lerchental;22.09.2019;Sonntag;1;1;1;0;0;0;2;0;5;0;4;7;13;5;6;7;13;8;10;10;3;3;10;0;3
467;11050;St.Gallen Stadt Lerchental;22.09.2019;Sonntag;2;0;0;1;0;1;1;1;2;3;6;7;6;6;11;5;10;4;3;3;2;5;9;0;4
468;11050;St.Gallen Stadt Lerchental;23.09.2019;Montag;1;0;1;1;0;0;0;12;42;62;82;79;97;69;64;78;72;104;123;77;34;8;3;1;0
469;11050;St.Gallen Stadt Lerchental;23.09.2019;Montag;2;1;1;2;0;1;10;74;181;145;88;89;74;75;118;92;89;77;58;43;10;7;4;1;0
470;11050;St.Gallen Stadt Lerchental;24.09.2019;Dienstag;1;1;2;0;0;0;2;10;48;69;53;80;86;69;66;74;77;91;98;48;26;44;17;8;2
471;11050;St.Gallen Stadt Lerchental;24.09.2019;Dienstag;2;2;5;1;3;1;9;91;180;119;64;88;56;73;116;77;76;70;70;61;5;7;7;1;1
472;11050;St.Gallen Stadt Lerchental;25.09.2019;Mittwoch;1;0;0;2;0;1;3;14;61;64;51;78;95;75;74;54;78;116;103;70;24;10;0;4;2
473;11050;St.Gallen Stadt Lerchental;25.09.2019;Mittwoch;2;2;3;6;0;3;4;74;189;119;69;77;76;77;117;73;91;92;58;24;4;8;4;5;4
474;11050;St.Gallen Stadt Lerchental;26.09.2019;Donnerstag;1;2;0;2;0;0;3;12;51;60;72;77;101;61;78;85;80;106;128;52;41;9;4;7;1
475;11050;St.Gallen Stadt Lerchental;26.09.2019;Donnerstag;2;0;0;3;1;1;14;73;197;104;97;84;82;79;121;91;85;76;57;39;12;8;2;2;2
476;11050;St.Gallen Stadt Lerchental;27.09.2019;Freitag;1;2;1;2;1;1;2;9;55;60;69;80;110;73;69;58;71;103;83;42;11;11;4;2;5
477;11050;St.Gallen Stadt Lerchental;27.09.2019;Freitag;2;1;0;1;2;1;8;71;177;99;89;76;78;82;105;68;68;64;34;20;8;9;2;4;4
478;11050;St.Gallen Stadt Lerchental;28.09.2019;Samstag;1;4;0;0;1;1;0;4;12;26;39;55;83;55;58;42;54;40;26;14;14;2;2;3;2
479;11050;St.Gallen Stadt Lerchental;28.09.2019;Samstag;2;0;1;1;1;2;4;7;31;31;38;57;74;53;45;52;41;34;11;8;4;2;4;2;2
480;11050;St.Gallen Stadt Lerchental;29.09.2019;Sonntag;1;0;0;3;0;2;1;2;2;1;4;13;6;4;4;6;6;9;12;4;5;0;2;1;0
481;11050;St.Gallen Stadt Lerchental;29.09.2019;Sonntag;2;0;0;1;0;2;1;1;1;3;4;8;4;2;3;7;5;9;0;4;6;2;3;0;0
482;11050;St.Gallen Stadt Lerchental;30.09.2019;Montag;1;0;0;0;0;1;3;9;51;55;67;67;109;53;69;83;66;91;128;55;22;5;7;7;0
483;11050;St.Gallen Stadt Lerchental;30.09.2019;Montag;2;0;2;0;2;6;7;69;167;93;88;89;84;61;111;101;72;89;54;35;8;4;1;3;0
484;11050;St.Gallen Stadt Lerchental;01.10.2019;Dienstag;1;1;0;0;1;0;3;14;50;64;54;64;83;66;74;59;83;108;112;48;24;5;4;1;1
485;11050;St.Gallen Stadt Lerchental;01.10.2019;Dienstag;2;0;2;0;1;0;13;77;191;106;69;62;69;67;111;65;84;74;50;25;11;1;3;1;0
486;11050;St.Gallen Stadt Lerchental;02.10.2019;Mittwoch;1;1;0;0;0;0;1;13;45;57;62;81;104;78;66;70;78;88;101;56;16;5;3;1;0
487;11050;St.Gallen Stadt Lerchental;02.10.2019;Mittwoch;2;0;1;0;0;1;7;72;187;114;97;89;55;67;107;86;84;69;49;28;5;2;1;2;4
488;11050;St.Gallen Stadt Lerchental;03.10.2019;Donnerstag;1;1;0;0;2;1;1;10;52;55;69;82;104;78;51;68;88;101;126;57;23;9;3;0;0
489;11050;St.Gallen Stadt Lerchental;03.10.2019;Donnerstag;2;1;3;0;1;1;7;67;193;89;82;86;78;67;119;78;72;84;57;29;14;5;3;0;0
490;11050;St.Gallen Stadt Lerchental;04.10.2019;Freitag;1;0;0;1;0;0;3;12;48;69;71;101;103;67;46;86;93;96;88;56;18;2;1;1;5
491;11050;St.Gallen Stadt Lerchental;04.10.2019;Freitag;2;0;4;1;0;1;5;67;180;98;84;82;85;67;103;84;81;53;53;29;5;1;2;2;3
492;11050;St.Gallen Stadt Lerchental;05.10.2019;Samstag;1;2;2;1;0;1;0;5;16;19;47;63;50;46;57;47;45;52;12;5;2;3;6;3;1
493;11050;St.Gallen Stadt Lerchental;05.10.2019;Samstag;2;1;1;4;0;0;2;6;22;29;55;67;52;41;42;49;48;37;9;1;1;2;4;5;1
494;11050;St.Gallen Stadt Lerchental;06.10.2019;Sonntag;1;0;1;0;0;0;0;3;5;2;6;7;7;3;5;5;41;5;6;5;3;0;1;1;5
495;11050;St.Gallen Stadt Lerchental;06.10.2019;Sonntag;2;0;1;0;0;0;0;2;3;4;5;5;6;2;3;6;2;2;5;5;0;1;0;6;7
496;11050;St.Gallen Stadt Lerchental;07.10.2019;Montag;1;1;4;2;2;4;6;16;48;67;50;74;90;63;48;62;93;84;103;44;16;2;4;2;0
497;11050;St.Gallen Stadt Lerchental;07.10.2019;Montag;2;4;7;0;2;1;9;64;168;102;70;78;67;57;97;66;88;76;55;28;6;4;5;2;0
498;11050;St.Gallen Stadt Lerchental;08.10.2019;Dienstag;1;0;0;0;0;2;3;18;54;49;44;71;89;64;65;61;81;89;124;62;24;2;3;3;0
499;11050;St.Gallen Stadt Lerchental;08.10.2019;Dienstag;2;0;1;0;0;2;6;67;176;86;57;80;82;66;105;73;71;74;47;37;6;4;0;4;3
500;11050;St.Gallen Stadt Lerchental;09.10.2019;Mittwoch;1;0;1;1;0;1;2;11;40;58;58;58;94;74;54;78;145;97;97;66;17;3;3;1;0
501;11050;St.Gallen Stadt Lerchental;09.10.2019;Mittwoch;2;1;1;1;0;1;4;54;172;95;72;79;65;61;99;103;68;88;53;29;5;3;3;1;1
502;11050;St.Gallen Stadt Lerchental;10.10.2019;Donnerstag;1;0;0;0;2;0;1;15;50;62;75;83;103;63;66;79;73;108;113;57;29;5;3;1;2
503;11050;St.Gallen Stadt Lerchental;10.10.2019;Donnerstag;2;0;1;1;1;0;6;70;180;91;98;76;76;78;128;77;84;98;57;20;20;4;2;3;2
504;11050;St.Gallen Stadt Lerchental;11.10.2019;Freitag;1;0;1;0;1;0;1;12;32;56;45;59;112;63;62;60;66;90;80;40;27;6;4;1;3
505;11050;St.Gallen Stadt Lerchental;11.10.2019;Freitag;2;1;1;0;1;1;6;57;143;75;71;84;73;65;85;71;73;54;43;24;4;1;4;0;0
506;11050;St.Gallen Stadt Lerchental;12.10.2019;Samstag;1;3;1;1;0;1;1;2;11;22;38;44;54;47;36;53;44;51;31;6;0;7;2;2;0
507;11050;St.Gallen Stadt Lerchental;12.10.2019;Samstag;2;3;3;1;1;1;1;3;15;34;55;51;55;30;43;46;43;31;9;6;2;4;3;2;0
508;11050;St.Gallen Stadt Lerchental;13.10.2019;Sonntag;1;0;0;2;1;0;0;1;1;3;2;2;9;5;7;7;30;8;14;13;5;5;6;1;0
509;11050;St.Gallen Stadt Lerchental;13.10.2019;Sonntag;2;1;4;1;1;0;1;1;3;3;6;6;11;9;7;3;5;8;9;4;5;6;3;0;0
510;11050;St.Gallen Stadt Lerchental;14.10.2019;Montag;1;0;0;3;0;0;3;23;31;61;74;65;84;82;54;71;75;109;112;70;30;8;3;3;0
511;11050;St.Gallen Stadt Lerchental;14.10.2019;Montag;2;0;0;0;0;1;8;65;153;103;73;82;78;62;111;79;83;78;67;41;7;4;1;3;1
512;11050;St.Gallen Stadt Lerchental;15.10.2019;Dienstag;1;3;0;1;1;1;0;15;40;81;69;68;104;73;67;72;70;104;120;71;9;9;0;1;0
513;11050;St.Gallen Stadt Lerchental;15.10.2019;Dienstag;2;1;0;2;1;1;7;72;165;96;69;91;77;95;103;86;78;89;69;33;6;2;1;0;0
514;11050;St.Gallen Stadt Lerchental;16.10.2019;Mittwoch;1;0;0;1;0;2;1;10;54;58;60;66;95;62;86;54;62;94;113;74;21;9;2;1;1
515;11050;St.Gallen Stadt Lerchental;16.10.2019;Mittwoch;2;0;0;2;0;3;7;72;178;93;83;74;67;70;106;77;87;70;55;35;8;3;2;2;0
516;11050;St.Gallen Stadt Lerchental;17.10.2019;Donnerstag;1;0;0;1;0;0;2;16;57;62;69;70;94;62;65;62;68;114;128;66;24;19;2;8;4
517;11050;St.Gallen Stadt Lerchental;17.10.2019;Donnerstag;2;0;0;1;0;0;5;65;172;106;91;60;84;65;93;81;80;74;64;33;21;9;5;3;1
518;11050;St.Gallen Stadt Lerchental;18.10.2019;Freitag;1;0;0;2;1;0;1;12;38;62;73;88;89;80;82;72;76;93;78;45;15;7;2;1;1
519;11050;St.Gallen Stadt Lerchental;18.10.2019;Freitag;2;0;1;2;1;0;5;56;137;88;80;80;80;57;106;71;84;73;45;24;4;3;2;2;1
520;11050;St.Gallen Stadt Lerchental;19.10.2019;Samstag;1;3;0;3;1;1;0;1;7;25;40;53;50;71;53;48;56;46;23;8;5;3;8;2;2
521;11050;St.Gallen Stadt Lerchental;19.10.2019;Samstag;2;2;1;2;1;2;5;2;20;33;50;55;68;54;54;40;48;36;12;6;3;4;3;4;3
522;11050;St.Gallen Stadt Lerchental;20.10.2019;Sonntag;1;5;1;0;0;1;0;1;3;5;4;6;6;4;6;3;9;5;3;14;7;6;2;1;3
523;11050;St.Gallen Stadt Lerchental;20.10.2019;Sonntag;2;1;1;2;0;1;0;2;2;6;2;8;7;4;5;3;12;1;3;4;4;6;2;0;0
524;11050;St.Gallen Stadt Lerchental;21.10.2019;Montag;1;0;1;0;0;1;1;9;54;65;55;84;87;77;46;88;86;112;131;59;15;6;1;1;0
525;11050;St.Gallen Stadt Lerchental;21.10.2019;Montag;2;0;2;0;0;3;6;61;197;109;78;82;78;66;112;103;73;94;49;33;5;4;2;0;0
526;11050;St.Gallen Stadt Lerchental;22.10.2019;Dienstag;1;1;0;0;1;0;1;13;45;72;58;76;113;72;66;71;66;106;119;72;20;8;6;0;0
527;11050;St.Gallen Stadt Lerchental;22.10.2019;Dienstag;2;1;1;0;1;0;6;69;173;109;86;83;95;57;124;73;81;84;57;36;8;4;5;1;0
528;11050;St.Gallen Stadt Lerchental;23.10.2019;Mittwoch;1;1;0;1;0;0;0;9;62;59;54;82;85;73;61;88;60;98;120;82;15;6;7;1;0
529;11050;St.Gallen Stadt Lerchental;23.10.2019;Mittwoch;2;0;1;3;0;2;8;70;184;87;82;85;63;58;123;83;73;89;67;34;6;3;3;2;0
530;11050;St.Gallen Stadt Lerchental;24.10.2019;Donnerstag;1;2;0;2;1;0;19;9;52;76;82;79;119;79;80;71;82;114;130;53;34;8;8;2;0
531;11050;St.Gallen Stadt Lerchental;24.10.2019;Donnerstag;2;2;2;0;1;0;5;71;199;128;84;111;76;79;122;107;87;95;50;36;19;4;9;1;1
532;11050;St.Gallen Stadt Lerchental;25.10.2019;Freitag;1;0;2;0;0;1;2;14;47;59;78;80;91;70;61;86;97;106;120;65;33;17;12;6;4
533;11050;St.Gallen Stadt Lerchental;25.10.2019;Freitag;2;0;0;1;0;1;11;61;156;110;88;83;80;73;112;79;97;87;59;32;11;6;1;3;1
534;11050;St.Gallen Stadt Lerchental;26.10.2019;Samstag;1;3;0;3;0;1;0;1;13;24;41;48;78;54;57;54;48;54;36;14;5;4;7;1;2
535;11050;St.Gallen Stadt Lerchental;26.10.2019;Samstag;2;2;0;2;0;3;4;4;26;30;51;62;70;51;61;58;55;41;6;5;3;2;4;3;1
536;11050;St.Gallen Stadt Lerchental;27.10.2019;Sonntag;1;2;2;1;0;0;0;2;0;1;6;3;6;6;9;7;22;11;3;7;2;1;4;3;1
537;11050;St.Gallen Stadt Lerchental;27.10.2019;Sonntag;2;2;3;1;0;0;1;2;3;2;2;2;4;6;10;11;10;4;3;5;3;6;5;3;2
538;11050;St.Gallen Stadt Lerchental;28.10.2019;Montag;1;2;2;0;1;7;1;12;43;72;87;102;107;126;65;94;89;107;104;69;28;5;12;0;1
539;11050;St.Gallen Stadt Lerchental;28.10.2019;Montag;2;0;5;0;2;9;6;64;174;133;99;92;80;62;110;102;71;97;69;30;9;10;5;1;2
540;11050;St.Gallen Stadt Lerchental;29.10.2019;Dienstag;1;1;1;0;1;0;0;16;50;63;53;78;94;79;60;83;93;105;99;56;22;10;3;1;0
541;11050;St.Gallen Stadt Lerchental;29.10.2019;Dienstag;2;0;2;0;0;8;10;59;174;108;77;92;73;64;114;89;100;86;55;26;7;5;0;1;0
542;11050;St.Gallen Stadt Lerchental;30.10.2019;Mittwoch;1;1;0;1;0;2;3;9;48;81;64;84;92;71;53;88;73;105;115;48;18;8;8;3;0
543;11050;St.Gallen Stadt Lerchental;30.10.2019;Mittwoch;2;0;1;4;0;2;8;63;169;98;79;86;75;62;115;97;75;88;62;37;10;4;3;1;0
544;11050;St.Gallen Stadt Lerchental;31.10.2019;Donnerstag;1;0;1;1;1;1;1;6;50;75;88;107;135;81;73;89;122;109;126;64;27;19;4;5;2
545;11050;St.Gallen Stadt Lerchental;31.10.2019;Donnerstag;2;0;1;2;1;3;5;63;206;122;93;86;84;94;141;101;111;102;69;39;10;4;1;1;3
546;11050;St.Gallen Stadt Lerchental;01.11.2019;Freitag;1;2;0;1;0;0;2;5;1;1;9;13;12;11;11;7;9;8;10;7;3;4;3;2;1
547;11050;St.Gallen Stadt Lerchental;01.11.2019;Freitag;2;1;0;1;0;1;4;2;11;10;18;12;11;6;10;9;4;7;8;8;2;3;2;2;0
548;11050;St.Gallen Stadt Lerchental;02.11.2019;Samstag;1;1;3;0;0;0;0;2;11;25;46;77;75;57;44;48;63;46;20;5;7;1;1;0;1
549;11050;St.Gallen Stadt Lerchental;02.11.2019;Samstag;2;1;2;2;0;0;2;3;23;35;59;85;77;53;46;50;53;31;7;4;3;0;3;0;0
550;11050;St.Gallen Stadt Lerchental;03.11.2019;Sonntag;1;1;0;0;0;1;0;2;2;1;6;8;8;5;11;13;9;6;6;9;1;0;2;3;0
551;11050;St.Gallen Stadt Lerchental;03.11.2019;Sonntag;2;0;0;0;0;1;1;0;3;2;3;8;9;4;7;13;4;10;5;4;6;5;2;2;1
552;11050;St.Gallen Stadt Lerchental;04.11.2019;Montag;1;0;1;1;0;1;1;12;45;91;80;81;92;91;62;83;82;118;130;60;14;4;4;3;0
553;11050;St.Gallen Stadt Lerchental;04.11.2019;Montag;2;0;1;1;0;8;8;68;192;144;98;79;75;70;136;77;98;107;63;30;5;6;5;2;3
554;11050;St.Gallen Stadt Lerchental;05.11.2019;Dienstag;1;1;0;2;1;3;2;15;46;83;72;74;82;87;52;73;84;110;144;57;20;4;1;2;0
555;11050;St.Gallen Stadt Lerchental;05.11.2019;Dienstag;2;0;1;2;6;4;7;75;171;141;94;74;81;94;120;102;85;93;48;30;5;10;2;2;0
556;11050;St.Gallen Stadt Lerchental;06.11.2019;Mittwoch;1;0;0;1;1;1;0;7;51;57;62;90;97;70;66;80;89;104;119;68;15;9;7;1;0
557;11050;St.Gallen Stadt Lerchental;06.11.2019;Mittwoch;2;0;2;3;0;2;6;65;199;117;93;83;87;81;124;100;76;72;51;32;6;6;4;2;1
558;11050;St.Gallen Stadt Lerchental;07.11.2019;Donnerstag;1;0;0;2;0;0;2;15;49;65;75;87;120;72;73;82;93;112;120;55;26;13;3;0;1
559;11050;St.Gallen Stadt Lerchental;07.11.2019;Donnerstag;2;0;0;1;0;0;15;80;207;112;104;86;82;74;137;83;102;91;47;35;10;1;1;0;0
560;11050;St.Gallen Stadt Lerchental;08.11.2019;Freitag;1;0;0;1;1;0;1;11;48;63;62;76;102;82;75;105;79;107;81;52;15;7;0;4;0
561;11050;St.Gallen Stadt Lerchental;08.11.2019;Freitag;2;0;0;2;0;0;5;68;181;111;74;91;93;90;120;110;85;63;47;25;8;3;0;3;4
562;11050;St.Gallen Stadt Lerchental;09.11.2019;Samstag;1;5;0;1;5;2;1;6;12;28;45;71;64;63;46;56;64;54;15;7;7;6;3;1;0
563;11050;St.Gallen Stadt Lerchental;09.11.2019;Samstag;2;3;2;0;4;2;0;5;25;41;58;67;52;50;54;72;51;42;11;6;1;3;4;1;1
564;11050;St.Gallen Stadt Lerchental;10.11.2019;Sonntag;1;1;1;0;1;0;2;3;1;2;5;9;4;6;10;11;8;4;6;10;3;3;5;0;0
565;11050;St.Gallen Stadt Lerchental;10.11.2019;Sonntag;2;1;0;1;0;0;3;1;0;2;7;6;3;2;7;7;7;1;2;7;4;1;3;0;0
566;11050;St.Gallen Stadt Lerchental;11.11.2019;Montag;1;0;0;1;1;1;2;13;38;75;106;85;99;87;61;78;81;118;123;53;21;7;2;5;1
567;11050;St.Gallen Stadt Lerchental;11.11.2019;Montag;2;0;1;2;0;3;6;67;208;123;102;92;74;74;126;91;88;81;57;29;9;6;2;2;0
568;11050;St.Gallen Stadt Lerchental;12.11.2019;Dienstag;1;0;0;0;2;0;1;11;59;58;66;88;92;69;75;93;82;118;122;74;15;2;2;0;2
569;11050;St.Gallen Stadt Lerchental;12.11.2019;Dienstag;2;0;0;1;0;0;7;63;187;107;92;78;69;81;135;92;84;91;68;30;3;2;1;1;1
570;11050;St.Gallen Stadt Lerchental;13.11.2019;Mittwoch;1;0;1;0;2;1;2;8;56;62;70;79;100;76;64;63;70;95;115;50;19;7;5;1;0
571;11050;St.Gallen Stadt Lerchental;13.11.2019;Mittwoch;2;0;1;2;0;2;9;73;189;111;89;96;70;65;116;85;88;75;54;31;8;3;4;1;0
572;11050;St.Gallen Stadt Lerchental;14.11.2019;Donnerstag;1;0;0;1;1;0;3;16;63;76;78;88;119;81;80;95;92;98;125;53;34;10;8;1;4
573;11050;St.Gallen Stadt Lerchental;14.11.2019;Donnerstag;2;0;1;1;1;1;11;78;204;123;92;107;81;87;121;118;84;89;50;28;15;6;5;3;0
574;11050;St.Gallen Stadt Lerchental;15.11.2019;Freitag;1;1;1;0;4;0;1;11;39;68;67;82;103;77;62;73;94;117;91;72;12;6;7;1;4
575;11050;St.Gallen Stadt Lerchental;15.11.2019;Freitag;2;0;0;0;2;2;11;72;165;113;96;94;75;80;119;95;97;77;43;29;5;5;1;1;0
576;11050;St.Gallen Stadt Lerchental;16.11.2019;Samstag;1;2;0;1;0;3;2;4;9;19;45;76;62;72;58;73;60;54;24;3;7;4;5;3;1
577;11050;St.Gallen Stadt Lerchental;16.11.2019;Samstag;2;0;0;1;0;2;2;9;17;38;63;70;68;56;71;69;57;45;11;4;3;4;3;3;2
578;11050;St.Gallen Stadt Lerchental;17.11.2019;Sonntag;1;2;1;0;1;0;0;2;0;3;4;6;5;8;5;7;9;7;8;4;7;2;7;1;3
579;11050;St.Gallen Stadt Lerchental;17.11.2019;Sonntag;2;1;1;1;0;0;0;2;2;1;3;7;7;5;7;6;9;6;7;4;5;6;4;3;2
580;11050;St.Gallen Stadt Lerchental;18.11.2019;Montag;1;1;0;2;1;4;2;13;54;85;67;98;108;72;69;94;95;106;138;69;20;4;3;0;1
581;11050;St.Gallen Stadt Lerchental;18.11.2019;Montag;2;4;0;3;2;6;10;80;190;135;92;106;83;75;146;81;93;86;79;35;6;8;3;0;0
582;11050;St.Gallen Stadt Lerchental;19.11.2019;Dienstag;1;0;0;3;2;2;1;21;49;64;93;75;102;82;74;79;86;116;130;61;22;16;12;14;3
583;11050;St.Gallen Stadt Lerchental;19.11.2019;Dienstag;2;2;0;3;4;3;7;73;198;124;96;75;64;64;133;105;88;75;62;38;21;10;5;1;1
584;11050;St.Gallen Stadt Lerchental;20.11.2019;Mittwoch;1;1;1;1;5;0;0;11;38;70;64;89;95;92;62;79;85;124;102;59;22;8;5;2;4
585;11050;St.Gallen Stadt Lerchental;20.11.2019;Mittwoch;2;2;0;2;2;5;9;68;178;115;114;89;77;75;126;76;98;82;56;30;7;11;4;3;5
586;11050;St.Gallen Stadt Lerchental;21.11.2019;Donnerstag;1;1;3;2;2;2;4;12;63;69;83;89;101;89;76;73;88;153;131;69;37;20;9;4;4
587;11050;St.Gallen Stadt Lerchental;21.11.2019;Donnerstag;2;2;4;3;2;3;13;79;210;134;91;114;72;85;127;99;100;100;76;41;28;8;5;7;1
588;11050;St.Gallen Stadt Lerchental;22.11.2019;Freitag;1;4;1;2;4;1;6;10;50;53;49;76;103;62;63;86;105;125;89;57;12;8;5;3;0
589;11050;St.Gallen Stadt Lerchental;22.11.2019;Freitag;2;2;3;2;6;2;9;75;175;98;89;110;64;65;119;104;96;83;49;30;4;4;1;3;2
590;11050;St.Gallen Stadt Lerchental;23.11.2019;Samstag;1;2;1;3;1;0;0;1;13;21;36;56;78;59;47;43;46;59;17;8;2;3;3;2;3
591;11050;St.Gallen Stadt Lerchental;23.11.2019;Samstag;2;0;2;2;1;0;2;2;39;29;43;76;66;47;54;41;45;41;5;1;4;3;4;5;1
592;11050;St.Gallen Stadt Lerchental;24.11.2019;Sonntag;1;4;0;0;0;0;0;1;1;6;5;3;9;5;18;13;15;12;6;6;4;2;6;0;2
593;11050;St.Gallen Stadt Lerchental;24.11.2019;Sonntag;2;3;0;1;1;0;1;0;1;8;26;5;2;8;12;6;7;5;9;6;2;9;5;2;0
594;11050;St.Gallen Stadt Lerchental;25.11.2019;Montag;1;0;0;0;1;2;2;15;42;64;74;63;100;78;74;72;130;110;123;63;23;8;6;1;1
595;11050;St.Gallen Stadt Lerchental;25.11.2019;Montag;2;2;0;3;3;3;12;65;158;129;93;92;72;73;135;100;89;86;64;33;9;3;4;0;1
596;11050;St.Gallen Stadt Lerchental;26.11.2019;Dienstag;1;1;0;1;1;0;1;13;46;69;51;80;129;83;66;79;80;114;114;56;22;5;6;0;0
597;11050;St.Gallen Stadt Lerchental;26.11.2019;Dienstag;2;1;2;3;3;5;10;79;197;123;75;91;91;72;119;98;89;80;50;28;10;4;4;3;1
598;11050;St.Gallen Stadt Lerchental;27.11.2019;Mittwoch;1;0;3;3;0;1;4;11;54;65;65;75;85;78;53;67;78;91;128;59;15;5;5;5;1
599;11050;St.Gallen Stadt Lerchental;27.11.2019;Mittwoch;2;0;0;6;1;4;7;75;177;134;84;83;76;64;119;95;81;77;53;24;9;5;7;5;1
600;11050;St.Gallen Stadt Lerchental;28.11.2019;Donnerstag;1;0;7;4;0;0;0;12;62;63;86;92;95;118;72;204;97;116;118;50;32;11;5;2;2
601;11050;St.Gallen Stadt Lerchental;28.11.2019;Donnerstag;2;1;4;4;5;2;8;88;249;129;107;102;74;105;128;106;89;74;67;34;13;5;3;2;2
602;11050;St.Gallen Stadt Lerchental;29.11.2019;Freitag;1;2;2;2;1;0;3;6;68;72;69;78;93;90;79;116;84;93;82;57;24;5;2;4;7
603;11050;St.Gallen Stadt Lerchental;29.11.2019;Freitag;2;1;0;2;5;4;10;97;189;113;93;94;84;74;143;106;87;66;55;31;6;1;0;4;4
604;11050;St.Gallen Stadt Lerchental;30.11.2019;Samstag;1;6;2;1;1;1;0;3;10;22;33;64;57;55;65;72;55;40;19;9;5;2;2;3;0
605;11050;St.Gallen Stadt Lerchental;30.11.2019;Samstag;2;1;3;2;2;1;2;4;20;33;54;59;59;54;68;56;35;25;6;5;5;0;0;1;0
606;11050;St.Gallen Stadt Lerchental;01.12.2019;Sonntag;1;0;0;2;0;0;2;4;0;2;7;3;9;6;5;7;8;5;13;3;6;1;1;2;0
607;11050;St.Gallen Stadt Lerchental;01.12.2019;Sonntag;2;0;1;2;0;0;3;0;0;1;6;4;7;4;8;8;9;5;7;5;4;1;2;2;0
608;11050;St.Gallen Stadt Lerchental;02.12.2019;Montag;1;0;0;0;1;0;2;12;50;73;75;89;120;70;78;80;94;123;135;69;12;7;7;2;0
609;11050;St.Gallen Stadt Lerchental;02.12.2019;Montag;2;0;1;0;0;2;10;74;197;124;100;108;94;83;143;118;93;86;57;22;6;4;1;1;2
610;11050;St.Gallen Stadt Lerchental;03.12.2019;Dienstag;1;0;0;1;0;1;2;13;44;63;76;85;100;77;66;71;71;129;117;52;23;3;7;0;0
611;11050;St.Gallen Stadt Lerchental;03.12.2019;Dienstag;2;0;1;1;0;2;9;87;208;127;86;84;70;78;126;81;102;101;38;23;12;2;1;0;0
612;11050;St.Gallen Stadt Lerchental;04.12.2019;Mittwoch;1;0;1;0;0;1;0;9;58;70;75;87;86;63;58;88;80;102;130;60;19;7;4;1;1
613;11050;St.Gallen Stadt Lerchental;04.12.2019;Mittwoch;2;0;1;1;0;2;5;74;214;122;80;79;79;72;125;92;76;79;66;41;2;4;5;1;1
614;11050;St.Gallen Stadt Lerchental;05.12.2019;Donnerstag;1;1;2;2;0;0;2;15;45;71;76;87;106;78;68;105;86;119;126;59;27;12;0;0;3
615;11050;St.Gallen Stadt Lerchental;05.12.2019;Donnerstag;2;0;1;3;0;0;9;79;215;121;93;103;93;81;127;90;82;85;55;36;14;4;1;2;0
616;11050;St.Gallen Stadt Lerchental;06.12.2019;Freitag;1;1;0;0;1;1;1;11;53;66;81;74;106;90;65;96;91;104;100;39;12;8;2;7;1
617;11050;St.Gallen Stadt Lerchental;06.12.2019;Freitag;2;0;1;2;0;0;5;73;189;115;87;87;76;66;133;99;88;75;49;17;5;5;1;3;0
618;11050;St.Gallen Stadt Lerchental;07.12.2019;Samstag;1;0;1;1;0;0;1;2;7;19;36;57;74;56;57;57;63;59;18;7;6;9;3;3;0
619;11050;St.Gallen Stadt Lerchental;07.12.2019;Samstag;2;2;0;2;2;0;2;3;15;32;45;71;59;57;62;57;60;42;10;3;5;3;0;3;0
620;11050;St.Gallen Stadt Lerchental;08.12.2019;Sonntag;1;1;2;0;2;0;2;2;1;3;3;3;6;11;10;4;13;3;5;3;2;2;4;1;0
621;11050;St.Gallen Stadt Lerchental;08.12.2019;Sonntag;2;1;3;2;2;0;1;0;1;2;2;4;12;4;6;4;5;2;1;2;5;2;3;2;2
622;11050;St.Gallen Stadt Lerchental;09.12.2019;Montag;1;0;1;1;0;1;0;10;48;58;74;81;109;80;68;80;73;98;130;58;16;2;4;3;3
623;11050;St.Gallen Stadt Lerchental;09.12.2019;Montag;2;1;1;2;1;2;4;63;197;115;87;94;76;81;116;94;82;83;55;26;5;3;7;1;3
624;11050;St.Gallen Stadt Lerchental;10.12.2019;Dienstag;1;1;0;2;2;0;2;15;49;59;51;73;101;77;65;76;96;103;137;50;23;4;2;4;0
625;11050;St.Gallen Stadt Lerchental;10.12.2019;Dienstag;2;1;0;3;9;2;7;73;201;112;80;84;74;74;104;104;116;75;49;14;6;3;1;2;0
626;11050;St.Gallen Stadt Lerchental;11.12.2019;Mittwoch;1;0;1;1;0;2;0;10;41;64;66;81;105;73;53;75;67;119;105;63;16;3;5;1;0
627;11050;St.Gallen Stadt Lerchental;11.12.2019;Mittwoch;2;0;1;2;0;0;4;63;190;103;91;94;84;49;127;89;95;91;45;25;8;5;3;1;1
628;11050;St.Gallen Stadt Lerchental;12.12.2019;Donnerstag;1;0;0;2;0;0;1;9;36;82;115;77;123;94;76;74;82;117;131;64;21;12;2;2;9
629;11050;St.Gallen Stadt Lerchental;12.12.2019;Donnerstag;2;0;0;2;0;1;7;68;210;150;91;85;85;89;130;99;92;95;60;25;15;2;4;0;5
630;11050;St.Gallen Stadt Lerchental;13.12.2019;Freitag;1;1;1;1;0;2;0;9;40;52;73;76;128;77;65;80;81;91;98;42;12;7;2;4;7
631;11050;St.Gallen Stadt Lerchental;13.12.2019;Freitag;2;0;1;2;0;5;4;65;206;109;83;89;104;77;109;93;83;80;40;18;5;2;2;3;3
632;11050;St.Gallen Stadt Lerchental;14.12.2019;Samstag;1;1;1;2;1;0;0;2;5;23;36;58;63;61;40;68;64;54;14;5;8;11;2;7;2
633;11050;St.Gallen Stadt Lerchental;14.12.2019;Samstag;2;1;1;1;3;0;1;6;20;36;45;74;59;51;51;69;59;39;9;11;2;0;2;4;3
634;11050;St.Gallen Stadt Lerchental;15.12.2019;Sonntag;1;2;2;1;2;3;0;3;0;2;6;9;5;10;5;8;8;13;10;9;2;1;2;1;1
635;11050;St.Gallen Stadt Lerchental;15.12.2019;Sonntag;2;1;2;1;2;0;0;1;1;2;6;9;5;3;9;10;8;11;6;5;1;1;1;1;1
636;11050;St.Gallen Stadt Lerchental;16.12.2019;Montag;1;0;1;0;0;0;2;7;35;62;85;88;96;86;72;93;104;95;133;64;23;3;5;1;1
637;11050;St.Gallen Stadt Lerchental;16.12.2019;Montag;2;0;1;1;0;4;7;63;169;122;101;96;73;56;154;110;90;92;69;22;5;3;3;3;1
638;11050;St.Gallen Stadt Lerchental;17.12.2019;Dienstag;1;0;1;1;0;0;3;13;42;61;60;91;99;90;68;74;93;104;115;62;23;6;2;3;0
639;11050;St.Gallen Stadt Lerchental;17.12.2019;Dienstag;2;1;3;0;0;1;6;66;209;117;94;106;88;83;114;87;91;83;48;33;6;2;4;3;1
640;11050;St.Gallen Stadt Lerchental;18.12.2019;Mittwoch;1;1;0;1;0;0;2;8;49;62;75;85;109;75;57;96;81;114;123;40;13;8;3;7;0
641;11050;St.Gallen Stadt Lerchental;18.12.2019;Mittwoch;2;1;1;2;0;3;4;64;214;114;96;90;92;67;124;103;100;76;59;11;5;8;3;2;0
642;11050;St.Gallen Stadt Lerchental;19.12.2019;Donnerstag;1;0;1;1;1;1;1;14;57;60;98;105;107;94;70;84;98;99;111;47;25;12;6;3;5
643;11050;St.Gallen Stadt Lerchental;19.12.2019;Donnerstag;2;0;1;2;1;1;9;65;210;132;99;97;83;75;122;131;101;83;56;21;15;6;3;3;2
644;11050;St.Gallen Stadt Lerchental;20.12.2019;Freitag;1;1;1;1;0;0;0;10;33;51;78;95;111;80;74;92;105;106;83;45;18;8;6;5;3
645;11050;St.Gallen Stadt Lerchental;20.12.2019;Freitag;2;0;1;2;0;4;3;49;152;89;106;104;96;69;125;90;98;84;47;20;12;5;6;1;0
646;11050;St.Gallen Stadt Lerchental;21.12.2019;Samstag;1;1;0;0;0;0;1;1;12;26;32;60;81;66;47;63;49;39;17;4;4;6;2;2;4
647;11050;St.Gallen Stadt Lerchental;21.12.2019;Samstag;2;1;1;1;1;0;0;3;18;28;37;90;80;49;61;51;49;39;7;2;2;1;2;2;4
648;11050;St.Gallen Stadt Lerchental;22.12.2019;Sonntag;1;2;0;1;1;0;2;0;1;5;6;7;12;21;28;22;16;23;12;9;2;3;0;1;0
649;11050;St.Gallen Stadt Lerchental;22.12.2019;Sonntag;2;1;2;2;0;0;1;0;0;5;5;11;11;24;28;15;21;17;11;2;1;1;1;0;1
650;11050;St.Gallen Stadt Lerchental;23.12.2019;Montag;1;0;2;0;0;0;1;6;19;40;54;123;97;84;49;68;84;103;72;50;6;8;2;6;0
651;11050;St.Gallen Stadt Lerchental;23.12.2019;Montag;2;1;1;1;0;1;3;28;106;80;77;87;86;71;88;101;88;69;56;24;2;2;2;3;0
652;11050;St.Gallen Stadt Lerchental;24.12.2019;Dienstag;1;1;0;1;0;0;1;5;25;31;45;64;104;84;69;52;50;38;14;3;2;2;1;0;2
653;11050;St.Gallen Stadt Lerchental;24.12.2019;Dienstag;2;2;2;2;0;0;4;17;71;44;57;73;69;66;44;56;50;14;9;3;1;0;1;1;1
654;11050;St.Gallen Stadt Lerchental;25.12.2019;Mittwoch;1;1;1;0;0;0;0;0;0;2;2;6;3;2;7;2;4;7;3;4;3;1;1;2;1
655;11050;St.Gallen Stadt Lerchental;25.12.2019;Mittwoch;2;1;1;0;0;0;0;0;0;1;2;2;5;3;6;4;5;3;3;2;0;1;2;2;0
656;11050;St.Gallen Stadt Lerchental;26.12.2019;Donnerstag;1;1;0;1;0;0;0;1;2;2;2;7;3;7;8;10;4;4;5;6;4;1;1;1;1
657;11050;St.Gallen Stadt Lerchental;26.12.2019;Donnerstag;2;1;1;0;0;0;0;0;3;1;6;9;3;5;3;4;8;6;3;2;1;2;2;0;1
658;11050;St.Gallen Stadt Lerchental;27.12.2019;Freitag;1;6;0;1;0;0;0;3;18;22;50;72;51;50;57;62;85;67;59;24;10;3;3;1;2
659;11050;St.Gallen Stadt Lerchental;27.12.2019;Freitag;2;0;1;2;0;0;3;13;43;60;47;59;45;45;70;81;68;42;35;15;3;3;1;2;2
660;11050;St.Gallen Stadt Lerchental;28.12.2019;Samstag;1;3;1;2;1;0;0;3;9;12;19;40;47;41;44;37;42;32;15;4;8;2;0;4;1
661;11050;St.Gallen Stadt Lerchental;28.12.2019;Samstag;2;4;0;4;2;0;1;6;17;17;26;39;41;48;38;49;36;33;7;2;0;0;1;3;0
662;11050;St.Gallen Stadt Lerchental;29.12.2019;Sonntag;1;0;1;1;0;0;0;0;0;3;7;1;5;5;6;8;13;12;1;3;2;0;6;0;0
663;11050;St.Gallen Stadt Lerchental;29.12.2019;Sonntag;2;0;1;1;1;0;0;0;2;3;3;1;8;1;12;5;10;6;4;2;2;0;1;3;0
664;11050;St.Gallen Stadt Lerchental;30.12.2019;Montag;1;0;0;1;0;0;1;7;14;29;46;61;109;76;51;69;74;73;84;39;8;4;3;1;0
665;11050;St.Gallen Stadt Lerchental;30.12.2019;Montag;2;1;2;1;0;0;2;23;52;49;55;76;78;57;78;72;61;79;47;31;3;3;0;1;1
666;11050;St.Gallen Stadt Lerchental;31.12.2019;Dienstag;1;0;1;2;0;0;1;1;6;30;36;59;62;77;68;72;64;52;16;5;5;2;4;0;0
667;11050;St.Gallen Stadt Lerchental;31.12.2019;Dienstag;2;1;1;3;0;0;4;12;43;45;52;54;62;64;86;70;56;25;5;3;2;0;3;0;0
