LNR;ORT-ID;BEZEICHNUNG;DATUM;WOCHENTAG;RI;1;2;3;4;5;6;7;8;9;10;11;12;13;14;15;16;17;18;19;20;21;22;23;24
0;11148;St.Gallen Stadt Letzistr.;01.01.2019;Dienstag;1;7;7;9;3;3;1;3;7;5;5;8;6;22;26;29;23;26;15;12;24;10;9;12;3
1;11148;St.Gallen Stadt Letzistr.;01.01.2019;Dienstag;2;11;6;15;17;2;1;2;3;4;9;7;14;20;17;24;29;21;15;19;13;9;14;10;5
2;11148;St.Gallen Stadt Letzistr.;02.01.2019;Mittwoch;1;4;1;0;2;6;17;58;72;60;89;127;129;94;155;161;114;88;57;35;18;18;7;9;4
3;11148;St.Gallen Stadt Letzistr.;02.01.2019;Mittwoch;2;6;2;1;3;2;7;20;28;29;79;104;142;97;120;160;127;123;109;44;30;20;7;15;5
4;11148;St.Gallen Stadt Letzistr.;03.01.2019;Donnerstag;1;2;1;4;8;12;24;99;133;95;119;122;123;100;148;166;121;110;78;43;28;18;19;3;0
5;11148;St.Gallen Stadt Letzistr.;03.01.2019;Donnerstag;2;7;2;1;6;5;9;34;46;67;96;99;143;110;91;166;150;146;160;77;33;23;22;13;6
6;11148;St.Gallen Stadt Letzistr.;04.01.2019;Freitag;1;6;1;5;4;10;31;98;115;87;104;132;123;100;150;145;157;100;99;43;33;17;13;7;13
7;11148;St.Gallen Stadt Letzistr.;04.01.2019;Freitag;2;6;2;2;7;3;13;31;37;57;82;132;158;103;127;132;170;161;155;84;37;24;16;16;11
8;11148;St.Gallen Stadt Letzistr.;05.01.2019;Samstag;1;4;6;3;1;1;4;6;24;49;103;155;130;86;46;42;38;35;22;18;20;21;14;7;11
9;11148;St.Gallen Stadt Letzistr.;05.01.2019;Samstag;2;11;8;1;1;1;5;8;8;32;83;143;152;92;41;51;41;41;34;25;16;15;12;10;8
10;11148;St.Gallen Stadt Letzistr.;06.01.2019;Sonntag;1;9;6;5;1;4;8;6;17;12;12;41;25;33;15;43;29;20;23;18;28;11;11;3;5
11;11148;St.Gallen Stadt Letzistr.;06.01.2019;Sonntag;2;6;6;4;3;3;8;7;7;13;15;23;20;42;21;31;31;25;27;26;26;18;15;2;5
12;11148;St.Gallen Stadt Letzistr.;07.01.2019;Montag;1;1;0;6;7;17;48;164;158;123;100;106;109;118;172;109;128;119;97;51;40;18;9;10;1
13;11148;St.Gallen Stadt Letzistr.;07.01.2019;Montag;2;3;2;1;8;4;21;50;81;81;110;95;131;126;106;150;140;177;222;102;44;31;20;20;13
14;11148;St.Gallen Stadt Letzistr.;08.01.2019;Dienstag;1;3;2;7;8;18;40;168;180;114;114;124;106;91;168;137;130;100;91;42;56;22;12;7;7
15;11148;St.Gallen Stadt Letzistr.;08.01.2019;Dienstag;2;2;2;1;3;5;14;48;63;73;88;105;148;106;119;134;140;181;216;91;42;42;20;32;6
16;11148;St.Gallen Stadt Letzistr.;09.01.2019;Mittwoch;1;1;4;6;5;16;38;153;182;98;89;95;102;116;136;116;107;112;85;100;64;11;13;20;51
17;11148;St.Gallen Stadt Letzistr.;09.01.2019;Mittwoch;2;8;3;2;5;4;15;53;69;57;76;102;135;109;107;121;133;161;219;108;51;25;17;16;21
18;11148;St.Gallen Stadt Letzistr.;10.01.2019;Donnerstag;1;5;2;5;10;17;43;128;150;112;110;121;80;91;97;66;68;70;82;64;30;17;14;16;7
19;11148;St.Gallen Stadt Letzistr.;10.01.2019;Donnerstag;2;4;1;3;5;6;21;56;57;71;70;71;92;98;74;74;86;135;194;111;35;31;15;16;13
20;11148;St.Gallen Stadt Letzistr.;11.01.2019;Freitag;1;2;3;8;11;19;43;137;150;105;111;96;100;104;142;139;123;109;66;48;35;28;16;14;11
21;11148;St.Gallen Stadt Letzistr.;11.01.2019;Freitag;2;1;1;5;7;8;17;43;72;64;90;89;126;123;111;129;158;175;158;76;34;20;21;35;19
22;11148;St.Gallen Stadt Letzistr.;12.01.2019;Samstag;1;14;2;4;2;1;12;10;27;50;96;162;141;93;65;60;53;37;34;40;23;17;11;16;12
23;11148;St.Gallen Stadt Letzistr.;12.01.2019;Samstag;2;18;5;3;2;1;10;1;11;31;79;155;141;101;57;58;49;42;33;35;22;17;16;14;25
24;11148;St.Gallen Stadt Letzistr.;13.01.2019;Sonntag;1;6;4;6;2;4;2;7;8;8;14;43;25;45;27;20;26;35;18;24;18;11;9;7;3
25;11148;St.Gallen Stadt Letzistr.;13.01.2019;Sonntag;2;14;7;8;2;2;0;3;2;7;18;19;21;40;21;21;31;46;26;21;24;17;7;5;1
26;11148;St.Gallen Stadt Letzistr.;14.01.2019;Montag;1;2;1;6;5;9;36;201;201;136;116;114;137;119;177;153;146;123;86;55;35;20;13;6;3
27;11148;St.Gallen Stadt Letzistr.;14.01.2019;Montag;2;0;1;2;6;2;9;62;79;83;117;103;151;124;113;152;157;218;221;100;38;28;29;6;22
28;11148;St.Gallen Stadt Letzistr.;15.01.2019;Dienstag;1;2;1;6;9;16;37;166;169;135;97;105;101;102;174;143;106;128;81;61;64;27;18;6;4
29;11148;St.Gallen Stadt Letzistr.;15.01.2019;Dienstag;2;3;2;2;7;5;10;57;83;90;90;97;144;109;119;134;137;189;244;96;55;34;36;27;17
30;11148;St.Gallen Stadt Letzistr.;16.01.2019;Mittwoch;1;1;3;7;6;10;38;184;179;136;104;115;119;100;167;145;128;126;107;59;41;26;27;10;5
31;11148;St.Gallen Stadt Letzistr.;16.01.2019;Mittwoch;2;3;6;2;5;3;16;60;83;84;88;114;163;108;115;141;140;192;237;111;57;43;22;13;23
32;11148;St.Gallen Stadt Letzistr.;17.01.2019;Donnerstag;1;2;4;5;6;12;33;172;192;125;117;102;114;109;152;137;135;100;103;49;45;30;19;13;3
33;11148;St.Gallen Stadt Letzistr.;17.01.2019;Donnerstag;2;2;2;5;2;5;9;55;96;64;112;106;146;110;105;128;137;188;216;100;49;49;41;13;19
34;11148;St.Gallen Stadt Letzistr.;18.01.2019;Freitag;1;4;0;3;6;20;38;163;192;126;113;116;123;125;175;131;149;129;86;55;35;26;23;15;10
35;11148;St.Gallen Stadt Letzistr.;18.01.2019;Freitag;2;4;3;2;4;6;18;71;78;74;101;114;129;121;148;151;157;229;169;98;51;25;29;22;18
36;11148;St.Gallen Stadt Letzistr.;19.01.2019;Samstag;1;10;1;3;6;0;7;11;52;79;157;194;186;106;74;77;68;45;53;26;32;17;11;17;5
37;11148;St.Gallen Stadt Letzistr.;19.01.2019;Samstag;2;20;13;4;4;2;5;8;18;54;139;183;199;137;68;73;77;43;52;18;16;22;19;15;14
38;11148;St.Gallen Stadt Letzistr.;20.01.2019;Sonntag;1;11;8;4;3;5;2;2;5;10;21;40;39;46;24;43;31;27;32;32;24;13;13;9;3
39;11148;St.Gallen Stadt Letzistr.;20.01.2019;Sonntag;2;12;8;17;9;6;1;1;4;8;21;23;30;52;39;28;23;29;33;29;29;17;6;13;6
40;11148;St.Gallen Stadt Letzistr.;21.01.2019;Montag;1;2;2;7;5;17;43;183;202;126;130;124;119;111;175;141;134;137;114;60;50;22;19;12;4
41;11148;St.Gallen Stadt Letzistr.;21.01.2019;Montag;2;2;2;3;4;5;17;64;89;72;109;127;158;117;122;158;153;211;249;85;64;31;33;15;13
42;11148;St.Gallen Stadt Letzistr.;22.01.2019;Dienstag;1;0;1;6;4;16;40;157;216;134;129;100;125;91;154;126;125;106;95;55;57;35;18;11;6
43;11148;St.Gallen Stadt Letzistr.;22.01.2019;Dienstag;2;2;3;1;5;4;12;57;89;87;105;94;153;109;107;129;140;183;228;101;48;39;39;24;17
44;11148;St.Gallen Stadt Letzistr.;23.01.2019;Mittwoch;1;0;1;4;4;13;35;153;161;117;116;122;115;110;156;129;120;102;76;66;38;18;14;17;3
45;11148;St.Gallen Stadt Letzistr.;23.01.2019;Mittwoch;2;2;4;2;4;2;8;59;72;90;91;101;129;112;114;150;139;174;217;95;47;30;21;24;14
46;11148;St.Gallen Stadt Letzistr.;24.01.2019;Donnerstag;1;2;0;6;6;16;41;163;189;125;125;106;117;102;155;103;104;121;91;52;42;22;25;10;3
47;11148;St.Gallen Stadt Letzistr.;24.01.2019;Donnerstag;2;2;2;3;4;3;14;55;93;68;108;108;120;117;110;147;115;161;239;101;51;28;41;12;15
48;11148;St.Gallen Stadt Letzistr.;25.01.2019;Freitag;1;1;1;6;8;24;39;153;135;128;126;144;111;115;158;176;163;115;94;52;36;37;27;27;6
49;11148;St.Gallen Stadt Letzistr.;25.01.2019;Freitag;2;2;1;5;6;6;16;51;63;86;106;117;129;139;129;160;184;211;165;94;63;28;35;21;9
50;11148;St.Gallen Stadt Letzistr.;26.01.2019;Samstag;1;7;7;1;4;9;5;12;21;63;126;179;184;97;78;60;49;53;43;24;27;27;25;21;19
51;11148;St.Gallen Stadt Letzistr.;26.01.2019;Samstag;2;17;8;6;5;1;1;9;15;53;115;167;168;124;70;62;75;53;48;39;18;18;31;13;16
52;11148;St.Gallen Stadt Letzistr.;27.01.2019;Sonntag;1;13;10;8;3;10;0;1;10;8;20;48;51;43;38;39;33;26;38;25;24;12;12;9;9
53;11148;St.Gallen Stadt Letzistr.;27.01.2019;Sonntag;2;16;23;9;4;10;3;2;4;4;21;25;40;58;29;41;35;26;50;30;30;19;11;8;4
54;11148;St.Gallen Stadt Letzistr.;28.01.2019;Montag;1;2;2;5;7;26;38;156;178;109;111;112;130;110;182;152;129;128;100;48;34;15;21;8;8
55;11148;St.Gallen Stadt Letzistr.;28.01.2019;Montag;2;4;2;3;7;9;22;48;79;58;102;102;153;112;113;146;137;186;212;101;46;26;26;26;10
56;11148;St.Gallen Stadt Letzistr.;29.01.2019;Dienstag;1;3;2;8;6;18;42;167;182;111;112;126;89;117;159;119;136;125;102;62;56;19;10;12;5
57;11148;St.Gallen Stadt Letzistr.;29.01.2019;Dienstag;2;4;4;2;8;8;20;57;76;79;92;105;112;113;115;130;143;198;226;90;49;44;18;37;24
58;11148;St.Gallen Stadt Letzistr.;30.01.2019;Mittwoch;1;5;2;8;6;18;45;155;173;120;113;123;119;113;132;135;125;144;105;60;48;20;20;13;4
59;11148;St.Gallen Stadt Letzistr.;30.01.2019;Mittwoch;2;6;3;2;8;3;15;54;65;64;99;118;151;116;98;117;150;190;245;81;66;31;22;25;13
60;11148;St.Gallen Stadt Letzistr.;31.01.2019;Donnerstag;1;5;2;6;5;10;35;146;173;101;93;102;105;92;172;125;117;139;92;57;52;20;20;9;8
61;11148;St.Gallen Stadt Letzistr.;31.01.2019;Donnerstag;2;5;1;3;5;8;13;47;81;58;82;78;121;105;142;131;120;201;197;94;56;28;34;20;20
62;11148;St.Gallen Stadt Letzistr.;01.02.2019;Freitag;1;3;0;5;7;14;38;151;151;120;106;148;138;93;144;193;154;152;92;57;47;35;22;18;11
63;11148;St.Gallen Stadt Letzistr.;01.02.2019;Freitag;2;2;3;3;8;3;15;58;71;73;109;121;172;104;119;194;174;209;166;70;46;34;32;24;19
64;11148;St.Gallen Stadt Letzistr.;02.02.2019;Samstag;1;2;4;2;1;7;4;16;48;61;143;169;173;124;86;67;59;56;29;25;26;15;12;6;8
65;11148;St.Gallen Stadt Letzistr.;02.02.2019;Samstag;2;17;5;4;2;3;3;9;21;53;109;147;177;128;81;75;73;53;37;28;22;11;17;11;15
66;11148;St.Gallen Stadt Letzistr.;03.02.2019;Sonntag;1;10;4;9;6;4;7;10;9;13;19;30;25;20;29;36;28;27;21;20;16;13;11;13;7
67;11148;St.Gallen Stadt Letzistr.;03.02.2019;Sonntag;2;9;7;7;7;6;4;11;2;9;17;21;19;37;29;30;26;34;24;25;19;16;14;5;5
68;11148;St.Gallen Stadt Letzistr.;04.02.2019;Montag;1;2;4;8;10;25;35;166;171;115;112;129;98;107;157;136;124;142;99;66;48;24;20;9;3
69;11148;St.Gallen Stadt Letzistr.;04.02.2019;Montag;2;4;0;2;10;10;10;43;75;92;84;109;130;105;127;147;124;178;240;109;52;30;30;33;9
70;11148;St.Gallen Stadt Letzistr.;05.02.2019;Dienstag;1;4;2;6;7;19;38;168;189;99;102;107;100;98;143;127;118;98;104;82;48;27;22;10;3
71;11148;St.Gallen Stadt Letzistr.;05.02.2019;Dienstag;2;3;4;2;3;3;8;42;79;81;86;102;120;126;95;140;112;178;223;113;60;40;29;28;15
72;11148;St.Gallen Stadt Letzistr.;06.02.2019;Mittwoch;1;1;0;5;6;17;40;191;185;122;120;109;104;105;180;125;112;135;109;78;61;19;20;27;7
73;11148;St.Gallen Stadt Letzistr.;06.02.2019;Mittwoch;2;3;1;1;6;3;10;62;88;78;95;112;143;119;121;133;154;176;249;121;63;24;18;67;12
74;11148;St.Gallen Stadt Letzistr.;07.02.2019;Donnerstag;1;0;2;6;5;19;34;167;185;116;105;137;98;103;161;136;121;149;89;85;48;19;20;12;6
75;11148;St.Gallen Stadt Letzistr.;07.02.2019;Donnerstag;2;3;4;2;4;5;11;48;72;97;90;116;135;122;118;151;124;185;234;109;60;41;30;33;7
76;11148;St.Gallen Stadt Letzistr.;08.02.2019;Freitag;1;1;1;8;7;21;34;175;158;105;107;117;113;110;154;155;146;116;98;85;42;35;17;18;9
77;11148;St.Gallen Stadt Letzistr.;08.02.2019;Freitag;2;2;1;1;5;2;13;61;72;81;89;106;153;110;136;158;152;226;188;105;54;28;23;22;24
78;11148;St.Gallen Stadt Letzistr.;09.02.2019;Samstag;1;7;1;1;1;8;9;33;25;74;167;186;159;116;98;50;75;56;47;33;20;30;23;22;10
79;11148;St.Gallen Stadt Letzistr.;09.02.2019;Samstag;2;8;7;3;0;3;1;12;20;53;135;175;180;123;94;75;67;51;64;40;18;23;17;18;10
80;11148;St.Gallen Stadt Letzistr.;10.02.2019;Sonntag;1;12;1;13;3;1;3;2;9;11;19;53;35;30;52;30;34;39;34;19;19;13;9;10;1
81;11148;St.Gallen Stadt Letzistr.;10.02.2019;Sonntag;2;11;17;23;10;0;2;3;5;13;17;19;37;39;42;36;31;45;36;21;21;20;9;6;2
82;11148;St.Gallen Stadt Letzistr.;11.02.2019;Montag;1;2;3;7;4;17;43;184;201;139;130;131;127;101;196;141;115;166;108;54;35;13;15;9;1
83;11148;St.Gallen Stadt Letzistr.;11.02.2019;Montag;2;1;1;2;4;5;11;60;96;81;101;121;160;110;133;153;128;220;250;111;47;28;13;15;17
84;11148;St.Gallen Stadt Letzistr.;12.02.2019;Dienstag;1;1;2;4;7;19;41;156;212;134;98;144;118;106;172;138;135;120;98;75;60;20;16;7;3
85;11148;St.Gallen Stadt Letzistr.;12.02.2019;Dienstag;2;3;6;0;4;4;15;59;82;92;79;125;150;120;140;145;129;176;253;104;81;40;40;26;13
86;11148;St.Gallen Stadt Letzistr.;13.02.2019;Mittwoch;1;0;2;6;3;12;46;179;204;127;120;132;114;119;164;127;128;132;113;77;44;33;17;15;5
87;11148;St.Gallen Stadt Letzistr.;13.02.2019;Mittwoch;2;0;4;1;3;4;16;69;97;86;92;124;164;129;109;129;128;187;260;118;65;32;24;38;9
88;11148;St.Gallen Stadt Letzistr.;14.02.2019;Donnerstag;1;1;5;4;4;13;42;156;190;120;129;137;95;98;154;101;108;138;104;84;35;31;18;10;8
89;11148;St.Gallen Stadt Letzistr.;14.02.2019;Donnerstag;2;0;1;1;4;4;19;63;80;87;95;122;140;107;110;129;132;187;242;128;48;25;35;24;11
90;11148;St.Gallen Stadt Letzistr.;15.02.2019;Freitag;1;0;1;6;3;14;34;172;173;121;125;120;133;117;148;149;158;139;124;81;44;33;29;19;8
91;11148;St.Gallen Stadt Letzistr.;15.02.2019;Freitag;2;2;3;0;2;4;19;55;77;80;95;108;165;122;107;140;157;227;220;113;64;30;32;25;28
92;11148;St.Gallen Stadt Letzistr.;16.02.2019;Samstag;1;6;1;4;3;2;6;17;32;63;173;191;162;135;76;72;64;57;63;57;38;20;20;15;10
93;11148;St.Gallen Stadt Letzistr.;16.02.2019;Samstag;2;11;3;5;1;1;3;15;24;40;118;171;186;130;90;77;76;52;70;44;29;23;35;23;11
94;11148;St.Gallen Stadt Letzistr.;17.02.2019;Sonntag;1;7;10;4;1;6;2;1;6;18;17;58;31;33;34;38;34;35;19;23;30;16;14;7;0
95;11148;St.Gallen Stadt Letzistr.;17.02.2019;Sonntag;2;9;7;3;4;4;1;1;3;13;20;25;26;36;50;33;44;36;36;24;22;15;12;5;3
96;11148;St.Gallen Stadt Letzistr.;18.02.2019;Montag;1;5;2;5;4;16;37;187;204;117;129;126;119;126;204;128;144;135;98;78;41;24;21;9;4
97;11148;St.Gallen Stadt Letzistr.;18.02.2019;Montag;2;7;1;1;2;6;18;58;85;75;88;120;171;112;123;149;163;205;234;123;46;28;32;14;16
98;11148;St.Gallen Stadt Letzistr.;19.02.2019;Dienstag;1;1;2;6;3;14;43;176;211;122;136;125;118;98;155;122;121;143;91;74;39;27;14;11;4
99;11148;St.Gallen Stadt Letzistr.;19.02.2019;Dienstag;2;4;5;0;5;3;13;63;93;95;107;99;149;114;108;132;149;202;254;108;61;36;36;9;17
100;11148;St.Gallen Stadt Letzistr.;20.02.2019;Mittwoch;1;3;1;5;5;12;46;182;187;141;120;137;128;115;172;154;142;145;101;69;47;28;16;17;3
101;11148;St.Gallen Stadt Letzistr.;20.02.2019;Mittwoch;2;3;3;1;5;5;14;60;102;89;99;107;150;129;112;162;146;231;214;107;56;30;28;17;22
102;11148;St.Gallen Stadt Letzistr.;21.02.2019;Donnerstag;1;3;1;4;5;14;42;180;191;146;149;117;125;95;177;134;133;142;101;76;48;26;29;16;5
103;11148;St.Gallen Stadt Letzistr.;21.02.2019;Donnerstag;2;4;2;2;4;5;15;69;81;95;115;113;151;106;97;138;141;201;242;123;42;43;39;12;15
104;11148;St.Gallen Stadt Letzistr.;22.02.2019;Freitag;1;5;3;7;3;14;33;160;184;133;139;170;179;109;171;169;143;160;138;82;40;40;28;21;12
105;11148;St.Gallen Stadt Letzistr.;22.02.2019;Freitag;2;5;0;4;5;6;15;49;76;88;106;148;136;161;166;191;164;243;191;106;68;52;33;36;17
106;11148;St.Gallen Stadt Letzistr.;23.02.2019;Samstag;1;6;12;1;3;3;7;38;43;63;182;177;197;114;84;79;61;51;48;23;19;16;17;10;11
107;11148;St.Gallen Stadt Letzistr.;23.02.2019;Samstag;2;16;16;7;5;2;3;14;25;50;164;173;189;115;71;91;71;90;52;56;16;14;18;17;10
108;11148;St.Gallen Stadt Letzistr.;24.02.2019;Sonntag;1;8;3;5;1;3;4;3;8;15;20;49;32;47;44;41;40;32;41;27;26;20;8;10;2
109;11148;St.Gallen Stadt Letzistr.;24.02.2019;Sonntag;2;8;6;2;3;1;4;1;3;18;28;22;30;48;39;30;40;34;34;36;31;18;10;9;2
110;11148;St.Gallen Stadt Letzistr.;25.02.2019;Montag;1;2;1;5;3;11;32;174;231;124;143;141;132;105;189;146;132;157;124;73;34;29;12;14;8
111;11148;St.Gallen Stadt Letzistr.;25.02.2019;Montag;2;2;1;1;4;3;19;51;100;123;124;148;149;124;143;148;148;223;287;128;44;43;23;18;19
112;11148;St.Gallen Stadt Letzistr.;26.02.2019;Dienstag;1;3;3;6;12;12;34;169;235;134;121;134;117;103;143;133;144;148;89;98;51;29;20;8;3
113;11148;St.Gallen Stadt Letzistr.;26.02.2019;Dienstag;2;5;1;2;5;6;12;57;99;114;94;129;147;101;90;140;148;204;274;140;61;42;32;13;17
114;11148;St.Gallen Stadt Letzistr.;27.02.2019;Mittwoch;1;0;3;6;3;12;39;181;203;139;139;133;126;127;167;156;173;138;151;144;127;59;18;12;8
115;11148;St.Gallen Stadt Letzistr.;27.02.2019;Mittwoch;2;1;3;3;4;3;16;52;118;101;106;119;163;107;126;166;178;206;305;146;182;55;23;24;21
116;11148;St.Gallen Stadt Letzistr.;28.02.2019;Donnerstag;1;2;2;7;5;9;37;172;186;118;140;120;113;96;170;125;148;130;96;72;47;23;22;9;5
117;11148;St.Gallen Stadt Letzistr.;28.02.2019;Donnerstag;2;2;0;2;3;2;9;54;96;80;106;128;137;116;119;132;145;193;192;118;63;32;32;30;9
118;11148;St.Gallen Stadt Letzistr.;01.03.2019;Freitag;1;3;1;6;3;12;40;166;173;138;129;140;129;100;156;155;146;143;108;67;56;37;22;16;12
119;11148;St.Gallen Stadt Letzistr.;01.03.2019;Freitag;2;3;2;4;4;4;7;51;95;90;111;113;148;137;145;148;155;226;215;87;58;26;39;32;16
120;11148;St.Gallen Stadt Letzistr.;02.03.2019;Samstag;1;10;14;9;4;4;10;13;44;78;184;199;172;120;77;66;65;65;42;26;28;23;20;20;9
121;11148;St.Gallen Stadt Letzistr.;02.03.2019;Samstag;2;21;17;13;8;3;9;9;23;49;162;173;186;136;78;57;75;56;45;34;29;19;11;16;14
122;11148;St.Gallen Stadt Letzistr.;03.03.2019;Sonntag;1;8;4;2;2;2;0;6;6;13;22;60;38;49;56;51;71;41;44;32;24;13;7;10;3
123;11148;St.Gallen Stadt Letzistr.;03.03.2019;Sonntag;2;19;4;8;4;3;0;5;1;13;32;18;32;50;58;47;67;41;33;53;28;21;7;7;3
124;11148;St.Gallen Stadt Letzistr.;04.03.2019;Montag;1;0;1;4;6;11;43;186;226;147;159;117;129;115;186;143;152;128;111;72;44;22;15;9;5
125;11148;St.Gallen Stadt Letzistr.;04.03.2019;Montag;2;1;0;2;5;4;16;51;98;110;125;134;172;100;153;145;161;213;269;102;48;35;25;22;16
126;11148;St.Gallen Stadt Letzistr.;05.03.2019;Dienstag;1;2;2;4;3;13;37;179;216;131;128;111;118;104;166;116;121;142;91;77;50;38;16;7;4
127;11148;St.Gallen Stadt Letzistr.;05.03.2019;Dienstag;2;2;2;4;3;2;14;52;93;90;112;115;139;105;115;136;154;189;276;121;47;40;38;26;10
128;11148;St.Gallen Stadt Letzistr.;06.03.2019;Mittwoch;1;4;2;7;3;16;38;197;208;118;135;121;127;105;181;160;137;136;112;69;46;25;15;14;6
129;11148;St.Gallen Stadt Letzistr.;06.03.2019;Mittwoch;2;1;2;3;4;2;14;48;99;82;117;126;147;124;133;150;157;190;275;101;58;22;16;15;31
130;11148;St.Gallen Stadt Letzistr.;07.03.2019;Donnerstag;1;0;2;4;1;18;47;190;200;136;115;113;105;107;167;156;123;138;121;80;52;29;23;5;5
131;11148;St.Gallen Stadt Letzistr.;07.03.2019;Donnerstag;2;0;4;1;2;6;8;64;101;80;100;93;143;105;108;146;145;179;282;132;50;36;45;12;15
132;11148;St.Gallen Stadt Letzistr.;08.03.2019;Freitag;1;1;2;7;6;17;36;184;188;130;123;135;127;109;172;173;178;124;115;72;55;21;16;18;10
133;11148;St.Gallen Stadt Letzistr.;08.03.2019;Freitag;2;0;5;3;7;3;14;54;85;96;109;130;137;110;141;154;202;217;204;104;64;30;24;19;24
134;11148;St.Gallen Stadt Letzistr.;09.03.2019;Samstag;1;5;2;1;5;4;5;15;42;82;159;183;169;113;64;72;53;49;35;39;44;17;11;11;9
135;11148;St.Gallen Stadt Letzistr.;09.03.2019;Samstag;2;9;4;4;5;2;1;8;24;63;133;164;166;131;72;75;57;58;39;24;24;17;26;15;15
136;11148;St.Gallen Stadt Letzistr.;10.03.2019;Sonntag;1;7;8;5;2;6;4;4;10;17;16;48;25;37;35;28;27;25;23;27;32;24;13;4;5
137;11148;St.Gallen Stadt Letzistr.;10.03.2019;Sonntag;2;14;7;7;7;2;6;9;4;18;17;21;27;45;40;31;23;32;30;32;30;25;12;5;5
138;11148;St.Gallen Stadt Letzistr.;11.03.2019;Montag;1;0;1;7;4;15;42;203;200;138;142;123;138;85;184;123;128;121;117;56;33;27;21;5;6
139;11148;St.Gallen Stadt Letzistr.;11.03.2019;Montag;2;1;2;1;5;3;18;63;102;98;88;103;160;110;131;131;149;194;248;110;40;29;30;13;25
140;11148;St.Gallen Stadt Letzistr.;12.03.2019;Dienstag;1;0;1;7;4;17;36;199;210;126;126;117;126;114;167;119;135;113;118;72;60;27;18;12;5
141;11148;St.Gallen Stadt Letzistr.;12.03.2019;Dienstag;2;0;0;1;4;4;12;48;105;97;122;109;160;121;104;135;163;206;279;102;67;31;31;22;27
142;11148;St.Gallen Stadt Letzistr.;13.03.2019;Mittwoch;1;1;3;6;3;18;41;196;199;114;117;110;123;112;148;127;129;137;106;68;38;23;16;13;7
143;11148;St.Gallen Stadt Letzistr.;13.03.2019;Mittwoch;2;1;2;3;5;3;13;53;125;93;79;95;140;105;118;141;133;193;260;97;40;35;22;27;26
144;11148;St.Gallen Stadt Letzistr.;14.03.2019;Donnerstag;1;0;1;6;2;17;33;198;171;119;130;121;128;120;149;142;122;139;104;66;59;22;20;15;7
145;11148;St.Gallen Stadt Letzistr.;14.03.2019;Donnerstag;2;2;3;3;4;5;11;58;114;74;120;105;124;122;126;151;150;169;248;107;37;35;42;25;28
146;11148;St.Gallen Stadt Letzistr.;15.03.2019;Freitag;1;0;0;8;1;12;33;184;180;138;128;136;123;136;141;169;148;132;102;74;49;34;20;16;9
147;11148;St.Gallen Stadt Letzistr.;15.03.2019;Freitag;2;2;3;2;3;1;7;53;103;91;110;119;156;121;134;170;158;207;172;99;57;38;29;26;30
148;11148;St.Gallen Stadt Letzistr.;16.03.2019;Samstag;1;6;2;3;3;3;8;13;35;82;175;191;208;138;75;71;86;67;58;67;25;27;19;19;12
149;11148;St.Gallen Stadt Letzistr.;16.03.2019;Samstag;2;15;7;2;4;1;5;15;22;60;158;159;197;131;85;83;74;65;54;71;28;31;32;19;9
150;11148;St.Gallen Stadt Letzistr.;17.03.2019;Sonntag;1;7;3;3;1;5;1;6;19;22;24;65;43;57;39;34;30;37;35;13;18;16;12;6;4
151;11148;St.Gallen Stadt Letzistr.;17.03.2019;Sonntag;2;16;5;2;3;6;1;6;9;21;28;38;45;67;36;39;30;41;37;22;20;14;14;8;6
152;11148;St.Gallen Stadt Letzistr.;18.03.2019;Montag;1;0;1;9;6;14;43;210;189;140;148;123;114;121;184;155;152;127;128;86;47;22;15;1;4
153;11148;St.Gallen Stadt Letzistr.;18.03.2019;Montag;2;2;1;4;4;6;16;60;104;97;120;118;132;130;137;162;164;193;277;122;52;26;27;17;21
154;11148;St.Gallen Stadt Letzistr.;19.03.2019;Dienstag;1;2;1;6;2;17;36;202;229;111;139;126;123;103;167;162;144;156;109;75;59;30;19;10;5
155;11148;St.Gallen Stadt Letzistr.;19.03.2019;Dienstag;2;2;2;3;4;6;12;63;100;86;137;108;150;111;114;156;145;208;300;134;61;41;36;17;25
156;11148;St.Gallen Stadt Letzistr.;20.03.2019;Mittwoch;1;3;0;5;3;17;40;206;199;131;133;120;128;97;167;154;147;128;127;77;60;23;14;11;0
157;11148;St.Gallen Stadt Letzistr.;20.03.2019;Mittwoch;2;2;2;1;4;5;9;57;125;102;124;113;162;125;115;153;154;177;294;130;52;38;16;25;11
158;11148;St.Gallen Stadt Letzistr.;21.03.2019;Donnerstag;1;1;1;9;4;17;44;199;187;126;121;97;109;99;172;151;159;151;121;77;52;22;20;14;6
159;11148;St.Gallen Stadt Letzistr.;21.03.2019;Donnerstag;2;11;1;3;7;4;16;65;103;83;126;120;144;125;121;147;174;210;257;124;59;43;30;28;17
160;11148;St.Gallen Stadt Letzistr.;22.03.2019;Freitag;1;1;4;4;6;17;43;188;189;168;141;129;120;132;233;193;154;150;138;66;50;28;25;11;4
161;11148;St.Gallen Stadt Letzistr.;22.03.2019;Freitag;2;1;6;3;7;3;17;57;93;112;119;144;175;135;172;210;208;259;252;106;53;38;26;31;17
162;11148;St.Gallen Stadt Letzistr.;23.03.2019;Samstag;1;11;4;0;3;0;6;27;52;114;175;197;198;142;78;83;71;59;39;38;26;24;17;14;9
163;11148;St.Gallen Stadt Letzistr.;23.03.2019;Samstag;2;15;6;1;1;0;7;20;27;73;182;182;189;137;84;76;88;82;59;34;30;20;14;14;20
164;11148;St.Gallen Stadt Letzistr.;24.03.2019;Sonntag;1;6;4;3;2;3;3;4;9;16;37;83;67;58;56;63;56;43;41;35;20;18;19;7;2
165;11148;St.Gallen Stadt Letzistr.;24.03.2019;Sonntag;2;10;5;4;6;1;2;4;5;22;27;51;72;77;50;68;50;50;42;26;25;29;16;9;1
166;11148;St.Gallen Stadt Letzistr.;25.03.2019;Montag;1;3;0;9;3;18;35;207;209;125;165;155;153;125;184;154;139;172;113;86;45;21;15;7;2
167;11148;St.Gallen Stadt Letzistr.;25.03.2019;Montag;2;1;1;1;4;3;11;63;117;100;157;137;165;130;122;136;147;224;277;108;46;25;24;18;13
168;11148;St.Gallen Stadt Letzistr.;26.03.2019;Dienstag;1;2;1;11;4;14;33;203;210;128;114;138;111;118;169;162;149;144;134;87;48;39;13;12;4
169;11148;St.Gallen Stadt Letzistr.;26.03.2019;Dienstag;2;0;2;4;3;3;10;59;215;90;119;116;152;115;121;165;166;207;298;133;56;49;32;22;16
170;11148;St.Gallen Stadt Letzistr.;27.03.2019;Mittwoch;1;0;0;6;6;14;35;219;199;154;137;126;112;116;187;141;152;128;106;80;44;22;11;14;6
171;11148;St.Gallen Stadt Letzistr.;27.03.2019;Mittwoch;2;7;4;2;6;5;10;81;112;108;149;116;154;114;132;147;142;212;285;115;44;32;23;19;22
172;11148;St.Gallen Stadt Letzistr.;28.03.2019;Donnerstag;1;1;0;6;4;15;40;193;210;147;142;132;114;115;180;160;138;161;125;87;56;25;18;19;4
173;11148;St.Gallen Stadt Letzistr.;28.03.2019;Donnerstag;2;8;2;3;6;4;14;66;101;111;127;116;133;125;121;147;155;205;279;128;64;38;36;31;10
174;11148;St.Gallen Stadt Letzistr.;29.03.2019;Freitag;1;1;1;5;5;15;38;195;203;135;172;158;170;126;215;184;173;179;156;94;56;38;26;25;4
175;11148;St.Gallen Stadt Letzistr.;29.03.2019;Freitag;2;2;1;4;5;3;14;61;95;96;149;168;213;184;148;197;215;257;246;121;89;47;33;13;27
176;11148;St.Gallen Stadt Letzistr.;30.03.2019;Samstag;1;5;8;0;2;2;8;23;71;145;241;250;227;144;124;109;118;62;50;40;34;25;14;5;10
177;11148;St.Gallen Stadt Letzistr.;30.03.2019;Samstag;2;19;1;5;4;2;6;8;33;111;209;234;221;189;127;122;125;97;55;55;20;26;15;12;19
178;11148;St.Gallen Stadt Letzistr.;31.03.2019;Sonntag;1;5;0;8;8;2;1;3;6;10;31;59;55;48;49;52;38;41;28;26;28;22;13;11;2
179;11148;St.Gallen Stadt Letzistr.;31.03.2019;Sonntag;2;6;0;6;12;2;1;2;4;7;25;35;50;71;51;42;38;39;33;35;24;27;17;10;5
180;11148;St.Gallen Stadt Letzistr.;01.04.2019;Montag;1;0;0;7;5;14;39;184;213;138;126;145;144;126;170;142;169;164;120;100;43;22;27;11;5
181;11148;St.Gallen Stadt Letzistr.;01.04.2019;Montag;2;0;1;2;5;2;11;57;110;94;121;135;159;129;117;153;172;222;279;147;57;25;38;24;25
182;11148;St.Gallen Stadt Letzistr.;02.04.2019;Dienstag;1;2;0;6;5;11;38;194;194;121;117;134;121;101;188;139;153;144;97;89;65;34;15;10;1
183;11148;St.Gallen Stadt Letzistr.;02.04.2019;Dienstag;2;4;2;1;5;2;10;69;93;82;98;138;143;122;134;140;151;221;238;120;80;40;31;24;18
184;11148;St.Gallen Stadt Letzistr.;03.04.2019;Mittwoch;1;3;3;8;4;16;39;197;201;155;113;149;154;100;151;141;159;152;127;111;82;24;32;22;4
185;11148;St.Gallen Stadt Letzistr.;03.04.2019;Mittwoch;2;3;3;2;4;3;7;69;111;111;123;118;161;113;135;153;147;206;254;143;82;33;25;97;22
186;11148;St.Gallen Stadt Letzistr.;04.04.2019;Donnerstag;1;3;1;4;4;12;39;188;202;150;115;126;127;111;163;122;123;137;81;66;58;34;27;19;8
187;11148;St.Gallen Stadt Letzistr.;04.04.2019;Donnerstag;2;3;4;5;6;4;10;60;107;104;102;119;142;109;105;133;129;193;215;110;59;43;36;34;12
188;11148;St.Gallen Stadt Letzistr.;05.04.2019;Freitag;1;4;1;4;5;19;39;185;185;119;141;146;152;111;169;166;150;133;80;76;59;25;28;23;11
189;11148;St.Gallen Stadt Letzistr.;05.04.2019;Freitag;2;2;1;2;6;5;7;69;89;93;118;127;170;122;141;171;162;212;191;93;63;25;32;29;29
190;11148;St.Gallen Stadt Letzistr.;06.04.2019;Samstag;1;6;6;3;2;3;4;15;41;64;154;212;186;109;80;71;82;57;41;31;26;21;11;6;13
191;11148;St.Gallen Stadt Letzistr.;06.04.2019;Samstag;2;13;10;3;6;5;3;7;18;54;127;196;203;134;88;76;68;57;39;31;22;24;16;7;12
192;11148;St.Gallen Stadt Letzistr.;07.04.2019;Sonntag;1;7;4;2;3;3;2;2;9;21;24;58;36;33;30;47;31;32;31;27;21;18;10;7;3
193;11148;St.Gallen Stadt Letzistr.;07.04.2019;Sonntag;2;15;2;3;3;4;2;1;1;17;23;37;43;46;24;31;37;29;28;26;26;20;8;7;4
194;11148;St.Gallen Stadt Letzistr.;08.04.2019;Montag;1;1;1;6;7;11;43;184;211;129;140;147;138;105;195;181;144;143;114;65;39;18;10;7;2
195;11148;St.Gallen Stadt Letzistr.;08.04.2019;Montag;2;4;0;3;5;5;19;67;89;97;117;124;167;109;122;202;155;192;272;111;50;26;17;19;16
196;11148;St.Gallen Stadt Letzistr.;09.04.2019;Dienstag;1;4;0;5;6;14;45;181;186;119;125;130;123;106;161;161;137;122;127;72;46;36;11;9;6
197;11148;St.Gallen Stadt Letzistr.;09.04.2019;Dienstag;2;6;0;1;6;2;18;58;85;75;108;112;158;119;110;161;130;186;238;122;65;40;31;24;13
198;11148;St.Gallen Stadt Letzistr.;10.04.2019;Mittwoch;1;2;2;3;3;17;29;197;176;128;110;135;120;86;164;133;123;136;122;54;48;26;15;17;7
199;11148;St.Gallen Stadt Letzistr.;10.04.2019;Mittwoch;2;2;2;2;2;4;11;71;97;79;85;114;127;106;125;146;123;204;232;107;46;27;32;28;22
200;11148;St.Gallen Stadt Letzistr.;11.04.2019;Donnerstag;1;2;1;8;4;14;45;169;173;109;120;118;119;69;142;132;166;138;125;60;51;27;23;10;10
201;11148;St.Gallen Stadt Letzistr.;11.04.2019;Donnerstag;2;1;1;2;4;2;11;61;94;69;90;118;134;43;102;149;147;194;217;118;59;33;32;12;18
202;11148;St.Gallen Stadt Letzistr.;12.04.2019;Freitag;1;7;4;5;5;20;45;174;176;126;125;140;128;121;147;153;157;131;94;62;42;21;20;14;8
203;11148;St.Gallen Stadt Letzistr.;12.04.2019;Freitag;2;8;11;2;3;2;16;58;105;74;117;129;154;135;125;151;169;224;186;87;52;27;19;22;19
204;11148;St.Gallen Stadt Letzistr.;13.04.2019;Samstag;1;4;5;3;1;8;2;12;32;74;151;194;140;111;66;59;55;39;38;27;16;17;5;10;5
205;11148;St.Gallen Stadt Letzistr.;13.04.2019;Samstag;2;9;8;4;2;5;3;14;16;60;117;178;163;100;62;73;58;45;50;32;21;11;5;5;11
206;11148;St.Gallen Stadt Letzistr.;14.04.2019;Sonntag;1;6;7;2;3;0;0;5;5;13;12;43;21;19;28;24;32;26;28;22;14;23;11;8;3
207;11148;St.Gallen Stadt Letzistr.;14.04.2019;Sonntag;2;8;8;2;3;2;1;2;1;11;22;11;22;36;27;18;29;26;26;18;15;25;10;7;2
208;11148;St.Gallen Stadt Letzistr.;15.04.2019;Montag;1;0;3;5;5;15;34;169;174;134;129;142;146;127;187;137;146;131;103;91;52;23;18;9;3
209;11148;St.Gallen Stadt Letzistr.;15.04.2019;Montag;2;2;2;2;7;4;17;56;96;76;123;127;158;127;128;162;156;185;227;121;60;32;25;10;10
210;11148;St.Gallen Stadt Letzistr.;16.04.2019;Dienstag;1;1;3;7;4;13;38;174;171;114;132;134;119;120;149;148;158;154;112;87;48;28;15;12;2
211;11148;St.Gallen Stadt Letzistr.;16.04.2019;Dienstag;2;1;10;5;2;5;9;76;96;73;129;129;130;137;105;161;137;199;240;113;59;39;18;17;9
212;11148;St.Gallen Stadt Letzistr.;17.04.2019;Mittwoch;1;3;2;4;6;18;45;161;164;121;120;117;141;107;178;136;135;138;134;67;35;37;21;15;3
213;11148;St.Gallen Stadt Letzistr.;17.04.2019;Mittwoch;2;3;13;1;6;4;19;62;93;86;107;98;164;110;118;158;140;192;227;108;41;43;23;11;22
214;11148;St.Gallen Stadt Letzistr.;18.04.2019;Donnerstag;1;2;5;5;2;14;38;151;191;129;135;151;157;117;208;170;150;129;84;51;42;31;15;12;9
215;11148;St.Gallen Stadt Letzistr.;18.04.2019;Donnerstag;2;11;1;1;2;3;15;69;90;88;131;140;164;119;151;186;189;219;145;70;38;38;17;17;17
216;11148;St.Gallen Stadt Letzistr.;19.04.2019;Freitag;1;0;5;4;2;1;2;6;4;25;28;36;56;42;52;37;47;29;32;30;25;20;11;12;5
217;11148;St.Gallen Stadt Letzistr.;19.04.2019;Freitag;2;16;4;2;4;0;7;4;3;15;23;35;55;30;43;52;41;29;35;35;16;22;11;9;9
218;11148;St.Gallen Stadt Letzistr.;20.04.2019;Samstag;1;3;3;1;1;0;3;7;27;96;172;187;161;86;72;59;71;62;67;32;22;29;26;20;15
219;11148;St.Gallen Stadt Letzistr.;20.04.2019;Samstag;2;5;3;1;3;3;0;8;13;65;163;179;160;109;73;61;65;54;55;36;20;33;39;18;15
220;11148;St.Gallen Stadt Letzistr.;21.04.2019;Sonntag;1;5;1;4;3;1;1;4;5;10;24;54;29;37;27;24;32;22;23;25;29;12;15;14;3
221;11148;St.Gallen Stadt Letzistr.;21.04.2019;Sonntag;2;6;0;1;2;1;3;3;3;10;17;37;35;45;25;22;19;23;24;19;28;14;13;7;7
222;11148;St.Gallen Stadt Letzistr.;22.04.2019;Montag;1;9;1;1;0;4;1;3;7;21;27;29;54;54;40;29;40;40;26;31;19;13;15;10;4
223;11148;St.Gallen Stadt Letzistr.;22.04.2019;Montag;2;5;1;2;0;2;0;4;6;9;26;37;38;39;33;41;38;46;31;34;24;18;14;10;2
224;11148;St.Gallen Stadt Letzistr.;23.04.2019;Dienstag;1;1;3;3;6;13;33;180;192;182;155;179;127;121;165;161;148;145;133;78;43;28;20;13;13
225;11148;St.Gallen Stadt Letzistr.;23.04.2019;Dienstag;2;0;1;2;6;4;9;67;101;101;129;169;175;129;124;178;134;199;256;127;53;43;26;22;7
226;11148;St.Gallen Stadt Letzistr.;24.04.2019;Mittwoch;1;3;1;5;3;17;40;184;205;147;161;142;152;114;163;134;127;118;108;79;66;31;18;17;9
227;11148;St.Gallen Stadt Letzistr.;24.04.2019;Mittwoch;2;9;4;1;3;9;17;75;111;85;137;118;160;130;117;130;156;182;259;126;57;39;47;13;10
228;11148;St.Gallen Stadt Letzistr.;25.04.2019;Donnerstag;1;1;2;7;4;16;36;172;197;121;130;141;119;126;158;162;148;164;101;77;59;30;22;17;11
229;11148;St.Gallen Stadt Letzistr.;25.04.2019;Donnerstag;2;7;1;4;4;4;10;64;98;85;109;110;166;127;110;173;140;223;242;113;47;57;26;18;16
230;11148;St.Gallen Stadt Letzistr.;26.04.2019;Freitag;1;2;2;5;5;15;45;166;165;149;154;151;111;109;169;139;149;117;97;67;47;20;16;25;13
231;11148;St.Gallen Stadt Letzistr.;26.04.2019;Freitag;2;9;4;8;4;3;12;61;87;83;117;125;150;118;117;150;173;195;203;106;53;25;27;19;18
232;11148;St.Gallen Stadt Letzistr.;27.04.2019;Samstag;1;6;2;3;2;3;10;18;32;85;152;200;187;147;65;69;56;39;34;20;25;18;13;15;13
233;11148;St.Gallen Stadt Letzistr.;27.04.2019;Samstag;2;19;11;4;2;3;7;15;25;47;135;191;190;145;64;70;63;48;44;18;19;21;13;8;8
234;11148;St.Gallen Stadt Letzistr.;28.04.2019;Sonntag;1;9;3;4;3;4;2;7;17;9;16;58;41;52;46;51;76;32;37;34;20;21;15;4;2
235;11148;St.Gallen Stadt Letzistr.;28.04.2019;Sonntag;2;14;8;4;4;2;2;5;13;10;25;28;22;62;35;53;55;47;40;81;13;16;15;9;4
236;11148;St.Gallen Stadt Letzistr.;29.04.2019;Montag;1;0;1;6;4;10;43;179;178;135;137;169;127;105;175;161;179;154;110;84;37;20;14;6;7
237;11148;St.Gallen Stadt Letzistr.;29.04.2019;Montag;2;0;1;2;3;5;15;64;120;75;112;139;163;131;124;154;186;189;251;120;47;30;23;19;12
238;11148;St.Gallen Stadt Letzistr.;30.04.2019;Dienstag;1;2;1;6;4;13;47;174;196;162;137;144;122;101;172;159;154;135;126;91;50;31;18;13;5
239;11148;St.Gallen Stadt Letzistr.;30.04.2019;Dienstag;2;3;2;2;3;3;17;71;93;81;131;122;159;110;119;179;161;185;276;122;52;40;39;26;13
240;11148;St.Gallen Stadt Letzistr.;01.05.2019;Mittwoch;1;0;1;5;6;12;31;168;180;154;146;157;167;116;185;154;161;142;184;118;44;28;23;9;3
241;11148;St.Gallen Stadt Letzistr.;01.05.2019;Mittwoch;2;3;0;5;1;1;13;59;93;81;128;154;189;138;138;171;160;188;244;125;61;37;16;25;6
242;11148;St.Gallen Stadt Letzistr.;02.05.2019;Donnerstag;1;1;3;5;4;20;38;192;165;140;121;154;120;129;175;140;134;149;112;88;60;24;20;11;7
243;11148;St.Gallen Stadt Letzistr.;02.05.2019;Donnerstag;2;2;4;3;5;6;12;73;101;104;100;146;132;108;121;146;139;200;262;101;59;40;41;12;15
244;11148;St.Gallen Stadt Letzistr.;03.05.2019;Freitag;1;0;3;7;4;17;42;189;180;130;155;135;116;105;164;159;143;141;121;87;58;34;28;13;21
245;11148;St.Gallen Stadt Letzistr.;03.05.2019;Freitag;2;9;3;3;5;5;15;64;87;83;118;131;164;118;119;145;178;225;198;104;58;33;29;21;21
246;11148;St.Gallen Stadt Letzistr.;04.05.2019;Samstag;1;5;2;4;2;1;3;22;40;86;162;185;141;115;72;58;72;52;33;18;20;8;8;9;13
247;11148;St.Gallen Stadt Letzistr.;04.05.2019;Samstag;2;27;8;4;1;5;4;12;34;52;148;180;154;116;52;59;66;53;36;21;21;13;11;11;12
248;11148;St.Gallen Stadt Letzistr.;05.05.2019;Sonntag;1;6;5;6;1;2;0;3;7;14;28;60;25;42;28;27;42;13;35;22;25;22;12;10;4
249;11148;St.Gallen Stadt Letzistr.;05.05.2019;Sonntag;2;10;9;4;2;4;1;4;2;12;25;32;30;50;32;24;40;31;29;21;23;21;12;6;4
250;11148;St.Gallen Stadt Letzistr.;06.05.2019;Montag;1;0;0;5;4;19;39;174;185;136;124;117;131;104;184;143;170;149;119;99;42;22;25;10;9
251;11148;St.Gallen Stadt Letzistr.;06.05.2019;Montag;2;1;2;2;4;4;12;58;92;76;102;111;144;123;124;163;172;195;228;154;50;51;41;24;21
252;11148;St.Gallen Stadt Letzistr.;07.05.2019;Dienstag;1;2;0;6;6;17;39;169;222;134;117;126;114;99;144;136;137;149;111;92;64;35;19;14;9
253;11148;St.Gallen Stadt Letzistr.;07.05.2019;Dienstag;2;4;1;3;4;3;24;63;95;82;90;111;151;122;103;141;147;168;249;136;85;42;36;20;19
254;11148;St.Gallen Stadt Letzistr.;08.05.2019;Mittwoch;1;6;0;7;3;12;35;198;204;123;145;115;107;101;199;155;124;135;120;90;56;29;14;12;5
255;11148;St.Gallen Stadt Letzistr.;08.05.2019;Mittwoch;2;6;3;6;5;5;10;66;112;82;104;124;156;110;139;136;139;182;280;117;52;44;14;28;18
256;11148;St.Gallen Stadt Letzistr.;09.05.2019;Donnerstag;1;1;2;8;4;14;42;181;185;163;137;119;123;127;148;135;145;134;122;99;63;32;25;11;9
257;11148;St.Gallen Stadt Letzistr.;09.05.2019;Donnerstag;2;1;7;3;6;1;11;81;100;96;116;107;139;123;121;147;146;195;269;119;65;42;45;31;21
258;11148;St.Gallen Stadt Letzistr.;10.05.2019;Freitag;1;3;1;2;3;17;32;178;186;141;150;145;127;88;166;164;158;136;123;84;55;18;27;24;18
259;11148;St.Gallen Stadt Letzistr.;10.05.2019;Freitag;2;1;3;3;1;7;12;71;99;87;132;137;162;127;117;158;183;203;204;120;62;34;29;23;38
260;11148;St.Gallen Stadt Letzistr.;11.05.2019;Samstag;1;7;4;0;2;7;5;21;44;98;151;180;183;97;58;76;56;55;50;50;29;24;18;11;8
261;11148;St.Gallen Stadt Letzistr.;11.05.2019;Samstag;2;21;9;2;2;2;4;9;23;75;135;183;174;127;52;51;62;76;47;20;42;46;25;6;12
262;11148;St.Gallen Stadt Letzistr.;12.05.2019;Sonntag;1;11;9;3;1;5;2;1;4;13;17;43;48;39;57;60;65;45;33;42;18;13;12;12;4
263;11148;St.Gallen Stadt Letzistr.;12.05.2019;Sonntag;2;15;10;2;3;6;4;2;2;12;23;33;29;58;45;47;46;43;48;74;21;10;17;13;7
264;11148;St.Gallen Stadt Letzistr.;13.05.2019;Montag;1;3;1;6;4;22;40;203;174;142;132;137;134;131;172;167;127;117;120;83;34;26;9;9;7
265;11148;St.Gallen Stadt Letzistr.;13.05.2019;Montag;2;2;4;1;5;9;15;62;110;89;108;133;149;141;136;156;141;177;271;128;49;41;13;17;14
266;11148;St.Gallen Stadt Letzistr.;14.05.2019;Dienstag;1;7;0;10;4;19;39;206;219;139;121;142;105;120;158;130;141;163;124;82;54;29;12;5;6
267;11148;St.Gallen Stadt Letzistr.;14.05.2019;Dienstag;2;14;5;6;3;6;12;86;109;103;129;115;128;106;124;148;143;210;259;125;68;40;31;14;21
268;11148;St.Gallen Stadt Letzistr.;15.05.2019;Mittwoch;1;2;2;7;4;21;39;191;199;144;124;133;125;111;155;126;137;151;124;98;89;23;18;19;7
269;11148;St.Gallen Stadt Letzistr.;15.05.2019;Mittwoch;2;2;3;2;5;3;15;71;103;89;113;113;154;119;115;139;144;192;283;147;60;48;35;40;17
270;11148;St.Gallen Stadt Letzistr.;16.05.2019;Donnerstag;1;0;3;6;7;11;40;207;192;115;122;134;104;105;180;123;142;159;110;97;59;38;25;16;5
271;11148;St.Gallen Stadt Letzistr.;16.05.2019;Donnerstag;2;4;2;3;3;2;10;71;117;77;105;132;132;106;118;135;141;203;260;114;82;49;36;38;27
272;11148;St.Gallen Stadt Letzistr.;17.05.2019;Freitag;1;1;2;5;5;12;38;189;185;130;131;149;144;110;171;177;184;153;134;68;55;30;36;13;9
273;11148;St.Gallen Stadt Letzistr.;17.05.2019;Freitag;2;3;2;1;4;3;8;59;122;94;105;141;176;118;135;156;204;237;226;99;48;53;34;30;25
274;11148;St.Gallen Stadt Letzistr.;18.05.2019;Samstag;1;5;5;3;1;6;3;22;51;100;174;178;197;142;86;76;62;57;44;40;36;29;14;13;12
275;11148;St.Gallen Stadt Letzistr.;18.05.2019;Samstag;2;14;5;5;2;4;5;11;28;47;138;178;201;128;89;91;64;71;58;38;28;30;13;9;20
276;11148;St.Gallen Stadt Letzistr.;19.05.2019;Sonntag;1;13;9;5;2;6;3;2;8;19;22;60;31;33;35;37;36;28;30;31;15;17;13;7;6
277;11148;St.Gallen Stadt Letzistr.;19.05.2019;Sonntag;2;22;15;4;1;5;1;3;5;7;22;21;30;49;25;40;23;29;31;35;19;21;18;13;5
278;11148;St.Gallen Stadt Letzistr.;20.05.2019;Montag;1;6;2;5;6;17;40;197;199;141;131;147;141;113;194;147;134;133;101;69;51;19;8;17;5
279;11148;St.Gallen Stadt Letzistr.;20.05.2019;Montag;2;3;1;1;4;3;23;76;106;94;119;133;155;115;129;153;136;201;273;132;46;31;26;17;17
280;11148;St.Gallen Stadt Letzistr.;21.05.2019;Dienstag;1;3;3;5;5;14;30;212;192;144;113;119;117;101;160;137;126;149;109;81;60;37;15;9;6
281;11148;St.Gallen Stadt Letzistr.;21.05.2019;Dienstag;2;3;4;3;3;2;12;81;104;89;116;97;140;104;121;126;146;207;251;123;46;55;37;18;20
282;11148;St.Gallen Stadt Letzistr.;22.05.2019;Mittwoch;1;2;0;7;5;12;45;198;187;123;105;140;126;104;176;149;148;147;107;110;121;37;23;35;12
283;11148;St.Gallen Stadt Letzistr.;22.05.2019;Mittwoch;2;0;2;1;2;5;14;81;105;87;103;127;161;111;117;153;158;208;264;154;83;51;34;87;34
284;11148;St.Gallen Stadt Letzistr.;23.05.2019;Donnerstag;1;3;1;4;7;13;36;190;191;139;133;131;129;136;159;167;144;158;126;102;75;39;12;16;11
285;11148;St.Gallen Stadt Letzistr.;23.05.2019;Donnerstag;2;1;3;4;3;5;14;74;115;79;130;127;152;129;125;139;160;210;259;128;69;63;38;20;23
286;11148;St.Gallen Stadt Letzistr.;24.05.2019;Freitag;1;4;1;6;4;13;42;186;185;133;147;159;119;113;201;169;156;168;119;99;40;37;29;12;20
287;11148;St.Gallen Stadt Letzistr.;24.05.2019;Freitag;2;5;0;1;2;4;22;58;123;89;133;136;139;123;151;180;169;250;223;127;69;35;32;15;29
288;11148;St.Gallen Stadt Letzistr.;25.05.2019;Samstag;1;11;4;3;4;5;4;22;46;80;149;191;175;103;67;69;71;51;30;19;27;10;8;18;7
289;11148;St.Gallen Stadt Letzistr.;25.05.2019;Samstag;2;25;6;6;2;1;3;13;26;51;145;180;175;116;67;65;73;75;40;28;26;11;9;11;11
290;11148;St.Gallen Stadt Letzistr.;26.05.2019;Sonntag;1;13;8;3;5;4;2;4;3;12;30;67;38;49;37;40;35;58;48;28;28;23;16;15;5
291;11148;St.Gallen Stadt Letzistr.;26.05.2019;Sonntag;2;14;4;2;5;6;2;1;2;12;27;24;28;68;50;49;37;36;50;31;35;17;16;9;6
292;11148;St.Gallen Stadt Letzistr.;27.05.2019;Montag;1;0;1;5;6;17;42;196;195;151;147;146;138;132;190;176;162;121;128;93;41;28;18;12;4
293;11148;St.Gallen Stadt Letzistr.;27.05.2019;Montag;2;2;3;2;6;4;18;72;110;107;110;137;159;126;149;176;151;196;248;137;59;38;23;22;20
294;11148;St.Gallen Stadt Letzistr.;28.05.2019;Dienstag;1;2;1;4;4;19;35;196;203;145;128;114;121;98;150;138;146;150;128;94;52;31;19;13;2
295;11148;St.Gallen Stadt Letzistr.;28.05.2019;Dienstag;2;5;4;1;5;6;13;65;118;69;118;97;146;109;120;133;154;199;280;136;52;48;37;22;12
296;11148;St.Gallen Stadt Letzistr.;29.05.2019;Mittwoch;1;0;2;5;6;18;45;166;211;144;150;173;169;99;185;164;143;143;152;108;58;24;22;15;18
297;11148;St.Gallen Stadt Letzistr.;29.05.2019;Mittwoch;2;1;3;3;4;3;15;66;116;99;120;143;194;133;132;164;164;266;226;122;72;37;23;31;23
298;11148;St.Gallen Stadt Letzistr.;30.05.2019;Donnerstag;1;3;4;3;1;3;1;5;15;20;33;39;41;47;49;58;70;23;38;70;32;33;29;17;7
299;11148;St.Gallen Stadt Letzistr.;30.05.2019;Donnerstag;2;12;1;5;1;4;0;4;9;19;35;30;49;53;50;43;72;89;98;70;47;45;38;20;12
300;11148;St.Gallen Stadt Letzistr.;31.05.2019;Freitag;1;5;4;3;4;13;19;58;85;108;172;187;164;100;159;167;151;136;79;65;44;21;17;15;20
301;11148;St.Gallen Stadt Letzistr.;31.05.2019;Freitag;2;12;2;4;2;8;5;39;45;77;141;166;204;105;119;188;162;149;126;76;47;38;25;15;15
302;11148;St.Gallen Stadt Letzistr.;01.06.2019;Samstag;1;5;7;6;2;3;6;17;14;70;141;191;165;91;67;62;41;38;49;26;19;16;17;10;6
303;11148;St.Gallen Stadt Letzistr.;01.06.2019;Samstag;2;13;15;5;3;3;5;5;21;46;109;166;194;87;64;63;62;49;58;29;28;23;11;18;13
304;11148;St.Gallen Stadt Letzistr.;02.06.2019;Sonntag;1;8;5;2;0;3;2;1;13;20;38;67;55;54;67;39;40;24;28;48;20;21;13;11;5
305;11148;St.Gallen Stadt Letzistr.;02.06.2019;Sonntag;2;7;10;2;0;4;2;3;11;16;44;49;39;48;48;50;50;33;29;31;38;30;21;10;2
306;11148;St.Gallen Stadt Letzistr.;03.06.2019;Montag;1;6;0;5;4;20;31;187;177;134;153;154;145;121;183;142;132;157;118;127;51;31;17;10;12
307;11148;St.Gallen Stadt Letzistr.;03.06.2019;Montag;2;4;1;2;4;6;15;83;108;98;148;140;168;131;124;160;152;214;262;117;53;57;37;27;16
308;11148;St.Gallen Stadt Letzistr.;04.06.2019;Dienstag;1;1;1;5;3;12;37;183;176;138;139;121;149;122;161;146;116;138;126;93;55;27;25;20;7
309;11148;St.Gallen Stadt Letzistr.;04.06.2019;Dienstag;2;5;3;1;2;8;23;70;109;94;110;103;157;131;118;150;131;175;256;112;82;34;25;34;22
310;11148;St.Gallen Stadt Letzistr.;05.06.2019;Mittwoch;1;2;2;4;3;16;46;173;170;152;136;151;121;120;160;168;113;141;124;94;44;29;21;18;6
311;11148;St.Gallen Stadt Letzistr.;05.06.2019;Mittwoch;2;4;3;2;2;6;17;70;107;106;117;131;158;123;139;156;143;191;235;109;66;42;23;25;23
312;11148;St.Gallen Stadt Letzistr.;06.06.2019;Donnerstag;1;3;0;7;4;14;42;172;180;118;115;137;149;118;163;153;145;140;123;83;43;47;18;10;6
313;11148;St.Gallen Stadt Letzistr.;06.06.2019;Donnerstag;2;5;3;6;3;6;13;90;87;78;100;97;141;134;120;148;151;169;229;124;52;48;25;20;17
314;11148;St.Gallen Stadt Letzistr.;07.06.2019;Freitag;1;4;3;4;7;16;40;170;174;148;153;136;149;113;194;175;163;158;140;92;49;35;30;23;13
315;11148;St.Gallen Stadt Letzistr.;07.06.2019;Freitag;2;3;4;2;5;7;14;63;94;90;147;129;187;123;148;174;156;212;213;119;82;45;33;37;20
316;11148;St.Gallen Stadt Letzistr.;08.06.2019;Samstag;1;4;5;1;3;7;14;23;26;75;151;200;171;156;65;85;72;61;37;32;21;19;11;10;12
317;11148;St.Gallen Stadt Letzistr.;08.06.2019;Samstag;2;11;10;4;0;4;6;13;20;42;126;199;172;147;58;75;53;66;44;38;14;15;14;13;10
318;11148;St.Gallen Stadt Letzistr.;09.06.2019;Sonntag;1;11;4;1;3;5;1;5;6;19;25;57;24;34;24;30;36;24;22;27;26;24;19;17;7
319;11148;St.Gallen Stadt Letzistr.;09.06.2019;Sonntag;2;16;4;2;3;3;2;2;3;12;24;28;40;47;33;28;28;20;31;31;20;26;19;18;8
320;11148;St.Gallen Stadt Letzistr.;10.06.2019;Montag;1;5;3;2;0;1;1;8;6;7;22;25;41;36;37;39;39;26;27;26;31;20;8;8;6
321;11148;St.Gallen Stadt Letzistr.;10.06.2019;Montag;2;3;6;4;1;1;1;4;5;8;13;23;49;38;34;38;41;20;35;18;31;13;20;15;3
322;11148;St.Gallen Stadt Letzistr.;11.06.2019;Dienstag;1;3;1;5;6;15;38;189;213;156;151;176;127;118;191;180;199;142;132;103;70;46;18;5;6
323;11148;St.Gallen Stadt Letzistr.;11.06.2019;Dienstag;2;3;3;2;4;3;15;79;113;101;143;151;154;117;135;164;173;213;260;161;67;54;36;22;16
324;11148;St.Gallen Stadt Letzistr.;12.06.2019;Mittwoch;1;5;1;9;3;19;39;182;179;148;101;122;125;106;158;176;135;136;129;106;60;33;25;17;6
325;11148;St.Gallen Stadt Letzistr.;12.06.2019;Mittwoch;2;7;4;10;2;6;17;84;109;86;107;99;173;110;113;147;140;177;260;129;66;45;28;27;24
326;11148;St.Gallen Stadt Letzistr.;13.06.2019;Donnerstag;1;1;1;9;5;15;42;160;179;145;115;147;110;117;172;131;144;138;131;92;57;51;21;17;8
327;11148;St.Gallen Stadt Letzistr.;13.06.2019;Donnerstag;2;6;1;8;5;4;13;83;92;106;106;117;127;106;114;151;141;198;241;125;64;73;38;27;14
328;11148;St.Gallen Stadt Letzistr.;14.06.2019;Freitag;1;2;1;5;5;16;49;180;173;148;146;157;134;116;185;176;157;151;138;83;49;24;24;25;11
329;11148;St.Gallen Stadt Letzistr.;14.06.2019;Freitag;2;6;2;4;2;2;22;78;132;110;134;132;174;119;147;167;153;237;167;126;57;36;31;50;26
330;11148;St.Gallen Stadt Letzistr.;15.06.2019;Samstag;1;4;4;0;2;7;12;32;33;90;162;206;169;116;81;81;70;68;49;27;21;22;18;13;16
331;11148;St.Gallen Stadt Letzistr.;15.06.2019;Samstag;2;30;5;1;1;6;5;20;18;75;135;193;176;112;76;54;63;91;54;39;42;27;26;14;20
332;11148;St.Gallen Stadt Letzistr.;16.06.2019;Sonntag;1;8;6;6;3;2;2;7;6;9;23;62;27;39;37;49;32;42;41;35;25;26;27;15;6
333;11148;St.Gallen Stadt Letzistr.;16.06.2019;Sonntag;2;6;12;5;5;4;3;4;6;10;17;31;32;54;31;40;37;49;47;40;29;21;33;8;10
334;11148;St.Gallen Stadt Letzistr.;17.06.2019;Montag;1;5;2;8;8;15;45;206;200;135;173;155;131;121;185;169;170;161;121;91;44;31;16;11;4
335;11148;St.Gallen Stadt Letzistr.;17.06.2019;Montag;2;4;2;2;7;5;15;83;106;97;143;150;159;138;117;165;150;210;291;150;70;38;27;13;24
336;11148;St.Gallen Stadt Letzistr.;18.06.2019;Dienstag;1;5;1;13;6;13;43;187;203;132;141;147;118;111;176;122;108;121;131;82;54;24;14;14;6
337;11148;St.Gallen Stadt Letzistr.;18.06.2019;Dienstag;2;7;2;6;3;6;20;87;97;94;98;112;160;109;119;133;111;190;246;127;59;42;33;12;23
338;11148;St.Gallen Stadt Letzistr.;19.06.2019;Mittwoch;1;3;2;7;7;11;51;186;192;136;149;126;131;115;162;129;129;134;131;96;50;31;20;20;10
339;11148;St.Gallen Stadt Letzistr.;19.06.2019;Mittwoch;2;5;4;3;5;5;22;68;110;95;109;117;155;113;117;153;152;181;244;101;69;49;24;18;25
340;11148;St.Gallen Stadt Letzistr.;20.06.2019;Donnerstag;1;3;3;7;6;11;46;178;210;168;136;143;126;112;163;160;148;153;150;113;58;22;21;24;6
341;11148;St.Gallen Stadt Letzistr.;20.06.2019;Donnerstag;2;0;2;2;3;4;14;74;105;86;118;138;154;137;125;149;150;212;306;148;74;33;38;34;12
342;11148;St.Gallen Stadt Letzistr.;21.06.2019;Freitag;1;5;2;9;4;18;46;163;155;154;140;156;148;110;176;182;157;154;133;76;54;24;24;16;17
343;11148;St.Gallen Stadt Letzistr.;21.06.2019;Freitag;2;2;3;2;4;2;23;72;76;95;125;135;169;136;130;187;192;211;206;102;73;35;22;24;25
344;11148;St.Gallen Stadt Letzistr.;22.06.2019;Samstag;1;12;6;1;1;8;10;27;62;83;169;182;194;137;78;76;60;53;56;35;27;22;17;15;13
345;11148;St.Gallen Stadt Letzistr.;22.06.2019;Samstag;2;12;4;3;4;2;11;20;31;47;144;166;191;146;88;89;59;77;52;48;25;20;12;12;29
346;11148;St.Gallen Stadt Letzistr.;23.06.2019;Sonntag;1;9;8;2;2;3;3;3;10;18;30;62;47;44;39;35;38;46;38;37;38;17;32;14;2
347;11148;St.Gallen Stadt Letzistr.;23.06.2019;Sonntag;2;6;13;4;2;2;3;8;11;15;28;27;43;46;35;38;27;32;43;39;27;23;40;18;6
348;11148;St.Gallen Stadt Letzistr.;24.06.2019;Montag;1;2;2;5;6;15;45;188;197;172;161;155;142;131;181;130;143;158;123;84;80;36;27;15;8
349;11148;St.Gallen Stadt Letzistr.;24.06.2019;Montag;2;1;0;2;4;3;20;79;102;101;144;151;174;115;132;155;119;218;224;135;66;53;32;17;18
350;11148;St.Gallen Stadt Letzistr.;25.06.2019;Dienstag;1;2;1;7;4;18;46;180;209;154;140;130;142;126;172;131;135;122;129;68;67;27;28;21;12
351;11148;St.Gallen Stadt Letzistr.;25.06.2019;Dienstag;2;5;2;2;2;8;23;72;103;104;115;121;168;113;132;147;153;188;230;98;64;47;40;20;22
352;11148;St.Gallen Stadt Letzistr.;26.06.2019;Mittwoch;1;3;1;5;6;15;56;187;186;147;137;140;138;108;146;128;115;140;130;84;57;28;22;18;5
353;11148;St.Gallen Stadt Letzistr.;26.06.2019;Mittwoch;2;7;3;2;4;6;22;81;110;92;126;140;183;108;106;131;131;207;240;115;68;49;24;36;9
354;11148;St.Gallen Stadt Letzistr.;27.06.2019;Donnerstag;1;1;1;6;6;16;45;178;183;148;134;137;146;120;170;145;135;156;113;74;55;46;23;9;14
355;11148;St.Gallen Stadt Letzistr.;27.06.2019;Donnerstag;2;3;2;4;3;8;22;85;95;115;111;133;164;133;115;139;143;208;242;108;70;43;32;24;13
356;11148;St.Gallen Stadt Letzistr.;28.06.2019;Freitag;1;2;6;7;4;18;45;170;156;142;183;174;139;124;149;186;144;172;109;81;32;29;20;20;21
357;11148;St.Gallen Stadt Letzistr.;28.06.2019;Freitag;2;6;5;3;4;5;26;74;92;106;147;159;167;143;137;153;184;242;168;98;50;47;21;38;17
358;11148;St.Gallen Stadt Letzistr.;29.06.2019;Samstag;1;3;5;4;3;8;10;19;40;104;166;188;164;116;105;72;66;58;37;36;23;27;20;16;9
359;11148;St.Gallen Stadt Letzistr.;29.06.2019;Samstag;2;14;8;4;1;4;4;13;32;63;149;184;171;130;87;69;66;55;48;38;31;23;14;18;14
360;11148;St.Gallen Stadt Letzistr.;30.06.2019;Sonntag;1;10;4;8;1;2;1;7;6;24;18;51;37;32;31;37;17;21;22;24;23;27;26;6;9
361;11148;St.Gallen Stadt Letzistr.;30.06.2019;Sonntag;2;21;7;10;0;5;5;3;10;23;29;25;51;36;28;26;17;18;23;28;31;27;28;9;11
362;11148;St.Gallen Stadt Letzistr.;01.07.2019;Montag;1;5;1;7;4;17;51;191;195;150;158;144;138;126;190;154;157;149;117;141;41;35;23;11;9
363;11148;St.Gallen Stadt Letzistr.;01.07.2019;Montag;2;4;0;2;4;4;23;71;127;93;132;135;156;129;143;167;175;210;249;125;54;35;43;32;11
364;11148;St.Gallen Stadt Letzistr.;02.07.2019;Dienstag;1;1;5;7;6;12;47;177;186;140;136;134;134;120;182;152;163;130;132;111;79;34;23;18;12
365;11148;St.Gallen Stadt Letzistr.;02.07.2019;Dienstag;2;4;2;4;6;4;15;62;108;85;120;129;161;114;136;157;179;209;236;130;63;47;61;42;11
366;11148;St.Gallen Stadt Letzistr.;03.07.2019;Mittwoch;1;4;3;5;7;12;55;181;193;143;146;140;137;113;154;153;158;147;150;87;55;41;26;20;10
367;11148;St.Gallen Stadt Letzistr.;03.07.2019;Mittwoch;2;7;7;4;4;3;18;61;111;91;127;131;147;126;128;151;155;198;245;132;52;53;25;23;16
368;11148;St.Gallen Stadt Letzistr.;04.07.2019;Donnerstag;1;1;1;9;4;14;56;180;191;144;134;154;116;112;166;135;130;151;122;82;58;35;29;21;10
369;11148;St.Gallen Stadt Letzistr.;04.07.2019;Donnerstag;2;7;4;6;5;6;17;73;97;96;108;140;143;129;127;150;134;212;235;122;69;41;45;24;16
370;11148;St.Gallen Stadt Letzistr.;05.07.2019;Freitag;1;5;2;6;7;11;47;168;168;136;151;146;152;123;192;177;163;150;131;88;50;38;22;28;16
371;11148;St.Gallen Stadt Letzistr.;05.07.2019;Freitag;2;12;2;3;4;3;21;70;91;75;158;126;154;133;137;191;166;203;190;105;63;53;52;42;29
372;11148;St.Gallen Stadt Letzistr.;06.07.2019;Samstag;1;7;6;4;4;4;8;46;55;62;169;210;176;109;81;57;64;43;44;23;43;26;25;24;13
373;11148;St.Gallen Stadt Letzistr.;06.07.2019;Samstag;2;19;9;6;6;5;7;17;33;50;131;193;190;143;72;62;60;56;46;37;33;21;34;21;19
374;11148;St.Gallen Stadt Letzistr.;07.07.2019;Sonntag;1;17;14;7;3;3;2;6;11;12;25;50;38;33;29;25;37;37;23;22;29;21;13;8;8
375;11148;St.Gallen Stadt Letzistr.;07.07.2019;Sonntag;2;29;15;11;2;3;4;3;10;9;25;21;37;47;25;28;30;42;33;32;21;23;13;13;3
376;11148;St.Gallen Stadt Letzistr.;08.07.2019;Montag;1;2;1;7;6;11;50;181;186;126;157;162;170;115;189;177;145;163;134;77;54;27;21;14;8
377;11148;St.Gallen Stadt Letzistr.;08.07.2019;Montag;2;3;3;3;3;3;13;69;102;88;128;145;176;126;155;177;146;202;311;118;56;34;28;21;18
378;11148;St.Gallen Stadt Letzistr.;09.07.2019;Dienstag;1;1;3;7;5;16;54;164;188;126;123;148;119;129;172;164;136;132;137;77;64;33;26;17;8
379;11148;St.Gallen Stadt Letzistr.;09.07.2019;Dienstag;2;2;4;4;2;5;17;63;86;91;108;134;147;145;120;156;164;173;262;105;67;43;31;39;20
380;11148;St.Gallen Stadt Letzistr.;10.07.2019;Mittwoch;1;3;0;8;4;12;42;176;183;135;116;130;143;115;146;134;133;126;214;179;98;60;37;15;10
381;11148;St.Gallen Stadt Letzistr.;10.07.2019;Mittwoch;2;6;1;3;1;7;16;74;93;96;111;124;140;114;130;133;150;162;264;117;64;50;27;35;17
382;11148;St.Gallen Stadt Letzistr.;11.07.2019;Donnerstag;1;4;3;5;5;16;41;169;177;134;126;139;130;111;176;148;131;137;123;72;44;28;24;12;9
383;11148;St.Gallen Stadt Letzistr.;11.07.2019;Donnerstag;2;7;3;4;2;7;13;71;95;75;113;116;164;120;125;153;151;183;229;116;52;33;30;26;20
384;11148;St.Gallen Stadt Letzistr.;12.07.2019;Freitag;1;5;0;6;4;11;36;172;152;109;139;122;102;101;178;177;132;134;111;66;40;34;20;17;6
385;11148;St.Gallen Stadt Letzistr.;12.07.2019;Freitag;2;2;4;4;2;4;10;60;104;73;112;127;139;114;136;183;184;201;188;86;48;34;25;26;13
386;11148;St.Gallen Stadt Letzistr.;13.07.2019;Samstag;1;7;6;2;0;5;5;23;45;64;154;209;176;95;87;85;63;49;58;33;22;12;18;11;7
387;11148;St.Gallen Stadt Letzistr.;13.07.2019;Samstag;2;10;5;5;0;4;6;7;30;55;126;207;184;108;67;70;68;63;46;38;24;23;20;5;11
388;11148;St.Gallen Stadt Letzistr.;14.07.2019;Sonntag;1;5;4;1;3;2;4;6;6;15;28;48;24;39;36;30;28;23;27;22;26;21;13;10;4
389;11148;St.Gallen Stadt Letzistr.;14.07.2019;Sonntag;2;9;5;2;4;2;2;4;6;12;34;18;33;53;33;37;27;18;22;36;23;23;14;5;5
390;11148;St.Gallen Stadt Letzistr.;15.07.2019;Montag;1;4;0;3;8;12;46;168;181;144;129;135;173;127;153;159;150;140;130;72;33;22;17;12;7
391;11148;St.Gallen Stadt Letzistr.;15.07.2019;Montag;2;1;3;2;3;4;17;71;92;95;134;126;190;132;132;138;142;178;235;112;48;33;15;27;9
392;11148;St.Gallen Stadt Letzistr.;16.07.2019;Dienstag;1;3;1;8;5;16;32;178;162;120;124;143;129;103;152;137;139;134;116;71;37;32;20;15;5
393;11148;St.Gallen Stadt Letzistr.;16.07.2019;Dienstag;2;2;1;4;3;4;12;81;89;79;111;109;149;126;118;128;156;205;227;115;38;31;33;30;7
394;11148;St.Gallen Stadt Letzistr.;17.07.2019;Mittwoch;1;2;2;9;4;16;39;185;163;106;108;127;120;116;156;128;135;133;125;62;44;24;26;13;10
395;11148;St.Gallen Stadt Letzistr.;17.07.2019;Mittwoch;2;3;3;2;2;5;15;75;94;71;104;117;136;115;109;126;152;177;223;112;54;42;27;25;6
396;11148;St.Gallen Stadt Letzistr.;18.07.2019;Donnerstag;1;3;3;3;6;11;33;181;158;120;126;127;129;109;128;138;118;112;99;61;51;27;25;16;1
397;11148;St.Gallen Stadt Letzistr.;18.07.2019;Donnerstag;2;3;5;3;5;3;14;77;93;85;102;142;142;117;100;142;123;195;206;118;45;32;26;26;4
398;11148;St.Gallen Stadt Letzistr.;19.07.2019;Freitag;1;2;2;3;5;17;33;170;158;103;136;139;132;106;153;150;148;123;104;61;28;27;21;11;8
399;11148;St.Gallen Stadt Letzistr.;19.07.2019;Freitag;2;7;2;0;4;7;13;72;91;76;124;123;155;127;115;156;153;197;157;80;57;24;25;17;15
400;11148;St.Gallen Stadt Letzistr.;20.07.2019;Samstag;1;4;2;3;2;1;5;17;25;80;134;137;144;81;54;49;50;38;54;46;18;14;27;15;10
401;11148;St.Gallen Stadt Letzistr.;20.07.2019;Samstag;2;6;1;5;2;3;2;16;24;54;120;128;142;92;57;47;50;38;46;34;13;16;56;18;5
402;11148;St.Gallen Stadt Letzistr.;21.07.2019;Sonntag;1;4;3;0;4;0;2;5;4;15;17;33;25;44;32;31;24;23;29;19;25;18;7;6;3
403;11148;St.Gallen Stadt Letzistr.;21.07.2019;Sonntag;2;3;5;2;2;1;3;3;5;9;20;14;24;40;29;33;29;25;22;17;25;27;11;7;6
404;11148;St.Gallen Stadt Letzistr.;22.07.2019;Montag;1;4;0;4;2;9;29;128;139;146;129;123;128;101;132;139;115;124;79;40;35;20;16;6;5
405;11148;St.Gallen Stadt Letzistr.;22.07.2019;Montag;2;2;0;0;3;8;6;69;78;90;110;123;137;100;104;129;122;151;155;78;36;21;20;14;4
406;11148;St.Gallen Stadt Letzistr.;23.07.2019;Dienstag;1;0;2;4;5;5;30;130;143;125;133;127;123;90;131;130;121;100;81;52;35;33;28;10;2
407;11148;St.Gallen Stadt Letzistr.;23.07.2019;Dienstag;2;2;2;2;5;6;12;70;71;67;130;91;150;114;96;113;134;142;172;86;32;37;29;19;5
408;11148;St.Gallen Stadt Letzistr.;24.07.2019;Mittwoch;1;4;2;4;4;7;30;129;129;102;108;116;108;87;120;126;78;98;82;50;37;23;17;16;2
409;11148;St.Gallen Stadt Letzistr.;24.07.2019;Mittwoch;2;3;4;0;9;5;9;67;71;79;83;98;117;99;102;100;90;137;170;81;29;37;19;18;6
410;11148;St.Gallen Stadt Letzistr.;25.07.2019;Donnerstag;1;4;1;3;3;7;31;115;148;111;98;116;108;78;119;99;90;96;76;60;40;23;17;7;3
411;11148;St.Gallen Stadt Letzistr.;25.07.2019;Donnerstag;2;3;2;1;5;4;11;53;76;77;83;102;132;108;80;88;109;118;171;95;46;18;23;21;9
412;11148;St.Gallen Stadt Letzistr.;26.07.2019;Freitag;1;3;5;3;3;13;34;113;136;108;115;125;121;88;106;126;124;100;82;54;30;16;16;7;11
413;11148;St.Gallen Stadt Letzistr.;26.07.2019;Freitag;2;6;4;2;5;5;15;46;80;75;114;130;134;101;82;131;138;151;139;73;37;18;14;16;8
414;11148;St.Gallen Stadt Letzistr.;27.07.2019;Samstag;1;5;0;0;1;3;8;18;16;60;120;163;146;87;56;50;54;40;40;17;18;9;4;10;3
415;11148;St.Gallen Stadt Letzistr.;27.07.2019;Samstag;2;5;1;3;3;3;5;12;11;39;108;144;159;97;50;59;51;34;29;18;11;9;9;19;4
416;11148;St.Gallen Stadt Letzistr.;28.07.2019;Sonntag;1;6;2;1;4;4;4;3;7;11;11;26;20;36;12;22;19;18;22;18;22;14;11;7;3
417;11148;St.Gallen Stadt Letzistr.;28.07.2019;Sonntag;2;5;9;1;2;8;3;2;4;10;15;11;15;37;13;24;14;19;24;28;22;18;9;5;2
418;11148;St.Gallen Stadt Letzistr.;29.07.2019;Montag;1;1;1;7;4;6;34;115;129;95;121;136;135;94;168;141;140;136;96;45;37;15;16;6;3
419;11148;St.Gallen Stadt Letzistr.;29.07.2019;Montag;2;2;2;3;5;3;9;49;74;57;108;121;156;114;140;123;129;165;181;70;52;23;21;8;5
420;11148;St.Gallen Stadt Letzistr.;30.07.2019;Dienstag;1;4;1;7;5;10;32;116;130;86;121;114;111;67;129;130;110;105;125;111;79;17;55;8;9
421;11148;St.Gallen Stadt Letzistr.;30.07.2019;Dienstag;2;1;0;1;5;5;10;63;58;62;110;103;138;75;95;131;112;141;169;169;124;30;88;28;11
422;11148;St.Gallen Stadt Letzistr.;31.07.2019;Mittwoch;1;2;2;6;3;12;24;112;131;102;107;118;115;84;145;149;119;110;89;63;24;22;9;11;8
423;11148;St.Gallen Stadt Letzistr.;31.07.2019;Mittwoch;2;5;4;0;4;4;8;51;66;73;101;115;142;98;101;141;139;154;135;81;23;19;16;14;5
424;11148;St.Gallen Stadt Letzistr.;01.08.2019;Donnerstag;1;3;4;3;3;2;1;6;8;13;17;33;31;20;26;22;20;23;32;16;13;16;8;7;6
425;11148;St.Gallen Stadt Letzistr.;01.08.2019;Donnerstag;2;6;5;4;2;1;4;4;8;11;22;29;26;24;23;28;17;26;30;15;11;14;5;6;5
426;11148;St.Gallen Stadt Letzistr.;02.08.2019;Freitag;1;1;1;5;5;9;11;63;72;89;105;121;126;82;129;129;148;115;75;49;25;21;16;11;7
427;11148;St.Gallen Stadt Letzistr.;02.08.2019;Freitag;2;0;2;3;4;6;8;26;43;46;100;120;135;92;108;128;160;142;98;69;31;24;18;14;8
428;11148;St.Gallen Stadt Letzistr.;03.08.2019;Samstag;1;2;5;4;1;4;4;17;30;44;101;163;114;100;65;59;51;40;30;17;21;15;13;8;6
429;11148;St.Gallen Stadt Letzistr.;03.08.2019;Samstag;2;6;6;6;0;1;4;10;23;35;85;134;128;97;63;51;53;31;45;20;22;16;14;9;7
430;11148;St.Gallen Stadt Letzistr.;04.08.2019;Sonntag;1;5;4;2;0;5;1;0;11;12;16;39;33;32;37;36;33;39;24;24;20;29;20;13;5
431;11148;St.Gallen Stadt Letzistr.;04.08.2019;Sonntag;2;8;5;2;0;2;2;4;10;10;24;26;37;40;25;30;26;36;33;24;21;26;14;8;3
432;11148;St.Gallen Stadt Letzistr.;05.08.2019;Montag;1;0;1;3;5;10;42;154;175;99;136;129;136;104;152;158;127;122;123;81;43;23;13;7;3
433;11148;St.Gallen Stadt Letzistr.;05.08.2019;Montag;2;2;0;0;4;3;10;69;84;64;122;140;151;127;122;149;154;158;212;131;42;34;28;8;11
434;11148;St.Gallen Stadt Letzistr.;06.08.2019;Dienstag;1;5;4;3;6;16;46;145;156;114;108;117;84;93;149;114;128;128;125;57;55;20;12;8;4
435;11148;St.Gallen Stadt Letzistr.;06.08.2019;Dienstag;2;4;2;0;4;3;11;58;73;70;102;113;104;123;106;130;127;177;262;121;51;28;33;16;13
436;11148;St.Gallen Stadt Letzistr.;07.08.2019;Mittwoch;1;2;3;3;6;15;43;165;185;103;131;149;118;102;149;160;130;150;117;72;29;24;19;14;5
437;11148;St.Gallen Stadt Letzistr.;07.08.2019;Mittwoch;2;3;1;0;4;3;17;57;77;78;108;138;150;110;108;136;148;178;240;119;49;26;22;20;9
438;11148;St.Gallen Stadt Letzistr.;08.08.2019;Donnerstag;1;2;2;4;6;11;37;161;175;122;120;153;119;115;144;148;133;121;136;58;50;35;27;8;5
439;11148;St.Gallen Stadt Letzistr.;08.08.2019;Donnerstag;2;0;4;3;4;2;13;66;86;78;115;128;134;124;124;141;155;164;266;119;46;41;34;6;15
440;11148;St.Gallen Stadt Letzistr.;09.08.2019;Freitag;1;2;1;8;7;15;41;143;177;116;119;123;137;114;154;129;126;138;114;59;42;34;18;16;10
441;11148;St.Gallen Stadt Letzistr.;09.08.2019;Freitag;2;0;5;0;5;4;18;62;87;80;117;142;128;118;108;164;125;207;186;97;46;32;20;28;16
442;11148;St.Gallen Stadt Letzistr.;10.08.2019;Samstag;1;4;7;2;3;3;7;15;25;46;86;160;165;134;56;64;48;51;56;48;24;24;24;10;9
443;11148;St.Gallen Stadt Letzistr.;10.08.2019;Samstag;2;2;2;4;3;2;2;14;19;35;79;144;164;149;58;66;54;51;56;50;23;27;49;11;7
444;11148;St.Gallen Stadt Letzistr.;11.08.2019;Sonntag;1;11;2;5;0;2;2;1;5;17;17;54;35;38;34;41;37;30;30;30;27;18;11;7;4
445;11148;St.Gallen Stadt Letzistr.;11.08.2019;Sonntag;2;7;3;3;1;2;4;3;3;12;27;29;43;42;24;37;31;18;37;36;23;24;19;6;1
446;11148;St.Gallen Stadt Letzistr.;12.08.2019;Montag;1;2;0;4;5;18;38;171;194;115;129;135;107;104;153;169;130;136;114;88;48;23;11;14;2
447;11148;St.Gallen Stadt Letzistr.;12.08.2019;Montag;2;1;2;1;5;5;16;57;86;71;126;122;135;120;106;175;154;182;269;129;59;39;27;15;12
448;11148;St.Gallen Stadt Letzistr.;13.08.2019;Dienstag;1;3;7;7;4;10;48;195;189;125;117;147;128;122;165;162;140;149;128;80;61;25;19;8;4
449;11148;St.Gallen Stadt Letzistr.;13.08.2019;Dienstag;2;7;3;4;4;5;11;59;112;76;93;143;160;131;113;154;145;191;250;131;57;45;33;23;18
450;11148;St.Gallen Stadt Letzistr.;14.08.2019;Mittwoch;1;0;2;7;4;16;42;185;205;139;124;144;123;118;144;155;141;150;156;77;48;26;11;18;8
451;11148;St.Gallen Stadt Letzistr.;14.08.2019;Mittwoch;2;1;1;2;7;4;11;65;99;92;110;120;138;134;112;153;159;201;288;155;50;33;19;15;21
452;11148;St.Gallen Stadt Letzistr.;15.08.2019;Donnerstag;1;1;1;3;6;19;46;188;183;126;125;113;117;103;159;127;148;144;144;91;47;22;25;14;1
453;11148;St.Gallen Stadt Letzistr.;15.08.2019;Donnerstag;2;1;1;3;3;5;10;57;112;75;110;107;142;121;119;160;169;212;240;135;46;42;23;19;11
454;11148;St.Gallen Stadt Letzistr.;16.08.2019;Freitag;1;4;2;7;5;17;43;177;163;129;160;137;144;112;166;180;147;154;136;84;56;20;21;20;13
455;11148;St.Gallen Stadt Letzistr.;16.08.2019;Freitag;2;2;6;4;4;10;18;64;99;87;129;145;161;132;110;182;188;204;224;115;60;32;29;27;20
456;11148;St.Gallen Stadt Letzistr.;17.08.2019;Samstag;1;7;4;6;2;7;5;18;38;72;149;167;165;112;72;72;52;57;40;32;21;15;9;10;9
457;11148;St.Gallen Stadt Letzistr.;17.08.2019;Samstag;2;8;2;4;5;3;5;12;24;51;113;156;161;134;67;56;48;66;43;27;23;19;11;8;9
458;11148;St.Gallen Stadt Letzistr.;18.08.2019;Sonntag;1;9;4;6;2;6;5;5;7;9;27;48;29;43;31;44;32;29;38;28;30;20;14;19;4
459;11148;St.Gallen Stadt Letzistr.;18.08.2019;Sonntag;2;11;7;8;1;2;3;6;7;14;20;27;32;44;26;34;28;31;41;29;30;20;12;10;1
460;11148;St.Gallen Stadt Letzistr.;19.08.2019;Montag;1;9;3;7;4;17;42;190;195;164;131;141;122;118;182;151;145;129;133;73;36;21;12;12;5
461;11148;St.Gallen Stadt Letzistr.;19.08.2019;Montag;2;9;2;1;6;6;16;74;114;101;110;139;154;138;134;161;161;164;255;110;41;37;20;19;17
462;11148;St.Gallen Stadt Letzistr.;20.08.2019;Dienstag;1;4;2;6;2;19;34;194;193;126;116;127;131;120;151;173;144;120;110;82;60;29;13;9;6
463;11148;St.Gallen Stadt Letzistr.;20.08.2019;Dienstag;2;5;2;5;4;6;10;77;99;74;109;113;134;119;114;159;170;202;232;122;55;40;20;28;25
464;11148;St.Gallen Stadt Letzistr.;21.08.2019;Mittwoch;1;2;2;7;4;16;37;197;191;120;144;132;102;111;156;158;134;135;113;85;46;26;18;17;11
465;11148;St.Gallen Stadt Letzistr.;21.08.2019;Mittwoch;2;2;3;2;3;7;11;86;105;87;117;122;129;114;122;142;144;190;267;126;57;41;19;16;24
466;11148;St.Gallen Stadt Letzistr.;22.08.2019;Donnerstag;1;3;1;8;3;12;50;187;203;100;113;132;116;113;175;173;139;121;122;93;50;26;24;21;6
467;11148;St.Gallen Stadt Letzistr.;22.08.2019;Donnerstag;2;7;3;1;4;13;17;71;106;66;105;116;137;126;126;163;170;181;256;146;57;45;20;14;20
468;11148;St.Gallen Stadt Letzistr.;23.08.2019;Freitag;1;3;0;8;5;20;43;184;193;124;130;130;150;135;149;171;138;170;145;102;53;28;27;18;11
469;11148;St.Gallen Stadt Letzistr.;23.08.2019;Freitag;2;1;2;3;3;11;14;62;104;91;113;127;154;139;130;176;152;242;212;117;75;36;37;21;30
470;11148;St.Gallen Stadt Letzistr.;24.08.2019;Samstag;1;4;6;4;3;6;10;28;30;68;122;172;172;124;73;62;81;43;36;32;23;15;13;9;6
471;11148;St.Gallen Stadt Letzistr.;24.08.2019;Samstag;2;7;5;4;4;8;10;19;21;46;106;151;166;156;77;59;68;61;55;20;34;24;13;12;7
472;11148;St.Gallen Stadt Letzistr.;25.08.2019;Sonntag;1;9;1;0;0;2;6;3;12;17;34;55;40;49;28;53;53;40;41;39;30;16;11;9;2
473;11148;St.Gallen Stadt Letzistr.;25.08.2019;Sonntag;2;8;5;4;2;3;5;2;8;17;33;27;31;61;24;45;51;26;38;65;30;17;14;12;2
474;11148;St.Gallen Stadt Letzistr.;26.08.2019;Montag;1;0;2;5;5;16;45;203;207;124;146;162;145;135;163;149;123;150;157;80;49;35;17;12;8
475;11148;St.Gallen Stadt Letzistr.;26.08.2019;Montag;2;2;2;2;3;5;15;73;96;97;133;149;153;128;147;157;123;215;273;112;56;38;26;16;17
476;11148;St.Gallen Stadt Letzistr.;27.08.2019;Dienstag;1;0;1;6;3;15;40;189;193;132;130;157;143;109;146;119;130;141;143;85;74;42;17;10;9
477;11148;St.Gallen Stadt Letzistr.;27.08.2019;Dienstag;2;1;3;3;2;5;12;67;109;88;114;139;156;109;106;129;129;199;257;140;59;50;39;25;28
478;11148;St.Gallen Stadt Letzistr.;28.08.2019;Mittwoch;1;1;0;5;5;14;43;187;216;114;127;120;114;114;131;163;138;140;145;79;57;34;13;15;4
479;11148;St.Gallen Stadt Letzistr.;28.08.2019;Mittwoch;2;2;1;5;5;3;10;78;105;82;109;117;145;115;107;152;137;199;267;126;66;39;12;28;7
480;11148;St.Gallen Stadt Letzistr.;29.08.2019;Donnerstag;1;2;3;5;2;16;48;191;203;135;139;125;123;110;165;143;142;156;136;79;52;38;20;11;6
481;11148;St.Gallen Stadt Letzistr.;29.08.2019;Donnerstag;2;3;6;1;3;5;12;79;107;83;117;122;129;128;116;150;133;202;265;132;79;38;20;24;11
482;11148;St.Gallen Stadt Letzistr.;30.08.2019;Freitag;1;1;1;8;4;17;48;173;172;138;159;157;135;131;171;171;145;158;145;71;50;37;27;33;17
483;11148;St.Gallen Stadt Letzistr.;30.08.2019;Freitag;2;2;3;4;5;6;17;71;97;93;140;148;149;114;147;182;167;247;196;129;53;42;37;32;24
484;11148;St.Gallen Stadt Letzistr.;31.08.2019;Samstag;1;4;3;4;4;9;7;15;37;88;166;188;170;147;94;63;66;57;32;30;18;23;12;10;8
485;11148;St.Gallen Stadt Letzistr.;31.08.2019;Samstag;2;6;5;5;3;7;12;15;29;66;140;184;183;138;82;59;73;59;43;30;23;21;15;10;18
486;11148;St.Gallen Stadt Letzistr.;01.09.2019;Sonntag;1;5;2;5;5;5;3;1;8;15;37;61;42;39;52;36;31;45;37;24;31;16;15;11;5
487;11148;St.Gallen Stadt Letzistr.;01.09.2019;Sonntag;2;7;6;5;8;6;3;3;7;12;37;26;37;61;45;43;31;33;36;25;30;21;11;4;8
488;11148;St.Gallen Stadt Letzistr.;02.09.2019;Montag;1;3;1;3;8;12;47;211;184;142;144;144;118;134;176;144;142;156;134;89;47;31;21;5;8
489;11148;St.Gallen Stadt Letzistr.;02.09.2019;Montag;2;2;4;1;5;2;21;73;127;96;124;130;139;130;136;162;150;191;260;126;56;37;35;19;14
490;11148;St.Gallen Stadt Letzistr.;03.09.2019;Dienstag;1;1;1;5;7;16;43;202;177;127;142;129;118;118;171;150;137;142;133;78;66;29;20;9;2
491;11148;St.Gallen Stadt Letzistr.;03.09.2019;Dienstag;2;10;4;3;6;6;17;78;92;80;122;118;135;131;123;152;137;189;295;137;65;42;30;20;14
492;11148;St.Gallen Stadt Letzistr.;04.09.2019;Mittwoch;1;1;0;8;4;16;45;220;185;148;164;141;119;123;154;129;158;142;127;75;48;30;24;10;7
493;11148;St.Gallen Stadt Letzistr.;04.09.2019;Mittwoch;2;3;3;5;4;7;12;89;94;113;127;125;157;109;134;129;146;211;247;131;54;26;20;22;25
494;11148;St.Gallen Stadt Letzistr.;05.09.2019;Donnerstag;1;1;2;9;5;17;40;204;183;123;144;138;133;128;137;123;143;114;120;82;52;23;19;15;6
495;11148;St.Gallen Stadt Letzistr.;05.09.2019;Donnerstag;2;5;3;5;7;7;12;84;84;97;126;126;127;123;127;133;156;185;247;128;55;39;14;12;16
496;11148;St.Gallen Stadt Letzistr.;06.09.2019;Freitag;1;6;1;7;6;16;45;189;190;132;136;129;121;128;175;165;149;151;115;73;42;34;26;19;9
497;11148;St.Gallen Stadt Letzistr.;06.09.2019;Freitag;2;6;6;6;8;9;18;78;97;103;119;123;160;118;149;174;176;227;181;119;58;43;23;32;19
498;11148;St.Gallen Stadt Letzistr.;07.09.2019;Samstag;1;9;2;0;0;6;6;32;45;82;147;169;172;139;76;68;63;68;39;31;25;18;12;11;9
499;11148;St.Gallen Stadt Letzistr.;07.09.2019;Samstag;2;13;6;1;2;4;3;14;33;54;110;179;169;154;85;76;71;72;49;29;25;20;11;10;16
500;11148;St.Gallen Stadt Letzistr.;08.09.2019;Sonntag;1;8;3;4;2;3;2;1;5;8;10;28;31;36;28;27;36;26;34;27;21;11;14;16;6
501;11148;St.Gallen Stadt Letzistr.;08.09.2019;Sonntag;2;13;3;10;1;4;3;0;8;6;11;21;32;36;31;29;28;34;29;28;23;20;13;13;6
502;11148;St.Gallen Stadt Letzistr.;09.09.2019;Montag;1;1;1;3;8;17;48;222;219;140;127;123;132;138;180;159;129;162;126;83;55;23;15;9;6
503;11148;St.Gallen Stadt Letzistr.;09.09.2019;Montag;2;0;3;2;5;6;14;85;115;87;111;129;153;121;138;156;157;216;269;124;50;48;24;32;7
504;11148;St.Gallen Stadt Letzistr.;10.09.2019;Dienstag;1;1;0;5;4;13;54;210;199;121;116;150;108;102;166;161;146;153;145;93;66;33;16;9;3
505;11148;St.Gallen Stadt Letzistr.;10.09.2019;Dienstag;2;3;1;4;3;9;20;69;93;89;103;127;142;109;126;164;149;203;275;156;71;46;22;32;10
506;11148;St.Gallen Stadt Letzistr.;11.09.2019;Mittwoch;1;2;0;5;6;18;48;212;205;139;146;131;111;116;183;150;149;145;135;79;52;28;20;21;3
507;11148;St.Gallen Stadt Letzistr.;11.09.2019;Mittwoch;2;1;4;3;2;7;21;79;97;85;117;117;146;112;128;150;144;183;279;125;64;40;20;37;13
508;11148;St.Gallen Stadt Letzistr.;12.09.2019;Donnerstag;1;4;1;6;2;13;46;220;177;149;137;132;135;115;186;152;140;161;208;153;66;32;24;8;5
509;11148;St.Gallen Stadt Letzistr.;12.09.2019;Donnerstag;2;3;4;2;4;4;13;79;105;96;117;137;160;125;143;155;151;228;257;158;78;48;36;28;8
510;11148;St.Gallen Stadt Letzistr.;13.09.2019;Freitag;1;2;2;3;5;13;53;193;194;126;128;154;149;129;187;170;150;159;128;78;47;34;13;21;12
511;11148;St.Gallen Stadt Letzistr.;13.09.2019;Freitag;2;3;3;4;5;3;15;76;95;93;113;130;163;119;133;183;163;255;227;114;59;44;25;27;20
512;11148;St.Gallen Stadt Letzistr.;14.09.2019;Samstag;1;7;6;3;2;3;9;31;42;96;154;195;157;142;91;75;91;54;45;33;27;26;18;19;11
513;11148;St.Gallen Stadt Letzistr.;14.09.2019;Samstag;2;16;5;5;5;7;2;19;32;57;140;186;183;134;90;59;79;83;53;41;42;25;21;16;15
514;11148;St.Gallen Stadt Letzistr.;15.09.2019;Sonntag;1;5;6;4;4;2;0;3;6;18;34;65;37;48;36;34;45;37;48;35;33;23;14;11;0
515;11148;St.Gallen Stadt Letzistr.;15.09.2019;Sonntag;2;9;9;6;3;2;2;2;6;9;25;46;38;58;29;41;42;45;39;21;35;32;16;10;6
516;11148;St.Gallen Stadt Letzistr.;16.09.2019;Montag;1;2;0;5;5;17;58;215;193;131;152;130;128;146;189;166;152;153;147;70;53;18;17;4;6
517;11148;St.Gallen Stadt Letzistr.;16.09.2019;Montag;2;5;1;3;5;5;23;86;122;94;137;134;152;134;143;145;153;203;255;133;57;26;43;27;6
518;11148;St.Gallen Stadt Letzistr.;17.09.2019;Dienstag;1;2;0;4;7;23;50;203;207;131;132;114;107;115;165;169;146;129;141;72;79;41;26;14;6
519;11148;St.Gallen Stadt Letzistr.;17.09.2019;Dienstag;2;6;2;6;7;4;11;95;103;99;112;109;112;120;131;172;133;211;263;135;62;47;28;38;10
520;11148;St.Gallen Stadt Letzistr.;18.09.2019;Mittwoch;1;2;2;5;3;18;50;222;194;124;116;130;135;122;159;140;155;142;142;75;43;23;21;13;7
521;11148;St.Gallen Stadt Letzistr.;18.09.2019;Mittwoch;2;6;7;3;6;7;18;91;118;88;91;124;142;112;127;151;145;180;252;134;68;33;10;36;16
522;11148;St.Gallen Stadt Letzistr.;19.09.2019;Donnerstag;1;3;3;6;1;18;52;203;166;133;148;143;110;135;170;149;148;150;133;69;60;34;21;15;5
523;11148;St.Gallen Stadt Letzistr.;19.09.2019;Donnerstag;2;6;4;3;2;7;18;86;108;84;118;138;126;134;146;146;122;189;261;109;81;50;30;24;10
524;11148;St.Gallen Stadt Letzistr.;20.09.2019;Freitag;1;5;1;6;4;21;54;208;171;119;134;160;115;125;175;185;175;156;134;75;59;36;34;17;13
525;11148;St.Gallen Stadt Letzistr.;20.09.2019;Freitag;2;4;2;4;6;6;25;97;91;83;121;129;147;138;152;156;200;241;183;117;65;44;28;37;23
526;11148;St.Gallen Stadt Letzistr.;21.09.2019;Samstag;1;7;6;2;3;3;12;29;55;80;191;175;218;130;68;86;75;57;55;75;27;17;21;18;11
527;11148;St.Gallen Stadt Letzistr.;21.09.2019;Samstag;2;23;11;2;6;4;6;22;35;57;163;184;221;153;54;76;78;92;68;44;26;23;31;21;24
528;11148;St.Gallen Stadt Letzistr.;22.09.2019;Sonntag;1;5;6;6;5;5;2;6;4;14;12;46;31;39;39;39;47;38;50;44;27;19;14;12;3
529;11148;St.Gallen Stadt Letzistr.;22.09.2019;Sonntag;2;6;8;3;4;4;3;4;1;13;24;23;33;56;39;51;37;37;52;37;24;22;14;8;7
530;11148;St.Gallen Stadt Letzistr.;23.09.2019;Montag;1;2;0;5;9;18;50;213;187;119;141;120;124;133;174;169;135;154;130;68;50;20;16;14;2
531;11148;St.Gallen Stadt Letzistr.;23.09.2019;Montag;2;0;3;2;7;4;20;86;108;68;126;125;152;120;121;154;148;204;267;114;57;31;24;19;16
532;11148;St.Gallen Stadt Letzistr.;24.09.2019;Dienstag;1;0;1;5;6;27;54;200;195;130;119;135;139;107;173;141;143;156;137;82;70;32;18;10;5
533;11148;St.Gallen Stadt Letzistr.;24.09.2019;Dienstag;2;3;2;5;4;9;20;82;99;92;131;123;154;123;115;143;136;207;283;110;60;42;33;29;16
534;11148;St.Gallen Stadt Letzistr.;25.09.2019;Mittwoch;1;3;0;9;7;13;50;202;203;127;125;150;135;113;149;161;143;157;115;96;47;23;17;12;6
535;11148;St.Gallen Stadt Letzistr.;25.09.2019;Mittwoch;2;4;3;4;6;8;18;82;99;93;92;122;175;118;139;152;133;194;261;135;62;45;15;15;18
536;11148;St.Gallen Stadt Letzistr.;26.09.2019;Donnerstag;1;1;1;7;5;17;54;201;176;122;145;137;121;115;183;141;145;146;142;86;50;39;17;14;6
537;11148;St.Gallen Stadt Letzistr.;26.09.2019;Donnerstag;2;3;2;3;4;9;14;78;99;81;121;124;138;129;128;149;153;188;244;118;56;42;29;30;20
538;11148;St.Gallen Stadt Letzistr.;27.09.2019;Freitag;1;1;3;4;5;19;47;197;166;130;161;142;143;109;209;166;157;159;151;84;46;31;33;30;13
539;11148;St.Gallen Stadt Letzistr.;27.09.2019;Freitag;2;2;4;3;3;4;18;63;105;85;122;145;167;128;149;172;199;233;222;129;59;38;27;43;14
540;11148;St.Gallen Stadt Letzistr.;28.09.2019;Samstag;1;8;3;1;1;6;8;25;30;84;186;200;223;149;81;98;84;59;64;40;34;21;19;13;8
541;11148;St.Gallen Stadt Letzistr.;28.09.2019;Samstag;2;11;8;1;3;4;3;16;25;63;148;190;236;155;68;72;106;68;64;28;35;23;32;9;15
542;11148;St.Gallen Stadt Letzistr.;29.09.2019;Sonntag;1;7;6;3;6;2;2;7;8;14;44;62;36;36;43;55;44;40;51;29;28;16;21;14;1
543;11148;St.Gallen Stadt Letzistr.;29.09.2019;Sonntag;2;10;5;4;5;2;5;3;5;12;37;33;39;53;40;38;36;51;54;26;28;18;21;12;9
544;11148;St.Gallen Stadt Letzistr.;30.09.2019;Montag;1;3;1;6;6;14;53;185;188;119;143;153;146;127;180;177;160;163;136;72;38;30;15;7;6
545;11148;St.Gallen Stadt Letzistr.;30.09.2019;Montag;2;2;1;1;3;1;22;70;101;69;113;138;164;124;135;166;181;211;282;102;53;36;27;19;20
546;11148;St.Gallen Stadt Letzistr.;01.10.2019;Dienstag;1;2;2;5;5;12;49;198;184;119;121;134;114;106;184;167;147;153;144;76;69;21;23;9;6
547;11148;St.Gallen Stadt Letzistr.;01.10.2019;Dienstag;2;1;4;3;4;2;22;79;104;75;107;128;116;132;127;149;150;212;273;135;62;38;29;17;25
548;11148;St.Gallen Stadt Letzistr.;02.10.2019;Mittwoch;1;3;2;8;3;13;41;188;176;145;131;125;118;103;158;151;134;140;107;63;37;18;16;17;5
549;11148;St.Gallen Stadt Letzistr.;02.10.2019;Mittwoch;2;4;0;6;2;4;14;71;100;90;125;119;134;121;122;145;138;184;255;103;51;31;16;25;13
550;11148;St.Gallen Stadt Letzistr.;03.10.2019;Donnerstag;1;5;0;8;3;14;47;182;177;132;118;139;133;119;178;163;145;127;133;77;49;35;14;15;4
551;11148;St.Gallen Stadt Letzistr.;03.10.2019;Donnerstag;2;15;1;4;1;3;16;65;93;88;102;120;137;135;143;154;157;177;237;147;45;43;30;15;21
552;11148;St.Gallen Stadt Letzistr.;04.10.2019;Freitag;1;3;1;4;4;13;47;177;173;122;136;174;138;124;162;186;171;144;119;60;45;24;22;19;6
553;11148;St.Gallen Stadt Letzistr.;04.10.2019;Freitag;2;3;0;3;5;5;24;58;107;91;104;140;160;134;140;180;184;234;200;94;41;37;26;19;27
554;11148;St.Gallen Stadt Letzistr.;05.10.2019;Samstag;1;4;2;1;4;3;5;28;36;62;118;193;170;128;81;73;59;55;32;30;22;28;6;7;7
555;11148;St.Gallen Stadt Letzistr.;05.10.2019;Samstag;2;11;4;3;3;5;3;13;20;43;93;186;192;133;71;60;70;70;41;29;30;17;11;11;6
556;11148;St.Gallen Stadt Letzistr.;06.10.2019;Sonntag;1;6;6;4;3;4;2;4;5;13;20;42;25;41;43;66;76;38;28;41;28;18;7;14;4
557;11148;St.Gallen Stadt Letzistr.;06.10.2019;Sonntag;2;6;6;3;4;4;4;2;3;11;15;19;27;52;36;50;66;34;44;77;33;21;11;10;7
558;11148;St.Gallen Stadt Letzistr.;07.10.2019;Montag;1;4;1;5;1;15;53;188;192;142;136;145;137;131;159;162;128;151;126;74;35;25;20;12;7
559;11148;St.Gallen Stadt Letzistr.;07.10.2019;Montag;2;4;1;1;2;5;19;68;112;93;140;135;151;137;130;154;139;195;276;100;43;30;29;14;15
560;11148;St.Gallen Stadt Letzistr.;08.10.2019;Dienstag;1;4;6;7;2;13;43;193;192;121;120;131;123;108;164;155;167;139;121;55;66;21;25;14;3
561;11148;St.Gallen Stadt Letzistr.;08.10.2019;Dienstag;2;4;8;5;5;9;16;65;98;87;108;147;134;116;119;165;153;192;262;112;47;27;37;27;26
562;11148;St.Gallen Stadt Letzistr.;09.10.2019;Mittwoch;1;0;1;4;5;14;36;185;170;110;107;116;137;124;154;123;117;144;115;53;45;14;11;15;6
563;11148;St.Gallen Stadt Letzistr.;09.10.2019;Mittwoch;2;3;1;4;6;5;7;64;93;72;81;114;152;96;136;118;140;189;229;100;46;27;10;15;17
564;11148;St.Gallen Stadt Letzistr.;10.10.2019;Donnerstag;1;4;2;5;5;19;40;180;163;105;116;124;130;113;168;137;136;155;98;64;55;27;18;14;6
565;11148;St.Gallen Stadt Letzistr.;10.10.2019;Donnerstag;2;9;0;3;6;11;11;71;87;61;109;133;150;128;120;166;127;194;219;126;49;34;30;24;21
566;11148;St.Gallen Stadt Letzistr.;11.10.2019;Freitag;1;3;0;4;3;20;44;184;159;123;148;145;156;137;190;158;155;148;104;48;54;17;24;15;5
567;11148;St.Gallen Stadt Letzistr.;11.10.2019;Freitag;2;7;1;4;4;8;8;68;90;83;145;133;160;140;149;180;166;239;189;96;46;31;23;19;26
568;11148;St.Gallen Stadt Letzistr.;12.10.2019;Samstag;1;7;4;7;4;3;8;21;17;63;140;145;154;123;78;74;64;40;57;30;13;13;14;13;12
569;11148;St.Gallen Stadt Letzistr.;12.10.2019;Samstag;2;18;4;8;5;4;6;12;12;51;128;161;158;105;79;68;77;50;54;45;13;14;13;16;10
570;11148;St.Gallen Stadt Letzistr.;13.10.2019;Sonntag;1;8;7;3;4;2;4;2;8;14;28;63;48;43;47;43;32;44;40;27;24;27;13;11;4
571;11148;St.Gallen Stadt Letzistr.;13.10.2019;Sonntag;2;3;4;6;4;3;3;1;5;13;31;32;44;53;48;35;37;33;38;25;26;14;10;14;14
572;11148;St.Gallen Stadt Letzistr.;14.10.2019;Montag;1;1;3;5;3;12;48;197;173;122;151;169;133;116;160;131;149;142;130;62;25;21;11;7;3
573;11148;St.Gallen Stadt Letzistr.;14.10.2019;Montag;2;4;2;1;3;5;15;69;102;86;134;141;162;113;124;133;158;200;269;122;44;29;16;9;6
574;11148;St.Gallen Stadt Letzistr.;15.10.2019;Dienstag;1;1;3;6;5;18;41;191;188;131;127;136;134;127;167;174;145;148;123;68;34;15;13;11;5
575;11148;St.Gallen Stadt Letzistr.;15.10.2019;Dienstag;2;8;2;2;2;5;11;67;107;90;104;135;144;140;133;147;152;219;277;117;49;28;21;12;10
576;11148;St.Gallen Stadt Letzistr.;16.10.2019;Mittwoch;1;2;0;7;1;16;41;185;191;131;138;141;131;129;150;153;133;138;131;77;43;20;19;18;6
577;11148;St.Gallen Stadt Letzistr.;16.10.2019;Mittwoch;2;9;2;3;0;6;15;65;100;87;105;129;147;122;114;155;137;203;256;121;54;41;16;25;19
578;11148;St.Gallen Stadt Letzistr.;17.10.2019;Donnerstag;1;6;2;10;3;14;42;181;165;118;145;146;131;115;139;151;131;131;141;59;47;28;21;14;3
579;11148;St.Gallen Stadt Letzistr.;17.10.2019;Donnerstag;2;7;2;5;4;6;18;64;83;62;110;142;140;108;124;143;147;208;243;109;64;34;39;19;18
580;11148;St.Gallen Stadt Letzistr.;18.10.2019;Freitag;1;4;6;5;3;17;37;167;169;118;144;172;165;121;171;161;140;144;93;78;32;25;32;16;10
581;11148;St.Gallen Stadt Letzistr.;18.10.2019;Freitag;2;3;1;7;2;6;19;66;86;72;117;145;176;135;142;166;173;222;168;121;50;31;25;22;29
582;11148;St.Gallen Stadt Letzistr.;19.10.2019;Samstag;1;7;3;1;2;4;10;28;46;62;139;177;158;120;76;77;67;50;46;23;28;27;9;11;19
583;11148;St.Gallen Stadt Letzistr.;19.10.2019;Samstag;2;16;5;3;1;6;8;18;24;32;112;179;179;129;66;61;80;66;61;29;18;23;14;11;14
584;11148;St.Gallen Stadt Letzistr.;20.10.2019;Sonntag;1;5;7;4;4;0;6;2;5;17;18;46;32;42;45;32;42;33;52;27;31;17;8;9;3
585;11148;St.Gallen Stadt Letzistr.;20.10.2019;Sonntag;2;15;14;10;5;2;6;5;4;10;14;18;41;54;23;39;45;36;44;35;22;22;16;15;4
586;11148;St.Gallen Stadt Letzistr.;21.10.2019;Montag;1;0;1;5;4;26;38;207;190;124;138;139;149;105;188;151;151;149;126;64;47;22;8;7;5
587;11148;St.Gallen Stadt Letzistr.;21.10.2019;Montag;2;1;3;3;3;6;24;73;106;78;131;139;150;130;138;187;152;181;279;109;62;33;23;14;15
588;11148;St.Gallen Stadt Letzistr.;22.10.2019;Dienstag;1;1;1;4;3;18;37;211;207;120;112;133;128;124;182;126;132;140;138;78;54;22;13;11;5
589;11148;St.Gallen Stadt Letzistr.;22.10.2019;Dienstag;2;1;2;4;2;5;9;68;99;78;97;109;138;124;122;149;146;173;275;127;60;42;34;26;19
590;11148;St.Gallen Stadt Letzistr.;23.10.2019;Mittwoch;1;4;0;6;2;16;40;211;196;110;133;125;118;124;161;153;153;127;130;73;37;24;13;9;8
591;11148;St.Gallen Stadt Letzistr.;23.10.2019;Mittwoch;2;7;2;3;2;5;11;61;112;80;100;118;151;126;118;164;170;176;250;147;62;34;17;24;9
592;11148;St.Gallen Stadt Letzistr.;24.10.2019;Donnerstag;1;1;1;4;3;16;34;212;177;136;131;132;117;123;163;157;137;130;115;65;57;34;8;12;4
593;11148;St.Gallen Stadt Letzistr.;24.10.2019;Donnerstag;2;2;1;4;2;5;7;76;93;83;113;125;169;116;121;169;141;198;262;131;63;43;35;9;25
594;11148;St.Gallen Stadt Letzistr.;25.10.2019;Freitag;1;3;3;7;3;17;43;188;177;115;123;137;124;130;212;171;156;155;127;75;40;34;23;20;14
595;11148;St.Gallen Stadt Letzistr.;25.10.2019;Freitag;2;5;1;6;5;6;10;57;93;94;105;115;151;125;147;175;149;257;223;114;54;33;27;36;22
596;11148;St.Gallen Stadt Letzistr.;26.10.2019;Samstag;1;7;6;4;6;7;3;24;40;90;178;212;193;152;88;65;80;71;60;19;26;20;17;13;9
597;11148;St.Gallen Stadt Letzistr.;26.10.2019;Samstag;2;11;8;8;4;3;1;16;22;64;144;178;194;179;81;71;69;75;55;37;23;20;10;11;25
598;11148;St.Gallen Stadt Letzistr.;27.10.2019;Sonntag;1;14;8;4;1;3;2;5;9;20;46;70;46;51;48;63;53;41;39;20;26;14;10;12;3
599;11148;St.Gallen Stadt Letzistr.;27.10.2019;Sonntag;2;14;17;7;2;3;3;3;8;18;47;34;46;67;51;44;29;40;45;19;19;18;9;13;7
600;11148;St.Gallen Stadt Letzistr.;28.10.2019;Montag;1;4;2;5;2;16;41;205;188;148;136;151;140;120;175;175;127;150;115;54;44;25;12;7;4
601;11148;St.Gallen Stadt Letzistr.;28.10.2019;Montag;2;3;4;2;1;2;15;57;112;109;126;143;154;126;122;156;136;195;306;97;58;22;19;16;18
602;11148;St.Gallen Stadt Letzistr.;29.10.2019;Dienstag;1;2;1;4;2;10;46;185;189;141;146;159;132;115;154;150;141;114;114;62;48;20;21;14;2
603;11148;St.Gallen Stadt Letzistr.;29.10.2019;Dienstag;2;2;1;6;3;2;14;65;102;91;127;116;151;104;137;153;141;165;277;119;47;30;23;29;19
604;11148;St.Gallen Stadt Letzistr.;30.10.2019;Mittwoch;1;2;1;3;2;19;40;201;171;140;119;152;125;101;169;152;141;118;106;76;47;17;16;14;4
605;11148;St.Gallen Stadt Letzistr.;30.10.2019;Mittwoch;2;1;2;4;2;4;14;64;106;95;117;126;159;117;121;141;153;176;237;118;55;30;18;21;20
606;11148;St.Gallen Stadt Letzistr.;31.10.2019;Donnerstag;1;0;0;4;5;14;47;186;188;143;139;164;153;133;203;165;147;138;104;64;43;18;8;16;11
607;11148;St.Gallen Stadt Letzistr.;31.10.2019;Donnerstag;2;1;3;5;3;6;12;65;109;101;128;137;188;145;161;174;160;199;226;116;37;27;23;23;12
608;11148;St.Gallen Stadt Letzistr.;01.11.2019;Freitag;1;7;6;6;2;9;14;21;34;38;36;29;56;69;60;45;35;62;26;28;25;20;18;7;9
609;11148;St.Gallen Stadt Letzistr.;01.11.2019;Freitag;2;5;3;5;3;3;8;12;11;21;39;32;43;52;66;51;41;52;57;32;20;18;12;19;17
610;11148;St.Gallen Stadt Letzistr.;02.11.2019;Samstag;1;7;1;2;2;3;10;13;27;94;231;229;213;144;75;103;76;58;67;55;27;22;13;8;10
611;11148;St.Gallen Stadt Letzistr.;02.11.2019;Samstag;2;8;4;1;2;6;4;6;13;58;185;238;252;151;93;90;77;57;51;31;25;17;43;12;14
612;11148;St.Gallen Stadt Letzistr.;03.11.2019;Sonntag;1;5;16;3;5;3;1;3;8;15;12;60;35;36;28;30;37;33;35;17;28;21;8;6;2
613;11148;St.Gallen Stadt Letzistr.;03.11.2019;Sonntag;2;16;13;5;11;3;3;3;7;4;10;21;35;53;34;25;38;43;36;25;25;17;6;7;2
614;11148;St.Gallen Stadt Letzistr.;04.11.2019;Montag;1;1;0;8;7;15;48;210;190;140;167;180;158;150;215;169;189;161;123;59;40;16;9;13;11
615;11148;St.Gallen Stadt Letzistr.;04.11.2019;Montag;2;1;0;4;5;4;14;72;107;97;136;160;164;143;147;183;172;215;251;113;60;37;27;25;23
616;11148;St.Gallen Stadt Letzistr.;05.11.2019;Dienstag;1;1;1;8;7;21;57;185;159;141;132;144;134;127;162;141;133;122;129;89;81;22;16;13;8
617;11148;St.Gallen Stadt Letzistr.;05.11.2019;Dienstag;2;7;2;3;8;5;12;64;106;88;118;123;151;126;140;146;148;205;264;178;70;30;46;28;30
618;11148;St.Gallen Stadt Letzistr.;06.11.2019;Mittwoch;1;2;0;7;7;20;46;191;167;128;126;142;135;123;191;156;166;147;119;95;49;18;25;13;7
619;11148;St.Gallen Stadt Letzistr.;06.11.2019;Mittwoch;2;10;1;5;5;5;10;59;110;81;103;131;139;134;152;154;160;207;276;102;72;33;32;22;19
620;11148;St.Gallen Stadt Letzistr.;07.11.2019;Donnerstag;1;6;1;6;6;14;45;201;201;131;148;128;112;126;200;146;137;146;100;56;60;30;25;14;3
621;11148;St.Gallen Stadt Letzistr.;07.11.2019;Donnerstag;2;11;0;3;6;6;15;69;110;85;131;120;141;138;140;154;155;190;253;115;62;32;37;23;21
622;11148;St.Gallen Stadt Letzistr.;08.11.2019;Freitag;1;2;1;9;4;14;40;201;181;132;143;145;129;129;185;141;161;149;117;52;48;35;28;19;15
623;11148;St.Gallen Stadt Letzistr.;08.11.2019;Freitag;2;5;0;4;5;3;13;68;93;87;102;120;151;118;165;155;186;213;204;97;63;31;31;21;35
624;11148;St.Gallen Stadt Letzistr.;09.11.2019;Samstag;1;14;3;4;3;4;15;26;31;91;163;205;190;140;71;91;86;51;49;37;36;13;14;15;16
625;11148;St.Gallen Stadt Letzistr.;09.11.2019;Samstag;2;18;11;7;4;5;7;16;20;65;127;185;209;159;74;76;90;68;42;46;26;17;16;11;17
626;11148;St.Gallen Stadt Letzistr.;10.11.2019;Sonntag;1;7;8;4;6;3;5;1;18;16;26;50;47;49;42;34;25;24;39;27;32;18;10;8;4
627;11148;St.Gallen Stadt Letzistr.;10.11.2019;Sonntag;2;17;11;12;6;3;3;2;9;13;25;15;44;61;45;33;30;33;33;32;24;23;12;10;5
628;11148;St.Gallen Stadt Letzistr.;11.11.2019;Montag;1;1;0;9;7;22;37;205;202;129;142;147;139;120;188;160;143;129;114;76;44;17;30;16;5
629;11148;St.Gallen Stadt Letzistr.;11.11.2019;Montag;2;0;1;3;2;8;13;60;108;88;129;148;147;141;157;153;151;181;273;126;61;37;35;31;12
630;11148;St.Gallen Stadt Letzistr.;12.11.2019;Dienstag;1;2;1;3;6;21;41;187;199;150;122;151;110;122;167;143;115;132;118;52;56;26;21;12;6
631;11148;St.Gallen Stadt Letzistr.;12.11.2019;Dienstag;2;11;3;4;4;6;14;63;106;73;102;124;150;129;113;156;130;188;319;124;53;35;42;19;7
632;11148;St.Gallen Stadt Letzistr.;13.11.2019;Mittwoch;1;2;3;5;6;19;46;196;198;132;126;149;149;104;173;148;124;153;118;80;49;21;7;17;5
633;11148;St.Gallen Stadt Letzistr.;13.11.2019;Mittwoch;2;14;6;1;4;5;11;58;119;94;106;122;168;122;125;155;147;202;245;117;58;42;22;30;10
634;11148;St.Gallen Stadt Letzistr.;14.11.2019;Donnerstag;1;2;1;5;3;19;38;177;172;153;126;134;129;122;183;158;133;160;105;71;72;20;7;13;5
635;11148;St.Gallen Stadt Letzistr.;14.11.2019;Donnerstag;2;8;3;3;3;5;18;66;111;94;103;109;146;126;122;160;147;199;241;141;47;31;41;15;31
636;11148;St.Gallen Stadt Letzistr.;15.11.2019;Freitag;1;3;5;6;4;17;37;188;184;138;125;133;141;122;169;162;137;139;124;99;71;37;14;27;19
637;11148;St.Gallen Stadt Letzistr.;15.11.2019;Freitag;2;4;2;3;1;4;9;57;111;96;122;106;161;122;160;171;147;249;194;94;81;45;25;48;90
638;11148;St.Gallen Stadt Letzistr.;16.11.2019;Samstag;1;7;2;6;2;8;10;29;42;77;143;197;204;121;82;67;60;45;53;21;21;27;7;18;12
639;11148;St.Gallen Stadt Letzistr.;16.11.2019;Samstag;2;17;7;2;4;7;5;18;22;53;124;196;197;150;88;75;87;43;52;25;15;21;11;16;20
640;11148;St.Gallen Stadt Letzistr.;17.11.2019;Sonntag;1;6;2;4;6;0;1;7;3;12;17;55;25;31;27;22;27;31;29;22;17;12;11;9;1
641;11148;St.Gallen Stadt Letzistr.;17.11.2019;Sonntag;2;14;2;2;4;2;2;1;2;8;18;18;27;44;33;22;30;25;27;24;14;16;15;5;3
642;11148;St.Gallen Stadt Letzistr.;18.11.2019;Montag;1;2;0;5;7;18;41;192;209;135;154;141;149;122;172;158;160;144;127;46;42;19;15;14;4
643;11148;St.Gallen Stadt Letzistr.;18.11.2019;Montag;2;0;0;2;3;2;18;56;107;106;134;141;146;131;122;167;146;196;283;106;45;31;16;23;4
644;11148;St.Gallen Stadt Letzistr.;19.11.2019;Dienstag;1;4;2;8;6;12;46;192;210;128;133;141;133;112;161;130;139;133;100;79;61;27;15;11;6
645;11148;St.Gallen Stadt Letzistr.;19.11.2019;Dienstag;2;13;2;8;9;1;17;65;91;93;112;116;163;107;132;137;145;204;267;133;64;39;46;21;4
646;11148;St.Gallen Stadt Letzistr.;20.11.2019;Mittwoch;1;5;1;3;6;21;40;189;200;147;112;131;115;114;163;180;129;138;115;61;37;23;15;9;8
647;11148;St.Gallen Stadt Letzistr.;20.11.2019;Mittwoch;2;11;6;3;1;5;18;72;109;82;106;106;148;117;130;154;155;220;278;127;53;28;19;15;5
648;11148;St.Gallen Stadt Letzistr.;21.11.2019;Donnerstag;1;3;1;7;5;16;45;202;230;133;124;122;159;105;154;149;116;124;123;71;65;17;14;10;7
649;11148;St.Gallen Stadt Letzistr.;21.11.2019;Donnerstag;2;12;3;8;4;2;21;65;117;84;109;113;161;127;120;143;102;204;257;129;53;29;42;17;9
650;11148;St.Gallen Stadt Letzistr.;22.11.2019;Freitag;1;5;1;7;6;17;45;198;213;152;115;162;113;139;198;180;146;173;112;76;44;29;14;11;9
651;11148;St.Gallen Stadt Letzistr.;22.11.2019;Freitag;2;12;4;2;4;1;21;71;99;103;124;117;149;137;150;161;179;224;232;109;51;27;31;11;13
652;11148;St.Gallen Stadt Letzistr.;23.11.2019;Samstag;1;10;2;2;2;6;13;38;42;78;188;172;173;119;86;69;53;57;44;32;32;19;10;6;13
653;11148;St.Gallen Stadt Letzistr.;23.11.2019;Samstag;2;28;7;3;4;3;6;19;28;49;160;177;173;155;81;74;56;49;51;22;29;17;17;11;12
654;11148;St.Gallen Stadt Letzistr.;24.11.2019;Sonntag;1;6;4;8;3;3;0;2;3;17;20;56;50;40;51;59;79;32;38;32;13;11;11;8;4
655;11148;St.Gallen Stadt Letzistr.;24.11.2019;Sonntag;2;11;19;13;2;3;1;4;2;15;24;24;50;49;55;40;60;34;47;60;15;18;7;8;5
656;11148;St.Gallen Stadt Letzistr.;25.11.2019;Montag;1;5;0;9;10;20;42;200;191;137;148;154;163;145;155;168;160;150;118;56;40;21;14;6;4
657;11148;St.Gallen Stadt Letzistr.;25.11.2019;Montag;2;0;2;3;6;5;22;64;118;70;118;142;163;125;148;163;157;236;296;119;49;19;28;18;5
658;11148;St.Gallen Stadt Letzistr.;26.11.2019;Dienstag;1;2;2;5;4;16;40;182;224;133;131;145;134;118;155;152;132;145;126;66;63;24;17;13;4
659;11148;St.Gallen Stadt Letzistr.;26.11.2019;Dienstag;2;15;3;2;4;6;19;61;114;84;115;127;162;108;120;139;150;211;273;117;53;28;32;28;10
660;11148;St.Gallen Stadt Letzistr.;27.11.2019;Mittwoch;1;2;0;7;5;19;50;186;218;127;140;126;162;138;169;167;145;144;93;69;47;16;18;17;7
661;11148;St.Gallen Stadt Letzistr.;27.11.2019;Mittwoch;2;12;2;7;2;4;24;68;115;83;121;129;162;136;142;154;159;194;288;124;63;37;22;21;10
662;11148;St.Gallen Stadt Letzistr.;28.11.2019;Donnerstag;1;6;2;6;6;15;46;184;196;130;127;135;117;115;168;132;140;138;119;67;68;25;21;15;8
663;11148;St.Gallen Stadt Letzistr.;28.11.2019;Donnerstag;2;10;10;5;3;9;15;64;113;84;110;128;136;124;125;126;124;205;239;113;59;41;37;29;13
664;11148;St.Gallen Stadt Letzistr.;29.11.2019;Freitag;1;4;1;4;5;19;40;165;191;138;144;164;117;119;170;150;160;155;121;57;28;26;22;17;17
665;11148;St.Gallen Stadt Letzistr.;29.11.2019;Freitag;2;13;5;3;2;5;17;60;96;104;124;150;152;128;150;158;151;258;222;108;36;22;17;20;23
666;11148;St.Gallen Stadt Letzistr.;30.11.2019;Samstag;1;6;9;2;3;4;13;26;26;76;149;222;200;146;74;66;80;53;60;32;20;12;11;12;9
667;11148;St.Gallen Stadt Letzistr.;30.11.2019;Samstag;2;22;11;6;2;3;6;12;18;54;123;192;202;163;93;75;58;83;33;48;17;20;18;7;6
668;11148;St.Gallen Stadt Letzistr.;01.12.2019;Sonntag;1;16;8;10;10;4;2;1;7;12;43;63;41;65;45;41;44;38;21;37;35;13;11;8;3
669;11148;St.Gallen Stadt Letzistr.;01.12.2019;Sonntag;2;20;11;11;9;4;5;4;4;7;29;29;45;73;47;45;40;37;35;22;30;18;19;11;4
670;11148;St.Gallen Stadt Letzistr.;02.12.2019;Montag;1;2;1;6;5;19;50;205;196;144;125;144;136;125;183;159;157;131;107;88;48;20;17;6;2
671;11148;St.Gallen Stadt Letzistr.;02.12.2019;Montag;2;2;2;1;3;4;17;63;98;82;127;127;143;123;148;182;154;202;251;113;72;33;35;28;5
672;11148;St.Gallen Stadt Letzistr.;03.12.2019;Dienstag;1;1;1;6;5;11;45;193;194;145;128;141;140;105;178;149;130;145;103;75;68;14;18;17;6
673;11148;St.Gallen Stadt Letzistr.;03.12.2019;Dienstag;2;6;8;4;4;2;12;62;113;88;108;117;147;99;133;181;127;178;264;115;61;46;34;27;11
674;11148;St.Gallen Stadt Letzistr.;04.12.2019;Mittwoch;1;0;3;6;5;17;43;188;191;131;125;147;120;110;155;134;137;135;102;57;45;21;16;13;4
675;11148;St.Gallen Stadt Letzistr.;04.12.2019;Mittwoch;2;12;4;4;3;5;15;74;93;79;99;133;138;117;127;141;140;185;271;105;63;40;18;19;10
676;11148;St.Gallen Stadt Letzistr.;05.12.2019;Donnerstag;1;4;0;7;6;17;47;181;202;136;123;134;120;113;193;160;157;153;94;78;61;24;18;12;6
677;11148;St.Gallen Stadt Letzistr.;05.12.2019;Donnerstag;2;11;1;7;2;5;13;75;97;77;105;126;160;115;145;149;144;193;250;106;53;36;37;15;9
678;11148;St.Gallen Stadt Letzistr.;06.12.2019;Freitag;1;3;3;8;5;16;55;189;180;127;157;137;123;133;202;178;148;131;113;61;33;20;23;17;8
679;11148;St.Gallen Stadt Letzistr.;06.12.2019;Freitag;2;11;3;3;7;3;24;67;106;91;125;130;136;140;160;170;161;233;195;98;44;31;26;21;16
680;11148;St.Gallen Stadt Letzistr.;07.12.2019;Samstag;1;8;1;5;2;3;14;38;64;69;165;188;185;150;74;70;59;46;49;45;24;14;8;11;4
681;11148;St.Gallen Stadt Letzistr.;07.12.2019;Samstag;2;20;5;3;2;4;10;13;28;53;137;187;190;182;76;61;51;60;49;33;22;22;16;15;22
682;11148;St.Gallen Stadt Letzistr.;08.12.2019;Sonntag;1;10;1;5;6;4;4;6;15;15;15;48;40;42;42;38;31;16;35;21;15;17;8;9;8
683;11148;St.Gallen Stadt Letzistr.;08.12.2019;Sonntag;2;13;8;6;5;5;5;4;13;14;20;29;28;57;45;33;27;34;27;11;25;11;4;8;7
684;11148;St.Gallen Stadt Letzistr.;09.12.2019;Montag;1;3;0;6;4;19;49;195;183;141;149;149;128;134;179;157;140;155;122;59;42;23;23;21;13
685;11148;St.Gallen Stadt Letzistr.;09.12.2019;Montag;2;1;0;1;6;4;20;61;115;100;130;156;159;133;141;166;144;200;288;97;72;24;27;25;13
686;11148;St.Gallen Stadt Letzistr.;10.12.2019;Dienstag;1;3;2;8;4;15;53;177;217;136;134;135;114;120;152;162;161;140;101;69;71;15;20;14;6
687;11148;St.Gallen Stadt Letzistr.;10.12.2019;Dienstag;2;13;4;6;4;2;14;57;102;95;101;128;132;108;131;149;151;220;276;113;69;30;37;17;19
688;11148;St.Gallen Stadt Letzistr.;11.12.2019;Mittwoch;1;0;0;6;5;19;47;176;211;140;141;155;131;112;175;171;137;141;104;68;52;20;26;9;9
689;11148;St.Gallen Stadt Letzistr.;11.12.2019;Mittwoch;2;10;3;1;4;3;17;57;107;90;114;145;146;112;143;170;160;235;257;132;55;27;21;24;30
690;11148;St.Gallen Stadt Letzistr.;12.12.2019;Donnerstag;1;6;1;5;7;19;53;177;206;143;127;121;126;124;169;154;135;140;134;56;51;29;37;22;8
691;11148;St.Gallen Stadt Letzistr.;12.12.2019;Donnerstag;2;8;7;2;4;3;16;64;94;88;109;114;140;134;124;157;149;202;277;125;41;46;52;25;11
692;11148;St.Gallen Stadt Letzistr.;13.12.2019;Freitag;1;4;0;4;4;23;50;182;205;136;136;142;140;106;158;183;173;137;83;61;47;23;21;19;7
693;11148;St.Gallen Stadt Letzistr.;13.12.2019;Freitag;2;11;8;5;2;5;26;64;91;100;114;136;157;130;133;179;213;218;168;91;45;32;31;32;15
694;11148;St.Gallen Stadt Letzistr.;14.12.2019;Samstag;1;11;12;1;2;0;15;30;32;86;171;224;160;131;82;85;75;67;82;58;30;17;20;20;26
695;11148;St.Gallen Stadt Letzistr.;14.12.2019;Samstag;2;23;15;3;3;4;7;19;18;48;154;205;200;124;79;89;71;77;62;38;31;21;46;36;27
696;11148;St.Gallen Stadt Letzistr.;15.12.2019;Sonntag;1;7;5;6;2;3;2;6;9;14;11;41;41;78;56;54;58;50;36;25;31;9;12;8;7
697;11148;St.Gallen Stadt Letzistr.;15.12.2019;Sonntag;2;20;5;3;4;2;2;4;4;14;17;23;32;79;69;59;67;42;52;32;32;16;8;5;7
698;11148;St.Gallen Stadt Letzistr.;16.12.2019;Montag;1;2;1;6;4;20;50;207;220;128;131;152;154;122;192;165;160;138;92;67;43;20;13;17;2
699;11148;St.Gallen Stadt Letzistr.;16.12.2019;Montag;2;4;5;3;3;7;16;64;119;73;133;133;164;139;144;178;173;212;251;110;56;22;23;17;13
700;11148;St.Gallen Stadt Letzistr.;17.12.2019;Dienstag;1;4;4;4;4;17;54;176;209;136;153;163;140;131;181;167;138;158;111;74;57;20;22;13;5
701;11148;St.Gallen Stadt Letzistr.;17.12.2019;Dienstag;2;5;9;5;4;4;15;64;108;87;121;152;158;158;149;171;163;219;286;107;59;31;36;32;7
702;11148;St.Gallen Stadt Letzistr.;18.12.2019;Mittwoch;1;3;0;5;3;14;44;189;193;148;160;159;167;130;166;135;153;165;107;63;33;24;19;15;3
703;11148;St.Gallen Stadt Letzistr.;18.12.2019;Mittwoch;2;5;8;1;5;4;17;61;117;100;124;157;185;122;143;149;156;208;289;111;49;26;22;17;12
704;11148;St.Gallen Stadt Letzistr.;19.12.2019;Donnerstag;1;3;3;4;5;10;42;194;205;156;163;181;163;115;173;165;181;139;113;66;38;26;25;17;8
705;11148;St.Gallen Stadt Letzistr.;19.12.2019;Donnerstag;2;10;4;4;4;3;15;63;99;91;137;163;193;132;148;149;164;221;262;103;49;42;32;20;15
706;11148;St.Gallen Stadt Letzistr.;20.12.2019;Freitag;1;4;6;3;8;11;49;177;181;137;192;183;160;130;198;186;192;156;104;74;41;27;33;18;12
707;11148;St.Gallen Stadt Letzistr.;20.12.2019;Freitag;2;6;3;4;6;1;11;48;90;90;177;177;181;120;172;194;193;253;166;85;61;34;38;29;23
708;11148;St.Gallen Stadt Letzistr.;21.12.2019;Samstag;1;12;5;3;1;3;5;16;18;81;147;187;177;100;74;68;70;40;47;17;14;15;7;12;10
709;11148;St.Gallen Stadt Letzistr.;21.12.2019;Samstag;2;13;15;3;4;2;3;7;20;52;119;183;176;135;71;62;71;56;42;18;20;11;9;16;13
710;11148;St.Gallen Stadt Letzistr.;22.12.2019;Sonntag;1;9;5;3;0;8;0;3;9;9;21;55;45;51;52;44;48;37;37;19;23;10;9;10;6
711;11148;St.Gallen Stadt Letzistr.;22.12.2019;Sonntag;2;6;9;2;1;5;1;1;4;5;23;29;36;61;51;69;47;35;30;20;26;14;15;15;7
712;11148;St.Gallen Stadt Letzistr.;23.12.2019;Montag;1;4;1;3;5;3;18;80;126;115;192;192;199;104;175;169;181;118;78;41;34;18;11;11;8
713;11148;St.Gallen Stadt Letzistr.;23.12.2019;Montag;2;3;2;0;5;1;6;24;40;87;158;186;221;140;143;162;176;173;128;62;46;19;21;18;11
714;11148;St.Gallen Stadt Letzistr.;24.12.2019;Dienstag;1;5;4;3;7;8;17;35;85;80;129;137;131;68;74;66;56;45;39;23;10;5;8;9;10
715;11148;St.Gallen Stadt Letzistr.;24.12.2019;Dienstag;2;8;5;4;6;5;6;15;36;57;131;122;151;85;83;78;64;71;31;25;10;8;12;10;12
716;11148;St.Gallen Stadt Letzistr.;25.12.2019;Mittwoch;1;8;3;3;3;0;2;1;10;6;4;13;18;20;22;25;29;29;28;13;12;15;11;10;7
717;11148;St.Gallen Stadt Letzistr.;25.12.2019;Mittwoch;2;9;2;3;5;0;1;1;4;3;11;11;15;19;19;21;23;23;17;13;7;8;14;13;6
718;11148;St.Gallen Stadt Letzistr.;26.12.2019;Donnerstag;1;4;3;1;0;2;1;6;7;10;22;15;20;21;30;24;34;25;23;24;10;7;14;9;4
719;11148;St.Gallen Stadt Letzistr.;26.12.2019;Donnerstag;2;8;3;0;0;2;0;4;3;7;17;19;24;23;24;18;25;30;21;16;14;12;18;5;5
720;11148;St.Gallen Stadt Letzistr.;27.12.2019;Freitag;1;5;6;2;5;2;12;36;62;77;130;168;168;113;127;166;138;92;71;33;25;8;14;6;15
721;11148;St.Gallen Stadt Letzistr.;27.12.2019;Freitag;2;2;2;1;5;3;3;8;26;48;118;162;190;109;127;143;163;128;89;43;27;16;13;8;21
722;11148;St.Gallen Stadt Letzistr.;28.12.2019;Samstag;1;12;9;1;1;0;7;6;20;36;101;132;153;109;67;64;62;39;26;10;14;15;11;9;11
723;11148;St.Gallen Stadt Letzistr.;28.12.2019;Samstag;2;14;6;5;2;0;9;4;10;25;88;124;163;123;54;64;55;40;33;20;9;8;8;10;13
724;11148;St.Gallen Stadt Letzistr.;29.12.2019;Sonntag;1;7;5;4;1;2;1;2;2;11;15;40;15;27;29;31;33;18;29;23;25;10;14;5;5
725;11148;St.Gallen Stadt Letzistr.;29.12.2019;Sonntag;2;11;5;3;0;2;0;2;2;8;14;22;20;40;22;26;34;23;33;14;16;14;10;14;6
726;11148;St.Gallen Stadt Letzistr.;30.12.2019;Montag;1;2;3;6;6;4;16;39;79;95;125;150;171;102;171;145;127;112;65;35;20;20;14;5;7
727;11148;St.Gallen Stadt Letzistr.;30.12.2019;Montag;2;1;2;3;5;2;3;17;34;61;103;137;195;127;111;185;123;123;105;47;35;14;12;6;9
728;11148;St.Gallen Stadt Letzistr.;31.12.2019;Dienstag;1;2;1;1;3;7;12;30;77;62;99;148;134;83;107;78;69;46;38;25;24;13;10;12;7
729;11148;St.Gallen Stadt Letzistr.;31.12.2019;Dienstag;2;4;2;3;1;2;5;17;28;45;78;136;154;104;99;86;81;60;45;21;16;10;8;6;6
